0.000000000000000000e+00 3.717666127587448979e+21 4.461471676551660644e+24
1.000000000000000021e-02 1.859059999827533496e+21 2.230871999896519702e+24
2.000000000000000042e-02 4.538720676177186560e+17 2.723232413790655611e+20
2.999999999999999889e-02 3.498149134658950000e+15 1.399259701179354880e+18
4.000000000000000083e-02 1.108085688101806406e+14 3.324257695894774400e+16
5.000000000000000278e-02 7.614698722175996094e+12 1.827529017861118750e+15
5.999999999999999778e-02 8.540366772924350586e+11 1.708077051129794375e+14
7.000000000000000666e-02 1.343111867090838623e+11 2.302490051614112109e+13
8.000000000000000167e-02 2.705222561886906052e+10 4.057883185748754883e+12
8.999999999999999667e-02 6.582060671340420723e+09 8.776297245257893066e+11
1.000000000000000056e-01 1.858887533999999046e+09 2.230768520399998474e+11
1.100000000000000006e-01 5.922564554117952585e+08 6.461510527551333618e+10
1.199999999999999956e-01 2.084481921294404566e+08 2.084770713866635132e+10
1.300000000000000044e-01 7.975880978157931566e+07 7.364000788410953522e+09
1.400000000000000133e-01 3.276826969968876243e+07 2.809690485517100811e+09
1.499999999999999944e-01 1.431327877657915652e+07 1.145667944046771526e+09
1.600000000000000033e-01 6.594428117045025341e+06 4.949676003283455968e+08
1.700000000000000122e-01 3.183704588490249123e+06 2.249842695581364036e+08
1.799999999999999933e-01 1.601956929531894391e+06 1.069661521802495122e+08
1.900000000000000022e-01 8.362778243361784844e+05 5.293331240220639855e+07
2.000000000000000111e-01 4.511772890624997672e+05 2.715148078124998137e+07
2.099999999999999922e-01 2.507220645563986618e+05 1.438442903920328803e+07
2.200000000000000011e-01 1.430964951367417234e+05 7.846748837353804149e+06
2.300000000000000100e-01 8.366690691211134254e+04 4.395621968440244906e+06
2.399999999999999911e-01 5.000229631819639326e+04 2.522676735615350306e+06
2.500000000000000000e-01 3.048343044096000085e+04 1.480158758830080042e+06
2.600000000000000089e-01 1.892279445303275861e+04 8.862434648077685852e+05
2.700000000000000178e-01 1.194075414086407000e+04 5.405927371856833342e+05
2.800000000000000266e-01 7.647763220296466898e+03 3.354304536449040170e+05
2.899999999999999800e-01 4.964386126569470434e+03 2.114217346089640923e+05
2.999999999999999889e-01 3.261570496066357009e+03 1.351943973460836569e+05
3.099999999999999978e-01 2.165896149043692276e+03 8.760231056940446433e+04
3.200000000000000067e-01 1.451856033471088040e+03 5.745625398929641960e+04
3.300000000000000155e-01 9.810755871947371816e+02 3.810352330591298960e+04
3.400000000000000244e-01 6.673734318818696920e+02 2.552452016017817004e+04
3.500000000000000333e-01 4.563246692668632818e+02 1.725375933436204650e+04
3.599999999999999867e-01 3.131109447946932960e+02 1.175752793682720585e+04
3.699999999999999956e-01 2.151860484306603212e+02 8.069047572872645105e+03
3.800000000000000044e-01 1.477845332746302915e+02 5.571298763979915748e+03
3.900000000000000133e-01 1.011339908393034079e+02 3.865869179185868234e+03
4.000000000000000222e-01 6.870265388488765268e+01 2.692668972015379040e+03
4.100000000000000311e-01 4.608455997407533999e+01 1.880150557089734548e+03
4.199999999999999845e-01 3.028226738754485226e+01 1.314066402884696345e+03
4.299999999999999933e-01 1.924041301312111685e+01 9.176353378694299181e+02
4.400000000000000022e-01 1.153932326145255516e+01 6.388140213683219599e+02
4.500000000000000111e-01 6.191836581276415785e+00 4.420438179510737200e+02
4.600000000000000200e-01 2.507354505602766181e+00 3.028470807141017076e+02
4.700000000000000289e-01 1.019788057465831344e-04 2.042562112191735082e+02
4.799999999999999822e-01 -1.673276694272827214e+00 1.344330803426395278e+02
4.899999999999999911e-01 -2.756488381466965620e+00 8.506874136958282406e+01
5.000000000000000000e-01 -3.423114240000000308e+00 5.029914623999999890e+01
5.100000000000000089e-01 -3.797125153812892506e+00 2.596495912920164528e+01
5.200000000000000178e-01 -3.967227390148293509e+00 9.102667607956533402e+00
5.300000000000000266e-01 -3.996952909067256421e+00 -2.407646556412984751e+00
5.400000000000000355e-01 -3.931795417889463629e+00 -1.008766004552832385e+01
5.500000000000000444e-01 -3.804282695066071085e+00 -1.503274361029350104e+01
5.600000000000000533e-01 -3.637598813077777660e+00 -1.803313368940305139e+01
5.700000000000000622e-01 -3.448181807048473324e+00 -1.965978404202961372e+01
5.799999999999999600e-01 -3.247593703606645121e+00 -2.032549694515009264e+01
5.899999999999999689e-01 -3.043871275559371092e+00 -2.032865509443008278e+01
5.999999999999999778e-01 -2.842504550716825396e+00 -1.988464176879465484e+01
6.099999999999999867e-01 -2.647147361775826990e+00 -1.914850524553284572e+01
6.199999999999999956e-01 -2.460134271206695811e+00 -1.823136674132219071e+01
6.300000000000000044e-01 -2.282857100274320317e+00 -1.721233774749835632e+01
6.400000000000000133e-01 -2.116039344044872372e+00 -1.614720071544588365e+01
6.500000000000000222e-01 -1.959936115932320533e+00 -1.507474779226607708e+01
6.600000000000000311e-01 -1.814479658509987159e+00 -1.402141887124119179e+01
6.700000000000000400e-01 -1.679384994073106929e+00 -1.300470054606701531e+01
6.800000000000000488e-01 -1.554226348349271092e+00 -1.203561956925778276e+01
6.900000000000000577e-01 -1.438492127993279412e+00 -1.112057283108681638e+01
7.000000000000000666e-01 -1.331624159396704421e+00 -1.026267005786407438e+01
7.099999999999999645e-01 -1.233045384637889930e+00 -9.462717933650290902e+00
7.199999999999999734e-01 -1.142179104560739233e+00 -8.719939943167824836e+00
7.299999999999999822e-01 -1.058462047671479223e+00 -8.032501216948407574e+00
7.399999999999999911e-01 -9.813529467569255260e-01 -7.397889406975587612e+00
7.500000000000000000e-01 -9.103378651008108280e-01 -6.813189259994318014e+00
7.600000000000000089e-01 -8.449331890629439012e-01 -6.275278745549677240e+00
7.700000000000000178e-01 -7.846869631627838571e-01 -5.780967372634089330e+00
7.800000000000000266e-01 -7.291790654723129261e-01 -5.327091996632391968e+00
7.900000000000000355e-01 -6.780205888187399443e-01 -4.910581472768101641e+00
8.000000000000000444e-01 -6.308526950888333484e-01 -4.528498586732892406e+00
8.100000000000000533e-01 -5.873451370218606415e-01 -4.178065519994560439e+00
8.200000000000000622e-01 -5.471945877841161154e-01 -3.856677490478544357e+00
8.300000000000000711e-01 -5.101228785273630439e-01 -3.561908004989888354e+00
8.399999999999999689e-01 -4.758752144783481297e-01 -3.291508261873831831e+00
8.499999999999999778e-01 -4.442184182334804610e-01 -3.043402572692821106e+00
8.599999999999999867e-01 -4.149392328647690253e-01 -2.815681172124658627e+00
8.699999999999999956e-01 -3.878427057046098803e-01 -2.606591412796612772e+00
8.800000000000000044e-01 -3.627506651653255032e-01 -2.414528064317097655e+00
8.900000000000000133e-01 -3.395002968393600051e-01 -2.238023229451472584e+00
9.000000000000000222e-01 -3.179428207999799860e-01 -2.075736237356223590e+00
9.100000000000000311e-01 -2.979422690174051702e-01 -1.926443760672687189e+00
9.200000000000000400e-01 -2.793743597747949114e-01 -1.789030320071142821e+00
9.300000000000000488e-01 -2.621254646527844123e-01 -1.662479279011578992e+00
9.400000000000000577e-01 -2.460916628560282093e-01 -1.545864387401713058e+00
9.500000000000000666e-01 -2.311778772353040023e-01 -1.438341901240859810e+00
9.599999999999999645e-01 -2.172970862059454278e-01 -1.339143283047284694e+00
9.699999999999999734e-01 -2.043696057972702596e-01 -1.247568472475519163e+00
9.799999999999999822e-01 -1.923224362287129507e-01 -1.162979706233296939e+00
9.899999999999999911e-01 -1.810886676527108385e-01 -1.084795859848792121e+00
1.000000000000000000e+00 -1.706069400000000125e-01 -1.012487279999999989e+00
1.010000000000000009e+00 -1.608209521866305891e-01 -9.455710742370839750e-01
1.020000000000000018e+00 -1.516790162771269879e-01 -8.836068244360595347e-01
1.030000000000000027e+00 -1.431336525331315668e-01 -8.261926907945243981e-01
1.040000000000000036e+00 -1.351412216035829950e-01 -7.729618743034077921e-01
1.050000000000000044e+00 -1.276615904256954426e-01 -7.235794071717613907e-01
1.060000000000000053e+00 -1.206578287024177853e-01 -6.777392424756581990e-01
1.070000000000000062e+00 -1.140959330997925320e-01 -6.351616162253072018e-01
1.080000000000000071e+00 -1.079445765658730988e-01 -5.955906570095814700e-01
1.090000000000000080e+00 -1.021748804114995801e-01 -5.587922203235686780e-01
1.100000000000000089e+00 0.000000000000000000e+00 -5.245519265711426904e-01
1.110000000000000098e+00 0.000000000000000000e+00 -4.926733835340262324e-01
1.120000000000000107e+00 0.000000000000000000e+00 -4.629765757949232396e-01
1.130000000000000115e+00 0.000000000000000000e+00 -4.352964051863019712e-01
1.140000000000000124e+00 0.000000000000000000e+00 -4.094813678049871730e-01
1.150000000000000133e+00 0.000000000000000000e+00 -3.853923544864192863e-01
1.159999999999999920e+00 0.000000000000000000e+00 -3.629015628744248212e-01
1.169999999999999929e+00 0.000000000000000000e+00 -3.418915103575182468e-01
1.179999999999999938e+00 0.000000000000000000e+00 -3.222541381771038549e-01
1.189999999999999947e+00 0.000000000000000000e+00 -3.038899979530018114e-01
1.199999999999999956e+00 0.000000000000000000e+00 -2.867075127243567945e-01
