0.000000000000000000e+00 7.435092284471796302e+21 8.922655370681460919e+24
1.000000000000000021e-02 3.717999999655078789e+21 4.461599999793047060e+24
2.000000000000000042e-02 9.077148383606247680e+17 5.446289046331873690e+20
2.999999999999999889e-02 6.996072468163582000e+15 2.798429081893690368e+18
4.000000000000000083e-02 2.216099850659179062e+14 6.648300815112303200e+16
5.000000000000000278e-02 1.522890592511999023e+13 3.654940071014398000e+15
5.999999999999999778e-02 1.708018227603112061e+12 3.416043848038871250e+14
7.000000000000000666e-02 2.686137038062689819e+11 4.604831480435688281e+13
8.000000000000000167e-02 5.410270505368708038e+10 8.115504440456626953e+12
8.999999999999999667e-02 1.316369648052158165e+10 1.755202799258336426e+12
1.000000000000000056e-01 3.717655079999997616e+09 4.461393047999997559e+11
1.100000000000000006e-01 1.184474681899152517e+09 1.292260397534323120e+11
1.199999999999999956e-01 4.168829294790825248e+08 4.169406859841407776e+10
1.300000000000000044e-01 1.595124714113830030e+08 1.472752624806810188e+10
1.400000000000000133e-01 6.553442436373183131e+07 5.619199613962125778e+09
1.499999999999999944e-01 2.862563372506074235e+07 2.291261939705820084e+09
1.600000000000000033e-01 1.318843062370433100e+07 9.899032530556721687e+08
1.700000000000000122e-01 6.367203708768811077e+06 4.499540179313191772e+08
1.799999999999999933e-01 3.203810480252293870e+06 2.139254006792550385e+08
1.900000000000000022e-01 1.672501686423966661e+06 1.058632086075623184e+08
2.000000000000000111e-01 9.023254687499994179e+05 5.430120937499997020e+07
2.099999999999999922e-01 5.014279554319485906e+05 2.876792987048987672e+07
2.200000000000000011e-01 2.861837612251076498e+05 1.569299138555451669e+07
2.300000000000000100e-01 1.673284190902312985e+05 8.790960357852479443e+06
2.399999999999999911e-01 1.000013695902677719e+05 5.045190749090184458e+06
2.500000000000000000e-01 6.096489676799999870e+04 2.960222060544000007e+06
2.600000000000000089e-01 3.784437027165143809e+04 1.772429788514743093e+06
2.700000000000000178e-01 2.388073976022899296e+04 1.081150629547015531e+06
2.800000000000000266e-01 1.529503458730866259e+04 6.708392942504921230e+05
2.899999999999999800e-01 9.928453266693191836e+03 4.228298523844965966e+05
2.999999999999999889e-01 6.522931651867284017e+03 2.703800918634431437e+05
3.099999999999999978e-01 4.331653469697775108e+03 1.751989854384883074e+05
3.200000000000000067e-01 2.903619159404512629e+03 1.149088143983511836e+05
3.300000000000000155e-01 1.962088518929724160e+03 7.620459929052717052e+04
3.400000000000000244e-01 1.334704347225183483e+03 5.104740265475464548e+04
3.500000000000000333e-01 9.126203552778937365e+02 3.450641305037058191e+04
3.599999999999999867e-01 6.262020772093214873e+02 2.351430358225397867e+04
3.699999999999999956e-01 4.303585449953776561e+02 1.613757978190874928e+04
3.800000000000000044e-01 2.955598153703451203e+02 1.114224245697640981e+04
3.900000000000000133e-01 2.022617001527252683e+02 7.731492614375371886e+03
4.000000000000000222e-01 1.374010848999022301e+02 5.385167312622066675e+03
4.100000000000000311e-01 9.216632788237232887e+01 3.760182425517426964e+03
4.199999999999999845e-01 6.056273814142856793e+01 2.628050242265933775e+03
4.299999999999999933e-01 3.847972132025443415e+01 1.835213358482068088e+03
4.400000000000000022e-01 2.307802122991756733e+01 1.277588438397661776e+03
4.500000000000000111e-01 1.238337796215332531e+01 8.840604955249209524e+02
4.600000000000000200e-01 5.014638731844037522e+00 6.056758073828559645e+02
4.700000000000000289e-01 2.844332513376457428e-04 4.085002653877696162e+02
4.799999999999999822e-01 -3.346374449037714527e+00 2.688583698427768809e+02
4.899999999999999911e-01 -5.512736157703034934e+00 1.701327591359668077e+02
5.000000000000000000e-01 -6.845952000000000481e+00 1.005957120000000486e+02
5.100000000000000089e-01 -7.593955905769925963e+00 5.192882227828792452e+01
5.200000000000000178e-01 -7.934154820682636000e+00 1.820525395828394721e+01
5.300000000000000266e-01 -7.993608678821039426e+00 -4.814694596615908040e+00
5.400000000000000355e-01 -7.863302054860130674e+00 -2.017428018478832996e+01
5.500000000000000444e-01 -7.608288487573379832e+00 -3.006417497543164075e+01
5.600000000000000533e-01 -7.274934694396176127e+00 -3.606480197718791203e+01
5.700000000000000622e-01 -6.896115743078352622e+00 -3.931803280439005732e+01
5.799999999999999600e-01 -6.494954990418993823e+00 -4.064944615991729648e+01
5.899999999999999689e-01 -6.087525505837688478e+00 -4.065578884167351958e+01
5.999999999999999778e-01 -5.684807027026518966e+00 -3.976781406590758650e+01
6.099999999999999867e-01 -5.294107014815101486e+00 -3.829560885259783021e+01
6.199999999999999956e-01 -4.920094470376462858e+00 -3.646140886318171681e+01
6.300000000000000044e-01 -4.565552969629700364e+00 -3.442343231395359737e+01
6.400000000000000133e-01 -4.231929476095421805e+00 -3.229324079646139722e+01
6.500000000000000222e-01 -3.919734217547365951e+00 -3.014841634787543256e+01
6.600000000000000311e-01 -3.628831698633216973e+00 -2.804183725930483462e+01
6.700000000000000400e-01 -3.358651995508647126e+00 -2.600847577047415982e+01
6.800000000000000488e-01 -3.108343598602477442e+00 -2.407038483024650688e+01
6.900000000000000577e-01 -2.876883364292371681e+00 -2.224035794026879742e+01
7.000000000000000666e-01 -2.663154990190278681e+00 -2.052461446810613666e+01
7.099999999999999645e-01 -2.466004405424055967e+00 -1.892476782986887329e+01
7.199999999999999734e-01 -2.284278255697313131e+00 -1.743926513185684612e+01
7.299999999999999822e-01 -2.116850040362721508e+00 -1.606443682890360236e+01
7.399999999999999911e-01 -1.962637265210578352e+00 -1.479525845270309503e+01
7.500000000000000000e-01 -1.820612094648323964e+00 -1.362589974208237287e+01
7.600000000000000089e-01 -1.689807336743663457e+00 -1.255011688758715316e+01
7.700000000000000178e-01 -1.569319113372724450e+00 -1.156152915684104876e+01
7.800000000000000266e-01 -1.458307211052498609e+00 -1.065381050309750677e+01
7.900000000000000355e-01 -1.355993843436383850e+00 -9.820818868681373104e+00
8.000000000000000444e-01 -1.261661360040306601e+00 -9.056680044159289622e+00
8.100000000000000533e-01 -1.174649289961798182e+00 -8.355838597841650284e+00
8.200000000000000622e-01 -1.094351001169736159e+00 -7.713085156720272728e+00
8.300000000000000711e-01 -1.020210175763631932e+00 -7.123566911364910936e+00
8.399999999999999689e-01 -9.517172422928075193e-01 -6.582786421620661521e+00
8.499999999999999778e-01 -8.884058624810077243e-01 -6.086592460549190342e+00
8.599999999999999867e-01 -8.298495375669493468e-01 -5.631165634941514675e+00
8.699999999999999956e-01 -7.756583759950140822e-01 -5.213000775773344309e+00
8.800000000000000044e-01 -7.254760471673987743e-01 -4.828887537084551873e+00
8.900000000000000133e-01 -6.789769337493981594e-01 -4.475890229146857635e+00
9.000000000000000222e-01 -6.358634863676214666e-01 -4.151327605728452497e+00
9.100000000000000311e-01 -5.958637785312641544e-01 -3.852753099044899265e+00
9.200000000000000400e-01 -5.587292555456547793e-01 -3.577935829569929282e+00
9.300000000000000488e-01 -5.242326685558980071e-01 -3.324842596234232950e+00
9.400000000000000577e-01 -4.921661832679986581e-01 -3.091620964371464719e+00
9.500000000000000666e-01 -4.623396520550407396e-01 -2.876583505588473866e+00
9.599999999999999645e-01 -4.345790378504358897e-01 -2.678193199156075455e+00
9.699999999999999734e-01 -4.087249782980248991e-01 -2.495049973735153692e+00
9.799999999999999822e-01 -3.846314789508871734e-01 -2.325878347659777745e+00
9.899999999999999911e-01 -3.621647247993655672e-01 -2.169516112881316960e+00
1.000000000000000000e+00 -3.412020000000000053e-01 -2.024903999999999815e+00
1.010000000000000009e+00 -3.216307063243450948e-01 -1.891076258048371983e+00
1.020000000000000018e+00 -3.033474715168487656e-01 -1.767152081706095057e+00
1.030000000000000027e+00 -2.862573394207685862e-01 -1.652327819570161394e+00
1.040000000000000036e+00 -2.702730343845031746e-01 -1.545869899350948984e+00
1.050000000000000044e+00 -2.553142930871213356e-01 -1.447108408950497971e+00
1.060000000000000053e+00 -2.413072575146739118e-01 -1.355431275967327709e+00
1.070000000000000062e+00 -2.281839233743343798e-01 -1.270278992018003539e+00
1.080000000000000071e+00 -2.158816387498746492e-01 -1.191139832195715398e+00
1.090000000000000080e+00 -2.043426482792436161e-01 -1.117545523878759939e+00
1.100000000000000089e+00 0.000000000000000000e+00 -1.049067322874479347e+00
1.110000000000000098e+00 0.000000000000000000e+00 -9.853124584829960897e-01
1.120000000000000107e+00 0.000000000000000000e+00 -9.259209124571757821e-01
1.130000000000000115e+00 0.000000000000000000e+00 -8.705625000031375071e-01
1.140000000000000124e+00 0.000000000000000000e+00 -8.189342239026708992e-01
1.150000000000000133e+00 0.000000000000000000e+00 -7.707578755462216602e-01
1.159999999999999920e+00 0.000000000000000000e+00 -7.257778591489872921e-01
1.169999999999999929e+00 0.000000000000000000e+00 -6.837592176929324639e-01
1.179999999999999938e+00 0.000000000000000000e+00 -6.444858412061530428e-01
1.189999999999999947e+00 0.000000000000000000e+00 -6.077588398710650486e-01
1.199999999999999956e+00 0.000000000000000000e+00 -5.733950661580984320e-01
