0.000000000000000000e+00 1.040952914943236742e+22 1.249219748965715592e+25
1.000000000000000021e-02 5.205399999517098508e+21 6.246479999710258029e+24
2.000000000000000042e-02 1.270849601829687040e+18 7.625097633614059274e+20
2.999999999999999889e-02 9.794877790697184000e+15 3.917951248761726464e+18
4.000000000000000083e-02 3.102659000183104375e+14 9.307978768981929600e+16
5.000000000000000278e-02 2.132128749439998828e+13 5.117112707327997000e+15
5.999999999999999778e-02 2.391317397118754395e+12 4.782645144460416875e+14
7.000000000000000666e-02 3.760736347499400024e+11 6.447011777847037500e+13
8.000000000000000167e-02 7.574669741243121338e+10 1.136214277066289844e+13
8.999999999999999667e-02 1.842988319138239288e+10 2.457378336287301758e+12
1.000000000000000056e-01 5.204917099999997139e+09 6.246190259999996338e+11
1.100000000000000006e-01 1.658328274048668146e+09 1.809234072304450684e+11
1.199999999999999956e-01 5.836585285828965902e+08 5.837393896993660736e+10
1.300000000000000044e-01 2.233260418863052726e+08 2.061932903838084793e+10
1.400000000000000133e-01 9.175172023111653328e+07 7.867181766868732452e+09
1.499999999999999944e-01 4.007742763091295213e+07 3.207889990994297981e+09
1.600000000000000033e-01 1.846451270066608489e+07 1.385917818161032677e+09
1.700000000000000122e-01 8.914427970729352906e+06 6.299598387764240503e+08
1.799999999999999933e-01 4.485507205581923015e+06 2.995070749266820550e+08
1.900000000000000022e-01 2.341592468120971229e+06 1.482141910819026530e+08
2.000000000000000111e-01 1.263304296874999302e+06 7.602461718749995530e+07
2.099999999999999922e-01 7.020261870164005086e+05 4.027665149693531543e+07
2.200000000000000011e-01 4.006727180216848501e+05 2.197103367937441915e+07
2.300000000000000100e-01 2.342688319905922690e+05 1.230781854247071967e+07
2.399999999999999911e-01 1.400073310321636382e+05 7.063539298849962652e+06
2.500000000000000000e-01 8.535416176639999321e+04 4.144470766387199983e+06
2.600000000000000089e-01 5.298417533469519549e+04 2.481497536712315865e+06
2.700000000000000178e-01 3.343433718288417003e+04 1.513669414948591730e+06
2.800000000000000266e-01 2.141388477899449208e+04 9.392113894247802673e+05
2.899999999999999800e-01 1.390037966681851867e+04 5.919847663235460641e+05
2.999999999999999889e-01 9.132464186993480325e+03 3.785468528020986123e+05
3.099999999999999978e-01 6.064555252273353290e+03 2.452881469131794292e+05
3.200000000000000067e-01 4.065229119643019658e+03 1.608786358231472550e+05
3.300000000000000155e-01 2.747034546769153621e+03 1.066906305028655916e+05
3.400000000000000244e-01 1.868662125661950313e+03 7.146918454725129413e+04
3.500000000000000333e-01 1.277721154743632269e+03 4.831089557225797762e+04
3.599999999999999867e-01 8.767196038757558654e+02 3.292134008664402063e+04
3.699999999999999956e-01 6.025276674621229631e+02 2.259352119697315720e+04
3.800000000000000044e-01 4.138018171307550119e+02 1.559977317706691429e+04
3.900000000000000133e-01 2.831791229622850210e+02 1.082453421097074897e+04
4.000000000000000222e-01 1.923705101013182457e+02 7.539547920227045324e+03
4.100000000000000311e-01 1.290391966518515119e+02 5.264477856603568398e+03
4.199999999999999845e-01 8.479228523938178341e+01 3.679428765753498737e+03
4.299999999999999933e-01 5.387471657484329057e+01 2.569411889471201903e+03
4.400000000000000022e-01 3.231137436500846150e+01 1.788704854917608372e+03
4.500000000000000111e-01 1.733818456600914715e+01 1.237742773274648698e+03
4.600000000000000200e-01 7.021455746686569910e+00 8.479877341920437175e+02
4.700000000000000289e-01 1.006249535421943619e-03 5.719301077923498724e+02
4.799999999999999822e-01 -4.684568363555335679e+00 3.764228787375249681e+02
4.899999999999999911e-01 -7.717653648575939940e+00 2.382008127798186479e+02
5.000000000000000000e-01 -9.584281600000000623e+00 1.408444415999999819e+02
5.100000000000000089e-01 -1.063157429648997621e+01 7.270752654486608435e+01
5.200000000000000178e-01 -1.110791204060843462e+01 2.549215990602368720e+01
5.300000000000000266e-01 -1.119118644274186991e+01 -6.737483851372957133e+00
5.400000000000000355e-01 -1.100878153148654448e+01 -2.824214047082904244e+01
5.500000000000000444e-01 -1.065177637621514606e+01 -4.208887919738484129e+01
5.600000000000000533e-01 -1.018508739661956852e+01 -5.049038587051434490e+01
5.700000000000000622e-01 -9.654741898361603347e+00 -5.504534935388505801e+01
5.799999999999999600e-01 -9.093114201476028668e+00 -5.690963024589073882e+01
5.899999999999999689e-01 -8.522707789359794006e+00 -5.691871120158333497e+01
5.999999999999999778e-01 -7.958895160751618292e+00 -5.567567413409956600e+01
6.099999999999999867e-01 -7.411907390260591200e+00 -5.361466112947332618e+01
6.199999999999999956e-01 -6.888281534102342007e+00 -5.104681709640155418e+01
6.300000000000000044e-01 -6.391914923794244530e+00 -4.819365861855386157e+01
6.400000000000000133e-01 -5.924833537868967603e+00 -4.521138011212111962e+01
6.500000000000000222e-01 -5.487751854208388735e+00 -4.220860246814020655e+01
6.600000000000000311e-01 -5.080480286315109062e+00 -3.925935973423791836e+01
6.700000000000000400e-01 -4.702221009648195782e+00 -3.641261629522261956e+01
6.800000000000000488e-01 -4.351781951811373617e+00 -3.369924864129372111e+01
6.900000000000000577e-01 -4.027730732586753071e+00 -3.113716937538107743e+01
7.000000000000000666e-01 -3.728504535060255698e+00 -2.873508682052606389e+01
7.099999999999999645e-01 -3.452487656274976224e+00 -2.649526060200149402e+01
7.199999999999999734e-01 -3.198065389475930775e+00 -2.441551724033717363e+01
7.299999999999999822e-01 -2.963660618350671072e+00 -2.249071974402195551e+01
7.399999999999999911e-01 -2.747757832654075916e+00 -2.071383408242689939e+01
7.500000000000000000e-01 -2.548918042517607674e+00 -1.907669800812809058e+01
7.600000000000000089e-01 -2.365787158420677994e+00 -1.757057022924987422e+01
7.700000000000000178e-01 -2.197099730049304700e+00 -1.618651770734976125e+01
7.800000000000000266e-01 -2.041679437918704210e+00 -1.491568392608961879e+01
7.900000000000000355e-01 -1.898437361179670768e+00 -1.374946992846653337e+01
8.000000000000000444e-01 -1.766368770040571023e+00 -1.267965172883122804e+01
8.100000000000000533e-01 -1.644548987100430626e+00 -1.169845162093304403e+01
8.200000000000000622e-01 -1.532128710423150020e+00 -1.079857637613822341e+01
8.300000000000000711e-01 -1.428329078927264684e+00 -9.973231953808909367e+00
8.399999999999999689e-01 -1.332436677629746713e+00 -9.216121831766322714e+00
8.499999999999999778e-01 -1.243798619036615483e+00 -8.521434189519457192e+00
8.599999999999999867e-01 -1.161817791981781811e+00 -7.883821778116120171e+00
8.699999999999999956e-01 -1.085948336347010157e+00 -7.298377267485800068e+00
8.800000000000000044e-01 -1.015691378262518541e+00 -6.760606085262218734e+00
8.900000000000000133e-01 -9.505910432792555875e-01 -6.266398183381142850e+00
9.000000000000000222e-01 -8.902307528905155642e-01 -5.811999740250589852e+00
9.100000000000000311e-01 -8.342298013664444234e-01 -5.393985489567224789e+00
9.200000000000000400e-01 -7.822402041792912986e-01 -5.009232133858599667e+00
9.300000000000000488e-01 -7.339438056130029864e-01 -4.654893130517819166e+00
9.400000000000000577e-01 -6.890496309238888228e-01 -4.328375014653709663e+00
9.500000000000000666e-01 -6.472914672431997474e-01 -4.027315334619115283e+00
9.599999999999999645e-01 -6.084256569845346574e-01 -3.749562213662867460e+00
9.699999999999999734e-01 -5.722290876137853255e-01 -3.493155508053779279e+00
9.799999999999999822e-01 -5.384973620901637448e-01 -3.256309503192337473e+00
9.899999999999999911e-01 -5.070431349709199065e-01 -3.037397070859227277e+00
1.000000000000000000e+00 -4.776945999999999692e-01 -2.834935200000000322e+00
1.010000000000000009e+00 -4.502941159070611432e-01 -2.647571808177421548e+00
1.020000000000000018e+00 -4.246969580815393441e-01 -2.474073739443332975e+00
1.030000000000000027e+00 -4.007701847241801896e-01 -2.313315855703827140e+00
1.040000000000000036e+00 -3.783916069932032888e-01 -2.164271131796072556e+00
1.050000000000000044e+00 -3.574488535392459365e-01 -2.026001668815225365e+00
1.060000000000000053e+00 -3.378385206531560048e-01 -1.897650545252786314e+00
1.070000000000000062e+00 -3.194654000283621009e-01 -1.778434430891945972e+00
1.080000000000000071e+00 -3.022417768625953460e-01 -1.667636893907441520e+00
1.090000000000000080e+00 -2.860867916919185849e-01 -1.564602337067140692e+00
1.100000000000000089e+00 0.000000000000000000e+00 -1.468730504214272647e+00
1.110000000000000098e+00 0.000000000000000000e+00 -1.379471503247565733e+00
1.120000000000000107e+00 0.000000000000000000e+00 -1.296321296565494219e+00
1.130000000000000115e+00 0.000000000000000000e+00 -1.218817614375936609e+00
1.140000000000000124e+00 0.000000000000000000e+00 -1.146536250384430300e+00
1.150000000000000133e+00 0.000000000000000000e+00 -1.079087703164488765e+00
1.159999999999999920e+00 0.000000000000000000e+00 -1.016114129990918213e+00
1.169999999999999929e+00 0.000000000000000000e+00 -9.572865830954893074e-01
1.179999999999999938e+00 0.000000000000000000e+00 -9.023025012004450840e-01
1.189999999999999947e+00 0.000000000000000000e+00 -8.508834318174122169e-01
1.199999999999999956e+00 0.000000000000000000e+00 -8.027729621866293019e-01
