0.000000000000000000e+00 1.032273974591340528e+23 1.238804384754761669e+26
1.000000000000000021e-02 5.161999999909118555e+22 6.194399999945470110e+25
2.000000000000000042e-02 1.260253904829999514e+19 7.561523433239997317e+21
2.999999999999999889e-02 9.713213571682430400e+16 3.885285453605756109e+19
4.000000000000000083e-02 3.076791541430663000e+15 9.230374957104488960e+17
5.000000000000000278e-02 2.114354618367998750e+14 5.074451782041596800e+16
5.999999999999999778e-02 2.371388114710759375e+13 4.742778177295317000e+15
7.000000000000000666e-02 3.729414203388491211e+12 6.393288112671021250e+14
8.000000000000000167e-02 7.511663972914216309e+11 1.126752196034788750e+14
8.999999999999999667e-02 1.827695419876590881e+11 2.436938626952343750e+13
1.000000000000000056e-01 5.161909119999996948e+10 6.194345471999996094e+12
1.100000000000000006e-01 1.644720981630098534e+10 1.794269052355069336e+12
1.199999999999999956e-01 5.789222164700626373e+09 5.789374342341229248e+11
1.300000000000000044e-01 2.215444450676136017e+09 2.045112546042857971e+11
1.400000000000000133e-01 9.103827023970431089e+08 7.803797583439579773e+10
1.499999999999999944e-01 3.977734480915098786e+08 3.182506724375426102e+10
1.600000000000000033e-01 1.833369113985099196e+08 1.375229968118218994e+10
1.700000000000000122e-01 8.856178236970502138e+07 6.252748785523529053e+09
1.799999999999999933e-01 4.459516790357836336e+07 2.973901853745519638e+09
1.900000000000000022e-01 2.330316587985075638e+07 1.472388918079512596e+09
2.000000000000000111e-01 1.258833906249999255e+07 7.557263437499995232e+08
2.099999999999999922e-01 7.006969055412104353e+06 4.007009819844700098e+08
2.200000000000000011e-01 4.007541796904324554e+06 2.188117942804203629e+08
2.300000000000000100e-01 2.349365609426065814e+06 1.227357461925410926e+08
2.399999999999999911e-01 1.408703071773578413e+06 7.055404237040044367e+07
2.500000000000000000e-01 8.623174451199999312e+05 4.148057604095999897e+07
2.600000000000000089e-01 5.379840578660077881e+05 2.489792349066194519e+07
2.700000000000000178e-01 3.415705841727826628e+05 1.523304311102831736e+07
2.800000000000000266e-01 2.204049628570856585e+05 9.486339259215341881e+06
2.899999999999999800e-01 1.443676945974644332e+05 6.005446299962398596e+06
2.999999999999999889e-01 9.588549773163911595e+04 3.860352693902053405e+06
3.099999999999999978e-01 6.451166374816080497e+04 2.517044966113375034e+06
3.200000000000000067e-01 4.392682695915082877e+04 1.663125747639603913e+06
3.300000000000000155e-01 3.024559688007557270e+04 1.112634347394514596e+06
3.400000000000000244e-01 2.104242646314451849e+04 7.530555434850425227e+05
3.500000000000000333e-01 1.478133317459220234e+04 5.152636352902319049e+05
3.599999999999999867e-01 1.047651859751474331e+04 3.561755691902979161e+05
3.699999999999999956e-01 7.487259180345678942e+03 2.485739358022847155e+05
3.800000000000000044e-01 5.392132610453547386e+03 1.750436563209994638e+05
3.900000000000000133e-01 3.910829882393248681e+03 1.243066731901688472e+05
4.000000000000000222e-01 2.854916763305662244e+03 8.897562789916986367e+04
4.100000000000000311e-01 2.096444505529867456e+03 6.415918724187398038e+04
4.199999999999999845e-01 1.547706240620355629e+03 4.658541460527805611e+04
4.299999999999999933e-01 1.148037265254499516e+03 3.404429291746703529e+04
4.400000000000000022e-01 8.551180222358924539e+02 2.502925496867000038e+04
4.500000000000000111e-01 6.391867262825907119e+02 1.850423699600878172e+04
4.600000000000000200e-01 4.791516948543915078e+02 1.375077489197816612e+04
4.700000000000000289e-01 3.599562376683671800e+02 1.026667505632069333e+04
4.799999999999999822e-01 2.707771830652604308e+02 7.698248183831011374e+03
4.899999999999999911e-01 2.037832094010199171e+02 5.794592474072658661e+03
5.000000000000000000e-01 1.532723199999999792e+02 4.376494080000000395e+03
5.100000000000000089e-01 1.150682074991868546e+02 3.315102024644066205e+03
5.200000000000000178e-01 8.609478014547926250e+01 2.517193639775839983e+03
5.300000000000000266e-01 6.407421490627118033e+01 1.914919140206528482e+03
5.400000000000000355e-01 4.731127201614224731e+01 1.458613623051243167e+03
5.500000000000000444e-01 3.453826254211058711e+01 1.111725110975181906e+03
5.600000000000000533e-01 2.480294452069589184e+01 8.472126028784198297e+02
5.700000000000000622e-01 1.738699526290507080e+01 6.449722317480734546e+02
5.799999999999999600e-01 1.174639416320399121e+01 4.899871373077224916e+02
5.899999999999999689e-01 7.467597969091976040e+00 3.709899624175164377e+02
5.999999999999999778e-01 4.235162628589069556e+00 2.794906325443466244e+02
6.099999999999999867e-01 1.807706457284112389e+00 2.090659307424475060e+02
6.199999999999999956e-01 -1.676821638874059772e-05 1.548377429240547087e+02
6.300000000000000044e-01 -1.330547001188657319e+00 1.130880018878705471e+02
6.400000000000000133e-01 -2.293820375223051045e+00 8.097318571025337519e+01
6.500000000000000222e-01 -2.974799725575882903e+00 5.631167950525859567e+01
6.600000000000000311e-01 -3.439260242283914693e+00 3.742472095664911080e+01
6.700000000000000400e-01 -3.738192411555126604e+00 2.301693328133772809e+01
6.800000000000000488e-01 -3.911164409728329794e+00 1.208623530580908323e+01
6.900000000000000577e-01 -3.988898383958403571e+00 3.855645233288541363e+00
7.000000000000000666e-01 -3.995250614842003500e+00 -2.278531600979732730e+00
7.099999999999999645e-01 -3.948738013497659072e+00 -6.786205318408178755e+00
7.199999999999999734e-01 -3.863718177478895122e+00 -1.003372009491052808e+01
7.299999999999999822e-01 -3.751304017747413067e+00 -1.230704487447597728e+01
7.399999999999999911e-01 -3.620074386712624381e+00 -1.382962513298344831e+01
7.500000000000000000e-01 -3.476627451175200889e+00 -1.477616487038071824e+01
7.600000000000000089e-01 -3.326012498336790912e+00 -1.528329609756195140e+01
7.700000000000000178e-01 -3.172067510145962110e+00 -1.545786040224108149e+01
7.800000000000000266e-01 -3.017683508251654878e+00 -1.538335294251624674e+01
7.900000000000000355e-01 -2.865011854016357162e+00 -1.512494826786312885e+01
8.000000000000000444e-01 -2.715627010911702222e+00 -1.473342860117554309e+01
8.100000000000000533e-01 -2.570654461254090251e+00 -1.424826046638734134e+01
8.200000000000000622e-01 -2.430871307122632441e+00 -1.370000878544703582e+01
8.300000000000000711e-01 -2.296785419999093136e+00 -1.311223432811164358e+01
8.399999999999999689e-01 -2.168697717405031256e+00 -1.250298735480939349e+01
8.499999999999999778e-01 -2.046751148618683569e+00 -1.188598496575790975e+01
8.599999999999999867e-01 -1.930969198008353427e+00 -1.127154020010147661e+01
8.699999999999999956e-01 -1.821286112358417864e+00 -1.066729592007545335e+01
8.800000000000000044e-01 -1.717570588695572553e+00 -1.007880491360277730e+01
8.900000000000000133e-01 -1.619644291644130041e+00 -9.509988657231687625e+00
9.000000000000000222e-01 -1.527296281311634862e+00 -8.963500195042946928e+00
9.100000000000000311e-01 -1.440294206483819117e+00 -8.441011147637217604e+00
9.200000000000000400e-01 -1.358392939879597083e+00 -7.943438617022271941e+00
9.300000000000000488e-01 -1.281341191855344341e+00 -7.471124429006996692e+00
9.400000000000000577e-01 -1.208886528090819645e+00 -7.023976547929339453e+00
9.500000000000000666e-01 -1.140779129092259092e+00 -6.601580450116385279e+00
9.599999999999999645e-01 -1.076774559868221459e+00 -6.203286629606649782e+00
9.699999999999999734e-01 -1.016635763010314664e+00 -5.828279137340274474e+00
9.799999999999999822e-01 -9.601344446226316443e-01 -5.475629049534715520e+00
9.899999999999999911e-01 -9.070519877206505432e-01 -5.144335964996114008e+00
1.000000000000000000e+00 -8.571800000000000530e-01 -4.833359999999999879e+00
1.010000000000000009e+00 -8.103205807908357983e-01 -4.541646248213753623e+00
1.020000000000000018e+00 -7.662863744072861971e-01 -4.268143274610359583e+00
1.030000000000000027e+00 -7.249004630585438314e-01 -4.011816895007664030e+00
1.040000000000000036e+00 -6.859961412842334738e-01 -3.771660239912945300e+00
1.050000000000000044e+00 -6.494166049370414528e-01 -3.546700899489804382e+00
1.060000000000000053e+00 -6.150145806037331520e-01 -3.336005785222008857e+00
1.070000000000000062e+00 -5.826519156684396572e-01 -3.138684214948221918e+00
1.080000000000000071e+00 -5.521991446900594847e-01 -2.953889624826406823e+00
1.090000000000000080e+00 -5.235350441579791347e-01 -2.780820229255744014e+00
1.100000000000000089e+00 0.000000000000000000e+00 -2.618718883704302058e+00
1.110000000000000098e+00 0.000000000000000000e+00 -2.466872352473583607e+00
1.120000000000000107e+00 0.000000000000000000e+00 -2.324610141055001300e+00
1.130000000000000115e+00 0.000000000000000000e+00 -2.191303018806508796e+00
1.140000000000000124e+00 0.000000000000000000e+00 -2.066361330528004192e+00
1.150000000000000133e+00 0.000000000000000000e+00 -1.949233173804264529e+00
1.159999999999999920e+00 0.000000000000000000e+00 -1.839402501642367405e+00
1.169999999999999929e+00 0.000000000000000000e+00 -1.736387196097635366e+00
1.179999999999999938e+00 0.000000000000000000e+00 -1.639737147568361975e+00
1.189999999999999947e+00 0.000000000000000000e+00 -1.549032365690705904e+00
1.199999999999999956e+00 0.000000000000000000e+00 -1.463881140835847194e+00
