0.000000000000000000e+00 6.506005712291699360e+21 7.807683427373603631e+24
1.000000000000000021e-02 3.253399999698179195e+21 3.904079999818906609e+24
2.000000000000000042e-02 7.942871046590622720e+17 4.765722642102185492e+20
2.999999999999999889e-02 6.121845661086032000e+15 2.448738347238253056e+18
4.000000000000000083e-02 1.939176776257323750e+14 5.817531434069822400e+16
5.000000000000000278e-02 1.332590708351999219e+13 3.198220018022398000e+15
5.999999999999999778e-02 1.494584857879920654e+12 2.989176184809909375e+14
7.000000000000000666e-02 2.350478278453587952e+11 4.029413323871897656e+13
8.000000000000000167e-02 4.734204965203999329e+10 7.101393799200651367e+12
8.999999999999999667e-02 1.151876549815545845e+10 1.535873261592597168e+12
1.000000000000000056e-01 3.253098179999998093e+09 3.903898907999997559e+11
1.100000000000000006e-01 1.036463132817306042e+09 1.130779982812462311e+11
1.199999999999999956e-01 3.647893817689452171e+08 3.648399212226060486e+10
1.300000000000000044e-01 1.395798476746796668e+08 1.288717962800184631e+10
1.400000000000000133e-01 5.734526511282247305e+07 4.917026358556955338e+09
1.499999999999999944e-01 2.504858429455010965e+07 2.004946632727246284e+09
1.600000000000000033e-01 1.154040880872343853e+07 8.662052809249868393e+08
1.700000000000000122e-01 5.571560080437317491e+06 3.937279171710962653e+08
1.799999999999999933e-01 2.803463393735125661e+06 1.871933551959031224e+08
1.900000000000000022e-01 1.463506428431458538e+06 9.263457777768011391e+07
2.000000000000000111e-01 7.895711718749995343e+05 4.751574843749997020e+07
2.099999999999999922e-01 4.387696781040159985e+05 2.517309889657451957e+07
2.200000000000000011e-01 2.504223273824388743e+05 1.373200032380156592e+07
2.300000000000000100e-01 1.464191101214416267e+05 7.692444786905931309e+06
2.399999999999999911e-01 8.750522719914057234e+04 4.414745308129557408e+06
2.500000000000000000e-01 5.334673981440000352e+04 2.590313624371199869e+06
2.600000000000000089e-01 3.311534728071260906e+04 1.550947491326392628e+06
2.700000000000000178e-01 2.089660794207430081e+04 9.460503568840771914e+05
2.800000000000000266e-01 1.338377008050041877e+04 5.870113987683255691e+05
2.899999999999999800e-01 8.687795341413730057e+03 3.699931418782240362e+05
2.999999999999999889e-01 5.707826870715660334e+03 2.365934589164179342e+05
3.099999999999999978e-01 3.790370321472564683e+03 1.533061568840780237e+05
3.200000000000000067e-01 2.540782898901027693e+03 1.005498295738593442e+05
3.300000000000000155e-01 1.716905773388196394e+03 6.668208353083478869e+04
3.400000000000000244e-01 1.167919449495230083e+03 4.466852440491242305e+04
3.500000000000000333e-01 7.985790399379479823e+02 3.019449344201615168e+04
3.599999999999999867e-01 5.479515830332376254e+02 2.057595599872277307e+04
3.699999999999999956e-01 3.765806667033841109e+02 1.412102651396583133e+04
3.800000000000000044e-01 2.586264024226962874e+02 9.749905988583635917e+03
3.900000000000000133e-01 1.769868395409865798e+02 6.765363217573905786e+03
4.000000000000000222e-01 1.202312278747557741e+02 4.712234687805172143e+03
4.100000000000000311e-01 8.064902697929872488e+01 3.290307983155301372e+03
4.199999999999999845e-01 5.299464166582642832e+01 2.299647166362015923e+03
4.299999999999999933e-01 3.367113703770738908e+01 1.605883335242799149e+03
4.400000000000000022e-01 2.019405019241229837e+01 1.117939389021681791e+03
4.500000000000000111e-01 1.083582471738354513e+01 7.735868590558388860e+02
4.600000000000000200e-01 4.387896739565405824e+00 5.299892740166833391e+02
4.700000000000000289e-01 1.482845451157288608e-04 3.574529285275202710e+02
4.799999999999999822e-01 -2.928301317292923756e+00 2.352608121655575246e+02
4.899999999999999911e-01 -4.823944894528775507e+00 1.488720687479695926e+02
5.000000000000000000e-01 -5.990553599999998369e+00 8.802447360000002163e+01
5.100000000000000089e-01 -6.645079419868503479e+00 4.543908946864613085e+01
5.200000000000000178e-01 -6.942760417614744384e+00 1.592969878553486751e+01
5.300000000000000266e-01 -6.994779018110248714e+00 -4.213605917301492809e+00
5.400000000000000355e-01 -6.880750274151107959e+00 -1.765379504452518233e+01
5.500000000000000444e-01 -6.657598554825156612e+00 -2.630779340994686777e+01
5.600000000000000533e-01 -6.365896522295877880e+00 -3.155853348206213127e+01
5.700000000000000622e-01 -6.034411113966800855e+00 -3.440519780342772549e+01
5.799999999999999600e-01 -5.683376137609490897e+00 -3.557020005290622322e+01
5.899999999999999689e-01 -5.326856124209294663e+00 -3.557571692044761136e+01
5.999999999999999778e-01 -4.974458741657118210e+00 -3.479867414727128505e+01
6.099999999999999867e-01 -4.632578273883902753e+00 -3.351040979410792886e+01
6.199999999999999956e-01 -4.305300251625566510e+00 -3.190538852961233474e+01
6.300000000000000044e-01 -3.995060387074661712e+00 -3.012205725101328113e+01
6.400000000000000133e-01 -3.703124806576397532e+00 -2.825803648994168071e+01
6.500000000000000222e-01 -3.429939958250538989e+00 -2.638121335021190106e+01
6.600000000000000311e-01 -3.175387259287511199e+00 -2.453785820586365674e+01
6.700000000000000400e-01 -2.938967986867024429e+00 -2.275857295123972079e+01
6.800000000000000488e-01 -2.719937021397248245e+00 -2.106265461180201370e+01
6.900000000000000577e-01 -2.517399058373559040e+00 -1.946129785011623881e+01
7.000000000000000666e-01 -2.330377277170406547e+00 -1.795994471912037582e+01
7.099999999999999645e-01 -2.157861809560703392e+00 -1.656000689792489311e+01
7.199999999999999734e-01 -1.998843415515355382e+00 -1.526012543347324169e+01
7.299999999999999822e-01 -1.852336354042677158e+00 -1.405708923153216716e+01
7.399999999999999911e-01 -1.717393392438346877e+00 -1.294650159767530440e+01
7.500000000000000000e-01 -1.593115127258905250e+00 -1.192326074670490144e+01
7.600000000000000089e-01 -1.478655221378485818e+00 -1.098190303102900778e+01
7.700000000000000178e-01 -1.373222740392187724e+00 -1.011684499776982804e+01
7.800000000000000266e-01 -1.276082459536095115e+00 -9.322551052919413550e+00
7.900000000000000355e-01 -1.186553780758205834e+00 -8.593646606164734081e+00
8.000000000000000444e-01 -1.104008727706968340e+00 -7.924991450272496962e+00
8.100000000000000533e-01 -1.027869358818977119e+00 -7.311724325795779578e+00
8.200000000000000622e-01 -9.576048440216390345e-01 -6.749286792426256731e+00
8.300000000000000711e-01 -8.927283804070457185e-01 -6.233432420712877509e+00
8.399999999999999689e-01 -8.327940703360673380e-01 -5.760225746576829842e+00
8.499999999999999778e-01 -7.773938471533232697e-01 -5.326034259026105389e+00
8.599999999999999867e-01 -7.261545055743164889e-01 -4.927515817208576898e+00
8.699999999999999956e-01 -6.787348732633943227e-01 -4.561603241076526594e+00
8.800000000000000044e-01 -6.348231452255390650e-01 -4.225487334386037297e+00
8.900000000000000133e-01 -5.941343919423757169e-01 -3.916599237698608960e+00
9.000000000000000222e-01 -5.564082446120918179e-01 -3.632592741242389067e+00
9.100000000000000311e-01 -5.214067555942888399e-01 -3.371326989539880081e+00
9.200000000000000400e-01 -4.889124286073667225e-01 -3.130849864089132684e+00
9.300000000000000488e-01 -4.587264109234992504e-01 -2.909382223941109569e+00
9.400000000000000577e-01 -4.306668384145710404e-01 -2.705303106864982876e+00
9.500000000000000666e-01 -4.045673235676196522e-01 -2.517135938506471327e+00
9.599999999999999645e-01 -3.802755763209501039e-01 -2.343535757934683161e+00
9.699999999999999734e-01 -3.576521476314162840e-01 -2.183277441038114830e+00
9.799999999999999822e-01 -3.365692859651996383e-01 -2.035244885210825139e+00
9.899999999999999911e-01 -3.169098973320149670e-01 -1.898421107291486720e+00
1.000000000000000000e+00 -2.985665999999999598e-01 -1.771879199999999877e+00
1.010000000000000009e+00 -2.814408655949469651e-01 -1.654774088824570333e+00
1.020000000000000018e+00 -2.654422388739990923e-01 -1.546335030450363135e+00
1.030000000000000027e+00 -2.504876290500407388e-01 -1.445858794647500112e+00
1.040000000000000036e+00 -2.365006661147687761e-01 -1.352703473501913667e+00
1.050000000000000044e+00 -2.234111161565680015e-01 -1.266282864572966460e+00
1.060000000000000053e+00 -2.111543501880417117e-01 -1.186061377701397745e+00
1.070000000000000062e+00 -1.996708614841059271e-01 -1.111549418556516455e+00
1.080000000000000071e+00 -1.889058268834797327e-01 -1.042299205450560207e+00
1.090000000000000080e+00 -1.788087079240325838e-01 -9.779009793543865792e-01
1.100000000000000089e+00 0.000000000000000000e+00 -9.179795703499267212e-01
1.110000000000000098e+00 0.000000000000000000e+00 -8.621912869039418670e-01
1.120000000000000107e+00 0.000000000000000000e+00 -8.102210973158668894e-01
1.130000000000000115e+00 0.000000000000000000e+00 -7.617800754645780437e-01
1.140000000000000124e+00 0.000000000000000000e+00 -7.166030855489661233e-01
1.150000000000000133e+00 0.000000000000000000e+00 -6.744466828862150098e-01
1.159999999999999920e+00 0.000000000000000000e+00 -6.350872100051916380e-01
1.169999999999999929e+00 0.000000000000000000e+00 -5.983190692589457349e-01
1.179999999999999938e+00 0.000000000000000000e+00 -5.639531549904521768e-01
1.189999999999999947e+00 0.000000000000000000e+00 -5.318154299308551769e-01
1.199999999999999956e+00 0.000000000000000000e+00 -5.017456320016050464e-01
