0.000000000000000000e+00 4.275478026950180078e+21 5.130886816169177704e+24
1.000000000000000021e-02 2.137999999801665520e+21 2.565599999880998611e+24
2.000000000000000042e-02 5.219726531510311040e+17 3.131835928203092951e+20
2.999999999999999889e-02 4.023023920650675000e+15 1.609209622672889600e+18
4.000000000000000083e-02 1.274346821083984062e+14 3.823041189572752800e+16
5.000000000000000278e-02 8.757235306623995117e+12 2.101737996794878750e+15
5.999999999999999778e-02 9.821793898133217773e+11 1.964363030612582812e+14
7.000000000000000666e-02 1.544637167884767151e+11 2.647963880469750000e+13
8.000000000000000167e-02 3.111123817408084106e+10 4.666742469924687500e+12
8.999999999999999667e-02 7.569656572815749168e+09 1.009312423069547363e+12
1.000000000000000056e-01 2.137801665999998808e+09 2.565480999599998474e+11
1.100000000000000006e-01 6.811207338922996521e+08 7.431018666311140442e+10
1.199999999999999956e-01 2.397245062742002606e+08 2.397577171018536758e+10
1.300000000000000044e-01 9.172610832302688062e+07 8.468921849201204300e+09
1.400000000000000133e-01 3.768493913180601597e+07 3.231266531287021160e+09
1.499999999999999944e-01 1.646089505494684167e+07 1.317568085932098627e+09
1.600000000000000033e-01 7.583880217658586800e+06 5.692343273600270748e+08
1.700000000000000122e-01 3.661399382098602131e+06 2.587417264137685895e+08
1.799999999999999933e-01 1.842320543671379099e+06 1.230157447925246507e+08
1.900000000000000022e-01 9.617561350627281936e+05 6.087562190778384358e+07
2.000000000000000111e-01 5.188736874999997090e+05 3.122539031249998137e+07
2.099999999999999922e-01 2.883414080705872038e+05 1.654272326674628817e+07
2.200000000000000011e-01 1.645672872139581596e+05 9.024105313563890755e+06
2.300000000000000100e-01 9.622065194555910421e+04 5.055158441755061969e+06
2.399999999999999911e-01 5.750486864986910223e+04 2.901189391597723123e+06
2.500000000000000000e-01 3.505731174400000600e+04 1.702247989248000085e+06
2.600000000000000089e-01 2.176206857050015606e+04 1.019219301801576745e+06
2.700000000000000178e-01 1.373241182575352104e+04 6.217057416143707233e+05
2.800000000000000266e-01 8.795280455918544249e+03 3.857600551705505350e+05
2.899999999999999800e-01 5.709276173120522799e+03 2.431445339914561773e+05
2.999999999999999889e-01 3.750961092576600095e+03 1.554797057058075152e+05
3.099999999999999978e-01 2.490885548122132150e+03 1.007466793343166937e+05
3.200000000000000067e-01 1.669706464305420013e+03 6.607735987733674119e+04
3.300000000000000155e-01 1.128286960835891705e+03 4.382084452779687854e+04
3.400000000000000244e-01 7.675146186390511502e+02 2.935441784339267178e+04
3.500000000000000333e-01 5.247983732648212936e+02 1.984266278250911637e+04
3.599999999999999867e-01 3.600955538070211901e+02 1.352174148965624772e+04
3.699999999999999956e-01 2.474770007364658966e+02 9.279815782609883172e+03
3.800000000000000044e-01 1.699617790375253890e+02 6.407285691900175152e+03
3.900000000000000133e-01 1.163111714185027949e+02 4.445959155158738213e+03
4.000000000000000222e-01 7.901334381103509941e+01 3.096721115112302869e+03
4.100000000000000311e-01 5.300123383154494405e+01 2.162284063553115629e+03
4.199999999999999845e-01 3.482764203833105654e+01 1.511258119609852656e+03
4.299999999999999933e-01 2.212880257893198888e+01 1.055341401241912763e+03
4.400000000000000022e-01 1.327202193361782889e+01 7.346816499139395091e+02
4.500000000000000111e-01 7.122015601648364225e+00 5.083847673705069496e+02
4.600000000000000200e-01 2.884560607306898561e+00 3.483002990274096078e+02
4.700000000000000289e-01 9.906658821563496531e-04 2.349146920343269755e+02
4.799999999999999822e-01 -1.923571360568228528e+00 1.546135214878916599e+02
4.899999999999999911e-01 -3.169401571059776046e+00 9.784108765401327901e+01
5.000000000000000000e-01 -3.936128000000000071e+00 5.785344000000000619e+01
5.100000000000000089e-01 -4.366324346452929106e+00 2.986712868733150117e+01
5.200000000000000178e-01 -4.562008170113487360e+00 1.047395876685506266e+01
5.300000000000000266e-01 -4.596245239718056652e+00 -2.764089899684080365e+00
5.400000000000000355e-01 -4.521356349131865571e+00 -1.159702978285305619e+01
5.500000000000000444e-01 -4.374750745237910188e+00 -1.728459986296936535e+01
5.600000000000000533e-01 -4.183091870059472583e+00 -2.073561884693197754e+01
5.700000000000000622e-01 -3.965284815652777795e+00 -2.260671874747368548e+01
5.799999999999999600e-01 -3.734626957440806194e+00 -2.337264879414150442e+01
5.899999999999999689e-01 -3.500361396272914760e+00 -2.337656932369057117e+01
5.999999999999999778e-01 -3.268802298844086796e+00 -2.286618658044825381e+01
6.099999999999999867e-01 -3.044152071470869636e+00 -2.201981797798264395e+01
6.199999999999999956e-01 -2.829095854904808860e+00 -2.096526210671119372e+01
6.300000000000000044e-01 -2.625234556328791768e+00 -1.979350432009424665e+01
6.400000000000000133e-01 -2.433400444595487322e+00 -1.856870000895060002e+01
6.500000000000000222e-01 -2.253887100211268368e+00 -1.733546451254101584e+01
6.600000000000000311e-01 -2.086616763344225856e+00 -1.612420715213292510e+01
6.700000000000000400e-01 -1.931261840139611996e+00 -1.495504023733790433e+01
6.800000000000000488e-01 -1.787332796326252859e+00 -1.384064670251995821e+01
6.900000000000000577e-01 -1.654241386278082038e+00 -1.278838470448981113e+01
7.000000000000000666e-01 -1.531345781515800253e+00 -1.180183181928119396e+01
7.099999999999999645e-01 -1.417982424094017757e+00 -1.088191685454618174e+01
7.199999999999999734e-01 -1.313488158547099438e+00 -1.002774772509066992e+01
7.299999999999999822e-01 -1.217215263028611050e+00 -9.237215068571362764e+00
7.399999999999999911e-01 -1.128541313942438062e+00 -8.507430286734086522e+00
7.500000000000000000e-01 -1.046875312307480987e+00 -7.835041331624771566e+00
7.600000000000000089e-01 -9.716611262001896288e-01 -7.216458274053938027e+00
7.700000000000000178e-01 -9.023790268879775534e-01 -6.648012384543024567e+00
7.800000000000000266e-01 -8.385458911682552863e-01 -6.126066324666388674e+00
7.900000000000000355e-01 -7.797144902692572099e-01 -5.647088509170194115e+00
8.000000000000000444e-01 -7.254721727222201988e-01 -5.207701334729788911e+00
8.100000000000000533e-01 -6.754391647688231526e-01 -4.804710471912807535e+00
8.200000000000000622e-01 -6.292666496557509648e-01 -4.435120557495780602e+00
8.300000000000000711e-01 -5.866347410609014101e-01 -4.096141239228310305e+00
8.399999999999999689e-01 -5.472504317898940762e-01 -3.785186492531123381e+00
8.499999999999999778e-01 -5.108455737256243356e-01 -3.499869358390313323e+00
8.599999999999999867e-01 -4.771749265339045865e-01 -3.237993677165700301e+00
8.699999999999999956e-01 -4.460142991277829538e-01 -2.997543964640336345e+00
8.800000000000000044e-01 -4.171587981037445103e-01 -2.776674257545387992e+00
8.900000000000000133e-01 -3.904211903357583391e-01 -2.573696518515464327e+00
9.000000000000000222e-01 -3.656303819375739117e-01 -2.387069014428976121e+00
9.100000000000000311e-01 -3.426300123475315984e-01 -2.215384951997544594e+00
9.200000000000000400e-01 -3.212771599546905832e-01 -2.057361558768285636e+00
9.300000000000000488e-01 -3.014411541716812692e-01 -1.911829727747945684e+00
9.400000000000000577e-01 -2.830024879449145048e-01 -1.777724293154031354e+00
9.500000000000000666e-01 -2.658518242096875039e-01 -1.654074968463066009e+00
9.599999999999999645e-01 -2.498890896218602664e-01 -1.539997952288116867e+00
9.699999999999999734e-01 -2.350226489366228078e-01 -1.434688189915181100e+00
9.799999999999999822e-01 -2.211685535899633737e-01 -1.337412266484503176e+00
9.899999999999999911e-01 -2.082498583193486408e-01 -1.247501900258263463e+00
1.000000000000000000e+00 -1.961960000000000093e-01 -1.164348000000000161e+00
1.010000000000000009e+00 -1.849422332452909101e-01 -1.087395248326776365e+00
1.020000000000000018e+00 -1.744291177051226216e-01 -1.016137172327817861e+00
1.030000000000000027e+00 -1.646020523812433134e-01 -9.501116632857712352e-01
1.040000000000000036e+00 -1.554108526541605473e-01 -8.888969086278367682e-01
1.050000000000000044e+00 -1.468093660764652475e-01 -8.321077010080092373e-01
1.060000000000000053e+00 -1.387551233282351693e-01 -7.793920914843820436e-01
1.070000000000000062e+00 -1.312090210495674703e-01 -7.304283559666024939e-01
1.080000000000000071e+00 -1.241350335622485312e-01 -6.849222463681299278e-01
1.090000000000000080e+00 -1.174999507669907128e-01 -6.426045001360680686e-01
1.100000000000000089e+00 0.000000000000000000e+00 -6.032285840004891764e-01
1.110000000000000098e+00 0.000000000000000000e+00 -5.665686498543895944e-01
1.120000000000000107e+00 0.000000000000000000e+00 -5.324176826257940309e-01
1.130000000000000115e+00 0.000000000000000000e+00 -5.005858218250121006e-01
1.140000000000000124e+00 0.000000000000000000e+00 -4.708988401388131684e-01
1.150000000000000133e+00 0.000000000000000000e+00 -4.431967639999531139e-01
1.159999999999999920e+00 0.000000000000000000e+00 -4.173326224887022873e-01
1.169999999999999929e+00 0.000000000000000000e+00 -3.931713122284127282e-01
1.179999999999999938e+00 0.000000000000000000e+00 -3.705885671266141990e-01
1.189999999999999947e+00 0.000000000000000000e+00 -3.494700228941483577e-01
1.199999999999999956e+00 0.000000000000000000e+00 -3.297103672553415299e-01
