0.000000000000000000e+00 1.486298544688555885e+21 1.783667126812581915e+24
1.000000000000000021e-02 7.432399998824218624e+20 8.918879999294528511e+23
2.000000000000000042e-02 1.814550762878437120e+17 1.088730463238530826e+20
2.999999999999999889e-02 1.398537023461943000e+15 5.594148416421159680e+17
4.000000000000000083e-02 4.430052747729491406e+13 1.329016254902343400e+16
5.000000000000000278e-02 3.044303515007998535e+12 7.306337466009595000e+14
5.999999999999999778e-02 3.414372222656773682e+11 6.828769646359500781e+13
7.000000000000000666e-02 5.369631857737775421e+10 9.205168847251324219e+12
8.000000000000000167e-02 1.081511694985627937e+10 1.622301181814073975e+12
8.999999999999999667e-02 2.631373203702079773e+09 3.508645100769761353e+11
1.000000000000000056e-01 7.431224219999996424e+08 8.918174531999993896e+10
1.100000000000000006e-01 2.367527992392977476e+08 2.583119826514600372e+10
1.199999999999999956e-01 8.331993546781523526e+07 8.333962378496629715e+09
1.300000000000000044e-01 3.187697484780719131e+07 2.943614264314856052e+09
1.400000000000000133e-01 1.309408120050059259e+07 1.123019055920111418e+09
1.499999999999999944e-01 5.718085960307920352e+06 4.578597707615335584e+08
1.600000000000000033e-01 2.633510719708282966e+06 1.977761112877487242e+08
1.700000000000000122e-01 1.270809635472486960e+06 8.987613291447770596e+07
1.799999999999999933e-01 6.390221795463140588e+05 4.271670975646374375e+07
1.900000000000000022e-01 3.333047787501631537e+05 2.112975086392545700e+07
2.000000000000000111e-01 1.796179218749999127e+05 1.083218999999999255e+07
2.099999999999999922e-01 9.967006293855520198e+04 5.734601147339645773e+06
2.200000000000000011e-01 5.678015311210507207e+04 3.125381809984650463e+06
2.300000000000000100e-01 3.312099819436616235e+04 1.748771732181096682e+06
2.399999999999999911e-01 1.973613464521027345e+04 1.002188230034781736e+06
2.500000000000000000e-01 1.198789853184000094e+04 5.869775172403199831e+05
2.600000000000000089e-01 7.407796601985929556e+03 3.506817294212875422e+05
2.700000000000000178e-01 4.648319857427353782e+03 2.133362018781057559e+05
2.800000000000000266e-01 2.956616274660911586e+03 1.319405536689789733e+05
2.899999999999999800e-01 1.902978325166417790e+03 8.283362958691507811e+04
2.999999999999999889e-01 1.237250490647128117e+03 5.271575350791530218e+04
3.099999999999999978e-01 8.111200698380256426e+02 3.396235826545771852e+04
3.200000000000000067e-01 5.351548924643622058e+02 2.212149057387868015e+04
3.300000000000000155e-01 3.545749126899380030e+02 1.454894471754065489e+04
3.400000000000000244e-01 2.353336066072142216e+02 9.649043183166635572e+03
3.500000000000000333e-01 1.559828377837586117e+02 6.444463752082329847e+03
3.599999999999999867e-01 1.028406647132369329e+02 4.328265282442287571e+03
3.699999999999999956e-01 6.707735676803719116e+01 2.918612622171433941e+03
3.800000000000000044e-01 4.293308782700762549e+01 1.972365567229516273e+03
3.900000000000000133e-01 2.661322228069867890e+01 1.332941703621338775e+03
4.000000000000000222e-01 1.559498977661131747e+01 8.984331893920891616e+02
4.100000000000000311e-01 8.187219312816313987e+00 6.018608571711677087e+02
4.199999999999999845e-01 3.247671707175534550e+00 3.987982719409995411e+02
4.299999999999999933e-01 -3.309483861073658773e-04 2.595270767473375599e+02
4.400000000000000022e-01 -2.088021442186915877e+00 1.640113772642972094e+02
4.500000000000000111e-01 -3.380589174093806548e+00 9.864562243562508570e+01
4.600000000000000200e-01 -4.130117805870703762e+00 5.413008132981110521e+01
4.700000000000000289e-01 -4.511161798852996618e+00 2.407047410765781592e+01
4.799999999999999822e-01 -4.644833922349905109e+00 4.047103302721495766e+00
4.899999999999999911e-01 -4.615226972640016356e+00 -9.008862534959789059e+00
5.000000000000000000e-01 -4.480680959999999935e+00 -1.723643903999999338e+01
5.100000000000000089e-01 -4.281559067792142237e+00 -2.213106574593233944e+01
5.200000000000000178e-01 -4.045642790015120838e+00 -2.474048188185116004e+01
5.300000000000000266e-01 -3.791893107045004818e+00 -2.579959004112188836e+01
5.400000000000000355e-01 -3.533083601356460157e+00 -2.582384224193970113e+01
5.500000000000000444e-01 -3.277650491823367318e+00 -2.517424555400182129e+01
5.600000000000000533e-01 -3.030996314663694235e+00 -2.410283030911093505e+01
5.700000000000000622e-01 -2.796410659647904140e+00 -2.278459150174447245e+01
5.799999999999999600e-01 -2.575721385747399950e+00 -2.134001471028136621e+01
5.899999999999999689e-01 -2.369755453339953633e+00 -1.985101563879763376e+01
5.999999999999999778e-01 -2.178664852965804588e+00 -1.837225110595531774e+01
6.099999999999999867e-01 -2.002156697584951406e+00 -1.693916361739388066e+01
6.199999999999999956e-01 -1.839655098788000709e+00 -1.557371198673378032e+01
6.300000000000000044e-01 -1.690414425569824797e+00 -1.428845715204906064e+01
6.400000000000000133e-01 -1.553597896791595989e+00 -1.308947535808382234e+01
6.500000000000000222e-01 -1.428331465679884449e+00 -1.197843323765636825e+01
6.600000000000000311e-01 -1.313740120765685804e+00 -1.095406269504938379e+01
6.700000000000000400e-01 -1.208971709032518049e+00 -1.001320534890767888e+01
6.800000000000000488e-01 -1.113211944528487374e+00 -9.151548033267294713e+00
6.900000000000000577e-01 -1.025693231940413952e+00 -8.364136545508841891e+00
7.000000000000000666e-01 -9.456991919836974514e-01 -7.645730348655510156e+00
7.099999999999999645e-01 -8.725662408695777916e-01 -6.991043408664065595e+00
7.199999999999999734e-01 -8.056831906862198522e-01 -6.394903761428743394e+00
7.299999999999999822e-01 -7.444895593615266094e-01 -5.852355341730069327e+00
7.399999999999999911e-01 -6.884730780261956173e-01 -5.358719065395565195e+00
7.500000000000000000e-01 -6.371667386072207284e-01 -4.909625425397288190e+00
7.600000000000000089e-01 -5.901456199257332225e-01 -4.501027435851938208e+00
7.700000000000000178e-01 -5.470236553229146370e-01 -4.129200272634090396e+00
7.800000000000000266e-01 -5.074504508497680311e-01 -3.790732155622674959e+00
7.900000000000000355e-01 -4.711082245015900671e-01 -3.482509708368774604e+00
8.000000000000000444e-01 -4.377089096233247045e-01 -3.201700081117449859e+00
8.100000000000000533e-01 -4.069914463789811032e-01 -2.945731434847332242e+00
8.200000000000000622e-01 -3.787192718247571199e-01 -2.712272886338233047e+00
8.300000000000000711e-01 -3.526780100170704424e-01 -2.499214655616054603e+00
8.399999999999999689e-01 -3.286733575313757760e-01 -2.304648899832276943e+00
8.499999999999999778e-01 -3.065291558962923713e-01 -2.126851534244843300e+00
8.599999999999999867e-01 -2.860856401267737326e-01 -1.964265211398505739e+00
8.699999999999999956e-01 -2.671978513088898444e-01 -1.815483539160572590e+00
8.800000000000000044e-01 -2.497342007125955277e-01 -1.679236556192109653e+00
8.900000000000000133e-01 -2.335751729454089431e-01 -1.554377441843100227e+00
9.000000000000000222e-01 -2.186121560347270010e-01 -1.439870410581829407e+00
9.100000000000000311e-01 -2.047463869146512738e-01 -1.334779724681424806e+00
9.200000000000000400e-01 -1.918880015059978295e-01 -1.238259749905651352e+00
9.300000000000000488e-01 -1.799551793533932242e-01 -1.149545975113789531e+00
9.400000000000000577e-01 -1.688733735780326983e-01 -1.067946916407812141e+00
9.500000000000000666e-01 -1.585746176897569748e-01 -9.928368284934361299e-01
9.599999999999999645e-01 -1.489969015586314338e-01 -9.236491494714154094e-01
9.699999999999999734e-01 -1.400836095624046762e-01 -8.598706097118303804e-01
9.799999999999999822e-01 -1.317830145954379528e-01 -8.010359403658554589e-01
9.899999999999999911e-01 -1.240478222438393813e-01 -7.467231221403972663e-01
1.000000000000000000e+00 -1.168347599999999958e-01 -6.965491200000000216e-01
1.010000000000000009e+00 -1.101042069085330366e-01 -6.501660543347345111e-01
1.020000000000000018e+00 -1.038198595068687696e-01 -6.072577637591145550e-01
1.030000000000000027e+00 -9.794843035019608346e-02 -5.675367190371346515e-01
1.040000000000000036e+00 -9.245937579516919080e-02 -5.307412516386882384e-01
1.050000000000000044e+00 -8.732465006305509259e-02 -4.966330641163931858e-01
1.060000000000000053e+00 -8.251848291403129920e-02 -4.649949928542244093e-01
1.070000000000000062e+00 -7.801717854331180479e-02 -4.356289967928544393e-01
1.080000000000000071e+00 -7.379893355968562829e-02 -4.083543484983864214e-01
1.090000000000000080e+00 -6.984367213071836222e-02 -3.830060064310035206e-01
1.100000000000000089e+00 0.000000000000000000e+00 -3.594331495088340378e-01
1.110000000000000098e+00 0.000000000000000000e+00 -3.374978570711490988e-01
1.120000000000000107e+00 0.000000000000000000e+00 -3.170739191444225114e-01
1.130000000000000115e+00 0.000000000000000000e+00 -2.980457635244781467e-01
1.140000000000000124e+00 0.000000000000000000e+00 -2.803074876263889070e-01
1.150000000000000133e+00 0.000000000000000000e+00 -2.637619843381536766e-01
1.159999999999999920e+00 0.000000000000000000e+00 -2.483201522602615507e-01
1.169999999999999929e+00 0.000000000000000000e+00 -2.339001817354846857e-01
1.179999999999999938e+00 0.000000000000000000e+00 -2.204269089847448182e-01
1.189999999999999947e+00 0.000000000000000000e+00 -2.078312314775106473e-01
1.199999999999999956e+00 0.000000000000000000e+00 -1.960495783896098465e-01
