0.000000000000000000e+00 2.157576591458188919e+21 2.589249954874112480e+24
1.000000000000000021e-02 1.078919999829323547e+21 1.294703999897593757e+24
2.000000000000000042e-02 2.634082004581873920e+17 1.580449210749561733e+20
2.999999999999999889e-02 2.030178092351166750e+15 8.120712837651581440e+17
4.000000000000000083e-02 6.430860167211911719e+13 1.929258675197753200e+16
5.000000000000000278e-02 4.419245396735997070e+12 1.060620206008319250e+15
5.999999999999999778e-02 4.956453473079562988e+11 9.912943527949250000e+13
7.000000000000000666e-02 7.794794692659269714e+10 1.336262953502129492e+13
8.000000000000000167e-02 1.569970130091905022e+10 2.355004025933145508e+12
8.999999999999999667e-02 3.819817534730333805e+09 5.093304150977245483e+11
1.000000000000000056e-01 1.078749323999999285e+09 1.294601594399999084e+11
1.100000000000000006e-01 3.436808196915723085e+08 3.749770808376165771e+10
1.199999999999999956e-01 1.209508989331490546e+08 1.209794784566830063e+10
1.300000000000000044e-01 4.627402526342514902e+07 4.273080486177441597e+09
1.400000000000000133e-01 1.900794712808063254e+07 1.630224076645584822e+09
1.499999999999999944e-01 8.300626524005490355e+06 6.646494779698220491e+08
1.600000000000000033e-01 3.822920759979750495e+06 2.871005475866694450e+08
1.700000000000000122e-01 1.844763600826139096e+06 1.304681707257830650e+08
1.799999999999999933e-01 9.276329695807597600e+05 6.200946724559184909e+07
1.900000000000000022e-01 4.838400482414280996e+05 3.067288292366583273e+07
2.000000000000000111e-01 2.607413906249998254e+05 1.572448781249998882e+07
2.099999999999999922e-01 1.446855272074721870e+05 8.324602027496784925e+06
2.200000000000000011e-01 8.242462502074296935e+04 4.536943532020295039e+06
2.300000000000000100e-01 4.807993994501226553e+04 2.538595213745123241e+06
2.399999999999999911e-01 2.864987279489044522e+04 1.454821392505421303e+06
2.500000000000000000e-01 1.740218499071999759e+04 8.520830130585599691e+05
2.600000000000000089e-01 1.075350215400054003e+04 5.090654865527661168e+05
2.700000000000000178e-01 6.747720320685467414e+03 3.096885606693638838e+05
2.800000000000000266e-01 4.291965966120701523e+03 1.915309740733820945e+05
2.899999999999999800e-01 2.762456463831262681e+03 1.202451424210287078e+05
2.999999999999999889e-01 1.796054869684500090e+03 7.652466392318248108e+04
3.099999999999999978e-01 1.177463809170675631e+03 4.930137690251658205e+04
3.200000000000000067e-01 7.768595146053766030e+02 3.211262701792170992e+04
3.300000000000000155e-01 5.147207924903556204e+02 2.111996677732378521e+04
3.400000000000000244e-01 3.416241600090100405e+02 1.400703898696555916e+04
3.500000000000000333e-01 2.264345207313927233e+02 9.355118631433488190e+03
3.599999999999999867e-01 1.492905377411922245e+02 6.283142457580236623e+03
3.699999999999999956e-01 9.737456369860286998e+01 4.236821178750447871e+03
3.800000000000000044e-01 6.232536473340600480e+01 2.863201345173805748e+03
3.900000000000000133e-01 3.863446774260436456e+01 1.934980710414393798e+03
4.000000000000000222e-01 2.263969802856442470e+01 1.304225120544432684e+03
4.100000000000000311e-01 1.188606926467980429e+01 8.737044801981656974e+02
4.199999999999999845e-01 4.715450370742708230e+00 5.789272756468938042e+02
4.299999999999999933e-01 3.763860820527042961e-04 3.767529188329674525e+02
4.400000000000000022e-01 -3.030317708135740418e+00 2.380963350746088736e+02
4.500000000000000111e-01 -4.906760251391871108e+00 1.432070377327582378e+02
4.600000000000000200e-01 -5.994889691874174531e+00 7.858507261793332077e+01
4.700000000000000289e-01 -6.548099181925392642e+00 3.494817743547102395e+01
4.799999999999999822e-01 -6.742203164691122907e+00 5.880489327244788456e+00
4.899999999999999911e-01 -6.699275941954650371e+00 -1.307287111948036795e+01
5.000000000000000000e-01 -6.504007679999999958e+00 -2.501701631999998199e+01
5.100000000000000089e-01 -6.214992382598568454e+00 -3.212281097802897989e+01
5.200000000000000178e-01 -5.872559748775117328e+00 -3.591121488421224939e+01
5.300000000000000266e-01 -5.504235091971223959e+00 -3.744905763551529532e+01
5.400000000000000355e-01 -5.128561711570396753e+00 -3.748460248794604865e+01
5.500000000000000444e-01 -4.757786504181680698e+00 -3.654191181020092927e+01
5.600000000000000533e-01 -4.399752460550367061e+00 -3.498685107712358899e+01
5.700000000000000622e-01 -4.059235260011185176e+00 -3.307345668232546387e+01
5.799999999999999600e-01 -3.738888614614746420e+00 -3.097663577319388395e+01
5.899999999999999689e-01 -3.439913242324267983e+00 -2.881530496552903742e+01
5.999999999999999778e-01 -3.162530006858711218e+00 -2.666881001371741888e+01
6.099999999999999867e-01 -2.906313935785128422e+00 -2.458860378042493622e+01
6.199999999999999956e-01 -2.670429212162035437e+00 -2.260656515142156309e+01
6.300000000000000044e-01 -2.453793590127678836e+00 -2.074093026276228713e+01
6.400000000000000133e-01 -2.255192486653838202e+00 -1.900052146679001908e+01
6.500000000000000222e-01 -2.073357205565570016e+00 -1.738775966305783172e+01
6.600000000000000311e-01 -1.907017636023372820e+00 -1.590080534643395183e+01
6.700000000000000400e-01 -1.754936837307935482e+00 -1.453507480154948794e+01
6.800000000000000488e-01 -1.615932827715520492e+00 -1.328430781767807645e+01
6.900000000000000577e-01 -1.488891394713093508e+00 -1.214131349221451472e+01
7.000000000000000666e-01 -1.372772665437302253e+00 -1.109848515247410994e+01
7.099999999999999645e-01 -1.266613400576259041e+00 -1.014814998273566715e+01
7.199999999999999734e-01 -1.169526415166474154e+00 -9.282800673031118777e+00
7.299999999999999822e-01 -1.080698126030450679e+00 -8.495243250572961813e+00
7.399999999999999911e-01 -9.993849340143859949e-01 -7.778685759472488748e+00
7.500000000000000000e-01 -9.249089387105623450e-01 -7.126785587270232369e+00
7.600000000000000089e-01 -8.566533315676083671e-01 -6.533668262309804575e+00
7.700000000000000178e-01 -7.940577040530343300e-01 -5.993926938235427215e+00
7.800000000000000266e-01 -7.366134291592254524e-01 -5.502609163540144621e+00
7.900000000000000355e-01 -6.838592185744162277e-01 -5.055195633522844290e+00
8.000000000000000444e-01 -6.353769181296227142e-01 -4.647574243135747629e+00
8.100000000000000533e-01 -5.907875762119142449e-01 -4.276011760062281120e+00
8.200000000000000622e-01 -5.497478004489180226e-01 -3.937124714932902059e+00
8.300000000000000711e-01 -5.119464047464465928e-01 -3.627850584924691368e+00
8.399999999999999689e-01 -4.771013399703313285e-01 -3.345419973482730569e+00
8.499999999999999778e-01 -4.449568959431637327e-01 -3.087330222674244951e+00
8.599999999999999867e-01 -4.152811590572331735e-01 -2.851320706590910525e+00
8.699999999999999956e-01 -3.878637080173459317e-01 -2.635349922918460486e+00
8.800000000000000044e-01 -3.625135295356279319e-01 -2.437574409675167697e+00
8.900000000000000133e-01 -3.390571358531832002e-01 -2.256329453740113067e+00
9.000000000000000222e-01 -3.173368665073363903e-01 -2.090111518770672028e+00
9.100000000000000311e-01 -2.972093576167619822e-01 -1.937562296316879040e+00
9.200000000000000400e-01 -2.785441629913666950e-01 -1.797454270900648243e+00
9.300000000000000488e-01 -2.612225124990035230e-01 -1.668677684276955064e+00
9.400000000000000577e-01 -2.451361942745542144e-01 -1.550228783661594889e+00
9.500000000000000666e-01 -2.301865484964701336e-01 -1.441199241681987653e+00
9.599999999999999645e-01 -2.162835615539761280e-01 -1.340766640951866817e+00
9.699999999999999734e-01 -2.033450504677238868e-01 -1.248185922609599485e+00
9.799999999999999822e-01 -1.912959283980746883e-01 -1.162781705274409383e+00
9.899999999999999911e-01 -1.800675429739068967e-01 -1.083941388235104553e+00
1.000000000000000000e+00 -1.695970799999999834e-01 -1.011108959999999835e+00
1.010000000000000009e+00 -1.598270258541238942e-01 -9.437794404118858838e-01
1.020000000000000018e+00 -1.507046825690119274e-01 -8.814938912471375065e-01
1.030000000000000027e+00 -1.421817302134015526e-01 -8.238349365032839877e-01
1.040000000000000036e+00 -1.342138317447854057e-01 -7.704227394003029250e-01
1.050000000000000044e+00 -1.267602760091328939e-01 -7.209113884680727891e-01
1.060000000000000053e+00 -1.197836550143317053e-01 -6.749856499731010651e-01
1.070000000000000062e+00 -1.132495720090430369e-01 -6.323580483699757782e-01
1.080000000000000071e+00 -1.071263772614224064e-01 -5.927662404719113987e-01
1.090000000000000080e+00 -1.013849287568281687e-01 -5.559706526489134326e-01
1.100000000000000089e+00 0.000000000000000000e+00 -5.217523536118381378e-01
1.110000000000000098e+00 0.000000000000000000e+00 -4.899111382565616846e-01
1.120000000000000107e+00 0.000000000000000000e+00 -4.602638006544593208e-01
1.130000000000000115e+00 0.000000000000000000e+00 -4.326425766119884053e-01
1.140000000000000124e+00 0.000000000000000000e+00 -4.068937383101770000e-01
1.150000000000000133e+00 0.000000000000000000e+00 -3.828763253991752102e-01
1.159999999999999920e+00 0.000000000000000000e+00 -3.604609985866563671e-01
1.169999999999999929e+00 0.000000000000000000e+00 -3.395290032427096261e-01
1.179999999999999938e+00 0.000000000000000000e+00 -3.199712318669917233e-01
1.189999999999999947e+00 0.000000000000000000e+00 -3.016873754434751254e-01
1.199999999999999956e+00 0.000000000000000000e+00 -2.845851547597040287e-01
