0.000000000000000000e+00 1.102745370920644772e+21 1.323375222551977981e+24
1.000000000000000021e-02 5.514399999127658824e+20 6.617279999476595237e+23
2.000000000000000042e-02 1.346289048869687200e+17 8.077734334109060301e+19
2.999999999999999889e-02 1.037631527124204375e+15 4.150526347821920000e+17
4.000000000000000083e-02 3.286836401757811719e+13 9.860512399877928000e+15
5.000000000000000278e-02 2.258692657023999023e+12 5.420869076428796875e+14
5.999999999999999778e-02 2.533261690389315796e+11 5.066542078052292969e+13
7.000000000000000666e-02 3.983948378495418549e+10 6.829689346857771484e+12
8.000000000000000167e-02 8.024175362229345322e+09 1.203651262181997070e+12
8.999999999999999667e-02 1.952322859521105289e+09 2.603206576802205811e+11
1.000000000000000056e-01 5.513527659999997616e+08 6.616756595999996185e+10
1.100000000000000006e-01 1.756565367993848622e+08 1.916521717732276535e+10
1.199999999999999956e-01 6.181845122433044016e+07 6.183305846937930107e+09
1.300000000000000044e-01 2.365082517498400062e+07 2.183987222748980522e+09
1.400000000000000133e-01 9.715031921074043959e+06 8.332135464261903763e+08
1.499999999999999944e-01 4.242480821946370415e+06 3.397048018873969316e+08
1.600000000000000033e-01 1.953908879455411341e+06 1.467381491434934735e+08
1.700000000000000122e-01 9.428654593031260883e+05 6.668276304040949792e+07
1.799999999999999933e-01 4.741166141044777469e+05 3.169326706587031484e+07
1.900000000000000022e-01 2.472924186711655639e+05 1.567702325714427605e+07
2.000000000000000111e-01 1.332658749999999418e+05 8.036843437499995343e+06
2.099999999999999922e-01 7.394929766347187979e+04 4.254734578051160090e+06
2.200000000000000011e-01 4.212752287941485702e+04 2.318848400871909223e+06
2.300000000000000100e-01 2.457382917647048089e+04 1.297485244601889746e+06
2.399999999999999911e-01 1.464305135453443290e+04 7.435644779211498098e+05
2.500000000000000000e-01 8.894317527040000641e+03 4.355026924339200486e+05
2.600000000000000089e-01 5.496151897121352704e+03 2.601851871723988152e+05
2.700000000000000178e-01 3.448782563336046223e+03 1.582829184100533312e+05
2.800000000000000266e-01 2.193637873511645012e+03 9.789215031445711793e+04
2.899999999999999800e-01 1.411900254393227669e+03 6.145770664648710226e+04
2.999999999999999889e-01 9.179690953464264567e+02 3.911201484266365151e+04
3.099999999999999978e-01 6.018051298700155485e+02 2.519809709132681019e+04
3.200000000000000067e-01 3.970549633223184856e+02 1.641286725222456880e+04
3.300000000000000155e-01 2.630750294060228498e+02 1.079448090006964958e+04
3.400000000000000244e-01 1.746048106362463841e+02 7.159039512901575108e+03
3.500000000000000333e-01 1.157310496714689236e+02 4.781427640173827058e+03
3.599999999999999867e-01 7.630254804047515904e+01 3.211330707378816442e+03
3.699999999999999956e-01 4.976816208695524324e+01 2.165449494532459539e+03
3.800000000000000044e-01 3.185443682499807849e+01 1.463388251851338964e+03
3.900000000000000133e-01 1.974597328978344990e+01 9.889720090694795545e+02
4.000000000000000222e-01 1.157102203369139914e+01 6.665911102294917328e+02
4.100000000000000311e-01 6.074831722217247432e+00 4.465509227572490545e+02
4.199999999999999845e-01 2.409926430204871295e+00 2.958896178377437991e+02
4.299999999999999933e-01 5.545055071465299079e-05 1.925578988668701470e+02
4.400000000000000022e-01 -1.548925861431335704e+00 1.216902903857390754e+02
4.500000000000000111e-01 -2.507967534987801450e+00 7.319225653715335511e+01
4.600000000000000200e-01 -3.064101636184910937e+00 4.016392949045275884e+01
4.700000000000000289e-01 -3.346837991949485058e+00 1.786111760538784665e+01
4.799999999999999822e-01 -3.446035726422135514e+00 3.004655233418262128e+00
4.899999999999999911e-01 -3.424087229029974200e+00 -6.682358456043246520e+00
5.000000000000000000e-01 -3.324277760000000193e+00 -1.278695423999999292e+01
5.100000000000000089e-01 -3.176554767494039755e+00 -1.641866611242048890e+01
5.200000000000000178e-01 -3.001530773007099917e+00 -1.835485980474708612e+01
5.300000000000000266e-01 -2.813273951376451532e+00 -1.914079386261689919e+01
5.400000000000000355e-01 -2.621261755083842182e+00 -1.915890674833729790e+01
5.500000000000000444e-01 -2.431753536943773497e+00 -1.867704730659960077e+01
5.600000000000000533e-01 -2.248757809698486376e+00 -1.788220959654535491e+01
5.700000000000000622e-01 -2.074715382286764331e+00 -1.690423160979611339e+01
5.799999999999999600e-01 -1.910982527005192333e+00 -1.583250824292737668e+01
5.899999999999999689e-01 -1.758172892772180917e+00 -1.472781755256148983e+01
5.999999999999999778e-01 -1.616399327488846849e+00 -1.363071288722548857e+01
6.099999999999999867e-01 -1.485444594959813625e+00 -1.256749152273317094e+01
6.199999999999999956e-01 -1.364881479193557734e+00 -1.155444647554248760e+01
6.300000000000000044e-01 -1.254156817153829540e+00 -1.060089796281161512e+01
6.400000000000000133e-01 -1.152649810922875995e+00 -9.711354832634981449e+00
6.500000000000000222e-01 -1.059712007823364610e+00 -8.887054169340331100e+00
6.600000000000000311e-01 -9.746942344180730133e-01 -8.127055584336421390e+00
6.700000000000000400e-01 -8.969642725934331429e-01 -7.429016143102797010e+00
6.800000000000000488e-01 -8.259179956678052159e-01 -6.789736073559183183e+00
6.900000000000000577e-01 -7.609859154749460952e-01 -6.205539945102261257e+00
7.000000000000000666e-01 -7.016365403716467997e-01 -5.672539843799373038e+00
7.099999999999999645e-01 -6.473775474802184737e-01 -5.186814065346172065e+00
7.199999999999999734e-01 -5.977554865116161409e-01 -4.744525509337007563e+00
7.299999999999999822e-01 -5.523545261286467722e-01 -4.341997234531556060e+00
7.399999999999999911e-01 -5.107946047888886065e-01 -3.975757781763501697e+00
7.500000000000000000e-01 -4.727292404330113995e-01 -3.642565361331473905e+00
7.600000000000000089e-01 -4.378431758086149816e-01 -3.339417459241043939e+00
7.700000000000000178e-01 -4.058499803877237411e-01 -3.063550572738834354e+00
7.800000000000000266e-01 -3.764896897795459441e-01 -2.812433447335651149e+00
7.900000000000000355e-01 -3.495265349340610506e-01 -2.583756216132515160e+00
8.000000000000000444e-01 -3.247467931360005222e-01 -2.375417137518524235e+00
8.100000000000000533e-01 -3.019567785186481612e-01 -2.185508116647664867e+00
8.200000000000000622e-01 -2.809809799190348678e-01 -2.012299826866494001e+00
8.300000000000000711e-01 -2.616603471379041479e-01 -1.854226981154633247e+00
8.399999999999999689e-01 -2.438507221749100229e-01 -1.709874112740642715e+00
8.499999999999999778e-01 -2.274214091370004853e-01 -1.577962087987692330e+00
8.599999999999999867e-01 -2.122538747958930549e-01 -1.457335478508362536e+00
8.699999999999999956e-01 -1.982405708569585367e-01 -1.346950852362944318e+00
8.800000000000000044e-01 -1.852838686484116204e-01 -1.245865998137054342e+00
8.900000000000000133e-01 -1.732950969667219066e-01 -1.153230064834326996e+00
9.000000000000000222e-01 -1.621936740921630926e-01 -1.068274580576539012e+00
9.100000000000000311e-01 -1.519063254247148553e-01 -9.903053009439722887e-01
9.200000000000000400e-01 -1.423663787193287233e-01 -9.186948311246134757e-01
9.300000000000000488e-01 -1.335131294746923769e-01 -8.528759632040978644e-01
9.400000000000000577e-01 -1.252912696191830211e-01 -7.923356697075538690e-01
9.500000000000000666e-01 -1.176503732201481661e-01 -7.366096960236963032e-01
9.599999999999999645e-01 -1.105444335039158510e-01 -6.852776969710444588e-01
9.699999999999999734e-01 -1.039314460052843947e-01 -6.379588660572763636e-01
9.799999999999999822e-01 -9.777303316173441283e-02 -5.943080096191570849e-01
9.899999999999999911e-01 -9.203410612695184234e-02 -5.540120217924998647e-01
1.000000000000000000e+00 -8.668256000000000572e-02 -5.167867200000000327e-01
1.010000000000000009e+00 -8.168899905138524153e-02 -4.823740042610200063e-01
1.020000000000000018e+00 -7.702648887688752499e-02 -4.505393070596751537e-01
1.030000000000000027e+00 -7.267033272640828490e-02 -4.210693037200465838e-01
1.040000000000000036e+00 -6.859786954052310426e-02 -3.937698562125154234e-01
1.050000000000000044e+00 -6.478829148431973495e-02 -3.684641660482279035e-01
1.060000000000000053e+00 -6.122247899886382877e-02 -3.449911144132806751e-01
1.070000000000000062e+00 -5.788285159760592907e-02 -3.232037699596385649e-01
1.080000000000000071e+00 -5.475323282045299611e-02 -3.029680467188068937e-01
1.090000000000000080e+00 -5.181872792417033941e-02 -2.841614964515182251e-01
1.100000000000000089e+00 0.000000000000000000e+00 -2.666722214076807096e-01
1.110000000000000098e+00 0.000000000000000000e+00 -2.503978949612028493e-01
1.120000000000000107e+00 0.000000000000000000e+00 -2.352448789193291312e-01
1.130000000000000115e+00 0.000000000000000000e+00 -2.211274275003747014e-01
1.140000000000000124e+00 0.000000000000000000e+00 -2.079669690409554628e-01
1.150000000000000133e+00 0.000000000000000000e+00 -1.956914574466998291e-01
1.159999999999999920e+00 0.000000000000000000e+00 -1.842347862507275336e-01
1.169999999999999929e+00 0.000000000000000000e+00 -1.735362589025952751e-01
1.179999999999999938e+00 0.000000000000000000e+00 -1.635401095866718113e-01
1.189999999999999947e+00 0.000000000000000000e+00 -1.541950694717957870e-01
1.199999999999999956e+00 0.000000000000000000e+00 -1.454539738315388797e-01
