0.000000000000000000e+00 1.626501428072924840e+21 1.951920856843400908e+24
1.000000000000000021e-02 8.133499999245447987e+20 9.760199999547266522e+23
2.000000000000000042e-02 1.985717761647655680e+17 1.191430660525546373e+20
2.999999999999999889e-02 1.530461415271508000e+15 6.121845868095632640e+17
4.000000000000000083e-02 4.847941940643309375e+13 1.454382858517455600e+16
5.000000000000000278e-02 3.331476770879998047e+12 7.995550045055995000e+14
5.999999999999999778e-02 3.736462144699801636e+11 7.472940462024773438e+13
7.000000000000000666e-02 5.876195696133969879e+10 1.007353330967974414e+13
8.000000000000000167e-02 1.183551241300999832e+10 1.775348449800162842e+12
8.999999999999999667e-02 2.879691374538864613e+09 3.839683153981492920e+11
1.000000000000000056e-01 8.132745449999995232e+08 9.759747269999993896e+10
1.100000000000000006e-01 2.591157832043265104e+08 2.826949957031155777e+10
1.199999999999999956e-01 9.119734544223630428e+07 9.120998030565151215e+09
1.300000000000000044e-01 3.489496191866991669e+07 3.221794907000461578e+09
1.400000000000000133e-01 1.433631627820561826e+07 1.229256589639238834e+09
1.499999999999999944e-01 6.262146073637527414e+06 5.012366581818115711e+08
1.600000000000000033e-01 2.885102202180859633e+06 2.165513202312467098e+08
1.700000000000000122e-01 1.392890020109329373e+06 9.843197929277406633e+07
1.799999999999999933e-01 7.008658484337814152e+05 4.679833879897578061e+07
1.900000000000000022e-01 3.658766071078646346e+05 2.315864444442002848e+07
2.000000000000000111e-01 1.973927929687498836e+05 1.187893710937499255e+07
2.099999999999999922e-01 1.096924195260039996e+05 6.293274724143629894e+06
2.200000000000000011e-01 6.260558184560971858e+04 3.433000080950391479e+06
2.300000000000000100e-01 3.660477753036040667e+04 1.923111196726482827e+06
2.399999999999999911e-01 2.187630679978514308e+04 1.103686327032389352e+06
2.500000000000000000e-01 1.333668495360000088e+04 6.475784060927999672e+05
2.600000000000000089e-01 8.278836820178152266e+03 3.877368728315981571e+05
2.700000000000000178e-01 5.224151985518575202e+03 2.365125892210192978e+05
2.800000000000000266e-01 3.345942520125104693e+03 1.467528496920813923e+05
2.899999999999999800e-01 2.171948835353432514e+03 9.249828546955600905e+04
2.999999999999999889e-01 1.426956717678915084e+03 5.914836472910448356e+04
3.099999999999999978e-01 9.475925803681411708e+02 3.832653922101950593e+04
3.200000000000000067e-01 6.351957247252569232e+02 2.513745739346483606e+04
3.300000000000000155e-01 4.292264433470490985e+02 1.667052088270869717e+04
3.400000000000000244e-01 2.919798623738075207e+02 1.116713110122810576e+04
3.500000000000000333e-01 1.996447599844869956e+02 7.548623360504037919e+03
3.599999999999999867e-01 1.369878957583094063e+02 5.143988999680693269e+03
3.699999999999999956e-01 9.414516667584602772e+01 3.530256628491457832e+03
3.800000000000000044e-01 6.465660060567407186e+01 2.437476497145908979e+03
3.900000000000000133e-01 4.424670988524664494e+01 1.691340804393476446e+03
4.000000000000000222e-01 3.005780696868894353e+01 1.178058671951293036e+03
4.100000000000000311e-01 2.016225674482468122e+01 8.225769957888253430e+02
4.199999999999999845e-01 1.324866041645660708e+01 5.749117915905039808e+02
4.299999999999999933e-01 8.417784259426847271e+00 4.014708338106997871e+02
4.400000000000000022e-01 5.048512548103074593e+00 2.794848472554204477e+02
4.500000000000000111e-01 2.708956179345886284e+00 1.933967147639597215e+02
4.600000000000000200e-01 1.096974184891351456e+00 1.324973185041708348e+02
4.700000000000000289e-01 3.707113627893221519e-05 8.936323213188006775e+01
4.799999999999999822e-01 -7.320753293232309389e-01 5.881520304138938116e+01
4.899999999999999911e-01 -1.205986223632193877e+00 3.721801718699239814e+01
5.000000000000000000e-01 -1.497638399999999592e+00 2.200611840000000541e+01
5.100000000000000089e-01 -1.661269854967125870e+00 1.135977236716153271e+01
5.200000000000000178e-01 -1.735690104403686096e+00 3.982424696383716878e+00
5.300000000000000266e-01 -1.748694754527562178e+00 -1.053401479325373202e+00
5.400000000000000355e-01 -1.720187568537776990e+00 -4.413448761131295583e+00
5.500000000000000444e-01 -1.664399638706289153e+00 -6.576948352486716942e+00
5.600000000000000533e-01 -1.591474130573969470e+00 -7.889633370515532818e+00
5.700000000000000622e-01 -1.508602778491700214e+00 -8.601299450856931372e+00
5.799999999999999600e-01 -1.420844034402372724e+00 -8.892550013226555805e+00
5.899999999999999689e-01 -1.331714031052323666e+00 -8.893929230111902839e+00
5.999999999999999778e-01 -1.243614685414279553e+00 -8.699668536817821263e+00
6.099999999999999867e-01 -1.158144568470975688e+00 -8.377602448526982215e+00
6.199999999999999956e-01 -1.076325062906391627e+00 -7.976347132403083684e+00
6.300000000000000044e-01 -9.987650967686654280e-01 -7.530514312753320283e+00
6.400000000000000133e-01 -9.257812016440993830e-01 -7.064509122485420178e+00
6.500000000000000222e-01 -8.574849895626347474e-01 -6.595303337552975265e+00
6.600000000000000311e-01 -7.938468148218777998e-01 -6.134464551465914184e+00
6.700000000000000400e-01 -7.347419967167561072e-01 -5.689643237809930199e+00
6.800000000000000488e-01 -6.799842553493120612e-01 -5.265663652950503426e+00
6.900000000000000577e-01 -6.293497645933897600e-01 -4.865324462529059701e+00
7.000000000000000666e-01 -5.825943192926016367e-01 -4.489986179780093956e+00
7.099999999999999645e-01 -5.394654523901758481e-01 -4.140001724481223278e+00
7.199999999999999734e-01 -4.997108538788388454e-01 -3.815031358368310421e+00
7.299999999999999822e-01 -4.630840885106692895e-01 -3.514272307883041790e+00
7.399999999999999911e-01 -4.293483481095867194e-01 -3.236625399418826099e+00
7.500000000000000000e-01 -3.982787818147263126e-01 -2.980815186676225359e+00
7.600000000000000089e-01 -3.696638053446214545e-01 -2.745475757757251944e+00
7.700000000000000178e-01 -3.433056850980469310e-01 -2.529211249442457010e+00
7.800000000000000266e-01 -3.190206148840237788e-01 -2.330637763229853388e+00
7.900000000000000355e-01 -2.966384451895514585e-01 -2.148411651541183520e+00
8.000000000000000444e-01 -2.760021819267420851e-01 -1.981247862568124241e+00
8.100000000000000533e-01 -2.569673397047442798e-01 -1.827931081448944894e+00
8.200000000000000622e-01 -2.394012110054097586e-01 -1.687321698106564183e+00
8.300000000000000711e-01 -2.231820951017614296e-01 -1.558358105178219377e+00
8.399999999999999689e-01 -2.081985175840168345e-01 -1.440056436644207460e+00
8.499999999999999778e-01 -1.943484617883308174e-01 -1.331508564756526347e+00
8.599999999999999867e-01 -1.815386263935791222e-01 -1.231878954302144225e+00
8.699999999999999956e-01 -1.696837183158485807e-01 -1.140400810269131648e+00
8.800000000000000044e-01 -1.587057863063847662e-01 -1.056371833596509324e+00
8.900000000000000133e-01 -1.485335979855939292e-01 -9.791498094246522399e-01
9.000000000000000222e-01 -1.391020611530229545e-01 -9.081481853105972668e-01
9.100000000000000311e-01 -1.303516888985722100e-01 -8.428317473849700203e-01
9.200000000000000400e-01 -1.222281071518416806e-01 -7.827124660222831709e-01
9.300000000000000488e-01 -1.146816027308748126e-01 -7.273455559852773922e-01
9.400000000000000577e-01 -1.076667096036427601e-01 -6.763257767162457190e-01
9.500000000000000666e-01 -1.011418308919049130e-01 -6.292839846266178316e-01
9.599999999999999645e-01 -9.506889408023752597e-02 -5.858839394836707903e-01
9.699999999999999734e-01 -8.941303690785407099e-02 -5.458193602595287075e-01
9.799999999999999822e-01 -8.414232149129990956e-02 -5.088112213027062847e-01
9.899999999999999911e-01 -7.922747433300374176e-02 -4.746052768228716801e-01
1.000000000000000000e+00 -7.464164999999998995e-02 -4.429697999999999691e-01
1.010000000000000009e+00 -7.036021639873674127e-02 -4.136935222061425832e-01
1.020000000000000018e+00 -6.636055971849977309e-02 -3.865837576125907837e-01
1.030000000000000027e+00 -6.262190726251018469e-02 -3.614646986618750280e-01
1.040000000000000036e+00 -5.912516652869219402e-02 -3.381758683754784167e-01
1.050000000000000044e+00 -5.585277903914200037e-02 -3.165707161432416150e-01
1.060000000000000053e+00 -5.278858754701042794e-02 -2.965153444253494364e-01
1.070000000000000062e+00 -4.991771537102648176e-02 -2.778873546391291138e-01
1.080000000000000071e+00 -4.722645672086993318e-02 -2.605748013626400517e-01
1.090000000000000080e+00 -4.470217698100814596e-02 -2.444752448385966448e-01
1.100000000000000089e+00 0.000000000000000000e+00 -2.294948925874816803e-01
1.110000000000000098e+00 0.000000000000000000e+00 -2.155478217259854667e-01
1.120000000000000107e+00 0.000000000000000000e+00 -2.025552743289667224e-01
1.130000000000000115e+00 0.000000000000000000e+00 -1.904450188661445109e-01
1.140000000000000124e+00 0.000000000000000000e+00 -1.791507713872415308e-01
1.150000000000000133e+00 0.000000000000000000e+00 -1.686116707215537525e-01
1.159999999999999920e+00 0.000000000000000000e+00 -1.587718025012979095e-01
1.169999999999999929e+00 0.000000000000000000e+00 -1.495797673147364337e-01
1.179999999999999938e+00 0.000000000000000000e+00 -1.409882887476130442e-01
1.189999999999999947e+00 0.000000000000000000e+00 -1.329538574827137942e-01
1.199999999999999956e+00 0.000000000000000000e+00 -1.254364080004012616e-01
