0.000000000000000000e+00 6.167985029823975339e+22 4.441220308633227994e+25
1.666666666666666644e-02 3.084369024802293495e+22 2.220745697877200101e+25
3.333333333333333287e-02 7.530197806106593280e+18 2.710871211725620249e+21
5.000000000000000278e-02 5.803784399905849600e+16 1.392908264916021453e+19
6.666666666666666574e-02 1.838427068254459250e+15 3.309168842174171520e+17
8.333333333333334259e-02 1.263357205047800469e+14 1.819234625492924400e+16
1.000000000000000056e-01 1.416938405061400195e+13 1.700326784403196750e+15
1.166666666666666824e-01 2.228378467607846191e+12 2.292048797563702500e+14
1.333333333333333315e-01 4.488326943662892456e+11 4.039503570870418750e+13
1.499999999999999944e-01 1.092074223157618866e+11 8.736634656855916992e+12
1.666666666666666852e-01 3.084314722753344345e+10 2.220726149139577637e+12
1.833333333333333481e-01 9.827443723889211655e+09 6.432608935307370605e+11
2.000000000000000111e-01 3.459143262846932411e+09 2.075540514701683350e+11
2.166666666666666741e-01 1.323759829514899731e+09 7.331904443270283508e+10
2.333333333333333648e-01 5.439667198835104704e+08 2.797728579148988724e+10
2.500000000000000000e-01 2.376753394428237975e+08 1.140956043633637428e+10
2.666666666666666630e-01 1.095464336750178784e+08 4.930317763330134392e+09
2.833333333333333814e-01 5.291693497233808786e+07 2.241664239551934242e+09
2.999999999999999889e-01 2.664625233244404942e+07 1.066169402633431911e+09
3.166666666666667074e-01 1.392397578862975352e+07 5.278640958698061109e+08
3.333333333333333703e-01 7.521713110958408564e+06 2.709343966598946452e+08
3.499999999999999778e-01 4.186764492956563365e+06 1.436547497554266155e+08
3.666666666666666963e-01 2.394563693178970367e+06 7.844591095139352977e+07
3.833333333333333592e-01 1.403779642343490617e+06 4.400182105373127013e+07
4.000000000000000222e-01 8.417202866715932032e+05 2.529423125133858994e+07
4.166666666666666852e-01 5.152470393881452619e+05 1.487114341812619381e+07
4.333333333333333481e-01 3.214531894514865126e+05 8.926119798277465627e+06
4.500000000000000666e-01 2.040933222829724255e+05 5.461177023552216589e+06
4.666666666666667296e-01 1.316951259901324520e+05 3.400934246850624215e+06
4.833333333333333370e-01 8.626176780441230221e+04 2.153004170636615250e+06
5.000000000000000000e-01 5.729295992569258669e+04 1.383969656035630964e+06
5.166666666666667185e-01 3.854664420898709795e+04 9.023822775263055228e+05
5.333333333333333259e-01 2.624690903390943276e+04 5.962448904061677167e+05
5.500000000000000444e-01 1.807217786811399128e+04 3.988889868766185245e+05
5.666666666666667629e-01 1.257315156736646713e+04 2.699768917847905541e+05
5.833333333333333703e-01 8.832058541223830616e+03 1.847264466862686095e+05
5.999999999999999778e-01 6.259870098897432399e+03 1.276920061628697003e+05
6.166666666666666963e-01 4.473744730130066273e+03 8.911589476659346838e+04
6.333333333333334147e-01 3.221876559783429457e+03 6.275465690284397715e+04
6.500000000000000222e-01 2.336776937376463138e+03 4.456501189896110736e+04
6.666666666666667407e-01 1.705853706564090771e+03 3.189852816652839101e+04
6.833333333333334592e-01 1.252655655789834782e+03 2.300162066510778459e+04
6.999999999999999556e-01 9.247766734108244009e+02 1.670127196651937993e+04
7.166666666666666741e-01 6.859687292390651692e+02 1.220517193503837188e+04
7.333333333333333925e-01 5.109452809726890905e+02 8.973203263146509926e+03
7.500000000000000000e-01 3.819232351114906123e+02 6.633928177345404038e+03
7.666666666666667185e-01 2.863000088757119670e+02 4.929771113280890859e+03
7.833333333333334370e-01 2.150790139031830677e+02 3.680691344283231047e+03
8.000000000000000444e-01 1.617932499194911884e+02 2.759888211220486937e+03
8.166666666666666519e-01 1.217633899384679239e+02 2.077411259825283651e+03
8.333333333333333703e-01 9.158240917782025292e+01 1.569010783938814711e+03
8.500000000000000888e-01 6.875490409846250373e+01 1.188492599657289475e+03
8.666666666666666963e-01 5.144286576570223701e+01 9.024355783135181355e+02
8.833333333333334147e-01 3.828526225279109951e+01 6.865149881237554155e+02
9.000000000000001332e-01 2.826916348956874359e+01 5.229255340766884501e+02
9.166666666666667407e-01 2.063710715948290542e+01 3.985630177970298291e+02
9.333333333333334592e-01 1.482011503387660944e+01 3.037330077240988544e+02
9.500000000000001776e-01 1.038897900508190197e+01 2.312280945559536747e+02
9.666666666666666741e-01 7.018638959849421433e+00 1.756646046753307076e+02
9.833333333333332815e-01 4.461996874457442530e+00 1.330030936009260643e+02
1.000000000000000000e+00 2.530570404271671681e+00 1.001997965622657603e+02
1.016666666666666607e+00 1.080130531360009805e+00 7.495193501760785182e+01
1.033333333333333437e+00 -1.001924975426660997e-05 5.551066309418786915e+01
1.050000000000000044e+00 -7.950209137121518888e-01 4.054302170932261618e+01
1.066666666666666652e+00 -1.370590568369413953e+00 2.902958378713672616e+01
1.083333333333333481e+00 -1.777485495683486461e+00 2.018822161995408493e+01
1.100000000000000089e+00 -2.055007314940197727e+00 1.341708447298605655e+01
1.116666666666666696e+00 -2.233623572869936957e+00 8.251768623806546188e+00
1.133333333333333526e+00 -2.336976822256411346e+00 4.333019349596946235e+00
1.150000000000000133e+00 -2.383423986590824217e+00 1.382281990901723656e+00
1.166666666666666741e+00 -2.387219535636952550e+00 -8.168731839076479595e-01
1.183333333333333348e+00 -2.359427589326995367e+00 -2.432912996561249486e+00
1.199999999999999956e+00 -2.308627018092074046e+00 -3.597174986225093463e+00
1.216666666666666785e+00 -2.241457945594773626e+00 -4.412181479855154187e+00
1.233333333333333393e+00 -2.163046359173413258e+00 -4.958039603125040884e+00
1.250000000000000000e+00 -2.077334758111377244e+00 -5.297382243205324137e+00
1.266666666666666829e+00 -1.987340163920166658e+00 -5.479193151611598367e+00
1.283333333333333437e+00 -1.895355825852032883e+00 -5.541775956826390903e+00
1.300000000000000044e+00 -1.803109170800462957e+00 -5.515064391437468849e+00
1.316666666666666874e+00 -1.711885668030806107e+00 -5.422424092207144497e+00
1.333333333333333481e+00 -1.622626082045711238e+00 -5.282060922983583318e+00
1.350000000000000089e+00 -1.536002904669031111e+00 -5.108123972175193650e+00
1.366666666666666918e+00 -1.452480465536945875e+00 -4.911571027287417124e+00
1.383333333333333526e+00 -1.372362225142861547e+00 -4.700848826999871832e+00
1.399999999999999911e+00 -1.295827986021170775e+00 -4.482428544984246699e+00
1.416666666666666741e+00 -1.222963162415561467e+00 -4.261227879693323395e+00
1.433333333333333348e+00 -1.153781786572869006e+00 -4.040944144395845150e+00
1.449999999999999956e+00 -1.088244570003834788e+00 -3.824317370963953078e+00
1.466666666666666785e+00 -1.026273057298979774e+00 -3.613338281645355199e+00
1.483333333333333393e+00 -9.677606905139400917e-01 -3.409412759523788417e+00
1.500000000000000000e+00 -9.125814300380227229e-01 -3.213491943729545941e+00
1.516666666666666829e+00 -8.605964426887064977e-01 -3.026175124630933411e+00
1.533333333333333437e+00 -8.116592614003328432e-01 -2.847791091188673018e+00
1.550000000000000044e+00 -7.656197370072563846e-01 -2.678462390896389600e+00
1.566666666666666874e+00 -7.223270363831378882e-01 -2.518156028177344297e+00
1.583333333333333481e+00 -6.816318887979559982e-01 -2.366723392728149467e+00
1.600000000000000089e+00 -6.433882408390424468e-01 -2.223931631073129633e+00
1.616666666666666696e+00 -6.074544473053983262e-01 -2.089488218453731339e+00
1.633333333333333304e+00 -5.736940993204061590e-01 -1.963060127701260260e+00
1.650000000000000133e+00 -5.419765701007711600e-01 -1.844288706380059928e+00
1.666666666666666741e+00 -5.121773422562141409e-01 -1.732801147227533312e+00
1.683333333333333348e+00 -4.841781672985395746e-01 -1.628219257246804608e+00
1.700000000000000178e+00 -4.578670975186939773e-01 -1.530166087933924279e+00
1.716666666666666785e+00 -4.331384219996079477e-01 -1.438270875361256085e+00
1.733333333333333393e+00 -4.098925318380935989e-01 -1.352172648152346390e+00
1.750000000000000222e+00 -3.880357343075056531e-01 -1.271522789014031263e+00
1.766666666666666829e+00 -3.674800314314849436e-01 -1.195986777684754587e+00
1.783333333333333437e+00 -3.481428750408936956e-01 -1.125245296946064233e+00
1.800000000000000266e+00 -3.299469076780948140e-01 -1.058994846376579924e+00
1.816666666666666874e+00 -3.128196965571098942e-01 -9.969479789396787917e-01
1.833333333333333481e+00 0.000000000000000000e+00 -9.388332518060356069e-01
1.850000000000000311e+00 0.000000000000000000e+00 -8.843949638409118741e-01
1.866666666666666918e+00 0.000000000000000000e+00 -8.333927369939058138e-01
1.883333333333333526e+00 0.000000000000000000e+00 -7.856009866658133500e-01
1.900000000000000355e+00 0.000000000000000000e+00 -7.408083163938828930e-01
1.916666666666666963e+00 0.000000000000000000e+00 -6.988168644135747121e-01
1.933333333333333348e+00 0.000000000000000000e+00 -6.594416234377511454e-01
1.949999999999999956e+00 0.000000000000000000e+00 -6.225097500350030844e-01
1.966666666666666563e+00 0.000000000000000000e+00 -5.878598760402826695e-01
1.983333333333333393e+00 0.000000000000000000e+00 -5.553414312944691122e-01
2.000000000000000000e+00 0.000000000000000000e+00 -5.248139845252798308e-01
