0.000000000000000000e+00 2.323516332793916031e+21 2.788389799675844092e+24
1.000000000000000021e-02 1.161899999892209664e+21 1.394279999935325701e+24
2.000000000000000042e-02 2.836669905032811520e+17 1.702001948072343306e+20
2.999999999999999889e-02 2.186319688208268750e+15 8.745279048553237760e+17
4.000000000000000083e-02 6.925461044860837500e+13 2.077638708197020800e+16
5.000000000000000278e-02 4.759135501439997070e+12 1.142193348172799250e+15
5.999999999999999778e-02 5.337671809138387451e+11 1.067536672141463438e+14
7.000000000000000666e-02 8.394358860860462952e+10 1.439040800717930859e+13
8.000000000000000167e-02 1.690745911762117767e+10 2.536149706609546387e+12
8.999999999999999667e-02 4.113743663112840176e+09 5.485126768084888916e+11
1.000000000000000056e-01 1.161792209999999285e+09 1.394215325999999084e+11
1.100000000000000006e-01 3.701563024527431130e+08 4.038400633911309052e+10
1.199999999999999956e-01 1.302787185413379520e+08 1.302967678677911186e+10
1.300000000000000044e-01 4.984871984767711163e+07 4.602450979344990730e+09
1.400000000000000133e-01 2.047994824609238654e+07 1.756037662086513519e+09
1.499999999999999944e-01 8.945703003268476576e+06 7.160347620721777678e+08
1.600000000000000033e-01 4.121473238737961277e+06 3.093514223301098347e+08
1.700000000000000122e-01 1.989793964867688250e+06 1.406136558504025936e+08
1.799999999999999933e-01 1.001212312331236666e+06 6.685312597919301689e+07
1.900000000000000022e-01 5.226680191425709054e+05 3.308296439754040912e+07
2.000000000000000111e-01 2.819827734374998254e+05 1.696949296874998882e+07
2.099999999999999922e-01 1.566996055893274315e+05 8.990171461177399382e+06
2.200000000000000011e-01 8.943434810125776858e+04 4.904165284892680123e+06
2.300000000000000100e-01 5.229125486861215177e+04 2.747234190793068614e+06
2.399999999999999911e-01 3.125109946490139191e+04 1.576656009536623489e+06
2.500000000000000000e-01 1.905193943040000158e+04 9.250892808191999793e+05
2.600000000000000089e-01 1.182661959206067331e+04 5.538962133068558760e+05
2.700000000000000178e-01 7.462891283717215629e+03 3.378668310718488065e+05
2.800000000000000266e-01 4.779800777968181137e+03 2.096417821698029293e+05
2.899999999999999800e-01 3.102708101351153800e+03 1.321371657104534388e+05
2.999999999999999889e-01 2.038459753763824210e+03 8.449559179664352268e+04
3.099999999999999978e-01 1.353670631861723450e+03 5.475085705376105034e+04
3.200000000000000067e-01 9.074003430509233112e+02 3.590977399536842131e+04
3.300000000000000155e-01 6.131657153863200165e+02 2.381444713689365744e+04
3.400000000000000244e-01 4.171039661200689466e+02 1.595265450994451203e+04
3.500000000000000333e-01 2.851998992026402675e+02 1.078348441539778833e+04
3.599999999999999867e-01 1.956922767070931855e+02 7.348376596829458322e+03
3.699999999999999956e-01 1.344898686164602850e+02 5.043101049312429495e+03
3.800000000000000044e-01 9.236436963217357743e+01 3.482024740926674440e+03
3.900000000000000133e-01 6.320808994895196520e+01 2.416142638658212491e+03
4.000000000000000222e-01 4.293871879577633877e+01 1.682900333404539879e+03
4.100000000000000311e-01 2.880255914361184466e+01 1.175081734778787904e+03
4.199999999999999845e-01 1.892622996787583389e+01 8.212829014379915407e+02
4.299999999999999933e-01 1.202514305966030150e+01 5.735161156208112061e+02
4.400000000000000022e-01 7.212011903721645467e+00 3.992546379032238519e+02
4.500000000000000111e-01 3.869867113256143298e+00 2.762745590967932685e+02
4.600000000000000200e-01 1.567089245234907224e+00 1.892775135665898461e+02
4.700000000000000289e-01 7.211963274222910059e-05 1.276588656525483003e+02
4.799999999999999822e-01 -1.045779294388440306e+00 8.401986366805570583e+01
4.899999999999999911e-01 -1.722780175371967815e+00 5.316747131398939530e+01
5.000000000000000000e-01 -2.139417599999999808e+00 3.143669760000000224e+01
5.100000000000000089e-01 -2.373172554273071722e+00 1.622798529115566168e+01
5.200000000000000178e-01 -2.479485873049563693e+00 5.689158790636462015e+00
5.300000000000000266e-01 -2.498064616155214690e+00 -1.504716752319566808e+00
5.400000000000000355e-01 -2.457342054835206291e+00 -6.304679204885587751e+00
5.500000000000000444e-01 -2.377647840399756518e+00 -9.395328064229751419e+00
5.600000000000000533e-01 -2.273471869448675520e+00 -1.127055590987501077e+01
5.700000000000000622e-01 -2.155087809507525431e+00 -1.228720510130296972e+01
5.799999999999999600e-01 -2.029721854671413972e+00 -1.270327436880392469e+01
5.899999999999999689e-01 -1.902396938341163857e+00 -1.270525096035352419e+01
5.999999999999999778e-01 -1.776544294780606048e+00 -1.242774803552981311e+01
6.099999999999999867e-01 -1.654447548116500633e+00 -1.196766977445096281e+01
6.199999999999999956e-01 -1.537565787000338080e+00 -1.139446623213234489e+01
6.300000000000000044e-01 -1.426768892784060494e+00 -1.075758159416114879e+01
6.400000000000000133e-01 -1.322509047111970037e+00 -1.009187954773384632e+01
6.500000000000000222e-01 -1.224945695966317416e+00 -9.421604949681222863e+00
6.600000000000000311e-01 -1.134036492986788325e+00 -8.763282577528080708e+00
6.700000000000000400e-01 -1.049603330395945111e+00 -8.127841453618980694e+00
6.800000000000000488e-01 -9.713801033332875035e-01 -7.522173240341420097e+00
6.900000000000000577e-01 -8.990470704443216388e-01 -6.950275965064172112e+00
7.000000000000000666e-01 -8.322553778934475011e-01 -6.414093197871086005e+00
7.099999999999999645e-01 -7.706443691641265969e-01 -5.914129121298961955e+00
7.199999999999999734e-01 -7.138536118687780485e-01 -5.449898427555014635e+00
7.299999999999999822e-01 -6.615310657342330369e-01 -5.020254343405961883e+00
7.399999999999999911e-01 -6.133384429414874273e-01 -4.623626675063066571e+00
7.500000000000000000e-01 -5.689545369845383505e-01 -4.258193414797879939e+00
7.600000000000000089e-01 -5.280770930203582125e-01 -3.922003319769360896e+00
7.700000000000000178e-01 -4.904236422941520290e-01 -3.613062359101813392e+00
7.800000000000000266e-01 -4.557316117647656206e-01 -3.329393592669486424e+00
7.900000000000000355e-01 -4.237579373657649473e-01 -3.069077579141018308e+00
8.000000000000000444e-01 -3.942783479578791384e-01 -2.830278582405297616e+00
8.100000000000000533e-01 -3.670864414634625317e-01 -2.611260487272905273e+00
8.200000000000000622e-01 -3.419926408652292360e-01 -2.410395324857755206e+00
8.300000000000000711e-01 -3.188230926951129418e-01 -2.226166555346298370e+00
8.399999999999999689e-01 -2.974185521048124392e-01 -2.057168694699582190e+00
8.499999999999999778e-01 -2.776332849390552027e-01 -1.902104453262549288e+00
8.599999999999999867e-01 -2.593340071902109911e-01 -1.759780242025015484e+00
8.699999999999999956e-01 -2.423988748764014101e-01 -1.629100669474978780e+00
8.800000000000000044e-01 -2.267165320654896399e-01 -1.509062478578431676e+00
8.900000000000000133e-01 -2.121852209486289886e-01 -1.398748244474244506e+00
9.000000000000000222e-01 -1.987119551632855474e-01 -1.297320057828473594e+00
9.100000000000000311e-01 -1.862117556875921565e-01 -1.204013348097463298e+00
9.200000000000000400e-01 -1.746069473588368892e-01 -1.118130948943177216e+00
9.300000000000000488e-01 -1.638265132465662188e-01 -1.039037470029223753e+00
9.400000000000000577e-01 -1.538055036137616072e-01 -9.661540118727413029e-01
9.500000000000000666e-01 -1.444844959371100745e-01 -8.989532406824909394e-01
9.599999999999999645e-01 -1.358091023618976656e-01 -8.369548261817931767e-01
9.699999999999999734e-01 -1.277295209882401972e-01 -7.797212357955447537e-01
9.799999999999999822e-01 -1.202001274860144686e-01 -7.268538721451004436e-01
9.899999999999999911e-01 -1.131791036885634316e-01 -6.779895366954672431e-01
1.000000000000000000e+00 -1.066281000000000034e-01 -6.327971999999999486e-01
1.010000000000000009e+00 -1.005119286532153572e-01 -5.909750578121569786e-01
1.020000000000000018e+00 -9.479828506514130504e-02 -5.522478520260764023e-01
1.030000000000000027e+00 -8.945749474513486899e-02 -5.163644357029435472e-01
1.040000000000000036e+00 -8.446228341654532512e-02 -4.830955621421437751e-01
1.050000000000000044e+00 -7.978756820728155619e-02 -4.522318789205774792e-01
1.060000000000000053e+00 -7.541026795045259468e-02 -4.235821089447875387e-01
1.070000000000000062e+00 -7.130913080974005114e-02 -3.969714017624200730e-01
1.080000000000000071e+00 -6.746457760555905903e-02 -3.722398396077126748e-01
1.090000000000000080e+00 -6.385855936721269999e-02 -3.492410838721911603e-01
1.100000000000000089e+00 0.000000000000000000e+00 -3.278411488707344001e-01
1.110000000000000098e+00 0.000000000000000000e+00 -3.079172908978229928e-01
1.120000000000000107e+00 0.000000000000000000e+00 -2.893570016288404823e-01
1.130000000000000115e+00 0.000000000000000000e+00 -2.720570959112859621e-01
1.140000000000000124e+00 0.000000000000000000e+00 -2.559228849086062074e-01
1.150000000000000133e+00 0.000000000000000000e+00 -2.408674264054061209e-01
1.159999999999999920e+00 0.000000000000000000e+00 -2.268108448590298309e-01
1.169999999999999929e+00 0.000000000000000000e+00 -2.136797144919796998e-01
1.179999999999999938e+00 0.000000000000000000e+00 -2.014064993661008607e-01
1.189999999999999947e+00 0.000000000000000000e+00 -1.899290449669867042e-01
1.199999999999999956e+00 0.000000000000000000e+00 -1.791901163599506075e-01
