0.000000000000000000e+00 2.554659432929122845e+21 1.839467070806349356e+24
1.666666666666666644e-02 1.277485659537324114e+21 9.197896749095357923e+23
3.333333333333333287e-02 3.118861455252336640e+17 1.122790127223862231e+20
5.000000000000000278e-02 2.403814484136397500e+15 5.769154957001277440e+17
6.666666666666666574e-02 7.614405001696845312e+13 1.370593160697688600e+16
8.333333333333334259e-02 5.232573677476096680e+12 7.534911556386993750e+14
1.000000000000000056e-01 5.868662702039447021e+11 7.042410482597692188e+13
1.166666666666666824e-01 9.229428584397509766e+10 9.493178347764400391e+12
1.333333333333333315e-01 1.858941095487622070e+10 1.673067329083898438e+12
1.499999999999999944e-01 4.522978353737899780e+09 3.618471880029447632e+11
1.666666666666666852e-01 1.277367152246653318e+09 9.197470122848942566e+10
1.833333333333333481e-01 4.069794060063931942e+08 2.664084129891661072e+10
2.000000000000000111e-01 1.432388302307601869e+08 8.595520450592267990e+09
2.166666666666666741e-01 5.480766510697112978e+07 3.036181351291062832e+09
2.333333333333333648e-01 2.251729154625120386e+07 1.158436853950891972e+09
2.500000000000000000e-01 9.835620850231142715e+06 4.723594954345477819e+08
2.666666666666666630e-01 4.531477185503457673e+06 2.040754041682697237e+08
2.833333333333333814e-01 2.187738636531191412e+06 9.276113518658050895e+07
2.999999999999999889e-01 1.100812944354313426e+06 4.410220296099115163e+07
3.166666666666667074e-01 5.746630826139628189e+05 2.182443424036227539e+07
3.333333333333333703e-01 3.100344691085084341e+05 1.119457109673756547e+07
3.499999999999999778e-01 1.722881262372055498e+05 5.930708628135619685e+06
3.666666666666666963e-01 9.833131406187749235e+04 3.235219400178258773e+06
3.833333333333333592e-01 5.749321937473655998e+04 1.812317796996317571e+06
4.000000000000000222e-01 3.435998365790458047e+04 1.040101359320407384e+06
4.166666666666666852e-01 2.094724650095602556e+04 6.102705506386233028e+05
4.333333333333333481e-01 1.300314804642695708e+04 3.653988892692077206e+05
4.500000000000000666e-01 8.205312993399569677e+03 2.228868576533355808e+05
4.666666666666667296e-01 5.255306199760124400e+03 1.382982989378168713e+05
4.833333333333333370e-01 3.411374386424786735e+03 8.716940750171708351e+04
5.000000000000000000e-01 2.241253042887547963e+03 5.574081227502659021e+04
5.166666666666667185e-01 1.488339835159017866e+03 3.611855138658580836e+04
5.333333333333333259e-01 9.976735565878466332e+02 2.368930205927464340e+04
5.500000000000000444e-01 6.741676391227842942e+02 1.571014980681054294e+04
5.666666666666667629e-01 4.586009910606185258e+02 1.052381136832911216e+04
5.833333333333333703e-01 3.135745538150222842e+02 7.113765337897627433e+03
5.999999999999999778e-01 2.151622572938702262e+02 4.847660667897794156e+03
6.166666666666666963e-01 1.478710568454026770e+02 3.326893803516927619e+03
6.333333333333334147e-01 1.015546002853282630e+02 2.297067050155416382e+03
6.500000000000000222e-01 6.949759286478418119e+01 1.593914611075073481e+03
6.666666666666667407e-01 4.721160600563760568e+01 1.110201164595710907e+03
6.833333333333334592e-01 3.166899727028259193e+01 7.751974415223884307e+02
6.999999999999999556e-01 2.081001555827620564e+01 5.417990390570695354e+02
7.166666666666666741e-01 1.322227687555687758e+01 3.783489727205709983e+02
7.333333333333333925e-01 7.930223430698990050e+00 2.633896928467756311e+02
7.500000000000000000e-01 4.255506454139797334e+00 1.822603133498471379e+02
7.666666666666667185e-01 1.723566328457754926e+00 1.248686540490235188e+02
7.833333333333334370e-01 5.919370710781247848e-04 8.421893834882658325e+01
8.000000000000000444e-01 -1.149361472614859325e+00 5.543027778007588324e+01
8.166666666666666519e-01 -1.893762889017552631e+00 3.507687176888621394e+01
8.333333333333333703e-01 -2.351892925430210557e+00 2.074095602294455176e+01
8.500000000000000888e-01 -2.608941411599503546e+00 1.070762261735115928e+01
8.666666666666666963e-01 -2.725865302410066526e+00 3.755004338021652455e+00
8.833333333333334147e-01 -2.746322442470157998e+00 -9.909500118370269117e-01
9.000000000000001332e-01 -2.701575256412443782e+00 -4.157634960391869861e+00
9.166666666666667407e-01 -2.613976305710988601e+00 -6.196677771141025026e+00
9.333333333333334592e-01 -2.499457379337639118e+00 -7.433897770171597585e+00
9.500000000000001776e-01 -2.369314540901516608e+00 -8.104703183845728631e+00
9.666666666666666741e-01 -2.231493162906791561e+00 -8.379295695796427523e+00
9.833333333333332815e-01 -2.091516130660202588e+00 -8.380701239372815081e+00
1.000000000000000000e+00 -1.953156249309325299e+00 -8.197724634481925676e+00
1.016666666666666607e+00 -1.818924516892250098e+00 -7.894294208167773164e+00
1.033333333333333437e+00 -1.690425343513867640e+00 -7.516226854700475357e+00
1.050000000000000044e+00 -1.568615294173513197e+00 -7.096141606152334802e+00
1.066666666666666652e+00 -1.453991661445678485e+00 -6.657038722138120868e+00
1.083333333333333481e+00 -1.346729863892966339e+00 -6.214913185662410022e+00
1.100000000000000089e+00 -1.246783438900708640e+00 -5.780667000047654547e+00
1.116666666666666696e+00 -1.153956644442884816e+00 -5.361510601340071069e+00
1.133333333333333526e+00 -1.067956976772378663e+00 -4.961990930635740149e+00
1.150000000000000133e+00 -9.884329506919706798e-01 -4.584745950462408182e+00
1.166666666666666741e+00 -9.150010644812381910e-01 -4.231058252610370829e+00
1.183333333333333348e+00 -8.472648327521616896e-01 -3.901260822614548651e+00
1.199999999999999956e+00 -7.848280106041464199e-01 -3.595033840257171320e+00
1.216666666666666785e+00 -7.273035749453937715e-01 -3.311621080988777166e+00
1.233333333333333393e+00 -6.743196187514567397e-01 -3.049986957481149563e+00
1.250000000000000000e+00 -6.255230116559996612e-01 -2.808929731701041543e+00
1.266666666666666829e+00 -5.805814568595779601e-01 -2.587162383145532374e+00
1.283333333333333437e+00 -5.391844089913824245e-01 -2.383369640730051753e+00
1.300000000000000044e+00 -5.010431950097127274e-01 -2.196247487332596116e+00
1.316666666666666874e+00 -4.658905893100246387e-01 -2.024529819253176655e+00
1.333333333333333481e+00 -4.334800267221678993e-01 -1.867005736638308599e+00
1.350000000000000089e+00 -4.035845869794593699e-01 -1.722530044901819046e+00
1.366666666666666918e+00 -3.759958470696408983e-01 -1.590028880555370616e+00
1.383333333333333526e+00 -3.505226703279764600e-01 -1.468501878308428488e+00
1.399999999999999911e+00 -3.269899807539998204e-01 -1.357021926098634035e+00
1.416666666666666741e+00 -3.052375560024045975e-01 -1.254733278581613209e+00
1.433333333333333348e+00 -2.851188614566829704e-01 -1.160848593630150694e+00
1.449999999999999956e+00 -2.664999397274037674e-01 -1.074645302810828040e+00
1.466666666666666785e+00 -2.492583640677249746e-01 -9.954616124087193318e-01
1.483333333333333393e+00 -2.332822599998556068e-01 -9.226923465041100281e-01
1.500000000000000000e+00 -2.184693964732157823e-01 -8.557847805075200487e-01
1.516666666666666829e+00 -2.047263458099495836e-01 -7.942345669207258041e-01
1.533333333333333437e+00 -1.919677102979747696e-01 -7.375818207821291939e-01
1.550000000000000044e+00 -1.801154123874768587e-01 -6.854074071754107100e-01
1.566666666666666874e+00 -1.690980449001640296e-01 -6.373294550026402661e-01
1.583333333333333481e+00 -1.588502773719452088e-01 -5.930001081966058685e-01
1.600000000000000089e+00 -1.493123145446105804e-01 -5.521025163556824156e-01
1.616666666666666696e+00 -1.404294030453052122e-01 -5.143480604380429311e-01
1.633333333333333304e+00 -1.321513824031808060e-01 -4.794738049060121021e-01
1.650000000000000133e+00 -1.244322767204521091e-01 -4.472401650065476186e-01
1.666666666666666741e+00 -1.172299235181644417e-01 -4.174287762906310206e-01
1.683333333333333348e+00 -1.105056364993372980e-01 -3.898405526984140557e-01
1.700000000000000178e+00 -1.042238992023916261e-01 -3.642939193335866799e-01
1.716666666666666785e+00 -9.835208674787483674e-02 -3.406232062448988351e-01
1.733333333333333393e+00 -9.286021310597547540e-02 -3.186771899956393761e-01
1.750000000000000222e+00 -8.772070152752464711e-02 -2.983177704378617845e-01
1.766666666666666829e+00 -8.290817598484415130e-02 -2.794187708476513210e-01
1.783333333333333437e+00 -7.839927165963639366e-02 -2.618648503704358865e-01
1.800000000000000266e+00 -7.417246269254812452e-02 -2.455505185354194264e-01
1.816666666666666874e+00 -7.020790557301070933e-02 -2.303792424005980111e-01
1.833333333333333481e+00 0.000000000000000000e+00 -2.162626376674793849e-01
1.850000000000000311e+00 0.000000000000000000e+00 -2.031197358464589819e-01
1.866666666666666918e+00 0.000000000000000000e+00 -1.908763202530332215e-01
1.883333333333333526e+00 0.000000000000000000e+00 -1.794643242680492579e-01
1.900000000000000355e+00 0.000000000000000000e+00 -1.688212859006261168e-01
1.916666666666666963e+00 0.000000000000000000e+00 -1.588898532504612049e-01
1.933333333333333348e+00 0.000000000000000000e+00 -1.496173359782632384e-01
1.949999999999999956e+00 0.000000000000000000e+00 -1.409552983610466159e-01
1.966666666666666563e+00 0.000000000000000000e+00 -1.328591899354496231e-01
1.983333333333333393e+00 0.000000000000000000e+00 -1.252880101197950680e-01
2.000000000000000000e+00 0.000000000000000000e+00 -1.182040035571253062e-01
