0.000000000000000000e+00 6.296554419369982034e+22 4.533795919844827059e+25
1.666666666666666644e-02 3.148661567785821169e+22 2.267036328838841445e+25
3.333333333333333287e-02 7.687162016606415872e+18 2.767378328560377790e+21
5.000000000000000278e-02 5.924762110846571200e+16 1.421942921715421389e+19
6.666666666666666574e-02 1.876748318574806500e+15 3.378147175158760320e+17
8.333333333333334259e-02 1.289691190638622656e+14 1.857155737565734800e+16
1.000000000000000056e-01 1.446473187724213477e+13 1.735769005913132250e+15
1.166666666666666824e-01 2.274825109229813477e+12 2.339824125556776875e+14
1.333333333333333315e-01 4.581870600310496826e+11 4.123699299975459375e+13
1.499999999999999944e-01 1.114831266292697296e+11 8.918719230680742188e+12
1.666666666666666852e-01 3.148569760994261932e+10 2.267003278393879883e+12
1.833333333333333481e-01 1.003208787473764038e+10 6.566627119221121826e+11
2.000000000000000111e-01 3.531126025625519276e+09 2.118767853193764648e+11
2.166666666666666741e-01 1.351277762544068813e+09 7.484526628921554565e+10
2.333333333333333648e-01 5.552572000686243773e+08 2.855921989223287201e+10
2.500000000000000000e-01 2.425976625829863846e+08 1.164662217123779106e+10
2.666666666666666630e-01 1.118082090544136316e+08 5.032600633699569702e+09
2.833333333333333814e-01 5.400490011943882704e+07 2.288071801897356510e+09
2.999999999999999889e-01 2.719098964723758772e+07 1.088179432289228678e+09
3.166666666666667074e-01 1.420648460407299735e+07 5.387207407174005508e+08
3.333333333333333703e-01 7.672817205425425433e+06 2.764796262547799349e+08
3.499999999999999778e-01 4.269795128758030012e+06 1.465764786374654770e+08
3.666666666666666963e-01 2.441269443753510248e+06 8.002859183259566128e+07
3.833333333333333592e-01 1.430583884294893825e+06 4.488056503079684824e+07
4.000000000000000222e-01 8.573623251343716402e+05 2.579293054969756678e+07
4.166666666666666852e-01 5.244973424091777997e+05 1.515967336455831863e+07
4.333333333333333481e-01 3.269763269363739528e+05 9.095878529627749696e+06
4.500000000000000666e-01 2.074087254398329533e+05 5.562495293468612246e+06
4.666666666666667296e-01 1.336854669786993763e+05 3.462120959949309006e+06
4.833333333333333370e-01 8.744837241090883617e+04 2.190291839468045160e+06
5.000000000000000000e-01 5.798826868654091231e+04 1.406830692652323749e+06
5.166666666666667185e-01 3.894030140915315133e+04 9.164327491055259015e+05
5.333333333333333259e-01 2.645526746868529517e+04 6.048624731310179923e+05
5.500000000000000444e-01 1.816724604065374660e+04 4.041312480338885216e+05
5.666666666666667629e-01 1.259978137795319526e+04 2.731114302183748223e+05
5.833333333333333703e-01 8.818294405305630789e+03 1.865418173040144320e+05
5.999999999999999778e-01 6.223260128931603504e+03 1.286827525764836173e+05
6.166666666666666963e-01 4.425233877013228266e+03 8.959415343343306449e+04
6.333333333333334147e-01 3.168232869119555289e+03 6.291830974797789531e+04
6.500000000000000222e-01 2.282117281541605735e+03 4.453977865034723800e+04
6.666666666666667407e-01 1.652610643871882530e+03 3.176423267926128392e+04
6.833333333333334592e-01 1.202194015970823102e+03 2.280873459209320572e+04
6.999999999999999556e-01 8.777886620078364786e+02 1.648142121514694736e+04
7.166666666666666741e-01 6.427278922469270128e+02 1.197785735809415928e+04
7.333333333333333925e-01 4.714699221685950192e+02 8.750126004298896078e+03
7.500000000000000000e-01 3.460814198845394571e+02 6.421787059462068100e+03
7.666666666666667185e-01 2.538767227768896646e+02 4.732078261400603878e+03
7.833333333333334370e-01 1.858187317718692952e+02 3.498952961887708625e+03
8.000000000000000444e-01 1.354265096033745124e+02 2.594372610194497156e+03
8.166666666666666519e-01 9.802296992552214761e+01 1.927647361696845110e+03
8.333333333333333703e-01 7.021277246653919235e+01 1.434110042065009566e+03
8.500000000000000888e-01 4.951731009741571654e+01 1.067355011781697840e+03
8.666666666666666963e-01 3.411772732256586238e+01 7.938795826791126728e+02
8.833333333333334147e-01 2.267278294993032617e+01 5.893574479629131702e+02
9.000000000000001332e-01 1.418893291493817621e+01 4.360291191241857973e+02
9.166666666666667407e-01 7.927095542452349264e+00 3.208624372194978491e+02
9.333333333333334592e-01 3.335352183399008297e+00 2.342476792768281371e+02
9.500000000000001776e-01 9.892016649611242406e-05 1.690662676406064975e+02
9.666666666666666741e-01 -2.389596951880892828e+00 1.200222470841217159e+02
9.833333333333332815e-01 -4.068136323510216812e+00 8.315971337134702424e+01
1.000000000000000000e+00 -5.212649715332759115e+00 5.551261103586390533e+01
1.016666666666666607e+00 -5.957255234054608550e+00 3.484929297656871938e+01
1.033333333333333437e+00 -6.403658431403398410e+00 1.948528910331864594e+01
1.050000000000000044e+00 -6.629064883185870727e+00 8.145428726180584889e+00
1.066666666666666652e+00 -6.692109621745307990e+00 -1.381466383929828567e-01
1.083333333333333481e+00 -6.637316652240388137e+00 -6.101744507313411781e+00
1.100000000000000089e+00 -6.498464412275450464e+00 -1.030662979877602758e+01
1.116666666666666696e+00 -6.301133686013930202e+00 -1.318133638690984988e+01
1.133333333333333526e+00 -6.064642284978974729e+00 -1.505346534774601075e+01
1.150000000000000133e+00 -5.803518093599254080e+00 -1.617366575145763008e+01
1.166666666666666741e+00 -5.528623416326489348e+00 -1.673377973300749488e+01
1.183333333333333348e+00 -5.248015085494837528e+00 -1.688061481239576622e+01
1.199999999999999956e+00 -4.967603724983672642e+00 -1.672642789162154031e+01
1.216666666666666785e+00 -4.691659921587731041e+00 -1.635692792552142549e+01
1.233333333333333393e+00 -4.423203393749772339e+00 -1.583740008371846031e+01
1.250000000000000000e+00 -4.164302520565293264e+00 -1.521740334054698884e+01
1.266666666666666829e+00 -3.916305040495480672e+00 -1.453438149855087858e+01
1.283333333333333437e+00 -3.680015790917166463e+00 -1.381644430033346715e+01
1.300000000000000044e+00 -3.455833626180649265e+00 -1.308451298894598125e+01
1.316666666666666874e+00 -3.243856820382812867e+00 -1.235397795553000933e+01
1.333333333333333481e+00 -3.043964107202126179e+00 -1.163598095257383314e+01
1.350000000000000089e+00 -2.855876866010861548e+00 -1.093840780468671348e+01
1.366666666666666918e+00 -2.679206706536675586e+00 -1.026665744290799687e+01
1.383333333333333526e+00 -2.513491740319885537e+00 -9.624237814631458221e+00
1.399999999999999911e+00 -2.358224086019249377e+00 -9.013227584307552220e+00
1.416666666666666741e+00 -2.212870584424487586e+00 -8.434633649449626347e+00
1.433333333333333348e+00 -2.076888257885455502e+00 -7.888667685883055114e+00
1.449999999999999956e+00 -1.949735707462533441e+00 -7.374959705690421252e+00
1.466666666666666785e+00 -1.830881376389141391e+00 -6.892722584561199461e+00
1.483333333333333393e+00 -1.719809402831392386e+00 -6.440878408053717585e+00
1.500000000000000000e+00 -1.616023624982243057e+00 -6.018155083377976666e+00
1.516666666666666829e+00 -1.519050176924164219e+00 -5.623159801221023102e+00
1.533333333333333437e+00 -1.428439016506319659e+00 -5.254434486335583188e+00
1.550000000000000044e+00 -1.343764650599343691e+00 -4.910497250992619023e+00
1.566666666666666874e+00 -1.264626263793701355e+00 -4.589872989135198367e+00
1.583333333333333481e+00 -1.190647410243309334e+00 -4.291115565260865239e+00
1.600000000000000089e+00 -1.121475392091117129e+00 -4.012823517684317665e+00
1.616666666666666696e+00 -1.056780419545451100e+00 -3.753650777711027953e+00
1.633333333333333304e+00 -9.962546254905109144e-01 -3.512313578736173891e+00
1.650000000000000133e+00 -9.396109901738549652e-01 -3.287594472500452003e+00
1.666666666666666741e+00 -8.865822179732313346e-01 -3.078344168260038760e+00
1.683333333333333348e+00 -8.369195976869090448e-01 -2.883481752462976555e+00
1.700000000000000178e+00 -7.903918695751610546e-01 -2.701993722318647873e+00
1.716666666666666785e+00 -7.467841160030188608e-01 -2.532932169100973852e+00
1.733333333333333393e+00 -7.058966876010894786e-01 -2.375412370431453368e+00
1.750000000000000222e+00 -6.675441730616400449e-01 -2.228609990674014885e+00
1.766666666666666829e+00 -6.315544177770676670e-01 -2.091758041433182225e+00
1.783333333333333437e+00 -5.977675943149169946e-01 -1.964143717225312669e+00
1.800000000000000266e+00 -5.660353260562520639e-01 -1.845105192523371018e+00
1.816666666666666874e+00 -5.362198640830029284e-01 -1.734028443852782875e+00
1.833333333333333481e+00 0.000000000000000000e+00 -1.630344143094923703e+00
1.850000000000000311e+00 0.000000000000000000e+00 -1.533524654574845325e+00
1.866666666666666918e+00 0.000000000000000000e+00 -1.443081158033465483e+00
1.883333333333333526e+00 0.000000000000000000e+00 -1.358560911549964390e+00
1.900000000000000355e+00 0.000000000000000000e+00 -1.279544662364547003e+00
1.916666666666666963e+00 0.000000000000000000e+00 -1.205644208941605511e+00
1.933333333333333348e+00 0.000000000000000000e+00 -1.136500114181663745e+00
1.949999999999999956e+00 0.000000000000000000e+00 -1.071779567178832826e+00
1.966666666666666563e+00 0.000000000000000000e+00 -1.011174389124591899e+00
1.983333333333333393e+00 0.000000000000000000e+00 -9.543991777170215407e-01
2.000000000000000000e+00 0.000000000000000000e+00 -9.011895836200104482e-01
