0.000000000000000000e+00 1.254746813849332875e+21 1.505788088309326788e+24
1.000000000000000021e-02 6.274499999417898107e+20 7.529399999650738429e+23
2.000000000000000042e-02 1.531860342467186880e+17 9.191162082089059942e+19
2.999999999999999889e-02 1.180657791861957000e+15 4.722631327146044160e+17
4.000000000000000083e-02 3.739892015289305469e+13 1.121967817758178400e+16
5.000000000000000278e-02 2.570031474559998535e+12 6.168080009471996250e+14
5.999999999999999778e-02 2.882453030683910522e+11 5.764918537791003125e+13
7.000000000000000666e-02 4.533127176252639008e+10 7.771117568733338867e+12
8.000000000000000167e-02 9.130377156510946274e+09 1.369573227491229492e+12
8.999999999999999667e-02 2.221506548631109238e+09 2.962081753097874146e+11
1.000000000000000056e-01 6.273917899999996424e+08 7.529050739999995422e+10
1.100000000000000006e-01 1.998920485448949337e+08 2.180819755185045624e+10
1.199999999999999956e-01 7.035319863338419795e+07 7.036294583899547577e+09
1.300000000000000044e-01 2.691933814092455432e+07 2.485418585035077572e+09
1.400000000000000133e-01 1.105959492720871791e+07 9.482966032492620945e+08
1.499999999999999944e-01 4.830864299592996016e+06 3.866735576848608255e+08
1.600000000000000033e-01 2.225680611390998121e+06 1.670561553432889581e+08
1.700000000000000122e-01 1.074529793241695967e+06 7.593427693400131166e+07
1.799999999999999933e-01 5.406752950199727202e+05 3.610206778497322649e+07
1.900000000000000022e-01 2.822515015308203292e+05 1.786548334280467406e+07
2.000000000000000111e-01 1.522765039062499127e+05 9.163876171874994412e+06
2.099999999999999922e-01 8.462101009479099594e+04 4.854877897487262264e+06
2.200000000000000011e-01 4.829638496444917837e+04 2.648350271129797678e+06
2.300000000000000100e-01 2.823834982073015635e+04 1.483563002613371238e+06
2.399999999999999911e-01 1.687623308749086573e+04 8.514266587583578657e+05
2.500000000000000000e-01 1.028843601920000037e+04 4.995672047616000054e+05
2.600000000000000089e-01 6.386615069467283320e+03 2.991153087029003073e+05
2.700000000000000178e-01 4.030112416332334305e+03 1.824550003842287115e+05
2.800000000000000266e-01 2.581188715598599174e+03 1.132108405118195078e+05
2.899999999999999800e-01 1.675524490847297557e+03 7.135675806747308525e+04
2.999999999999999889e-01 1.100808763343438386e+03 4.562933270109008299e+04
3.099999999999999978e-01 7.310087801273623427e+02 2.956656814091657361e+04
3.200000000000000067e-01 4.900138354324566308e+02 1.939199921124900720e+04
3.300000000000000155e-01 3.311212430879016324e+02 1.286027683977032029e+04
3.400000000000000244e-01 2.252439976814107183e+02 8.614749544999711361e+03
3.500000000000000333e-01 1.540131982295681610e+02 5.823293382425094933e+03
3.599999999999999867e-01 1.056773325041853440e+02 3.968266164007027783e+03
3.699999999999999956e-01 7.262684967290763893e+01 2.723371319074352868e+03
3.800000000000000044e-01 4.987827771456356629e+01 1.880359130256142180e+03
3.900000000000000133e-01 3.413334068527700538e+01 1.304761801484963598e+03
4.000000000000000222e-01 2.318750858306883345e+01 9.087966442108147476e+02
4.100000000000000311e-01 1.555372982901027612e+01 6.345647937076497556e+02
4.199999999999999845e-01 1.022034132789185890e+01 4.435066768844454828e+02
4.299999999999999933e-01 6.493639999684027941e+00 3.097079585322229605e+02
4.400000000000000022e-01 3.894473675589116723e+00 2.156035460943817270e+02
4.500000000000000111e-01 2.089666853947136360e+00 1.491920842904992526e+02
4.600000000000000200e-01 8.461366995696781856e-01 1.022121514124696944e+02
4.700000000000000289e-01 -6.992165753327839184e-05 6.893703455017782744e+01
4.799999999999999822e-01 -5.648383690726843653e-01 4.537126252173380436e+01
4.899999999999999911e-01 -9.304216633628512589e-01 2.871049456551068602e+01
5.000000000000000000e-01 -1.155404799999999899e+00 1.697556480000000079e+01
5.100000000000000089e-01 -1.281628889847089781e+00 8.762662663029956889e+00
5.200000000000000178e-01 -1.339032943499200989e+00 3.071578381588977891e+00
5.300000000000000266e-01 -1.349059438061098515e+00 -8.131775133578358350e-01
5.400000000000000355e-01 -1.327062796650890997e+00 -3.405182872515439385e+00
5.500000000000000444e-01 -1.284021340659144084e+00 -5.074133709149940330e+00
5.600000000000000533e-01 -1.227759820245916345e+00 -6.086740675853517857e+00
5.700000000000000622e-01 -1.163826148876834665e+00 -6.635704732101133985e+00
5.799999999999999600e-01 -1.096122553185721715e+00 -6.860349446309642829e+00
5.899999999999999689e-01 -1.027361463378946738e+00 -6.861380882453729235e+00
5.999999999999999778e-01 -9.593957675334610080e-01 -6.711492168227517929e+00
6.099999999999999867e-01 -8.934586275270709477e-01 -6.463012921931684751e+00
6.199999999999999956e-01 -8.303379449483503372e-01 -6.153447065638663283e+00
6.300000000000000044e-01 -7.705034422728765930e-01 -5.809495020728937753e+00
6.400000000000000133e-01 -7.141992797545565486e-01 -5.449983506867615901e+00
6.500000000000000222e-01 -6.615115379627726222e-01 -5.088004913490030034e+00
6.600000000000000311e-01 -6.124173285255490873e-01 -4.732482676094600826e+00
6.700000000000000400e-01 -5.668204517488057981e-01 -4.389318447562180481e+00
6.800000000000000488e-01 -5.245771899682134531e-01 -4.062233657458989455e+00
6.900000000000000577e-01 -4.855148626595477412e-01 -3.753387141870199173e+00
7.000000000000000666e-01 -4.494450696428401448e-01 -3.463828312315521352e+00
7.099999999999999645e-01 -4.161730385029201451e-01 -3.193829302429585404e+00
7.199999999999999734e-01 -3.855041191198794182e-01 -2.943127918658019926e+00
7.299999999999999822e-01 -3.572481943830582152e-01 -2.711104777866834681e+00
7.399999999999999911e-01 -3.312225747423314104e-01 -2.496911854296700373e+00
7.500000000000000000e-01 -3.072537957380028772e-01 -2.299565148817648730e+00
7.600000000000000089e-01 -2.851786279229579502e-01 -2.118010882447786791e+00
7.700000000000000178e-01 -2.648445273786499965e-01 -1.951172178217853936e+00
7.800000000000000266e-01 -2.461096948366079118e-01 -1.797981395807355387e+00
7.900000000000000355e-01 -2.288428667635356850e-01 -1.657401951746128255e+00
8.000000000000000444e-01 -2.129229286219923856e-01 -1.528442470589652213e+00
8.100000000000000533e-01 -1.982384159128158518e-01 -1.410165379009910680e+00
8.200000000000000622e-01 -1.846869503484196984e-01 -1.301691509061990271e+00
8.300000000000000711e-01 -1.721746449752853403e-01 -1.202201870417483720e+00
8.399999999999999689e-01 -1.606155020552096080e-01 -1.110937448319125442e+00
8.499999999999999778e-01 -1.499308201326201018e-01 -1.027197657976170353e+00
8.599999999999999867e-01 -1.400486212922643914e-01 -9.503379175111108523e-01
8.699999999999999956e-01 -1.309031056498086154e-01 -8.797666758508834173e-01
8.800000000000000044e-01 -1.224341372451723253e-01 -8.149421383138101271e-01
8.900000000000000133e-01 -1.145867634463038215e-01 -7.553688630112180835e-01
9.000000000000000222e-01 -1.073107685110650522e-01 -7.005943495336623972e-01
9.100000000000000311e-01 -1.005602609407467707e-01 -6.502057032156117744e-01
9.200000000000000400e-01 -9.429329357345693496e-02 -6.038264301887735774e-01
9.300000000000000488e-01 -8.847151492158476793e-02 -5.611133979058552379e-01
9.400000000000000577e-01 -8.305984998916851603e-02 -5.217539809376239290e-01
9.500000000000000666e-01 -7.802620866329489091e-02 -4.854634011838804830e-01
9.599999999999999645e-01 -7.334121972211163354e-02 -4.519822641158415255e-01
9.699999999999999734e-01 -6.897798851349143390e-02 -4.210742874730099006e-01
9.799999999999999822e-01 -6.491187641275257547e-02 -3.925242153625562724e-01
9.899999999999999911e-01 -6.112030025032114122e-02 -3.661359084956887222e-01
1.000000000000000000e+00 -5.758254999999999624e-02 -3.417305999999999955e-01
1.010000000000000009e+00 -5.427962312775475029e-02 -3.191453056120522880e-01
1.020000000000000018e+00 -5.119407411403952696e-02 -2.982313768883577687e-01
1.030000000000000027e+00 -4.830987777572843395e-02 -2.788531862324350463e-01
1.040000000000000036e+00 -4.561230512399276626e-02 -2.608869329148101879e-01
1.050000000000000044e+00 -4.308781060018256753e-02 -2.442195597836975263e-01
1.060000000000000053e+00 -4.072392963181717396e-02 -2.287477709696647821e-01
1.070000000000000062e+00 -3.850918554453358622e-02 -2.143771415366803046e-01
1.080000000000000071e+00 -3.643300495300308417e-02 -2.010213106952258855e-01
1.090000000000000080e+00 -3.448564083437284655e-02 -1.886012508501277163e-01
1.100000000000000089e+00 0.000000000000000000e+00 -1.770446053924671359e-01
1.110000000000000098e+00 0.000000000000000000e+00 -1.662850887523010246e-01
1.120000000000000107e+00 0.000000000000000000e+00 -1.562619428013999612e-01
1.130000000000000115e+00 0.000000000000000000e+00 -1.469194442298501213e-01
1.140000000000000124e+00 0.000000000000000000e+00 -1.382064580160431988e-01
1.150000000000000133e+00 0.000000000000000000e+00 -1.300760325664822026e-01
1.159999999999999920e+00 0.000000000000000000e+00 -1.224850325210278673e-01
1.169999999999999929e+00 0.000000000000000000e+00 -1.153938056023551678e-01
1.179999999999999938e+00 0.000000000000000000e+00 -1.087658802375046224e-01
1.189999999999999947e+00 0.000000000000000000e+00 -1.025676909966992539e-01
1.199999999999999956e+00 0.000000000000000000e+00 -9.676832918237975034e-02
