0.000000000000000000e+00 2.602382287358091854e+21 3.123049372414288981e+24
1.000000000000000021e-02 1.301349999879274627e+21 1.561619999927564507e+24
2.000000000000000042e-02 3.177124004574217600e+17 1.906274408403514819e+20
2.999999999999999889e-02 2.448719447674296000e+15 9.794878121904316160e+17
4.000000000000000083e-02 7.756647500457760938e+13 2.326994692245482400e+16
5.000000000000000278e-02 5.330321873599997070e+12 1.279278176831999250e+15
5.999999999999999778e-02 5.978293492796885986e+11 1.195661286115104219e+14
7.000000000000000666e-02 9.401840868748500061e+10 1.611752944461759375e+13
8.000000000000000167e-02 1.893667435310780334e+10 2.840535692665724609e+12
8.999999999999999667e-02 4.607470797845598221e+09 6.143445840718254395e+11
1.000000000000000056e-01 1.301229274999999285e+09 1.561547564999999084e+11
1.100000000000000006e-01 4.145820685121670365e+08 4.523085180761126709e+10
1.199999999999999956e-01 1.459146321457241476e+08 1.459348474248415184e+10
1.300000000000000044e-01 5.583151047157631814e+07 5.154832259595211983e+09
1.400000000000000133e-01 2.293793005777913332e+07 1.966795441717183113e+09
1.499999999999999944e-01 1.001935690772823803e+07 8.019724977485744953e+08
1.600000000000000033e-01 4.616128175166521221e+06 3.464794545402581692e+08
1.700000000000000122e-01 2.228606992682338227e+06 1.574899596941060126e+08
1.799999999999999933e-01 1.121376801395480754e+06 7.487676873167051375e+07
1.900000000000000022e-01 5.853981170302428072e+05 3.705354777047566324e+07
2.000000000000000111e-01 3.158260742187498254e+05 1.900615429687498882e+07
2.099999999999999922e-01 1.755065467541001271e+05 1.006916287423382886e+07
2.200000000000000011e-01 1.001681795054212125e+05 5.492758419843604788e+06
2.300000000000000100e-01 5.856720799764806725e+04 3.076954635617679916e+06
2.399999999999999911e-01 3.500183275804090954e+04 1.765884824712490663e+06
2.500000000000000000e-01 2.133854044159999830e+04 1.036117691596799996e+06
2.600000000000000089e-01 1.324604383367379887e+04 6.203743841780789662e+05
2.700000000000000178e-01 8.358584295721042508e+03 3.784173537371479324e+05
2.800000000000000266e-01 5.353471194748623020e+03 2.348028473561950668e+05
2.899999999999999800e-01 3.475094916704629668e+03 1.479961915808865160e+05
2.999999999999999889e-01 2.283116046748370081e+03 9.463671320052465308e+04
3.099999999999999978e-01 1.516138813068338322e+03 6.132203672829485731e+04
3.200000000000000067e-01 1.016307279910754914e+03 4.021965895578681375e+04
3.300000000000000155e-01 6.867586366922884054e+02 2.667265762571639789e+04
3.400000000000000244e-01 4.671655314154875782e+02 1.786729613681282353e+04
3.500000000000000333e-01 3.194302886859080672e+02 1.207772389306449440e+04
3.599999999999999867e-01 2.191799009689389663e+02 8.230335021661005158e+03
3.699999999999999956e-01 1.506319168655307408e+02 5.648380299243289301e+03
3.800000000000000044e-01 1.034504542826887530e+02 3.899943294266728572e+03
3.900000000000000133e-01 7.079478074057125525e+01 2.706133552742687243e+03
4.000000000000000222e-01 4.809262752532956142e+01 1.884886980056761331e+03
4.100000000000000311e-01 3.225979916296287797e+01 1.316119464150892099e+03
4.199999999999999845e-01 2.119807130984544585e+01 9.198571914383746844e+02
4.299999999999999933e-01 1.346867914371082264e+01 6.423529723678004757e+02
4.400000000000000022e-01 8.077843591252115374e+00 4.471762137294020931e+02
4.500000000000000111e-01 4.334546141502286787e+00 3.094356933186621745e+02
4.600000000000000200e-01 1.755363936671642477e+00 2.119969335480109294e+02
4.700000000000000289e-01 2.515623838554859049e-04 1.429825269480874681e+02
4.799999999999999822e-01 -1.171142090888833920e+00 9.410571968438124202e+01
4.899999999999999911e-01 -1.929413412143984985e+00 5.955020319495466197e+01
5.000000000000000000e-01 -2.396070400000000156e+00 3.521111039999999548e+01
5.100000000000000089e-01 -2.657893574122494051e+00 1.817688163621652109e+01
5.200000000000000178e-01 -2.776978010152108656e+00 6.373039976505921800e+00
5.300000000000000266e-01 -2.797796610685467478e+00 -1.684370962843239283e+00
5.400000000000000355e-01 -2.752195382871636120e+00 -7.060535117707260611e+00
5.500000000000000444e-01 -2.662944094053786515e+00 -1.052221979934621032e+01
5.600000000000000533e-01 -2.546271849154892131e+00 -1.262259646762858623e+01
5.700000000000000622e-01 -2.413685474590400837e+00 -1.376133733847126450e+01
5.799999999999999600e-01 -2.273278550369007167e+00 -1.422740756147268470e+01
5.899999999999999689e-01 -2.130676947339948502e+00 -1.422967780039583374e+01
5.999999999999999778e-01 -1.989723790187904573e+00 -1.391891853352489150e+01
6.099999999999999867e-01 -1.852976847565147800e+00 -1.340366528236833155e+01
6.199999999999999956e-01 -1.722070383525585502e+00 -1.276170427410038855e+01
6.300000000000000044e-01 -1.597978730948561132e+00 -1.204841465463846539e+01
6.400000000000000133e-01 -1.481208384467241901e+00 -1.130284502803027991e+01
6.500000000000000222e-01 -1.371937963552097184e+00 -1.055215061703505164e+01
6.600000000000000311e-01 -1.270120071578777265e+00 -9.814839933559479590e+00
6.700000000000000400e-01 -1.175555252412048945e+00 -9.103154073805654889e+00
6.800000000000000488e-01 -1.087945487952843404e+00 -8.424812160323430277e+00
6.900000000000000577e-01 -1.006932683146688268e+00 -7.784292343845269357e+00
7.000000000000000666e-01 -9.321261337650639245e-01 -7.183771705131515972e+00
7.099999999999999645e-01 -8.631219140687440561e-01 -6.623815150500373505e+00
7.199999999999999734e-01 -7.995163473689826938e-01 -6.103879310084293408e+00
7.299999999999999822e-01 -7.409151545876677680e-01 -5.622679936005488877e+00
7.399999999999999911e-01 -6.869394581635189789e-01 -5.178458520606724846e+00
7.500000000000000000e-01 -6.372295106294019185e-01 -4.769174502032022644e+00
7.600000000000000089e-01 -5.914467896051694984e-01 -4.392642557312468554e+00
7.700000000000000178e-01 -5.492749325123261750e-01 -4.046629426837440313e+00
7.800000000000000266e-01 -5.104198594796760524e-01 -3.728920981522404698e+00
7.900000000000000355e-01 -4.746093402949176920e-01 -3.437367482116633344e+00
8.000000000000000444e-01 -4.415921925101427559e-01 -3.169912932207807010e+00
8.100000000000000533e-01 -4.111372467751076565e-01 -2.924612905233261007e+00
8.200000000000000622e-01 -3.830321776057875049e-01 -2.699644094034555852e+00
8.300000000000000711e-01 -3.570822697318161709e-01 -2.493307988452227342e+00
8.399999999999999689e-01 -3.331091694074366782e-01 -2.304030457941580678e+00
8.499999999999999778e-01 -3.109496547591538707e-01 -2.130358547379864298e+00
8.599999999999999867e-01 -2.904544479954454528e-01 -1.970955444529030043e+00
8.699999999999999956e-01 -2.714870840867525392e-01 -1.824594316871450017e+00
8.800000000000000044e-01 -2.539228445656296351e-01 -1.690151521315554684e+00
8.900000000000000133e-01 -2.376477608198138969e-01 -1.566599545845285713e+00
9.000000000000000222e-01 -2.225576882226288911e-01 -1.452999935062647463e+00
9.100000000000000311e-01 -2.085574503416111058e-01 -1.348496372391806197e+00
9.200000000000000400e-01 -1.955600510448228246e-01 -1.252308033464649917e+00
9.300000000000000488e-01 -1.834859514032507466e-01 -1.163723282629454792e+00
9.400000000000000577e-01 -1.722624077309722057e-01 -1.082093753663427416e+00
9.500000000000000666e-01 -1.618228668107999368e-01 -1.006828833654778821e+00
9.599999999999999645e-01 -1.521064142461336643e-01 -9.373905534157168651e-01
9.699999999999999734e-01 -1.430572719034463314e-01 -8.732888770134448198e-01
9.799999999999999822e-01 -1.346243405225409362e-01 -8.140773757980843683e-01
9.899999999999999911e-01 -1.267607837427299766e-01 -7.593492677148068193e-01
1.000000000000000000e+00 -1.194236499999999923e-01 -7.087338000000000804e-01
1.010000000000000009e+00 -1.125735289767652858e-01 -6.618929520443553871e-01
1.020000000000000018e+00 -1.061742395203848360e-01 -6.185184348608332439e-01
1.030000000000000027e+00 -1.001925461810450474e-01 -5.783289639259567849e-01
1.040000000000000036e+00 -9.459790174830082221e-02 -5.410677829490181390e-01
1.050000000000000044e+00 -8.936221338481148413e-02 -5.065004172038063412e-01
1.060000000000000053e+00 -8.445963016328900119e-02 -4.744126363131965785e-01
1.070000000000000062e+00 -7.986635000709052523e-02 -4.446086077229864930e-01
1.080000000000000071e+00 -7.556044421564883651e-02 -4.169092234768603800e-01
1.090000000000000080e+00 -7.152169792297964623e-02 -3.911505842667851729e-01
1.100000000000000089e+00 0.000000000000000000e+00 -3.671826260535681619e-01
1.110000000000000098e+00 0.000000000000000000e+00 -3.448678758118914334e-01
1.120000000000000107e+00 0.000000000000000000e+00 -3.240803241413735547e-01
1.130000000000000115e+00 0.000000000000000000e+00 -3.047044035939841522e-01
1.140000000000000124e+00 0.000000000000000000e+00 -2.866340625961075750e-01
1.150000000000000133e+00 0.000000000000000000e+00 -2.697719257911221913e-01
1.159999999999999920e+00 0.000000000000000000e+00 -2.540285324977295534e-01
1.169999999999999929e+00 0.000000000000000000e+00 -2.393216457738723268e-01
1.179999999999999938e+00 0.000000000000000000e+00 -2.255756253001112710e-01
1.189999999999999947e+00 0.000000000000000000e+00 -2.127208579543530542e-01
1.199999999999999956e+00 0.000000000000000000e+00 -2.006932405466573255e-01
