0.000000000000000000e+00 2.091144701955932684e+21 2.509526821173104795e+24
1.000000000000000021e-02 1.045699999902989681e+21 1.254839999941793733e+24
2.000000000000000042e-02 2.552978500467186880e+17 1.531787104827655782e+20
2.999999999999999889e-02 1.967668902624582250e+15 7.870675876643733760e+17
4.000000000000000083e-02 6.232855335754392969e+13 1.869856955987548400e+16
5.000000000000000278e-02 4.283180991359998047e+12 1.027964182963199375e+15
5.999999999999999778e-02 4.803858689073084106e+11 9.607738170755907812e+13
7.000000000000000666e-02 7.554850728008593750e+10 1.295124335413426758e+13
8.000000000000000167e-02 1.521656769052147484e+10 2.282512908361851562e+12
8.999999999999999667e-02 3.702333891621618271e+09 4.936566883115364990e+11
1.000000000000000056e-01 1.045602989999999523e+09 1.254781793999999237e+11
1.100000000000000006e-01 3.331374864637656212e+08 3.634525813873558807e+10
1.199999999999999956e-01 1.172497254555542916e+08 1.172659696819131660e+10
1.300000000000000044e-01 4.486341885026143491e+07 4.142166270681008339e+09
1.400000000000000133e-01 1.843177716851267219e+07 1.580418782788522720e+09
1.499999999999999944e-01 8.051055717266831547e+06 6.444251234993163347e+08
1.600000000000000033e-01 3.709290447332022246e+06 2.784136177970139384e+08
1.700000000000000122e-01 1.790797446029945742e+06 1.265510801666162014e+08
1.799999999999999933e-01 9.010824661971550668e+05 6.016723807450339198e+07
1.900000000000000022e-01 4.703967203742813435e+05 2.977438327471549436e+07
2.000000000000000111e-01 2.537820703124998836e+05 1.527239765624999069e+07
2.099999999999999922e-01 1.410282972236572823e+05 8.091076964399934746e+06
2.200000000000000011e-01 8.049014420376734051e+04 4.413706565640655346e+06
2.300000000000000100e-01 4.706167982058499911e+04 2.472487140128094237e+06
2.399999999999999911e-01 2.812572093123416926e+04 1.418976848404585151e+06
2.500000000000000000e-01 1.714658181120000154e+04 8.325723979776001070e+05
2.600000000000000089e-01 1.064385607998676824e+04 4.985018302177708829e+05
2.700000000000000178e-01 6.716538111887232844e+03 3.040772442293013446e+05
2.800000000000000266e-01 4.301779712397673393e+03 1.886758028662129946e+05
2.899999999999999800e-01 2.792410709012226107e+03 1.189223144032887940e+05
2.999999999999999889e-01 1.834596333365322835e+03 7.604530738125214702e+04
3.099999999999999978e-01 1.218291999643083727e+03 4.927530170669156360e+04
3.200000000000000067e-01 8.166525664510257911e+02 3.231848879747810861e+04
3.300000000000000155e-01 5.518439225593756419e+02 2.143279847976272504e+04
3.400000000000000244e-01 3.753900264631824371e+02 1.435725258681658670e+04
3.500000000000000333e-01 2.566774940110569219e+02 9.705043838995217811e+03
3.599999999999999867e-01 1.761213980047118071e+02 6.613476246196476495e+03
3.699999999999999956e-01 1.210397524326523637e+02 4.538747997394808408e+03
3.800000000000000044e-01 8.312716173737995007e+01 3.133792677585388446e+03
3.900000000000000133e-01 5.688675749356664824e+01 2.174507896126028299e+03
4.000000000000000222e-01 3.864449501037596235e+01 1.514596080780028387e+03
4.100000000000000311e-01 2.592207055710246877e+01 1.057563670579072323e+03
4.199999999999999845e-01 1.703345725161648616e+01 7.391477310022376059e+02
4.299999999999999933e-01 1.082253669486195946e+01 5.161597276206641709e+02
4.400000000000000022e-01 6.490758605600520426e+00 3.593258737513197048e+02
4.500000000000000111e-01 3.482855801897239090e+00 2.486448414890117533e+02
4.600000000000000200e-01 1.410374464097959191e+00 1.703482327061519470e+02
4.700000000000000289e-01 7.161397279098480340e-05 1.148919659997453380e+02
4.799999999999999822e-01 -9.411864533239340247e-01 7.561722806437498434e+01
4.899999999999999911e-01 -1.550482107398862830e+00 4.785033054899054150e+01
5.000000000000000000e-01 -1.925452799999999520e+00 2.829281280000000720e+01
5.100000000000000089e-01 -2.135830765357775718e+00 1.460509543036383207e+01
5.200000000000000178e-01 -2.231512289110110459e+00 5.120236140103720857e+00
5.300000000000000266e-01 -2.248233392930236718e+00 -1.354195200736768356e+00
5.400000000000000355e-01 -2.211583784275119147e+00 -5.674124625541338673e+00
5.500000000000000444e-01 -2.139859981146550627e+00 -8.455685904043832579e+00
5.600000000000000533e-01 -2.046102771523859332e+00 -1.014337820208599439e+01
5.700000000000000622e-01 -1.939558372638556794e+00 -1.105835665120024203e+01
5.799999999999999600e-01 -1.826730301138081325e+00 -1.143281795439162529e+01
5.899999999999999689e-01 -1.712139157400293321e+00 -1.143459908538595293e+01
5.999999999999999778e-01 -1.598873025768617673e+00 -1.118485077600335842e+01
6.099999999999999867e-01 -1.488987150910138002e+00 -1.077078599380021018e+01
6.199999999999999956e-01 -1.383794702297227008e+00 -1.025490922396388527e+01
6.300000000000000044e-01 -1.284078567595742904e+00 -9.681719836324775841e+00
6.400000000000000133e-01 -1.190245708067912744e+00 -9.082594873424600479e+00
6.500000000000000222e-01 -1.102439625176579341e+00 -8.479354518325042278e+00
6.600000000000000311e-01 -1.020622208822546284e+00 -7.886870946177145569e+00
6.700000000000000400e-01 -9.446331646365535573e-01 -7.314980198118760768e+00
6.800000000000000488e-01 -8.742330014919533765e-01 -6.769884723951523853e+00
6.900000000000000577e-01 -8.091339557587072795e-01 -6.255182725065687066e+00
7.000000000000000666e-01 -7.490220627205085302e-01 -5.772623407448810973e+00
7.099999999999999645e-01 -6.935727352600702389e-01 -5.322660539383090139e+00
7.199999999999999734e-01 -6.424615878965531657e-01 -4.904857355259613527e+00
7.299999999999999822e-01 -5.953717879124567069e-01 -4.518181775315932569e+00
7.399999999999999911e-01 -5.519988796220660632e-01 -4.161220644119421053e+00
7.500000000000000000e-01 -5.120537803233096152e-01 -3.832334175159237244e+00
7.600000000000000089e-01 -4.752644636031370107e-01 -3.529766270833075037e+00
7.700000000000000178e-01 -4.413767103186665430e-01 -3.251722324156038013e+00
7.800000000000000266e-01 -4.101542072639451919e-01 -2.996423109221932446e+00
7.900000000000000355e-01 -3.813781991124304271e-01 -2.762141148155681236e+00
8.000000000000000444e-01 -3.548468439839778665e-01 -2.547224296722560233e+00
8.100000000000000533e-01 -3.303743819769560108e-01 -2.350110068366658922e+00
8.200000000000000622e-01 -3.077901955788315824e-01 -2.169333307018912027e+00
8.300000000000000711e-01 -2.869378183180104624e-01 -2.003529141593763274e+00
8.399999999999999689e-01 -2.676739313390071873e-01 -1.851432650052373674e+00
8.499999999999999778e-01 -2.498673752796535252e-01 -1.711876284199923770e+00
8.599999999999999867e-01 -2.333981957909741500e-01 -1.583785825380197299e+00
8.699999999999999956e-01 -2.181567344375774653e-01 -1.466175431709157539e+00
8.800000000000000044e-01 -2.040427719286696806e-01 -1.358142181424784933e+00
8.900000000000000133e-01 -1.909647271929892642e-01 -1.258860400880479569e+00
9.000000000000000222e-01 -1.788389133775954709e-01 -1.167575979630293581e+00
9.100000000000000311e-01 -1.675888501602041114e-01 -1.083600811429344057e+00
9.200000000000000400e-01 -1.571446306226252920e-01 -1.006307453167829769e+00
9.300000000000000488e-01 -1.474423401927703603e-01 -9.351240595438911063e-01
9.400000000000000577e-01 -1.384235247153806081e-01 -8.695296264828038524e-01
9.500000000000000666e-01 -1.300347044754351367e-01 -8.090495585398046474e-01
9.599999999999999645e-01 -1.222269309122533260e-01 -7.532515629854060757e-01
9.699999999999999734e-01 -1.149553827813732110e-01 -7.017418646146666994e-01
9.799999999999999822e-01 -1.081789986118681379e-01 -6.541617295300224955e-01
9.899999999999999911e-01 -1.018601424442024117e-01 -6.101842824578982416e-01
1.000000000000000000e+00 -9.596430000000000238e-02 -5.695116000000000067e-01
1.010000000000000009e+00 -9.045980261715080850e-02 -5.318720611621251537e-01
1.020000000000000018e+00 -8.531757647217674823e-02 -4.970179362263000833e-01
1.030000000000000027e+00 -8.051091480016350777e-02 -4.647231952977420311e-01
1.040000000000000036e+00 -7.601527100633555245e-02 -4.347815184899405661e-01
1.050000000000000044e+00 -7.180807073953095199e-02 -4.070044905791010414e-01
1.060000000000000053e+00 -6.786854116456053632e-02 -3.812199639683097607e-01
1.070000000000000062e+00 -6.417755582666181957e-02 -3.572705748834604789e-01
1.080000000000000071e+00 -6.071749364651386066e-02 -3.350123988283207899e-01
1.090000000000000080e+00 -5.747211071851180547e-02 -3.143137324209405725e-01
1.100000000000000089e+00 0.000000000000000000e+00 -2.950539897946771184e-01
1.110000000000000098e+00 0.000000000000000000e+00 -2.771227027592860215e-01
1.120000000000000107e+00 0.000000000000000000e+00 -2.604186148715672555e-01
1.130000000000000115e+00 0.000000000000000000e+00 -2.448488604560351833e-01
1.140000000000000124e+00 0.000000000000000000e+00 -2.303282204421369939e-01
1.150000000000000133e+00 0.000000000000000000e+00 -2.167784476459807541e-01
1.159999999999999920e+00 0.000000000000000000e+00 -2.041276548231383547e-01
1.169999999999999929e+00 0.000000000000000000e+00 -1.923097594576064495e-01
1.179999999999999938e+00 0.000000000000000000e+00 -1.812639798338195607e-01
1.189999999999999947e+00 0.000000000000000000e+00 -1.709343774673764971e-01
1.199999999999999956e+00 0.000000000000000000e+00 -1.612694414497376494e-01
