0.000000000000000000e+00 2.580684936478351321e+22 3.097010961886904172e+25
1.000000000000000021e-02 1.290499999977279639e+22 1.548599999986367528e+25
2.000000000000000042e-02 3.150634762074998784e+18 1.890380858309999329e+21
2.999999999999999889e-02 2.428303392920607600e+16 9.713213634014390272e+18
4.000000000000000083e-02 7.691978853576657500e+14 2.307593739276122240e+17
5.000000000000000278e-02 5.285886545919996875e+13 1.268612945510399200e+16
5.999999999999999778e-02 5.928470286776898438e+12 1.185694544323829250e+15
7.000000000000000666e-02 9.323535508471228027e+11 1.598322028167755312e+14
8.000000000000000167e-02 1.877915993228554077e+11 2.816880490086971875e+13
8.999999999999999667e-02 4.569238549691477203e+10 6.092346567380859375e+12
1.000000000000000056e-01 1.290477279999999237e+10 1.548586367999999023e+12
1.100000000000000006e-01 4.111802454075246334e+09 4.485672630887673340e+11
1.199999999999999956e-01 1.447305541175156593e+09 1.447343585585307312e+11
1.300000000000000044e-01 5.538611126690340042e+08 5.112781365107144928e+10
1.400000000000000133e-01 2.275956755992607772e+08 1.950949395859894943e+10
1.499999999999999944e-01 9.944336202287746966e+07 7.956266810938565254e+09
1.600000000000000033e-01 4.583422784962747991e+07 3.438074920295547485e+09
1.700000000000000122e-01 2.214044559242625535e+07 1.563187196380882263e+09
1.799999999999999933e-01 1.114879197589459084e+07 7.434754634363799095e+08
1.900000000000000022e-01 5.825791469962689094e+06 3.680972295198781490e+08
2.000000000000000111e-01 3.147084765624998137e+06 1.889315859374998808e+08
2.099999999999999922e-01 1.751742263853026088e+06 1.001752454961175025e+08
2.200000000000000011e-01 1.001885449226081138e+06 5.470294857010509074e+07
2.300000000000000100e-01 5.873414023565164534e+05 3.068393654813527316e+07
2.399999999999999911e-01 3.521757679433946032e+05 1.763851059260011092e+07
2.500000000000000000e-01 2.155793612799999828e+05 1.037014401023999974e+07
2.600000000000000089e-01 1.344960144665019470e+05 6.224480872665486299e+06
2.700000000000000178e-01 8.539264604319566570e+04 3.808260777757079341e+06
2.800000000000000266e-01 5.510124071427141462e+04 2.371584814803835470e+06
2.899999999999999800e-01 3.609192364936610829e+04 1.501361574990599649e+06
2.999999999999999889e-01 2.397137443290977899e+04 9.650881734755133511e+05
3.099999999999999978e-01 1.612791593704020124e+04 6.292612415283437585e+05
3.200000000000000067e-01 1.098170673978770719e+04 4.157814369099009782e+05
3.300000000000000155e-01 7.561399220018893175e+03 2.781585868486286490e+05
3.400000000000000244e-01 5.260606615786129623e+03 1.882638858712606307e+05
3.500000000000000333e-01 3.695333293648050585e+03 1.288159088225579762e+05
3.599999999999999867e-01 2.619129649378685826e+03 8.904389229757447902e+04
3.699999999999999956e-01 1.871814795086419736e+03 6.214348395057117887e+04
3.800000000000000044e-01 1.348033152613386846e+03 4.376091408024986595e+04
3.900000000000000133e-01 9.777074705983121703e+02 3.107666829754221180e+04
4.000000000000000222e-01 7.137291908264155609e+02 2.224390697479246592e+04
4.100000000000000311e-01 5.241111263824668640e+02 1.603979681046849510e+04
4.199999999999999845e-01 3.869265601550889073e+02 1.164635365131951403e+04
4.299999999999999933e-01 2.870093163136248791e+02 8.511073229366758824e+03
4.400000000000000022e-01 2.137795055589731135e+02 6.257313742167500095e+03
4.500000000000000111e-01 1.597966815706476780e+02 4.626059249002195429e+03
4.600000000000000200e-01 1.197879237135978769e+02 3.437693722994541531e+03
4.700000000000000289e-01 8.998905941709179501e+01 2.566668764080173332e+03
4.799999999999999822e-01 6.769429576631510770e+01 1.924562045957752844e+03
4.899999999999999911e-01 5.094580235025497927e+01 1.448648118518164665e+03
5.000000000000000000e-01 3.831807999999999481e+01 1.094123520000000099e+03
5.100000000000000089e-01 2.876705187479671366e+01 8.287755061610165512e+02
5.200000000000000178e-01 2.152369503636981563e+01 6.292984099439599959e+02
5.300000000000000266e-01 1.601855372656779508e+01 4.787297850516321205e+02
5.400000000000000355e-01 1.182781800403556183e+01 3.646534057628107917e+02
5.500000000000000444e-01 8.634565635527646776e+00 2.779312777437954765e+02
5.600000000000000533e-01 6.200736130173972960e+00 2.118031507196049574e+02
5.700000000000000622e-01 4.346748815726267701e+00 1.612430579370183636e+02
5.799999999999999600e-01 2.936598540800997803e+00 1.224967843269306229e+02
5.899999999999999689e-01 1.866899492272994010e+00 9.274749060437910941e+01
5.999999999999999778e-01 1.058790657147267389e+00 6.987265813608665610e+01
6.099999999999999867e-01 4.519266143210280973e-01 5.226648268561187649e+01
6.199999999999999956e-01 -4.192054097185149431e-06 3.870943573101367718e+01
6.300000000000000044e-01 -3.326367502971643297e-01 2.827200047196763677e+01
6.400000000000000133e-01 -5.734550938057627611e-01 2.024329642756334380e+01
6.500000000000000222e-01 -7.436999313939707257e-01 1.407791987631464892e+01
6.600000000000000311e-01 -8.598150605709786731e-01 9.356180239162277701e+00
6.700000000000000400e-01 -9.345481028887816510e-01 5.754233320334432022e+00
6.800000000000000488e-01 -9.777911024320824485e-01 3.021558826452270807e+00
6.900000000000000577e-01 -9.972245959896008927e-01 9.639113083221353406e-01
7.000000000000000666e-01 -9.988126537105008751e-01 -5.696329002449331824e-01
7.099999999999999645e-01 -9.871845033744147679e-01 -1.696551329602044689e+00
7.199999999999999734e-01 -9.659295443697237804e-01 -2.508430023727632019e+00
7.299999999999999822e-01 -9.378260044368532666e-01 -3.076761218618994320e+00
7.399999999999999911e-01 -9.050185966781560953e-01 -3.457406283245862078e+00
7.500000000000000000e-01 -8.691568627938002223e-01 -3.694041217595179560e+00
7.600000000000000089e-01 -8.315031245841977281e-01 -3.820824024390487850e+00
7.700000000000000178e-01 -7.930168775364905276e-01 -3.864465100560270372e+00
7.800000000000000266e-01 -7.544208770629137195e-01 -3.845838235629061685e+00
7.900000000000000355e-01 -7.162529635040892906e-01 -3.781237066965782212e+00
8.000000000000000444e-01 -6.789067527279255554e-01 -3.683357150293885773e+00
8.100000000000000533e-01 -6.426636153135225626e-01 -3.562065116596835335e+00
8.200000000000000622e-01 -6.077178267806581102e-01 -3.425002196361758955e+00
8.300000000000000711e-01 -5.741963549997732841e-01 -3.278058582027910894e+00
8.399999999999999689e-01 -5.421744293512578139e-01 -3.125746838702348374e+00
8.499999999999999778e-01 -5.116877871546708922e-01 -2.971496241439477437e+00
8.599999999999999867e-01 -4.827422995020883567e-01 -2.817885050025369154e+00
8.699999999999999956e-01 -4.553215280896044659e-01 -2.666823980018863338e+00
8.800000000000000044e-01 -4.293926471738931383e-01 -2.519701228400694326e+00
8.900000000000000133e-01 -4.049110729110325102e-01 -2.377497164307921906e+00
9.000000000000000222e-01 -3.818240703279087156e-01 -2.240875048760736732e+00
9.100000000000000311e-01 -3.600735516209547793e-01 -2.110252786909304401e+00
9.200000000000000400e-01 -3.395982349698992708e-01 -1.985859654255567985e+00
9.300000000000000488e-01 -3.203352979638360853e-01 -1.867781107251749173e+00
9.400000000000000577e-01 -3.022216320227049113e-01 -1.755994136982334863e+00
9.500000000000000666e-01 -2.851947822730647730e-01 -1.650395112529096320e+00
9.599999999999999645e-01 -2.691936399670553648e-01 -1.550821657401662446e+00
9.699999999999999734e-01 -2.541589407525786659e-01 -1.457069784335068618e+00
9.799999999999999822e-01 -2.400336111556579111e-01 -1.368907262383678880e+00
9.899999999999999911e-01 -2.267629969301626358e-01 -1.286083991249028502e+00
1.000000000000000000e+00 -2.142950000000000133e-01 -1.208339999999999970e+00
1.010000000000000009e+00 -2.025801451977089496e-01 -1.135411562053438406e+00
1.020000000000000018e+00 -1.915715936018215493e-01 -1.067035818652589896e+00
1.030000000000000027e+00 -1.812251157646359578e-01 -1.002954223751916008e+00
1.040000000000000036e+00 -1.714990353210583685e-01 -9.429150599782363251e-01
1.050000000000000044e+00 -1.623541512342603632e-01 -8.866752248724510954e-01
1.060000000000000053e+00 -1.537536451509332880e-01 -8.340014463055022143e-01
1.070000000000000062e+00 -1.456629789171099143e-01 -7.846710537370554794e-01
1.080000000000000071e+00 -1.380497861725148712e-01 -7.384724062066017058e-01
1.090000000000000080e+00 -1.308837610394947837e-01 -6.952050573139360035e-01
1.100000000000000089e+00 0.000000000000000000e+00 -6.546797209260755146e-01
1.110000000000000098e+00 0.000000000000000000e+00 -6.167180881183959018e-01
1.120000000000000107e+00 0.000000000000000000e+00 -5.811525352637503250e-01
1.130000000000000115e+00 0.000000000000000000e+00 -5.478257547016271989e-01
1.140000000000000124e+00 0.000000000000000000e+00 -5.165903326320010480e-01
1.150000000000000133e+00 0.000000000000000000e+00 -4.873082934510661324e-01
1.159999999999999920e+00 0.000000000000000000e+00 -4.598506254105918511e-01
1.169999999999999929e+00 0.000000000000000000e+00 -4.340967990244088415e-01
1.179999999999999938e+00 0.000000000000000000e+00 -4.099342868920904936e-01
1.189999999999999947e+00 0.000000000000000000e+00 -3.872580914226764759e-01
1.199999999999999956e+00 0.000000000000000000e+00 -3.659702852089617986e-01
