0.000000000000000000e+00 1.858773071117949075e+21 2.230663842670365230e+24
1.000000000000000021e-02 9.294999999137696973e+20 1.115399999948261765e+24
2.000000000000000042e-02 2.269287095901561920e+17 1.361572261582968422e+20
2.999999999999999889e-02 1.749018117040895500e+15 6.996072704734225920e+17
4.000000000000000083e-02 5.540249626647947656e+13 1.662075203778075800e+16
5.000000000000000278e-02 3.807226481279997559e+12 9.137350177535995000e+14
5.999999999999999778e-02 4.270045569007780151e+11 8.540109620097178125e+13
7.000000000000000666e-02 6.715342595156724548e+10 1.151207870108922070e+13
8.000000000000000167e-02 1.352567626342177010e+10 2.028876110114156738e+12
8.999999999999999667e-02 3.290924120130395412e+09 4.388006998145841064e+11
1.000000000000000056e-01 9.294137699999994040e+08 1.115348261999999390e+11
1.100000000000000006e-01 2.961186704747881293e+08 3.230650993835807800e+10
1.199999999999999956e-01 1.042207323697706312e+08 1.042351714960351944e+10
1.300000000000000044e-01 3.987811785284575075e+07 3.681881562017025471e+09
1.400000000000000133e-01 1.638360609093295783e+07 1.404799903490531445e+09
1.499999999999999944e-01 7.156408431265185587e+06 5.728154849264550209e+08
1.600000000000000033e-01 3.297107655926082749e+06 2.474758132639180422e+08
1.700000000000000122e-01 1.591800927192202769e+06 1.124885044828297943e+08
1.799999999999999933e-01 8.009526200630734675e+05 5.348135016981375962e+07
1.900000000000000022e-01 4.181254216059916653e+05 2.646580215189057961e+07
2.000000000000000111e-01 2.255813671874998545e+05 1.357530234374999255e+07
2.099999999999999922e-01 1.253569888579871476e+05 7.191982467622469179e+06
2.200000000000000011e-01 7.154594030627691245e+04 3.923247846388629172e+06
2.300000000000000100e-01 4.183210477255782462e+04 2.197740089463119861e+06
2.399999999999999911e-01 2.500034239756694296e+04 1.261297687272546114e+06
2.500000000000000000e-01 1.524122419199999968e+04 7.400555151360000018e+05
2.600000000000000089e-01 9.461092567912859522e+03 4.431074471286857734e+05
2.700000000000000178e-01 5.970184940057248241e+03 2.702876573867538827e+05
2.800000000000000266e-01 3.823758646827165649e+03 1.677098235626230307e+05
2.899999999999999800e-01 2.482113316673297959e+03 1.057074630961241492e+05
2.999999999999999889e-01 1.630732912966821004e+03 6.759502296586078592e+04
3.099999999999999978e-01 1.082913367424443777e+03 4.379974635962207685e+04
3.200000000000000067e-01 7.259047898511281574e+02 2.872720359958779591e+04
3.300000000000000155e-01 4.905221297324310399e+02 1.905114982263179263e+04
3.400000000000000244e-01 3.336760868062958707e+02 1.276185066368866137e+04
3.500000000000000333e-01 2.281550888194734341e+02 8.626603262592645478e+03
3.599999999999999867e-01 1.565505193023303718e+02 5.878575895563494669e+03
3.699999999999999956e-01 1.075896362488444140e+02 4.034394945477187321e+03
3.800000000000000044e-01 7.388995384258628008e+01 2.785560614244102453e+03
3.900000000000000133e-01 5.056542503818131706e+01 1.932873153593842972e+03
4.000000000000000222e-01 3.435027122497555752e+01 1.346291828155516669e+03
4.100000000000000311e-01 2.304158197059308222e+01 9.400456063793567409e+02
4.199999999999999845e-01 1.514068453535714198e+01 6.570125605664834438e+02
4.299999999999999933e-01 9.619930330063608537e+00 4.588033396205170220e+02
4.400000000000000022e-01 5.769505307479391831e+00 3.193971095994154439e+02
4.500000000000000111e-01 3.095844490538331328e+00 2.210151238812302381e+02
4.600000000000000200e-01 1.253659682961009381e+00 1.514189518457139911e+02
4.700000000000000289e-01 7.110831283441143569e-05 1.021250663469424040e+02
4.799999999999999822e-01 -8.365936122594286317e-01 6.721459246069422022e+01
4.899999999999999911e-01 -1.378184039425758733e+00 4.253318978399170192e+01
5.000000000000000000e-01 -1.711488000000000120e+00 2.514892800000001216e+01
5.100000000000000089e-01 -1.898488976442481491e+00 1.298220556957198113e+01
5.200000000000000178e-01 -1.983538705170659000e+00 4.551313489570986803e+00
5.300000000000000266e-01 -1.998402169705259857e+00 -1.203673649153977010e+00
5.400000000000000355e-01 -1.965825513715032669e+00 -5.043570046197082490e+00
5.500000000000000444e-01 -1.902072121893344958e+00 -7.516043743857910187e+00
5.600000000000000533e-01 -1.818733673599044032e+00 -9.016200494296978007e+00
5.700000000000000622e-01 -1.724028935769588156e+00 -9.829508201097514331e+00
5.799999999999999600e-01 -1.623738747604748456e+00 -1.016236153997932412e+01
5.899999999999999689e-01 -1.521881376459422119e+00 -1.016394721041837990e+01
5.999999999999999778e-01 -1.421201756756629742e+00 -9.941953516476896624e+00
6.099999999999999867e-01 -1.323526753703775372e+00 -9.573902213149457552e+00
6.199999999999999956e-01 -1.230023617594115715e+00 -9.115352215795429203e+00
6.300000000000000044e-01 -1.141388242407425091e+00 -8.605858078488399343e+00
6.400000000000000133e-01 -1.057982369023855451e+00 -8.073310199115349306e+00
6.500000000000000222e-01 -9.799335543868414877e-01 -7.537104086968858141e+00
6.600000000000000311e-01 -9.072079246583042433e-01 -7.010459314826208654e+00
6.700000000000000400e-01 -8.396629988771617814e-01 -6.502118942618539954e+00
6.800000000000000488e-01 -7.770858996506193606e-01 -6.017596207561626720e+00
6.900000000000000577e-01 -7.192208410730929202e-01 -5.560089485067199355e+00
7.000000000000000666e-01 -6.657887475475696704e-01 -5.131153617026534164e+00
7.099999999999999645e-01 -6.165011013560139919e-01 -4.731191957467218323e+00
7.199999999999999734e-01 -5.710695639243282828e-01 -4.359816282964211531e+00
7.299999999999999822e-01 -5.292125100906803770e-01 -4.016109207225900590e+00
7.399999999999999911e-01 -4.906593163026445881e-01 -3.698814613175773758e+00
7.500000000000000000e-01 -4.551530236620809911e-01 -3.406474935520593217e+00
7.600000000000000089e-01 -4.224518341859158643e-01 -3.137529221896788290e+00
7.700000000000000178e-01 -3.923297783431811125e-01 -2.890382289210262190e+00
7.800000000000000266e-01 -3.645768027631246522e-01 -2.663452625774376692e+00
7.900000000000000355e-01 -3.389984608590959625e-01 -2.455204717170343276e+00
8.000000000000000444e-01 -3.154153400100766502e-01 -2.264170011039822406e+00
8.100000000000000533e-01 -2.936623224904495455e-01 -2.088959649460412571e+00
8.200000000000000622e-01 -2.735877502924340399e-01 -1.928271289180068182e+00
8.300000000000000711e-01 -2.550525439409079831e-01 -1.780891727841227734e+00
8.399999999999999689e-01 -2.379293105732018798e-01 -1.645696605405165380e+00
8.499999999999999778e-01 -2.221014656202519311e-01 -1.521648115137297586e+00
8.599999999999999867e-01 -2.074623843917373367e-01 -1.407791408735378669e+00
8.699999999999999956e-01 -1.939145939987535205e-01 -1.303250193943336077e+00
8.800000000000000044e-01 -1.813690117918496936e-01 -1.207221884271137968e+00
8.900000000000000133e-01 -1.697442334373495398e-01 -1.118972557286714409e+00
9.000000000000000222e-01 -1.589658715919053666e-01 -1.037831901432113124e+00
9.100000000000000311e-01 -1.489659446328160386e-01 -9.631882747612248163e-01
9.200000000000000400e-01 -1.396823138864136948e-01 -8.944839573924823206e-01
9.300000000000000488e-01 -1.310581671389745018e-01 -8.312106490585582375e-01
9.400000000000000577e-01 -1.230415458169996645e-01 -7.729052410928661798e-01
9.500000000000000666e-01 -1.155849130137601849e-01 -7.191458763971184664e-01
9.599999999999999645e-01 -1.086447594626089724e-01 -6.695482997890188637e-01
9.699999999999999734e-01 -1.021812445745062248e-01 -6.237624934337884230e-01
9.799999999999999822e-01 -9.615786973772179336e-02 -5.814695869149444363e-01
9.899999999999999911e-01 -9.054118119984139179e-02 -5.423790282203292401e-01
1.000000000000000000e+00 -8.530050000000000132e-02 -5.062259999999999538e-01
1.010000000000000009e+00 -8.040767658108627369e-02 -4.727690645120929958e-01
1.020000000000000018e+00 -7.583686787921219141e-02 -4.417880204265237643e-01
1.030000000000000027e+00 -7.156433485519214655e-02 -4.130819548925403484e-01
1.040000000000000036e+00 -6.756825859612579366e-02 -3.864674748377372460e-01
1.050000000000000044e+00 -6.382857327178033391e-02 -3.617771022376244927e-01
1.060000000000000053e+00 -6.032681437866847796e-02 -3.388578189918319272e-01
1.070000000000000062e+00 -5.704598084358359494e-02 -3.175697480045008847e-01
1.080000000000000071e+00 -5.397040968746866230e-02 -2.977849580489288495e-01
1.090000000000000080e+00 -5.108566206981090402e-02 -2.793863809696899847e-01
1.100000000000000089e+00 0.000000000000000000e+00 -2.622668307186198366e-01
1.110000000000000098e+00 0.000000000000000000e+00 -2.463281146207490224e-01
1.120000000000000107e+00 0.000000000000000000e+00 -2.314802281142939455e-01
1.130000000000000115e+00 0.000000000000000000e+00 -2.176406250007843768e-01
1.140000000000000124e+00 0.000000000000000000e+00 -2.047335559756677248e-01
1.150000000000000133e+00 0.000000000000000000e+00 -1.926894688865554151e-01
1.159999999999999920e+00 0.000000000000000000e+00 -1.814444647872468230e-01
1.169999999999999929e+00 0.000000000000000000e+00 -1.709398044232331160e-01
1.179999999999999938e+00 0.000000000000000000e+00 -1.611214603015382607e-01
1.189999999999999947e+00 0.000000000000000000e+00 -1.519397099677662621e-01
1.199999999999999956e+00 0.000000000000000000e+00 -1.433487665395246080e-01
