0.000000000000000000e+00 4.794614647684865065e+20 5.753888788609140187e+23
1.000000000000000021e-02 2.397599999620719247e+20 2.877119999772431242e+23
2.000000000000000042e-02 5.853515565737498400e+16 3.512109357221249024e+19
2.999999999999999889e-02 4.511506871891482500e+14 1.804602852811462400e+17
4.000000000000000083e-02 1.429080037158202734e+13 4.287241500439452000e+15
5.000000000000000278e-02 9.820545326079993896e+11 2.356933791129598438e+14
5.999999999999999778e-02 1.101434105128791962e+11 2.202876339544277734e+13
7.000000000000000666e-02 1.732176598368726349e+10 2.969473230004732422e+12
8.000000000000000167e-02 3.488822511315344810e+09 5.233342279851434937e+11
8.999999999999999667e-02 8.488483410511853695e+08 1.131845366883832397e+11
1.000000000000000056e-01 2.397220719999998510e+08 2.876892431999998093e+10
1.100000000000000006e-01 7.637351548701606691e+07 8.332824018613702774e+09
1.199999999999999956e-01 2.687797754069979116e+07 2.688432854592955589e+09
1.300000000000000044e-01 1.028311672520558909e+07 9.495734413727648258e+08
1.400000000000000133e-01 4.223988250684585422e+06 3.622720170323522091e+08
1.499999999999999944e-01 1.844583672001220053e+06 1.476998839932937622e+08
1.600000000000000033e-01 8.495379466621668544e+05 6.380012168592654914e+07
1.700000000000000122e-01 4.099474668502531131e+05 2.899292682795179263e+07
1.799999999999999933e-01 2.061406599068355281e+05 1.377988161013152264e+07
1.900000000000000022e-01 1.075200107203173538e+05 6.816196205259073526e+06
2.000000000000000111e-01 5.794253124999996362e+04 3.494330624999997672e+06
2.099999999999999922e-01 3.215233937943826822e+04 1.849911561665952206e+06
2.200000000000000011e-01 1.831658333794288046e+04 1.008209673782287864e+06
2.300000000000000100e-01 1.068443109889161315e+04 5.641322697211385239e+05
2.399999999999999911e-01 6.366638398864544797e+03 3.232936427789825248e+05
2.500000000000000000e-01 3.867152220160000070e+03 1.893517806796799996e+05
2.600000000000000089e-01 2.389667145333453391e+03 1.131256636783924623e+05
2.700000000000000178e-01 1.499493404596770688e+03 6.881968014874753135e+04
2.800000000000000266e-01 9.537702146934892653e+02 4.256243868297379959e+04
2.899999999999999800e-01 6.138792141847250150e+02 2.672114276022859849e+04
2.999999999999999889e-01 3.991233043743333155e+02 1.700548087181832670e+04
3.099999999999999978e-01 2.616586242601501340e+02 1.095586153389257379e+04
3.200000000000000067e-01 1.726354476900837085e+02 7.136139337315936245e+03
3.300000000000000155e-01 1.143823983311901600e+02 4.693325950516396915e+03
3.400000000000000244e-01 7.591648000200223123e+01 3.112675330436791228e+03
3.500000000000000333e-01 5.031878238475393061e+01 2.078915251429663840e+03
3.599999999999999867e-01 3.317567505359826896e+01 1.396253879462274881e+03
3.699999999999999956e-01 2.163879193302285842e+01 9.415158175000993879e+02
3.800000000000000044e-01 1.385008105186800087e+01 6.362669655941790552e+02
3.900000000000000133e-01 8.585437276134305407e+00 4.299957134254208313e+02
4.000000000000000222e-01 5.031044006347650921e+00 2.898278045654294601e+02
4.100000000000000311e-01 2.641348725484399473e+00 1.941565511551478949e+02
4.199999999999999845e-01 1.047877860165045583e+00 1.286505056993097469e+02
4.299999999999999933e-01 8.364135156657681591e-05 8.372287085177053712e+01
4.400000000000000022e-01 -6.734039351412768326e-01 5.291029668324641477e+01
4.500000000000000111e-01 -1.090391166975972048e+00 3.182378616283514816e+01
4.600000000000000200e-01 -1.332197709305372513e+00 1.746334947065184195e+01
4.700000000000000289e-01 -1.455133151538976044e+00 7.766261652326882370e+00
4.799999999999999822e-01 -1.498267369931360671e+00 1.306775406054391908e+00
4.899999999999999911e-01 -1.488727987101033934e+00 -2.905082470995644428e+00
5.000000000000000000e-01 -1.445335040000000237e+00 -5.559336960000003103e+00
5.100000000000000089e-01 -1.381109418355237706e+00 -7.138402439562003821e+00
5.200000000000000178e-01 -1.305013277505581826e+00 -7.980269974269392108e+00
5.300000000000000266e-01 -1.223163353771383299e+00 -8.322012807892290809e+00
5.400000000000000355e-01 -1.139680380348977229e+00 -8.329911663988013970e+00
5.500000000000000444e-01 -1.057285889818151414e+00 -8.120424846711323141e+00
5.600000000000000533e-01 -9.777227690111927050e-01 -7.774855794916356366e+00
5.700000000000000622e-01 -9.020522800024856069e-01 -7.349657040516771822e+00
5.799999999999999600e-01 -8.308641365810548463e-01 -6.883696838487532332e+00
5.899999999999999689e-01 -7.644251649609484778e-01 -6.403401103450900855e+00
5.999999999999999778e-01 -7.027844459686025669e-01 -5.926402225270539503e+00
6.099999999999999867e-01 -6.458475412855841924e-01 -5.464134173427765084e+00
6.199999999999999956e-01 -5.934287138137857021e-01 -5.023681144760348438e+00
6.300000000000000044e-01 -5.452874644728176179e-01 -4.609095613947176595e+00
6.400000000000000133e-01 -5.011538859230751930e-01 -4.222338103731116732e+00
6.500000000000000222e-01 -4.607460456812378924e-01 -3.863946591790630158e+00
6.600000000000000311e-01 -4.237816968940829043e-01 -3.533512299207545837e+00
6.700000000000000400e-01 -3.899859638462078726e-01 -3.230016622566553863e+00
6.800000000000000488e-01 -3.590961839367823316e-01 -2.952068403928462370e+00
6.900000000000000577e-01 -3.308647543806875202e-01 -2.698069664936559420e+00
7.000000000000000666e-01 -3.050605923194005809e-01 -2.466330033883136430e+00
7.099999999999999645e-01 -2.814696445725020646e-01 -2.255144440607926626e+00
7.199999999999999734e-01 -2.598947589258832069e-01 -2.062844594006916221e+00
7.299999999999999822e-01 -2.401551391178779471e-01 -1.887831833460658748e+00
7.399999999999999911e-01 -2.220855408920857921e-01 -1.728596835438331425e+00
7.500000000000000000e-01 -2.055353197134583143e-01 -1.583730130504496403e+00
7.600000000000000089e-01 -1.903674070150240816e-01 -1.451926280513290202e+00
7.700000000000000178e-01 -1.764572675673409807e-01 -1.331983764052317554e+00
7.800000000000000266e-01 -1.636918731464945542e-01 -1.222802036342254484e+00
7.900000000000000355e-01 -1.519687152387591833e-01 -1.123376807449521175e+00
8.000000000000000444e-01 -1.411948706954717081e-01 -1.032794276252388732e+00
8.100000000000000533e-01 -1.312861280470920822e-01 -9.502248355693960757e-01
8.200000000000000622e-01 -1.221661778775373491e-01 -8.749166033184229141e-01
8.300000000000000711e-01 -1.137658677214325870e-01 -8.061890188721538841e-01
8.399999999999999689e-01 -1.060225199934069773e-01 -7.434266607739402621e-01
8.499999999999999778e-01 -9.887931020959195294e-02 -6.860733828164990999e-01
8.599999999999999867e-01 -9.228470201271850304e-02 -6.336268236868691783e-01
8.699999999999999956e-01 -8.619193511496578419e-02 -5.856333162041025275e-01
8.800000000000000044e-01 -8.055856211902845398e-02 -5.416832021500374017e-01
8.900000000000000133e-01 -7.534603018959627752e-02 -5.014065452755808172e-01
9.000000000000000222e-01 -7.051930366829699259e-02 -4.644692263934828147e-01
9.100000000000000311e-01 -6.604652391483600837e-02 -4.305693991815287558e-01
9.200000000000000400e-01 -6.189870288697037898e-02 -3.994342824223663380e-01
9.300000000000000488e-01 -5.804944722200078983e-02 -3.708172631726567303e-01
9.400000000000000577e-01 -5.447470983878982542e-02 -3.444952852581322778e-01
9.500000000000000666e-01 -5.115256633254892243e-02 -3.202664981515528364e-01
9.599999999999999645e-01 -4.806301367866136487e-02 -2.979481424337482309e-01
9.699999999999999734e-01 -4.518778899282753503e-02 -2.773746494687999165e-01
9.799999999999999822e-01 -4.251020631068327255e-02 -2.583959345054243073e-01
9.899999999999999911e-01 -4.001500954975709123e-02 -2.408758640522455086e-01
1.000000000000000000e+00 -3.768824000000000479e-02 -2.246908800000000095e-01
1.010000000000000009e+00 -3.551711685647197803e-02 -2.097287645359747210e-01
1.020000000000000018e+00 -3.348992945978043756e-02 -1.958875313882528224e-01
1.030000000000000027e+00 -3.159594004742257572e-02 -1.830744303340631485e-01
1.040000000000000036e+00 -2.982529594328565264e-02 -1.712050532000673475e-01
1.050000000000000044e+00 -2.816895022425175421e-02 -1.602025307706828605e-01
1.060000000000000053e+00 -2.661859000318482840e-02 -1.499968111051335762e-01
1.070000000000000062e+00 -2.516657155756512471e-02 -1.405240107488835155e-01
1.080000000000000071e+00 -2.380586161364942749e-02 -1.317258312159803324e-01
1.090000000000000080e+00 -2.252998416818403904e-02 -1.235490339219807998e-01
1.100000000000000089e+00 0.000000000000000000e+00 -1.159449674692973886e-01
1.110000000000000098e+00 0.000000000000000000e+00 -1.088691418347915163e-01
1.120000000000000107e+00 0.000000000000000000e+00 -1.022808445898798768e-01
1.130000000000000115e+00 0.000000000000000000e+00 -9.614279480266411937e-02
1.140000000000000124e+00 0.000000000000000000e+00 -9.042083073559489814e-02
1.150000000000000133e+00 0.000000000000000000e+00 -8.508362786648339393e-02
1.159999999999999920e+00 0.000000000000000000e+00 -8.010244413036810007e-02
1.169999999999999929e+00 0.000000000000000000e+00 -7.545088960949104806e-02
1.179999999999999938e+00 0.000000000000000000e+00 -7.110471819266485360e-02
1.189999999999999947e+00 0.000000000000000000e+00 -6.704163898743893679e-02
1.199999999999999956e+00 0.000000000000000000e+00 -6.324114550215646779e-02
