0.000000000000000000e+00 3.236304894511500493e+20 3.883802936705699870e+23
1.000000000000000021e-02 1.618349999743984599e+20 1.942019999846390468e+23
2.000000000000000042e-02 3.951049764685155200e+16 2.370629870811795866e+19
2.999999999999999889e-02 3.045210688232684375e+14 1.218084345530384960e+17
4.000000000000000083e-02 9.646111436859128906e+12 2.893834368612670000e+15
5.000000000000000278e-02 6.628745215039996338e+11 1.590900817804799062e+14
5.999999999999999778e-02 7.434542391307612610e+10 1.486913965551474219e+13
7.000000000000000666e-02 1.169197529529149246e+10 2.004357274263636719e+12
8.000000000000000167e-02 2.354911539010703087e+09 3.532440554995088501e+11
8.999999999999999667e-02 5.729620079028980732e+08 7.639814596964958191e+10
1.000000000000000056e-01 1.618093984999999106e+08 1.941866390999998856e+10
1.100000000000000006e-01 5.155116700483532995e+07 5.624551930308595657e+09
1.199999999999999956e-01 1.814229833651820943e+07 1.814658528179319859e+09
1.300000000000000044e-01 6.940975002848898992e+06 6.409501858829796314e+08
1.400000000000000133e-01 2.851139140196829569e+06 2.445290752932876945e+08
1.499999999999999944e-01 1.245070847781786229e+06 9.969557158111630380e+07
1.600000000000000033e-01 5.734274498954617884e+05 4.306428255390527099e+07
1.700000000000000122e-01 2.767093868469516165e+05 1.956986199436089769e+07
1.799999999999999933e-01 1.391423492063489684e+05 9.301247102791756392e+06
1.900000000000000022e-01 7.257464967766609334e+04 4.600846765133717097e+06
2.000000000000000111e-01 3.911047460937497817e+04 2.358629179687498603e+06
2.099999999999999922e-01 2.170242007525338340e+04 1.248666965673850849e+06
2.200000000000000011e-01 1.236345949893999205e+04 6.805287763570698444e+05
2.300000000000000100e-01 7.211853421354579950e+03 3.807821220978733036e+05
2.399999999999999911e-01 4.297398249968088749e+03 2.182190884944914433e+05
2.500000000000000000e-01 2.610277007360000425e+03 1.278100262092799967e+05
2.600000000000000089e-01 1.612993562388410282e+03 7.635836457421079103e+04
2.700000000000000178e-01 1.012137802595424887e+03 4.645239003601988225e+04
2.800000000000000266e-01 6.437817685215695747e+02 2.872908799792950958e+04
2.899999999999999800e-01 4.143598224449556824e+02 1.803641702917527073e+04
2.999999999999999889e-01 2.694024482491943218e+02 1.147847104382236830e+04
3.099999999999999978e-01 1.766156499635051205e+02 7.395056919598066088e+03
3.200000000000000067e-01 1.165262319733350864e+02 4.816794728262905664e+03
3.300000000000000155e-01 7.720624276199509950e+01 3.167928202201288059e+03
3.400000000000000244e-01 5.124230215543256861e+01 2.101010337008526221e+03
3.500000000000000333e-01 3.396423593190344548e+01 1.403236424032019613e+03
3.599999999999999867e-01 2.239290159421400972e+01 9.424494987276378879e+02
3.699999999999999956e-01 1.460568985687405430e+01 6.355077645879865713e+02
3.800000000000000044e-01 9.348440581500712554e+00 4.294692273851068762e+02
3.900000000000000133e-01 5.794899446310266100e+00 2.902392140863522627e+02
4.000000000000000222e-01 3.395751476287839132e+00 1.956280374526976402e+02
4.100000000000000311e-01 1.782756379379195621e+00 1.310514724910520954e+02
4.199999999999999845e-01 7.071997671725505086e-01 8.683598622234292463e+01
4.299999999999999933e-01 -3.443722942453320002e-05 5.651062195177596692e+01
4.400000000000000022e-01 -4.546184129522812256e-01 3.571270845625452495e+01
4.500000000000000111e-01 -7.360695886352006667e-01 2.147973487159730155e+01
4.600000000000000200e-01 -8.992774302569517264e-01 1.178675135253298123e+01
4.700000000000000289e-01 -9.822499738503103206e-01 5.241448964130711374e+00
4.799999999999999822e-01 -1.011358706096504800e+00 8.814698170174715131e-01
4.899999999999999911e-01 -1.004914275208748764e+00 -1.961402623875379447e+00
5.000000000000000000e-01 -9.756198399999999049e-01 -3.752924159999999176e+00
5.100000000000000089e-01 -9.322642294107728045e-01 -4.818716482294103542e+00
5.200000000000000178e-01 -8.808966953777774833e-01 -5.386917710824780769e+00
5.300000000000000266e-01 -8.256458823026819882e-01 -5.617547987967348888e+00
5.400000000000000355e-01 -7.692931695550377924e-01 -5.622843623784625322e+00
5.500000000000000444e-01 -7.136755035958926019e-01 -5.481411607575178202e+00
5.600000000000000533e-01 -6.599692655452725765e-01 -5.248129988207036689e+00
5.700000000000000622e-01 -6.088907552418335589e-01 -4.961102888942573230e+00
5.799999999999999600e-01 -5.608379890940740076e-01 -4.646565369151092639e+00
5.899999999999999689e-01 -5.159910432640167910e-01 -4.322354148919890449e+00
5.999999999999999778e-01 -4.743830225568314019e-01 -4.000370499147600789e+00
6.099999999999999867e-01 -4.359501615680955733e-01 -3.688331892515882338e+00
6.199999999999999956e-01 -4.005670722476947776e-01 -3.391019807784533935e+00
6.300000000000000044e-01 -3.680714053404567365e-01 -3.111169389357584247e+00
6.400000000000000133e-01 -3.382809634643089702e-01 -2.850103773839850696e+00
6.500000000000000222e-01 -3.110054341879060491e-01 -2.608185925874587419e+00
6.600000000000000311e-01 -2.860542943979698105e-01 -2.385139784923225648e+00
6.700000000000000400e-01 -2.632419977032438574e-01 -2.180277686501309820e+00
6.800000000000000488e-01 -2.423912425245365598e-01 -1.992660513353309515e+00
6.900000000000000577e-01 -2.233348934269200059e-01 -1.821209561326388338e+00
7.000000000000000666e-01 -2.059169665444180175e-01 -1.664783774056860288e+00
7.099999999999999645e-01 -1.899929735437245193e-01 -1.522232184251279596e+00
7.199999999999999734e-01 -1.754298346497294991e-01 -1.392428658845718870e+00
7.299999999999999822e-01 -1.621055106862716588e-01 -1.274294072032703173e+00
7.399999999999999911e-01 -1.499084603518855141e-01 -1.166809605894883139e+00
7.500000000000000000e-01 -1.387369973800290091e-01 -1.069023848341095206e+00
7.600000000000000089e-01 -1.284985994667935394e-01 -9.800556118866228239e-01
7.700000000000000178e-01 -1.191092044638297764e-01 -8.990938556716155938e-01
7.800000000000000266e-01 -1.104925175786642538e-01 -8.253957003697907080e-01
7.900000000000000355e-01 -1.025793449294563897e-01 -7.582832405626611649e-01
8.000000000000000444e-01 -9.530696284491564640e-02 -6.971396523294967063e-01
8.100000000000000533e-01 -8.861852811220365111e-02 -6.414049439368746386e-01
8.200000000000000622e-01 -8.246253146797399847e-02 -5.905715891505908255e-01
8.300000000000000711e-01 -7.679229464437181685e-02 -5.441802045963359813e-01
8.399999999999999689e-01 -7.156550996328572833e-02 -5.018153765716150128e-01
8.499999999999999778e-01 -6.674382062916159319e-02 -4.631017027790669816e-01
8.599999999999999867e-01 -6.229243936533335191e-02 -4.277000862383585345e-01
8.699999999999999956e-01 -5.817980277073103723e-02 -3.953042989404396690e-01
8.800000000000000044e-01 -5.437725867012589004e-02 -3.656378192911455272e-01
8.900000000000000133e-01 -5.085878373901635274e-02 -3.384509383346783751e-01
9.000000000000000222e-01 -4.760072876586125823e-02 -3.135181238947960525e-01
9.100000000000000311e-01 -4.458158904242075921e-02 -2.906356282031746230e-01
9.200000000000000400e-01 -4.178179752816581216e-02 -2.696193226287831313e-01
9.300000000000000488e-01 -3.918353860351069667e-02 -2.503027422897359244e-01
9.400000000000000577e-01 -3.677058039965196146e-02 -2.325353232644207235e-01
9.500000000000000666e-01 -3.452812386373814435e-02 -2.161808155646415541e-01
9.599999999999999645e-01 -3.244266688281840366e-02 -2.011158558053074696e-01
9.699999999999999734e-01 -3.050188194596113386e-02 -1.872286844711383291e-01
9.799999999999999822e-01 -2.869450596964654571e-02 -1.744179937481265541e-01
9.899999999999999911e-01 -2.701024104634890122e-02 -1.625918929916121414e-01
1.000000000000000000e+00 -2.543966500000000019e-02 -1.516669800000000068e-01
1.010000000000000009e+00 -2.397415074498978477e-02 -1.415675073244693216e-01
1.020000000000000018e+00 -2.260579354796953683e-02 -1.322246338523486997e-01
1.030000000000000027e+00 -2.132734538457554604e-02 -1.235757528446476544e-01
1.040000000000000036e+00 -2.013215566696153341e-02 -1.155638884814004647e-01
1.050000000000000044e+00 -1.901411769342185171e-02 -1.081371537705776292e-01
1.060000000000000053e+00 -1.796762023911189013e-02 -1.012482634084381355e-01
1.070000000000000062e+00 -1.698750376761471240e-02 -9.485409584406162553e-02
1.080000000000000071e+00 -1.606902079751732632e-02 -8.891529940214916439e-02
1.090000000000000080e+00 -1.520780000686108857e-02 -8.339593786031522515e-02
1.100000000000000089e+00 0.000000000000000000e+00 -7.826317136456434342e-02
1.110000000000000098e+00 0.000000000000000000e+00 -7.348696900404400045e-02
1.120000000000000107e+00 0.000000000000000000e+00 -6.903984975796895185e-02
1.130000000000000115e+00 0.000000000000000000e+00 -6.489664887810660254e-02
1.140000000000000124e+00 0.000000000000000000e+00 -6.103430708341804622e-02
1.150000000000000133e+00 0.000000000000000000e+00 -5.743168022310667781e-02
1.159999999999999920e+00 0.000000000000000000e+00 -5.406936731387364248e-02
1.169999999999999929e+00 0.000000000000000000e+00 -5.092955507975999163e-02
1.179999999999999938e+00 0.000000000000000000e+00 -4.799587732142707869e-02
1.189999999999999947e+00 0.000000000000000000e+00 -4.525328761866330429e-02
1.199999999999999956e+00 0.000000000000000000e+00 -4.268794402764358731e-02
