0.000000000000000000e+00 5.393941478645472297e+20 6.473124887185281201e+23
1.000000000000000021e-02 2.697299999573308867e+20 3.236759999743984392e+23
2.000000000000000042e-02 6.585205011454684800e+16 3.951123026873904333e+19
2.999999999999999889e-02 5.075445230877916875e+14 2.030178209412895360e+17
4.000000000000000083e-02 1.607715041802977930e+13 4.823146687994383000e+15
5.000000000000000278e-02 1.104811349183999268e+12 2.651550515020798125e+14
5.999999999999999778e-02 1.239113368269890747e+11 2.478235881987312500e+13
7.000000000000000666e-02 1.948698673164817429e+10 3.340657383755323730e+12
8.000000000000000167e-02 3.924925325229762554e+09 5.887510064832863770e+11
8.999999999999999667e-02 9.549543836825834513e+08 1.273326037744311371e+11
1.000000000000000056e-01 2.696873309999998212e+08 3.236503985999997711e+10
1.100000000000000006e-01 8.592020492289307714e+07 9.374427020940414429e+09
1.199999999999999956e-01 3.023772473328726366e+07 3.024486961417075157e+09
1.300000000000000044e-01 1.156850631585628726e+07 1.068270121544360399e+09
1.400000000000000133e-01 4.751986782020158134e+06 4.075560191613962054e+08
1.499999999999999944e-01 2.075156631001372589e+06 1.661623694924555123e+08
1.600000000000000033e-01 9.557301899949376239e+05 7.177513689666736126e+07
1.700000000000000122e-01 4.611909002065347740e+05 3.261704268144576624e+07
1.799999999999999933e-01 2.319082423951899400e+05 1.550236681139796227e+07
1.900000000000000022e-01 1.209600120603570249e+05 7.668220730916458182e+06
2.000000000000000111e-01 6.518534765624995634e+04 3.931121953124997206e+06
2.099999999999999922e-01 3.617138180186804675e+04 2.081150506874196231e+06
2.200000000000000011e-01 2.060615625518574234e+04 1.134235883005073760e+06
2.300000000000000100e-01 1.201998498625306638e+04 6.346488034362808103e+05
2.399999999999999911e-01 7.162468198722611305e+03 3.637053481263553258e+05
2.500000000000000000e-01 4.350546247679999396e+03 2.130207532646399923e+05
2.600000000000000089e-01 2.688375538500135008e+03 1.272663716381915292e+05
2.700000000000000178e-01 1.686930080171366853e+03 7.742214016734097095e+04
2.800000000000000266e-01 1.072991491530175381e+03 4.788274351834552363e+04
2.899999999999999800e-01 6.906141159578156703e+02 3.006128560525717694e+04
2.999999999999999889e-01 4.490137174211250226e+02 1.913116598079562027e+04
3.099999999999999978e-01 2.943659522926689078e+02 1.232534422562914551e+04
3.200000000000000067e-01 1.942148786513441507e+02 8.028156754480427480e+03
3.300000000000000155e-01 1.286801981225889051e+02 5.279991694330946302e+03
3.400000000000000244e-01 8.540604000225251013e+01 3.501759746741389790e+03
3.500000000000000333e-01 5.660863018284818082e+01 2.338779657858372047e+03
3.599999999999999867e-01 3.732263443529805613e+01 1.570785614395059156e+03
3.699999999999999956e-01 2.434364092465071749e+01 1.059205294687611968e+03
3.800000000000000044e-01 1.558134118335150120e+01 7.158003362934514371e+02
3.900000000000000133e-01 9.658616935651091140e+00 4.837451776035984494e+02
4.000000000000000222e-01 5.659924507141106176e+00 3.260562801361081711e+02
4.100000000000000311e-01 2.971517316169951073e+00 2.184261200495414244e+02
4.199999999999999845e-01 1.178862592685677058e+00 1.447318189117234510e+02
4.299999999999999933e-01 9.409652051317607402e-05 9.418822970824186314e+01
4.400000000000000022e-01 -7.575794270339351044e-01 5.952408376865221840e+01
4.500000000000000111e-01 -1.226690062847967777e+00 3.580175943318955945e+01
4.600000000000000200e-01 -1.498722422968543633e+00 1.964626815448333019e+01
4.700000000000000289e-01 -1.637024795481348161e+00 8.737044358867755989e+00
4.799999999999999822e-01 -1.685550791172780727e+00 1.470122331811197114e+00
4.899999999999999911e-01 -1.674818985488662593e+00 -3.268217779870091988e+00
5.000000000000000000e-01 -1.626001919999999989e+00 -6.254254079999995497e+00
5.100000000000000089e-01 -1.553748095649642114e+00 -8.030702744507244972e+00
5.200000000000000178e-01 -1.468139937193779332e+00 -8.977803721053062347e+00
5.300000000000000266e-01 -1.376058772992805990e+00 -9.362264408878823829e+00
5.400000000000000355e-01 -1.282140427892599188e+00 -9.371150621986512164e+00
5.500000000000000444e-01 -1.189446626045420174e+00 -9.135477952550232317e+00
5.600000000000000533e-01 -1.099938115137591765e+00 -8.746712769280897248e+00
5.700000000000000622e-01 -1.014808815002796294e+00 -8.268364170581365968e+00
5.799999999999999600e-01 -9.347221536536866049e-01 -7.744158943298470987e+00
5.899999999999999689e-01 -8.599783105810669959e-01 -7.203826241382259354e+00
5.999999999999999778e-01 -7.906325017146778045e-01 -6.667202503429354721e+00
6.099999999999999867e-01 -7.265784839462821054e-01 -6.147150945106234055e+00
6.199999999999999956e-01 -6.676073030405088593e-01 -5.651641287855390772e+00
6.300000000000000044e-01 -6.134483975319197091e-01 -5.185232565690571782e+00
6.400000000000000133e-01 -5.637981216634595505e-01 -4.750130366697504769e+00
6.500000000000000222e-01 -5.183393013913925040e-01 -4.346939915764457929e+00
6.600000000000000311e-01 -4.767544090058432049e-01 -3.975201336608487956e+00
6.700000000000000400e-01 -4.387342093269838705e-01 -3.633768700387371986e+00
6.800000000000000488e-01 -4.039832069288801231e-01 -3.321076954419519112e+00
6.900000000000000577e-01 -3.722228486782733770e-01 -3.035328373053628681e+00
7.000000000000000666e-01 -3.431931663593255633e-01 -2.774621288118527485e+00
7.099999999999999645e-01 -3.166533501440647602e-01 -2.537037495683916788e+00
7.199999999999999734e-01 -2.923816037916185384e-01 -2.320700168257779694e+00
7.299999999999999822e-01 -2.701745315076126697e-01 -2.123810812643240453e+00
7.399999999999999911e-01 -2.498462335035964987e-01 -1.944671439868122187e+00
7.500000000000000000e-01 -2.312272346776405862e-01 -1.781696396817558092e+00
7.600000000000000089e-01 -2.141633328919020918e-01 -1.633417065577451144e+00
7.700000000000000178e-01 -1.985144260132585825e-01 -1.498481734558856804e+00
7.800000000000000266e-01 -1.841533572898063631e-01 -1.375652290885036155e+00
7.900000000000000355e-01 -1.709648046436040569e-01 -1.263798908380711072e+00
8.000000000000000444e-01 -1.588442295324056786e-01 -1.161893560783936907e+00
8.100000000000000533e-01 -1.476968940529785612e-01 -1.069002940015570280e+00
8.200000000000000622e-01 -1.374369501122295056e-01 -9.842811787332255147e-01
8.300000000000000711e-01 -1.279866011866116482e-01 -9.069626462311728421e-01
8.399999999999999689e-01 -1.192753349925828321e-01 -8.363549933706826423e-01
8.499999999999999778e-01 -1.112392239857909332e-01 -7.718325556685612376e-01
8.599999999999999867e-01 -1.038202897643082934e-01 -7.128301766477276313e-01
8.699999999999999956e-01 -9.696592700433648293e-02 -6.588374807296151214e-01
8.800000000000000044e-01 -9.062838238390698298e-02 -6.093936024187919243e-01
8.900000000000000133e-01 -8.476428396329580006e-02 -5.640823634350282667e-01
9.000000000000000222e-01 -7.933421662683409759e-02 -5.225278796926680069e-01
9.100000000000000311e-01 -7.430233940419049554e-02 -4.843905740792197601e-01
9.200000000000000400e-01 -6.963604074784167375e-02 -4.493635677251620608e-01
9.300000000000000488e-01 -6.530562812475088075e-02 -4.171694210692387661e-01
9.400000000000000577e-01 -6.128404856863855360e-02 -3.875571959153987223e-01
9.500000000000000666e-01 -5.754663712411753340e-02 -3.602998104204969132e-01
9.599999999999999645e-01 -5.407089038849403201e-02 -3.351916602379667043e-01
9.699999999999999734e-01 -5.083626261693097170e-02 -3.120464806523998713e-01
9.799999999999999822e-01 -4.782398209951867207e-02 -2.906954263186023457e-01
9.899999999999999911e-01 -4.501688574347672417e-02 -2.709853470587761382e-01
1.000000000000000000e+00 -4.239926999999999585e-02 -2.527772399999999586e-01
1.010000000000000009e+00 -3.995675646353097354e-02 -2.359448601029714709e-01
1.020000000000000018e+00 -3.767617064225298185e-02 -2.203734728117843766e-01
1.030000000000000027e+00 -3.554543255335038815e-02 -2.059587341258209969e-01
1.040000000000000036e+00 -3.355345793619635142e-02 -1.926056848500757313e-01
1.050000000000000044e+00 -3.169006900228322349e-02 -1.802278471170181973e-01
1.060000000000000053e+00 -2.994591375358292631e-02 -1.687464124932752663e-01
1.070000000000000062e+00 -2.831239300226075922e-02 -1.580895120924939445e-01
1.080000000000000071e+00 -2.678159431535560159e-02 -1.481915601179778497e-01
1.090000000000000080e+00 -2.534623218920704218e-02 -1.389926631622283582e-01
1.100000000000000089e+00 0.000000000000000000e+00 -1.304380884029595344e-01
1.110000000000000098e+00 0.000000000000000000e+00 -1.224777845641404211e-01
1.120000000000000107e+00 0.000000000000000000e+00 -1.150659501636148302e-01
1.130000000000000115e+00 0.000000000000000000e+00 -1.081606441529971013e-01
1.140000000000000124e+00 0.000000000000000000e+00 -1.017234345775442500e-01
1.150000000000000133e+00 0.000000000000000000e+00 -9.571908134979380256e-02
1.159999999999999920e+00 0.000000000000000000e+00 -9.011524964666409176e-02
1.169999999999999929e+00 0.000000000000000000e+00 -8.488225081067740652e-02
1.179999999999999938e+00 0.000000000000000000e+00 -7.999280796674793081e-02
1.189999999999999947e+00 0.000000000000000000e+00 -7.542184386086878134e-02
1.199999999999999956e+00 0.000000000000000000e+00 -7.114628868992600719e-02
