0.000000000000000000e+00 1.002673955289502450e+21 7.219693160646096097e+23
1.666666666666666644e-02 5.013981834770852086e+20 3.610066921320565451e+23
3.333333333333333287e-02 1.224116646679500320e+17 4.406819950354959565e+19
5.000000000000000278e-02 9.434690318061735000e+14 2.264325806902765120e+17
6.666666666666666574e-02 2.988564125666426172e+13 5.379417169071291000e+15
8.333333333333334259e-02 2.053721883365199707e+12 2.957363167112808750e+14
1.000000000000000056e-01 2.303374455539258118e+11 2.764059547268082422e+13
1.166666666666666824e-01 3.622414912379871368e+10 3.725947154916862305e+12
1.333333333333333315e-01 7.296001280873413086e+09 6.566537314639505615e+11
1.499999999999999944e-01 1.775154383241256475e+09 1.420183208444146118e+11
1.666666666666666852e-01 5.013188635277243853e+08 3.609781369502865601e+10
1.833333333333333481e-01 1.597161391367436647e+08 1.045561262275010109e+10
2.000000000000000111e-01 5.620857886565345526e+07 3.373311655452669621e+09
2.166666666666666741e-01 2.150457079601982981e+07 1.191477456416512966e+09
2.333333333333333648e-01 8.833416491523580626e+06 4.545608785852313638e+08
2.500000000000000000e-01 3.857485976032920647e+06 1.853264538235905468e+08
2.666666666666666630e-01 1.776596343113478972e+06 8.005321188810099661e+07
2.833333333333333814e-01 8.573026550891296938e+05 3.637887829284600914e+07
2.999999999999999889e-01 4.310916361539388890e+05 1.729030751736154035e+07
3.166666666666667074e-01 2.248511943054863077e+05 8.552622371169710532e+06
3.333333333333333703e-01 1.211722904591897095e+05 4.384511214597272687e+06
3.499999999999999778e-01 6.723855495703684574e+04 2.321176302097474691e+06
3.666666666666666963e-01 3.830453407531679113e+04 1.265050853683444206e+06
3.833333333333333592e-01 2.234379941641611367e+04 7.078447571596679045e+05
4.000000000000000222e-01 1.331421862484954363e+04 4.056525236944063799e+05
4.166666666666666852e-01 8.087170790057361955e+03 2.375890044133078482e+05
4.333333333333333481e-01 4.997382262439184160e+03 1.419443118591294915e+05
4.500000000000000666e-01 3.135808140818000993e+03 8.635140186859415553e+04
4.666666666666667296e-01 1.994565891034622609e+03 5.340514651514337311e+04
4.833333333333333370e-01 1.283769933408826773e+03 3.352829507306252344e+04
5.000000000000000000e-01 8.346625169081493141e+02 2.133757989025136339e+04
5.166666666666667185e-01 5.471902126087659326e+02 1.374682917752982030e+04
5.333333333333333259e-01 3.610210665842399180e+02 8.954039998101961828e+03
5.500000000000000444e-01 2.391998412594977879e+02 5.888925654735718126e+03
5.666666666666667629e-01 1.587583679449678016e+02 3.905608873673219932e+03
5.833333333333333703e-01 1.052274927341679245e+02 2.608502082231088025e+03
5.999999999999999778e-01 6.937722457553644517e+01 1.751935672791834122e+03
6.166666666666666963e-01 4.525092860216189905e+01 1.181355468208982302e+03
6.333333333333334147e-01 2.896296207457719163e+01 7.983463999469187229e+02
6.500000000000000222e-01 1.795342183087732835e+01 5.395291171954834226e+02
6.666666666666667407e-01 1.052041924478445800e+01 3.636547188002107873e+02
6.833333333333334592e-01 5.523071885824475835e+00 2.436122697340321395e+02
6.999999999999999556e-01 2.190812826040191119e+00 1.614194308051962707e+02
7.166666666666666741e-01 -3.131858595385422881e-04 1.050472032818731094e+02
7.333333333333333925e-01 -1.408681424811606853e+00 6.638572682967598837e+01
7.500000000000000000e-01 -2.280652481863535197e+00 3.992792975078667439e+01
7.666666666666667185e-01 -2.786284590531549643e+00 2.190959270416717786e+01
7.833333333333334370e-01 -3.043333952141941356e+00 9.742525941249812860e+00
8.000000000000000444e-01 -3.133504433743900197e+00 1.637784657280038081e+00
8.166666666666666519e-01 -3.113525839176049637e+00 -3.646790597903224018e+00
8.333333333333333703e-01 -3.022754875717017509e+00 -6.977000994263858225e+00
8.500000000000000888e-01 -2.888420899821459109e+00 -8.958149699816532419e+00
8.666666666666666963e-01 -2.729265534488008349e+00 -1.001432585578509027e+01
8.833333333333334147e-01 -2.558079998135325717e+00 -1.044299287656825292e+01
9.000000000000001332e-01 -2.383481431938796025e+00 -1.045278799787556245e+01
9.166666666666667407e-01 -2.211160951997588331e+00 -1.018983437298145489e+01
9.333333333333334592e-01 -2.044763125684930127e+00 -9.756145076025473983e+00
9.500000000000001776e-01 -1.886507109421889483e+00 -9.222551905252862170e+00
9.666666666666666741e-01 -1.737625965056467159e+00 -8.637823115663845641e+00
9.833333333333332815e-01 -1.598677541601242869e+00 -8.035115206231729701e+00
1.000000000000000000e+00 -1.469764349727703090e+00 -7.436551224421688921e+00
1.016666666666666607e+00 -1.350688783997084697e+00 -6.856476935250085170e+00
1.033333333333333437e+00 -1.241062325875491590e+00 -6.303780380854239418e+00
1.050000000000000044e+00 -1.140381948959023894e+00 -5.783545678776690124e+00
1.066666666666666652e+00 -1.048083137981570268e+00 -5.298232177632018036e+00
1.083333333333333481e+00 -9.635762396081168912e-01 -4.848514378040531092e+00
1.100000000000000089e+00 -8.862709512066755391e-01 -4.433878913864434779e+00
1.116666666666666696e+00 -8.155923920005142547e-01 -4.053047305859268867e+00
1.133333333333333526e+00 -7.509912278673687158e-01 -3.704273666271994170e+00
1.150000000000000133e+00 -6.919496236694241409e-01 -3.385552645451290310e+00
1.166666666666666741e+00 -6.379842960024634246e-01 -3.094763002300518373e+00
1.183333333333333348e+00 -5.886475786115304976e-01 -2.829765086157867593e+00
1.199999999999999956e+00 -5.435271527088443300e-01 -2.588465423329808779e+00
1.216666666666666785e+00 -5.022449067745976548e-01 -2.368857933315962949e+00
1.233333333333333393e+00 -4.644552549264155394e-01 -2.169048652203009908e+00
1.250000000000000000e+00 -4.298431451328427189e-01 -1.987268925942947018e+00
1.266666666666666829e+00 -3.981219180116469802e-01 -1.821880649196003121e+00
1.283333333333333437e+00 -3.690311261893582939e-01 -1.671376119472413713e+00
1.300000000000000044e+00 -3.423343877777719757e-01 -1.534374346235487740e+00
1.316666666666666874e+00 -3.178173215137156671e-01 -1.409615124696547817e+00
1.333333333333333481e+00 -2.952855926547483523e-01 -1.295951799563902718e+00
1.350000000000000089e+00 -2.745630857487736942e-01 -1.192343365420829082e+00
1.366666666666666918e+00 -2.554902113872002389e-01 -1.097846348974940822e+00
1.383333333333333526e+00 -2.379223479067002767e-01 -1.011606773248123536e+00
1.399999999999999911e+00 -2.217284149196993015e-01 -9.328523996336378632e-01
1.416666666666666741e+00 -2.067895729421237450e-01 -8.608853695172390408e-01
1.433333333333333348e+00 -1.929980418213516902e-01 -7.950753147144755673e-01
1.449999999999999956e+00 -1.802560298367922309e-01 -7.348529693688049536e-01
1.466666666666666785e+00 -1.684747650243113570e-01 -6.797042908292197927e-01
1.483333333333333393e+00 -1.575736203004018121e-01 -6.291650801914985269e-01
1.500000000000000000e+00 -1.474793242148715045e-01 -5.828160823080095199e-01
1.516666666666666829e+00 -1.381252495576120454e-01 -5.402785384381515454e-01
1.533333333333333437e+00 -1.294507725258917108e-01 -5.012101610765428150e-01
1.550000000000000044e+00 -1.214006956816107291e-01 -4.653014989490805164e-01
1.566666666666666874e+00 -1.139247284640640262e-01 -4.322726600470629399e-01
1.583333333333333481e+00 -1.069770195533946838e-01 -4.018703613987712475e-01
1.600000000000000089e+00 -1.005157358902899478e-01 -3.738652757128109738e-01
1.616666666666666696e+00 -9.450268364063388327e-02 -3.480496468232937568e-01
1.633333333333333304e+00 -8.890296684529740145e-02 -3.242351478510532847e-01
1.650000000000000133e+00 -8.368467991293210284e-02 -3.022509580476861468e-01
1.666666666666666741e+00 -7.881863049713194735e-02 -2.819420363288718812e-01
1.683333333333333348e+00 -7.427808964932297586e-02 -2.631675714764309948e-01
1.700000000000000178e+00 -7.003856645665595959e-02 -2.457995908611976810e-01
1.716666666666666785e+00 -6.607760466186064774e-02 -2.297217112914717863e-01
1.733333333333333393e+00 -6.237459902156562014e-02 -2.148280172150244249e-01
1.750000000000000222e+00 -5.891062939317804475e-02 -2.010220529937173650e-01
1.766666666666666829e+00 -5.566831075024799430e-02 -1.882159173307945688e-01
1.783333333333333437e+00 -5.263165751443878160e-02 -1.763294491668722930e-01
1.800000000000000266e+00 -4.978596076081617111e-02 -1.652894954785526505e-01
1.816666666666666874e+00 -4.711767700405855575e-02 -1.550292524213955914e-01
1.833333333333333481e+00 0.000000000000000000e+00 -1.454876721651807148e-01
1.850000000000000311e+00 0.000000000000000000e+00 -1.366089285825007882e-01
1.866666666666666918e+00 0.000000000000000000e+00 -1.283419356800797606e-01
1.883333333333333526e+00 0.000000000000000000e+00 -1.206399133137654872e-01
1.900000000000000355e+00 0.000000000000000000e+00 -1.134599953103868075e-01
1.916666666666666963e+00 0.000000000000000000e+00 -1.067628756395365280e-01
1.933333333333333348e+00 0.000000000000000000e+00 -1.005124887422425561e-01
1.949999999999999956e+00 0.000000000000000000e+00 -9.467572053725956116e-02
1.966666666666666563e+00 0.000000000000000000e+00 -8.922214699466347876e-02
1.983333333333333393e+00 0.000000000000000000e+00 -8.412379749535184303e-02
2.000000000000000000e+00 0.000000000000000000e+00 -7.935494048828108105e-02
