0.000000000000000000e+00 6.589061728732341862e+20 4.744414038785771679e+23
1.666666666666666644e-02 3.294933077872645243e+20 2.372351816255949494e+23
3.333333333333333287e-02 8.044270129479488000e+16 2.895937261272368742e+19
5.000000000000000278e-02 6.199997174499308750e+14 1.487999407679942720e+17
6.666666666666666574e-02 1.963931884415518359e+13 3.535078537241131000e+15
8.333333333333334259e-02 1.349601253001911377e+12 1.943428206176671875e+14
1.000000000000000056e-01 1.513660187852124634e+11 1.816398928556032422e+13
1.166666666666666824e-01 2.380466287341908646e+10 2.448502394905988770e+12
1.333333333333333315e-01 4.794559848368394852e+09 4.315193339562608643e+11
1.499999999999999944e-01 1.166540905545593500e+09 9.332719563105421448e+10
1.666666666666666852e-01 3.294411842734224200e+08 2.372164171606117249e+10
1.833333333333333481e-01 1.049572997128255665e+08 6.870895259556440353e+09
2.000000000000000111e-01 3.693741110440394282e+07 2.216768348567613602e+09
2.166666666666666741e-01 1.413170720302581228e+07 7.829782108325694799e+08
2.333333333333333648e-01 5.804870889743095264e+06 2.987142255352020860e+08
2.500000000000000000e-01 2.534943129748070147e+06 1.217870943668965995e+08
2.666666666666666630e-01 1.167488575200413121e+06 5.260688903327921033e+07
2.833333333333333814e-01 5.633756329488086049e+05 2.390634430225005746e+07
2.999999999999999889e-01 2.832914759228476323e+05 1.136230893852903135e+07
3.166666666666667074e-01 1.477607664144153823e+05 5.620347726031647064e+06
3.333333333333333703e-01 7.962827139101334615e+04 2.881277523004300427e+06
3.499999999999999778e-01 4.418576581230394368e+04 1.525358954846257111e+06
3.666666666666666963e-01 2.517179904362742309e+04 8.313271035630649421e+05
3.833333333333333592e-01 1.468321533010903477e+04 4.651596240207539522e+05
4.000000000000000222e-01 8.749433170730420898e+03 2.665742631170470268e+05
4.166666666666666852e-01 5.314482269980880119e+03 1.561314623926577624e+05
4.333333333333333481e-01 3.284029575239814221e+03 9.327862828838388668e+04
4.500000000000000666e-01 2.060697038322207391e+03 5.674578814891968796e+04
4.666666666666667296e-01 1.310730086945294488e+03 3.509517817200900026e+04
4.833333333333333370e-01 8.436306491355328490e+02 2.203311662756468650e+04
5.000000000000000000e-01 5.484996984622529226e+02 1.402199384894729337e+04
5.166666666666667185e-01 3.595871951900188606e+02 9.033734616871466642e+03
5.333333333333333259e-01 2.372460344899130575e+02 5.884154129621618267e+03
5.500000000000000444e-01 1.571911026565624070e+02 3.869914280617704208e+03
5.666666666666667629e-01 1.043288782482351706e+02 2.566577263229532036e+03
5.833333333333333703e-01 6.915096180178592533e+01 1.714182949393102263e+03
5.999999999999999778e-01 4.559186665898372581e+01 1.151289689547854778e+03
6.166666666666666963e-01 2.973719053952870794e+01 7.763322757645050842e+02
6.333333333333334147e-01 1.903348280652370761e+01 5.246372795834149656e+02
6.500000000000000222e-01 1.179850220469852395e+01 3.545549745707980946e+02
6.666666666666667407e-01 6.913851597568952734e+00 2.389786485048368831e+02
6.833333333333334592e-01 3.629799069202466200e+00 1.600923480248263786e+02
6.999999999999999556e-01 1.439965601221840030e+00 1.060789738902045087e+02
7.166666666666666741e-01 3.313249923198673098e-05 6.903366355169818291e+01
7.333333333333333925e-01 -9.255054143351670870e-01 4.362701615167510028e+01
7.500000000000000000e-01 -1.498546567272825980e+00 2.624005372985899243e+01
7.666666666666667185e-01 -1.830844667892513655e+00 1.439911430107054002e+01
7.833333333333334370e-01 -1.999783694998497285e+00 6.403364342275757792e+00
8.000000000000000444e-01 -2.059055763875559109e+00 1.077194753854539444e+00
8.166666666666666519e-01 -2.045941221934735932e+00 -2.395683002883572943e+00
8.333333333333333703e-01 -1.986303632887189474e+00 -4.584233116634796268e+00
8.500000000000000888e-01 -1.898037026466323995e+00 -5.886233070896446762e+00
8.666666666666666963e-01 -1.793457679856058862e+00 -6.580375169005885816e+00
8.833333333333334147e-01 -1.680971529264132069e+00 -6.862139291091144067e+00
9.000000000000001332e-01 -1.566241488458318676e+00 -6.868632916468916605e+00
9.166666666666667407e-01 -1.453007610506556802e+00 -6.695882160587810716e+00
9.333333333333334592e-01 -1.343665039255787841e+00 -6.410926002585571659e+00
9.500000000000001776e-01 -1.239672193048974913e+00 -6.060312479611416947e+00
9.666666666666666741e-01 -1.141839464032739171e+00 -5.676090431259814828e+00
9.833333333333332815e-01 -1.050533516235767850e+00 -5.280049313776824960e+00
1.000000000000000000e+00 -9.658217778972555401e-01 -4.886727851538774203e+00
1.016666666666666607e+00 -8.875744472752232772e-01 -4.505553844192101920e+00
1.033333333333333437e+00 -8.155362566883113118e-01 -4.142368478325461290e+00
1.050000000000000044e+00 -7.493766832898121066e-01 -3.800513131983131565e+00
1.066666666666666652e+00 -6.887247914214125188e-01 -3.481604266002024772e+00
1.083333333333333481e+00 -6.331931213093717759e-01 -3.186085385757766897e+00
1.100000000000000089e+00 -5.823937825155790504e-01 -2.913619353849099536e+00
1.116666666666666696e+00 -5.359490156509519876e-01 -2.663366208091346721e+00
1.133333333333333526e+00 -4.934978463598262421e-01 -2.434178802662231078e+00
1.150000000000000133e+00 -4.546999972962154080e-01 -2.224739464066298300e+00
1.166666666666666741e+00 -4.192378945815289359e-01 -2.033654341706276014e+00
1.183333333333333348e+00 -3.868173682362682220e-01 -1.859517470845903020e+00
1.199999999999999956e+00 -3.571674752100956751e-01 -1.700953217974548570e+00
1.216666666666666785e+00 -3.300397503158740142e-01 -1.556643368020395268e+00
1.233333333333333393e+00 -3.052071013317929071e-01 -1.425343373003167269e+00
1.250000000000000000e+00 -2.824625002587305422e-01 -1.305891023421895447e+00
1.266666666666666829e+00 -2.616175763674802868e-01 -1.197209892175326473e+00
1.283333333333333437e+00 -2.425011833100643721e-01 -1.098309239748626043e+00
1.300000000000000044e+00 -2.249579886350059343e-01 -1.008281589627981978e+00
1.316666666666666874e+00 -2.088471169539083683e-01 -9.262988346555384167e-01
1.333333333333333481e+00 -1.940408658795414187e-01 -8.516074823799679727e-01
1.350000000000000089e+00 -1.804235053290201840e-01 -7.835234643813330235e-01
1.366666666666666918e+00 -1.678901648655801160e-01 -7.214268021748903026e-01
1.383333333333333526e+00 -1.563458097143308745e-01 -6.647563268957814575e-01
1.399999999999999911e+00 -1.457043034027904194e-01 -6.130045815274770549e-01
1.416666666666666741e+00 -1.358875532606360348e-01 -5.657129856552434166e-01
1.433333333333333348e+00 -1.268247339841617194e-01 -5.224673082606462460e-01
1.449999999999999956e+00 -1.184515839250469271e-01 -4.828934700153958981e-01
1.466666666666666785e+00 -1.107097685518711877e-01 -4.466536800204544688e-01
1.483333333333333393e+00 -1.035463055489495160e-01 -4.134429008727271704e-01
1.500000000000000000e+00 -9.691304618317585218e-02 -3.829856287917802193e-01
1.516666666666666829e+00 -9.076620783025504680e-02 -3.550329711797223786e-01
1.533333333333333437e+00 -8.506595286766774344e-02 -3.293600015982122708e-01
1.550000000000000044e+00 -7.977600948535634728e-02 -3.057633711295761891e-01
1.566666666666666874e+00 -7.486333031738946764e-02 -2.840591550098782725e-01
1.583333333333333481e+00 -7.029778514588203020e-02 -2.640809139664302974e-01
1.600000000000000089e+00 -6.605188426381204680e-02 -2.456779506349346665e-01
1.616666666666666696e+00 -6.210052940086304568e-02 -2.287137426113562411e-01
1.633333333333333304e+00 -5.842078941308222889e-02 -2.130645349973077363e-01
1.650000000000000133e+00 -5.499169821161080385e-02 -1.986180766464507030e-01
1.666666666666666741e+00 -5.179407265774378655e-02 -1.852724856596558445e-01
1.683333333333333348e+00 -4.881034838156383948e-02 -1.729352309731190251e-01
1.700000000000000178e+00 -4.602443169030086267e-02 -1.615222181141282853e-01
1.716666666666666785e+00 -4.342156592161106748e-02 -1.509569683508771021e-01
1.733333333333333393e+00 -4.098821076752097448e-02 -1.411698815293434828e-01
1.750000000000000222e+00 -3.871193324827899851e-02 -1.320975738700625735e-01
1.766666666666666829e+00 -3.658130915324081522e-02 -1.236822828919505179e-01
1.783333333333333437e+00 -3.458583388958288984e-02 -1.158713324425090369e-01
1.800000000000000266e+00 -3.271584179042363871e-02 -1.086166515483294320e-01
1.816666666666666874e+00 -3.096243303308457082e-02 -1.018743414620643661e-01
1.833333333333333481e+00 0.000000000000000000e+00 -9.560428587751458596e-02
1.850000000000000311e+00 0.000000000000000000e+00 -8.976979981878686898e-02
1.866666666666666918e+00 0.000000000000000000e+00 -8.433731318809600808e-02
1.883333333333333526e+00 0.000000000000000000e+00 -7.927608538493356727e-02
1.900000000000000355e+00 0.000000000000000000e+00 -7.455794779192953525e-02
1.916666666666666963e+00 0.000000000000000000e+00 -7.015707126435223595e-02
1.933333333333333348e+00 0.000000000000000000e+00 -6.604975606503138419e-02
1.949999999999999956e+00 0.000000000000000000e+00 -6.221424195838740762e-02
1.966666666666666563e+00 0.000000000000000000e+00 -5.863053641969591390e-02
1.983333333333333393e+00 0.000000000000000000e+00 -5.528025913185795337e-02
2.000000000000000000e+00 0.000000000000000000e+00 -5.214650113463391995e-02
