0.000000000000000000e+00 5.993168321813112422e+20 7.192240993085643481e+23
1.000000000000000021e-02 2.996949999525899141e+20 3.596339999715538942e+23
2.000000000000000042e-02 7.316772386859372800e+16 4.390063454339060531e+19
2.999999999999999889e-02 5.639289506043195000e+14 2.255715932485864640e+17
4.000000000000000083e-02 1.786320244125365625e+13 5.358962468582151000e+15
5.000000000000000278e-02 1.227547685759999268e+12 2.946118086911998125e+14
5.999999999999999778e-02 1.376769661728089905e+11 2.753549485064547266e+13
7.000000000000000666e-02 2.165184624153003693e+10 3.711779610978079102e+12
8.000000000000000167e-02 4.360955379568038940e+09 6.541568710450080566e+11
8.999999999999999667e-02 1.061042722783174276e+09 1.414783103897047424e+11
1.000000000000000056e-01 2.996475899999998212e+08 3.596055539999997711e+10
1.100000000000000006e-01 9.546530120468153059e+07 1.041585622463928604e+10
1.199999999999999956e-01 3.359691114260081202e+07 3.360484989913802147e+09
1.300000000000000044e-01 1.285368129659489729e+07 1.186946991570224762e+09
1.400000000000000133e-01 5.279897120465340093e+06 4.528324618998352289e+08
1.499999999999999944e-01 2.305691053268379066e+06 1.846217720529655218e+08
1.600000000000000033e-01 1.061904669759314507e+06 7.974881983977863193e+07
1.700000000000000122e-01 5.124257516727331677e+05 3.624055275446327031e+07
1.799999999999999933e-01 2.576715027324683906e+05 1.722456386925933510e+07
1.900000000000000022e-01 1.343977543454574770e+05 8.520102579419786111e+06
2.000000000000000111e-01 7.242694335937495634e+04 4.367840039062497206e+06
2.099999999999999922e-01 4.018974449112135335e+04 2.312350610186641105e+06
2.200000000000000011e-01 2.289534021879370266e+04 1.260240876575046917e+06
2.300000000000000100e-01 1.335531071547220017e+04 7.051534332483457401e+05
2.399999999999999911e-01 7.958161088601695155e+03 4.041102079747788957e+05
2.500000000000000000e-01 4.833856389120000131e+03 2.366856993177600089e+05
2.600000000000000089e-01 2.987031536668748231e+03 1.414046613673105021e+05
2.700000000000000178e-01 1.874333443429436329e+03 8.602311963853321504e+04
2.800000000000000266e-01 1.192191236899480828e+03 5.320212557654378179e+04
2.899999999999999800e-01 7.673348860432624861e+02 3.340084369079704629e+04
2.999999999999999889e-01 4.988947220858009359e+02 2.125647475448828118e+04
3.099999999999999978e-01 3.270669324310089792e+02 1.369458119242976682e+04
3.200000000000000067e-01 2.157899728039146794e+02 8.920011541319046955e+03
3.300000000000000155e-01 1.429750001135007835e+02 5.866548427218699544e+03
3.400000000000000244e-01 9.489350481449417885e+01 3.890770215233919771e+03
3.500000000000000333e-01 6.289699834977065507e+01 2.598593334075475923e+03
3.599999999999999867e-01 4.146853860433279237e+01 1.745282175572342112e+03
3.699999999999999956e-01 2.704773037861286156e+01 1.176870138221101342e+03
3.800000000000000044e-01 1.731204978775023307e+01 7.953162903479415036e+02
3.900000000000000133e-01 1.073139276875612680e+01 5.374822163537220376e+02
4.000000000000000222e-01 6.288506984710686254e+00 3.622758150100705166e+02
4.100000000000000311e-01 3.301464309933505703e+00 2.426892031803643306e+02
4.199999999999999845e-01 1.309681374723767888e+00 1.608083906817788602e+02
4.299999999999999933e-01 -2.057459174675813074e-05 1.046500966684934752e+02
4.400000000000000022e-01 -8.418498783101160399e-01 6.613528105268926538e+01
4.500000000000000111e-01 -1.363061472382151251e+00 3.977779900588562612e+01
4.600000000000000200e-01 -1.665302839303179017e+00 2.182773372514617449e+01
4.700000000000000289e-01 -1.818959471837682251e+00 9.706728365477665932e+00
4.799999999999999822e-01 -1.872867637702039012e+00 1.632633625372037045e+00
4.899999999999999911e-01 -1.860936082466242425e+00 -3.631992237886194630e+00
5.000000000000000000e-01 -1.806689280000000064e+00 -6.949662719999999183e+00
5.100000000000000089e-01 -1.726402921284282632e+00 -8.923383010399227544e+00
5.200000000000000178e-01 -1.631279388629552685e+00 -9.975632662011552299e+00
5.300000000000000266e-01 -1.528964370146794760e+00 -1.040274645362157457e+01
5.400000000000000355e-01 -1.424608608325998560e+00 -1.041257031086895246e+01
5.500000000000000444e-01 -1.321613887831835976e+00 -1.015067343422507662e+01
5.600000000000000533e-01 -1.222158717969894282e+00 -9.718682387343376305e+00
5.700000000000000622e-01 -1.127569600813524753e+00 -9.187160791391601578e+00
5.799999999999999600e-01 -1.038583620845372035e+00 -8.604692429882936366e+00
5.899999999999999689e-01 -9.555342664570620759e-01 -8.004308537060264683e+00
5.999999999999999778e-01 -8.784828544290430585e-01 -7.408048720953972932e+00
6.099999999999999867e-01 -8.073113103080490349e-01 -6.830204773199174184e+00
6.199999999999999956e-01 -7.417874420460842666e-01 -6.279631426670154504e+00
6.300000000000000044e-01 -6.816106096289141769e-01 -5.761393880060488470e+00
6.400000000000000133e-01 -6.264434161950279689e-01 -5.277942481998596946e+00
6.500000000000000222e-01 -5.759334361437472571e-01 -4.829949468209670194e+00
6.600000000000000311e-01 -5.297278530024881471e-01 -4.416903681007331883e+00
6.700000000000000400e-01 -4.874830658516021709e-01 -4.037531722277009294e+00
6.800000000000000488e-01 -4.488707414414878638e-01 -3.690094531743105311e+00
6.900000000000000577e-01 -4.135813722956565575e-01 -3.372594547601953430e+00
7.000000000000000666e-01 -3.813261016373297174e-01 -3.082918735006703770e+00
7.099999999999999645e-01 -3.518373604137791100e-01 -2.818935700587822613e+00
7.199999999999999734e-01 -3.248687062776335344e-01 -2.578560036179970538e+00
7.299999999999999822e-01 -3.001941422184333796e-01 -2.359793380665592188e+00
7.399999999999999911e-01 -2.776071115491076657e-01 -2.160749051335758786e+00
7.500000000000000000e-01 -2.569193074882819006e-01 -1.979665188673963572e+00
7.600000000000000089e-01 -2.379593934189472570e-01 -1.814909976696883698e+00
7.700000000000000178e-01 -2.205716995607607256e-01 -1.664981498856324071e+00
7.800000000000000266e-01 -2.046149400235507398e-01 -1.528504062203703384e+00
7.900000000000000355e-01 -1.899609786629716524e-01 -1.404222294595790066e+00
8.000000000000000444e-01 -1.764936611289157908e-01 -1.290993936709127876e+00
8.100000000000000533e-01 -1.641077227418656637e-01 -1.187781973098791077e+00
8.200000000000000622e-01 -1.527077764477327293e-01 -1.093646545867214215e+00
8.300000000000000711e-01 -1.422073814288478677e-01 -1.007736949884994182e+00
8.399999999999999689e-01 -1.325281905070132271e-01 -9.292839047567756916e-01
8.499999999999999778e-01 -1.235991729134117284e-01 -8.575922247759900641e-01
8.599999999999999867e-01 -1.153559080643066087e-01 -7.920339558654491130e-01
8.699999999999999956e-01 -1.077399454849706784e-01 -7.320420120311756929e-01
8.800000000000000044e-01 -1.006982258322287882e-01 -6.771043188254091127e-01
8.900000000000000133e-01 -9.418255798069682938e-02 -6.267584545432600684e-01
9.000000000000000222e-01 -8.814914728890202444e-02 -5.805867690389308056e-01
9.100000000000000311e-01 -8.255817039859947304e-02 -5.382119534391677229e-01
9.200000000000000400e-01 -7.737339220799799300e-02 -4.992930304099364447e-01
9.300000000000000488e-01 -7.256182097218377702e-02 -4.635217330907603905e-01
9.400000000000000577e-01 -6.809339780444773060e-02 -4.306192406913092463e-01
9.500000000000000666e-01 -6.394071716877518241e-02 -4.003332395705656577e-01
9.599999999999999645e-01 -6.007877525879736641e-02 -3.724352800480685288e-01
9.699999999999999734e-01 -5.648474344728222907e-02 -3.467184009854574200e-01
9.799999999999999822e-01 -5.313776426008014891e-02 -3.229949961529158808e-01
9.899999999999999911e-01 -5.001876757808686180e-02 -3.010948984397371353e-01
1.000000000000000000e+00 -4.711030499999999815e-02 -2.808636600000000150e-01
1.010000000000000009e+00 -4.439640050783609515e-02 -2.621610083897242816e-01
1.020000000000000018e+00 -4.186241576719141461e-02 -2.448594606172674881e-01
1.030000000000000027e+00 -3.949492856617761727e-02 -2.288430787746592865e-01
1.040000000000000036e+00 -3.728162305209230948e-02 -2.140063525345293205e-01
1.050000000000000044e+00 -3.521119056450178197e-02 -2.002531952826346051e-01
1.060000000000000053e+00 -3.327323998882784906e-02 -1.874960420117583182e-01
1.070000000000000062e+00 -3.145821666701619640e-02 -1.756550383339712806e-01
1.080000000000000071e+00 -2.975732900263057881e-02 -1.646573110818509156e-01
1.090000000000000080e+00 -2.816248198790367169e-02 -1.544363119731947953e-01
1.100000000000000089e+00 0.000000000000000000e+00 -1.449312267164845069e-01
1.110000000000000098e+00 0.000000000000000000e+00 -1.360864427443447267e-01
1.120000000000000107e+00 0.000000000000000000e+00 -1.278510694878012277e-01
1.130000000000000115e+00 0.000000000000000000e+00 -1.201785057532002848e-01
1.140000000000000124e+00 0.000000000000000000e+00 -1.130260493436569119e-01
1.150000000000000133e+00 0.000000000000000000e+00 -1.063545445847816351e-01
1.159999999999999920e+00 0.000000000000000000e+00 -1.001280638765555120e-01
1.169999999999999929e+00 0.000000000000000000e+00 -9.431361980540881040e-02
1.179999999999999938e+00 0.000000000000000000e+00 -8.888090471809503845e-02
1.189999999999999947e+00 0.000000000000000000e+00 -8.380205498661225105e-02
1.199999999999999956e+00 0.000000000000000000e+00 -7.905143748552831418e-02
