0.000000000000000000e+00 2.439752142109387260e+21 2.927881285265101362e+24
1.000000000000000021e-02 1.220024999886817067e+21 1.464029999932090113e+24
2.000000000000000042e-02 2.978576642471483520e+17 1.787145990788319478e+20
2.999999999999999889e-02 2.295692122907262000e+15 9.182768802143449600e+17
4.000000000000000083e-02 7.271912910964964062e+13 2.181574287776183200e+16
5.000000000000000278e-02 4.997215156319997070e+12 1.199332506758399250e+15
5.999999999999999778e-02 5.604693217049702148e+11 1.120941069303715938e+14
7.000000000000000666e-02 8.814293544200955200e+10 1.511029996451961719e+13
8.000000000000000167e-02 1.775326861951499939e+10 2.663022674700244141e+12
8.999999999999999667e-02 4.319537061808297157e+09 5.759524730972238770e+11
1.000000000000000056e-01 1.219911817499999285e+09 1.463962090499999084e+11
1.100000000000000006e-01 3.886736748064897656e+08 4.240424935546733856e+10
1.199999999999999956e-01 1.367960181633544564e+08 1.368149704584772682e+10
1.300000000000000044e-01 5.234244287800487876e+07 4.832692360500692368e+09
1.400000000000000133e-01 2.150447441730842739e+07 1.843884884458858252e+09
1.499999999999999944e-01 9.393219110456291586e+06 7.518549872727173567e+08
1.600000000000000033e-01 4.327653303271289915e+06 3.248269803468700647e+08
1.700000000000000122e-01 2.089335030163994059e+06 1.476479689391610920e+08
1.799999999999999933e-01 1.051298772650672123e+06 7.019750819846367836e+07
1.900000000000000022e-01 5.488149106617969228e+05 3.473796666663004458e+07
2.000000000000000111e-01 2.960891894531248254e+05 1.781840566406248882e+07
2.099999999999999922e-01 1.645386292890059995e+05 9.439912086215443909e+06
2.200000000000000011e-01 9.390837276841458515e+04 5.149500121425587684e+06
2.300000000000000100e-01 5.490716629554060637e+04 2.884666795089724474e+06
2.399999999999999911e-01 3.281446019967771281e+04 1.655529490548584145e+06
2.500000000000000000e-01 2.000502743040000132e+04 9.713676091391999507e+05
2.600000000000000089e-01 1.241825523026722840e+04 5.816053092473972356e+05
2.700000000000000178e-01 7.836227978277862348e+03 3.547688838315289468e+05
2.800000000000000266e-01 5.018913780187656812e+03 2.201292745381220884e+05
2.899999999999999800e-01 3.257923253030148771e+03 1.387474282043340208e+05
2.999999999999999889e-01 2.140435076518372625e+03 8.872254709365672898e+04
3.099999999999999978e-01 1.421388870552211756e+03 5.748980883152925526e+04
3.200000000000000067e-01 9.527935870878853848e+02 3.770618609019725409e+04
3.300000000000000155e-01 6.438396650205736478e+02 2.500578132406304576e+04
3.400000000000000244e-01 4.379697935607113095e+02 1.675069665184215773e+04
3.500000000000000333e-01 2.994671399767304933e+02 1.132293504075605597e+04
3.599999999999999867e-01 2.054818436374641237e+02 7.715983499521040358e+03
3.699999999999999956e-01 1.412177500137690345e+02 5.295384942737186975e+03
3.800000000000000044e-01 9.698490090851110779e+01 3.656214745718863469e+03
3.900000000000000133e-01 6.637006482786996742e+01 2.537011206590214897e+03
4.000000000000000222e-01 4.508671045303341884e+01 1.767088007926939554e+03
4.100000000000000311e-01 3.024338511723702183e+01 1.233865493683238128e+03
4.199999999999999845e-01 1.987299062468490973e+01 8.623676873857559713e+02
4.299999999999999933e-01 1.262667638914027179e+01 6.022062507160496807e+02
4.400000000000000022e-01 7.572768822154611890e+00 4.192272708831307000e+02
4.500000000000000111e-01 4.063434269018829426e+00 2.900950721459395822e+02
4.600000000000000200e-01 1.645461277337027184e+00 1.987459777562562522e+02
4.700000000000000289e-01 5.560670441839832279e-05 1.340448481978201016e+02
4.799999999999999822e-01 -1.098112993984846408e+00 8.822280456208406463e+01
4.899999999999999911e-01 -1.808979335448290815e+00 5.582702578048859721e+01
5.000000000000000000e-01 -2.246457599999999388e+00 3.300917760000000811e+01
5.100000000000000089e-01 -2.491904782450689027e+00 1.703965855074229907e+01
5.200000000000000178e-01 -2.603535156605529366e+00 5.973637044575575317e+00
5.300000000000000266e-01 -2.623042131791343046e+00 -1.580102218988059803e+00
5.400000000000000355e-01 -2.580281352806665485e+00 -6.620173141696943375e+00
5.500000000000000444e-01 -2.496599458059433729e+00 -9.865422528730075413e+00
5.600000000000000533e-01 -2.387211195860954316e+00 -1.183445005577329923e+01
5.700000000000000622e-01 -2.262904167737550321e+00 -1.290194917628539706e+01
5.799999999999999600e-01 -2.131266051603558864e+00 -1.333882501983983460e+01
5.899999999999999689e-01 -1.997571046578485499e+00 -1.334089384516785515e+01
5.999999999999999778e-01 -1.865422028121419329e+00 -1.304950280522673189e+01
6.099999999999999867e-01 -1.737216852706463532e+00 -1.256640367279047332e+01
6.199999999999999956e-01 -1.614487594359587330e+00 -1.196452069860462508e+01
6.300000000000000044e-01 -1.498147645152998031e+00 -1.129577146912998131e+01
6.400000000000000133e-01 -1.388671802466149074e+00 -1.059676368372813116e+01
6.500000000000000222e-01 -1.286227484343952066e+00 -9.892955006329462009e+00
6.600000000000000311e-01 -1.190770222232816700e+00 -9.201696827198871276e+00
6.700000000000000400e-01 -1.102112995075134272e+00 -8.534464856714894410e+00
6.800000000000000488e-01 -1.019976383023968092e+00 -7.898495479425754695e+00
6.900000000000000577e-01 -9.440246468900845844e-01 -7.297986693793589552e+00
7.000000000000000666e-01 -8.738914789389025106e-01 -6.734979269670141377e+00
7.099999999999999645e-01 -8.091981785852637721e-01 -6.210002586721834916e+00
7.199999999999999734e-01 -7.495662808182582681e-01 -5.722547037552465632e+00
7.299999999999999822e-01 -6.946261327660039342e-01 -5.271408461824562686e+00
7.399999999999999911e-01 -6.440225221643800513e-01 -4.854938099128238704e+00
7.500000000000000000e-01 -5.974181727220895244e-01 -4.471222780014338483e+00
7.600000000000000089e-01 -5.544957080169321539e-01 -4.118213636635878139e+00
7.700000000000000178e-01 -5.149585276470703965e-01 -3.793816874163685515e+00
7.800000000000000266e-01 -4.785309223260356681e-01 -3.495956644844779859e+00
7.900000000000000355e-01 -4.449576677843272154e-01 -3.222617477311775502e+00
8.000000000000000444e-01 -4.140032728901131276e-01 -2.971871793852186361e+00
8.100000000000000533e-01 -3.854510095571164197e-01 -2.741896622173417342e+00
8.200000000000000622e-01 -3.591018165081146241e-01 -2.530982547159846163e+00
8.300000000000000711e-01 -3.347731426526421306e-01 -2.337537157767329177e+00
8.399999999999999689e-01 -3.122977763760252379e-01 -2.160084654966311302e+00
8.499999999999999778e-01 -2.915226926824961984e-01 -1.997262847134789521e+00
8.599999999999999867e-01 -2.723079395903686972e-01 -1.847818431453216448e+00
8.699999999999999956e-01 -2.545255774737728571e-01 -1.710601215403697584e+00
8.800000000000000044e-01 -2.380586794595771494e-01 -1.584557750394763875e+00
8.900000000000000133e-01 -2.228003969783908800e-01 -1.468724714136978360e+00
9.000000000000000222e-01 -2.086530917295344456e-01 -1.362222277965895900e+00
9.100000000000000311e-01 -1.955275333478583288e-01 -1.264247621077454919e+00
9.200000000000000400e-01 -1.833421607277625209e-01 -1.174068699033424812e+00
9.300000000000000488e-01 -1.720224040963122258e-01 -1.091018333977916033e+00
9.400000000000000577e-01 -1.615000644054641332e-01 -1.014488665074368523e+00
9.500000000000000666e-01 -1.517127463378573626e-01 -9.439259769399267475e-01
9.599999999999999645e-01 -1.426033411203562751e-01 -8.788259092255061855e-01
9.699999999999999734e-01 -1.341195553617811065e-01 -8.187290403892930613e-01
9.799999999999999822e-01 -1.262134822369498643e-01 -7.632168319540594270e-01
9.899999999999999911e-01 -1.188412114995056057e-01 -7.119079152343075201e-01
1.000000000000000000e+00 -1.119624749999999780e-01 -6.644546999999999537e-01
1.010000000000000009e+00 -1.055403245981051119e-01 -6.205402833092138470e-01
1.020000000000000018e+00 -9.954083957774965963e-02 -5.798756364188861756e-01
1.030000000000000027e+00 -9.393286089376527703e-02 -5.421970479928125419e-01
1.040000000000000036e+00 -8.868774979303828410e-02 -5.072638025632176806e-01
1.050000000000000044e+00 -8.377916855871300750e-02 -4.748560742148624225e-01
1.060000000000000053e+00 -7.918288132051563843e-02 -4.447730166380241545e-01
1.070000000000000062e+00 -7.487657305653971918e-02 -4.168310319586936430e-01
1.080000000000000071e+00 -7.083968508130489283e-02 -3.908622020439600497e-01
1.090000000000000080e+00 -6.705326547151221894e-02 -3.667128672578949811e-01
1.100000000000000089e+00 0.000000000000000000e+00 -3.442423388812225205e-01
1.110000000000000098e+00 0.000000000000000000e+00 -3.233217325889782279e-01
1.120000000000000107e+00 0.000000000000000000e+00 -3.038329114934500974e-01
1.130000000000000115e+00 0.000000000000000000e+00 -2.856675282992167664e-01
1.140000000000000124e+00 0.000000000000000000e+00 -2.687261570808622824e-01
1.150000000000000133e+00 0.000000000000000000e+00 -2.529175060823306564e-01
1.159999999999999920e+00 0.000000000000000000e+00 -2.381577037519468643e-01
1.169999999999999929e+00 0.000000000000000000e+00 -2.243696509721046506e-01
1.179999999999999938e+00 0.000000000000000000e+00 -2.114824331214195663e-01
1.189999999999999947e+00 0.000000000000000000e+00 -1.994307862240706775e-01
1.199999999999999956e+00 0.000000000000000000e+00 -1.881546120006019063e-01
