0.000000000000000000e+00 1.882120220773999182e+21 2.258682132463990048e+24
1.000000000000000021e-02 9.411749999126847160e+20 1.129409999947610697e+24
2.000000000000000042e-02 2.297790513700780160e+17 1.378674312313358909e+20
2.999999999999999889e-02 1.770986687792935500e+15 7.083946990719065600e+17
4.000000000000000083e-02 5.609838022933957812e+13 1.682951726637267600e+16
5.000000000000000278e-02 3.855047211839998047e+12 9.252120014207995000e+14
5.999999999999999778e-02 4.323679546025865479e+11 8.647377806686504688e+13
7.000000000000000666e-02 6.799690764378958130e+10 1.165667635310000781e+13
8.000000000000000167e-02 1.369556573476641846e+10 2.054359841236844238e+12
8.999999999999999667e-02 3.332259822946663857e+09 4.443122629646811523e+11
1.000000000000000056e-01 9.410876849999995232e+08 1.129357610999999390e+11
1.100000000000000006e-01 2.998380728173424006e+08 3.271229632777568436e+10
1.199999999999999956e-01 1.055297979500762969e+08 1.055444187584932137e+10
1.300000000000000044e-01 4.037900721138682961e+07 3.728127877552616119e+09
1.400000000000000133e-01 1.658939239081307687e+07 1.422444904873893261e+09
1.499999999999999944e-01 7.246296449389494024e+06 5.800103365272912979e+08
1.600000000000000033e-01 3.338520917086496949e+06 2.505842330149334371e+08
1.700000000000000122e-01 1.611794689862543950e+06 1.139014154010019600e+08
1.799999999999999933e-01 8.110129425299591385e+05 5.415310167745983601e+07
1.900000000000000022e-01 4.233772522962305229e+05 2.679822501420701295e+07
2.000000000000000111e-01 2.284147558593748836e+05 1.374581425781249255e+07
2.099999999999999922e-01 1.269315151421864866e+05 7.282316846230893396e+06
2.200000000000000011e-01 7.244457744667376392e+04 3.972525406694696285e+06
2.300000000000000100e-01 4.235752473109523271e+04 2.225344503920056857e+06
2.399999999999999911e-01 2.531434963123629859e+04 1.277139988137536682e+06
2.500000000000000000e-01 1.543265402879999965e+04 7.493508071423999500e+05
2.600000000000000089e-01 9.579922604200924980e+03 4.486729630543504609e+05
2.700000000000000178e-01 6.045168624498501231e+03 2.736825005763430381e+05
2.800000000000000266e-01 3.871783073397898988e+03 1.698162607677292544e+05
2.899999999999999800e-01 2.513286736270946221e+03 1.070351371012096351e+05
2.999999999999999889e-01 1.651213145015157579e+03 6.844399905163512449e+04
3.099999999999999978e-01 1.096513170191043628e+03 4.434985221137486224e+04
3.200000000000000067e-01 7.350207531486848893e+02 2.908799881687351080e+04
3.300000000000000155e-01 4.966818646318524770e+02 1.929041525965548135e+04
3.400000000000000244e-01 3.378659965221160633e+02 1.292212431749956704e+04
3.500000000000000333e-01 2.310197973443522415e+02 8.734940073637642854e+03
3.599999999999999867e-01 1.585159987562780088e+02 5.952399246010541901e+03
3.699999999999999956e-01 1.089402745093614584e+02 4.085056978611529303e+03
3.800000000000000044e-01 7.481741657184534233e+01 2.820538695384213497e+03
3.900000000000000133e-01 5.120001102791550807e+01 1.957142702227445398e+03
4.000000000000000222e-01 3.478126287460325017e+01 1.363194966316222235e+03
4.100000000000000311e-01 2.333059474351541240e+01 9.518471905614746902e+02
4.199999999999999845e-01 1.533051199183778834e+01 6.652600153266682810e+02
4.299999999999999933e-01 9.740459999526041912e+00 4.645619377983344407e+02
4.400000000000000022e-01 5.841710513383675085e+00 3.234053191415725905e+02
4.500000000000000111e-01 3.134500280920704540e+00 2.237881264357488931e+02
4.600000000000000200e-01 1.269205049354517278e+00 1.533182271187045558e+02
4.700000000000000289e-01 -1.048824862999175878e-04 1.034055518252667412e+02
4.799999999999999822e-01 -8.472575536090265480e-01 6.805689378260071010e+01
4.899999999999999911e-01 -1.395632495044276888e+00 4.306574184826602902e+01
5.000000000000000000e-01 -1.733107199999999848e+00 2.546334720000000118e+01
5.100000000000000089e-01 -1.922443334770634671e+00 1.314399399454493533e+01
5.200000000000000178e-01 -2.008549415248801484e+00 4.607367572383466836e+00
5.300000000000000266e-01 -2.023589157091647550e+00 -1.219766270036753752e+00
5.400000000000000355e-01 -1.990594194976336606e+00 -5.107774308773159078e+00
5.500000000000000444e-01 -1.926032010988716126e+00 -7.611200563724910495e+00
5.600000000000000533e-01 -1.841639730368874517e+00 -9.130111013780275897e+00
5.700000000000000622e-01 -1.745739223315251998e+00 -9.953557098151701865e+00
5.799999999999999600e-01 -1.644183829778582684e+00 -1.029052416946446513e+01
5.899999999999999689e-01 -1.541042195068420106e+00 -1.029207132368059341e+01
5.999999999999999778e-01 -1.439093651300191512e+00 -1.006723825234127645e+01
6.099999999999999867e-01 -1.340187941290606366e+00 -9.694519382897526683e+00
6.199999999999999956e-01 -1.245506917422525506e+00 -9.230170598457995368e+00
6.300000000000000044e-01 -1.155755163409314834e+00 -8.714242531093406186e+00
6.400000000000000133e-01 -1.071298919631834767e+00 -8.174975260301422963e+00
6.500000000000000222e-01 -9.922673069441589888e-01 -7.632007370235045052e+00
6.600000000000000311e-01 -9.186259927883235754e-01 -7.098724014141900795e+00
6.700000000000000400e-01 -8.502306776232086971e-01 -6.583977671343270721e+00
6.800000000000000488e-01 -7.868657849523201797e-01 -6.093350486188484183e+00
6.900000000000000577e-01 -7.282722939893215841e-01 -5.630080712805298759e+00
7.000000000000000666e-01 -6.741676044642601617e-01 -5.195742468473282472e+00
7.099999999999999645e-01 -6.242595577543802454e-01 -4.790743953644378550e+00
7.199999999999999734e-01 -5.782561786798191550e-01 -4.414691877987030111e+00
7.299999999999999822e-01 -5.358722915745872672e-01 -4.066657166800252021e+00
7.399999999999999911e-01 -4.968338621134971156e-01 -3.745367781445050781e+00
7.500000000000000000e-01 -4.608806936070043436e-01 -3.449347723226472873e+00
7.600000000000000089e-01 -4.277679418844368975e-01 -3.177016323671680187e+00
7.700000000000000178e-01 -3.972667910679750225e-01 -2.926758267326780683e+00
7.800000000000000266e-01 -3.691645422549118538e-01 -2.696972093711033303e+00
7.900000000000000355e-01 -3.432643001453035136e-01 -2.486102927619192382e+00
8.000000000000000444e-01 -3.193843929329885922e-01 -2.292663705884478098e+00
8.100000000000000533e-01 -2.973576238692237639e-01 -2.115248068514866020e+00
8.200000000000000622e-01 -2.770304255226295753e-01 -1.952537263592985406e+00
8.300000000000000711e-01 -2.582619674629280104e-01 -1.803302805626225691e+00
8.399999999999999689e-01 -2.409232530828144259e-01 -1.666406172478688053e+00
8.499999999999999778e-01 -2.248962301989301527e-01 -1.540796486964255418e+00
8.599999999999999867e-01 -2.100729319383966009e-01 -1.425506876266666278e+00
8.699999999999999956e-01 -1.963546584747129231e-01 -1.319650013776325181e+00
8.800000000000000044e-01 -1.836512058677584880e-01 -1.222413207470715246e+00
8.900000000000000133e-01 -1.718801451694557392e-01 -1.133053294516827236e+00
9.000000000000000222e-01 -1.609661527665975922e-01 -1.050891524300493707e+00
9.100000000000000311e-01 -1.508403914111201560e-01 -9.753085548234177171e-01
9.200000000000000400e-01 -1.414399403601853955e-01 -9.057396452831603106e-01
9.300000000000000488e-01 -1.327072723823771450e-01 -8.416700968587829124e-01
9.400000000000000577e-01 -1.245897749837527740e-01 -7.826309714064358936e-01
9.500000000000000666e-01 -1.170393129949423294e-01 -7.281951017758206968e-01
9.599999999999999645e-01 -1.100118295831674503e-01 -6.779733961737622883e-01
9.699999999999999734e-01 -1.034669827702371508e-01 -6.316114312095149064e-01
9.799999999999999822e-01 -9.736781461912885627e-02 -5.887863230438343809e-01
9.899999999999999911e-01 -9.168045037548171183e-02 -5.492038627435330556e-01
1.000000000000000000e+00 -8.637382499999998742e-02 -5.125958999999999932e-01
1.010000000000000009e+00 -8.141943469163212543e-02 -4.787179584180784042e-01
1.020000000000000018e+00 -7.679111117105928697e-02 -4.473470653325366531e-01
1.030000000000000027e+00 -7.246481666359265439e-02 -4.182797793486525695e-01
1.040000000000000036e+00 -6.841845768598914246e-02 -3.913303993722152541e-01
1.050000000000000044e+00 -6.463171590027384783e-02 -3.663293396755462616e-01
1.060000000000000053e+00 -6.108589444772576094e-02 -3.431216564544971592e-01
1.070000000000000062e+00 -5.776377831680037933e-02 -3.215657123050204569e-01
1.080000000000000071e+00 -5.464950742950462625e-02 -3.015319660428388282e-01
1.090000000000000080e+00 -5.172846125155926983e-02 -2.829018762751915883e-01
1.100000000000000089e+00 0.000000000000000000e+00 -2.655669080887007039e-01
1.110000000000000098e+00 0.000000000000000000e+00 -2.494276331284515369e-01
1.120000000000000107e+00 0.000000000000000000e+00 -2.343929142020999556e-01
1.130000000000000115e+00 0.000000000000000000e+00 -2.203791663447751681e-01
1.140000000000000124e+00 0.000000000000000000e+00 -2.073096870240647982e-01
1.150000000000000133e+00 0.000000000000000000e+00 -1.951140488497233039e-01
1.159999999999999920e+00 0.000000000000000000e+00 -1.837275487815417940e-01
1.169999999999999929e+00 0.000000000000000000e+00 -1.730907084035327448e-01
1.179999999999999938e+00 0.000000000000000000e+00 -1.631488203562569406e-01
1.189999999999999947e+00 0.000000000000000000e+00 -1.538515364950488740e-01
1.199999999999999956e+00 0.000000000000000000e+00 -1.451524937735696186e-01
