0.000000000000000000e+00 2.788159606676923613e+21 3.345995764005547979e+24
1.000000000000000021e-02 1.394249999870654415e+21 1.673099999922392513e+24
2.000000000000000042e-02 3.403930643852343040e+17 2.042358392374452552e+20
2.999999999999999889e-02 2.623527175561343000e+15 1.049410905710133888e+18
4.000000000000000083e-02 8.310374439971921875e+13 2.493112805667113600e+16
5.000000000000000278e-02 5.710839721919996094e+12 1.370602526630399250e+15
5.999999999999999778e-02 6.405068353511669922e+11 1.281016443014576719e+14
7.000000000000000666e-02 1.007301389273508606e+11 1.726811805163383203e+13
8.000000000000000167e-02 2.028851439513265610e+10 3.043314165171235352e+12
8.999999999999999667e-02 4.936386180195592880e+09 6.582010497218762207e+11
1.000000000000000056e-01 1.394120654999999046e+09 1.673022392999999084e+11
1.100000000000000006e-01 4.441780057121821642e+08 4.845976490753711700e+10
1.199999999999999956e-01 1.563310985546559393e+08 1.563527572440527916e+10
1.300000000000000044e-01 5.981717677926862240e+07 5.522822343025538445e+09
1.400000000000000133e-01 2.457540913639943674e+07 2.107199855235797167e+09
1.499999999999999944e-01 1.073461264689777792e+07 8.592232273896825314e+08
1.600000000000000033e-01 4.945661483889124356e+06 3.712137198958770633e+08
1.700000000000000122e-01 2.387701390788304154e+06 1.687327567242446840e+08
1.799999999999999933e-01 1.201428930094610201e+06 8.022202525472064316e+07
1.900000000000000022e-01 6.271881324089874979e+05 3.969870322783587128e+07
2.000000000000000111e-01 3.383720507812497672e+05 2.036295351562498882e+07
2.099999999999999922e-01 1.880354832869807142e+05 1.078797370143370330e+07
2.200000000000000011e-01 1.073189104594153760e+05 5.884871769582943991e+06
2.300000000000000100e-01 6.274815715883673693e+04 3.296610134194679558e+06
2.399999999999999911e-01 3.750051359635041445e+04 1.891946530908819288e+06
2.500000000000000000e-01 2.286183628799999860e+04 1.110083272704000119e+06
2.600000000000000089e-01 1.419163885186928928e+04 6.646611706930287182e+05
2.700000000000000178e-01 8.955277410085873271e+03 4.054314860801307950e+05
2.800000000000000266e-01 5.735637970240748473e+03 2.515647353439345607e+05
2.899999999999999800e-01 3.723169975009946938e+03 1.585611946441862383e+05
2.999999999999999889e-01 2.446099369450231279e+03 1.013925344487911789e+05
3.099999999999999978e-01 1.624370051136665552e+03 6.569961953943311528e+04
3.200000000000000067e-01 1.088857184776692293e+03 4.309080539938169386e+04
3.300000000000000155e-01 7.357831945986465598e+02 2.857672473394768895e+04
3.400000000000000244e-01 5.005141302094438061e+02 1.914277599553299297e+04
3.500000000000000333e-01 3.422326332292101370e+02 1.293990489388896822e+04
3.599999999999999867e-01 2.348257789534955577e+02 8.817863843345241548e+03
3.699999999999999956e-01 1.613844543732666352e+02 6.051592418215781436e+03
3.800000000000000044e-01 1.108349307638794130e+02 4.178340921366153452e+03
3.900000000000000133e-01 7.584813755727196849e+01 2.899309730390764344e+03
4.000000000000000222e-01 5.152540683746333627e+01 2.019437742233275003e+03
4.100000000000000311e-01 3.456237295588962155e+01 1.410068409569035111e+03
4.199999999999999845e-01 2.271102680303571475e+01 9.855188408497251658e+02
4.299999999999999933e-01 1.442989549509541192e+01 6.882050094307755899e+02
4.400000000000000022e-01 8.654257961219087747e+00 4.790956643991231658e+02
4.500000000000000111e-01 4.643766735807496993e+00 3.315226858218453572e+02
4.600000000000000200e-01 1.880489524441514071e+00 2.271284277685709867e+02
4.700000000000000289e-01 1.066624692516171535e-04 1.531875995204136132e+02
4.799999999999999822e-01 -1.254890418389142948e+00 1.008218886910413232e+02
4.899999999999999911e-01 -2.067276059138638100e+00 6.379978467598755287e+01
5.000000000000000000e-01 -2.567232000000000181e+00 3.772339200000001824e+01
5.100000000000000089e-01 -2.847733464663722458e+00 1.947330835435797169e+01
5.200000000000000178e-01 -2.975308057755988500e+00 6.826970234356480205e+00
5.300000000000000266e-01 -2.997603254557889674e+00 -1.805510473730965515e+00
5.400000000000000355e-01 -2.948738270572548892e+00 -7.565355069295623736e+00
5.500000000000000444e-01 -2.853108182840017548e+00 -1.127406561578686528e+01
5.600000000000000533e-01 -2.728100510398566048e+00 -1.352430074144546701e+01
5.700000000000000622e-01 -2.586043403654382011e+00 -1.474426230164627150e+01
5.799999999999999600e-01 -2.435608121407122795e+00 -1.524354230996898707e+01
5.899999999999999689e-01 -2.282822064689133068e+00 -1.524592081562757073e+01
5.999999999999999778e-01 -2.131802635134944612e+00 -1.491293027471534494e+01
6.099999999999999867e-01 -1.985290130555663168e+00 -1.436085331972418544e+01
6.199999999999999956e-01 -1.845035426391173683e+00 -1.367302832369314380e+01
6.300000000000000044e-01 -1.712082363611137747e+00 -1.290878711773259901e+01
6.400000000000000133e-01 -1.586973553535783177e+00 -1.210996529867302485e+01
6.500000000000000222e-01 -1.469900331580262343e+00 -1.130565613045328632e+01
6.600000000000000311e-01 -1.360811886987456365e+00 -1.051568897223931387e+01
6.700000000000000400e-01 -1.259494498315742561e+00 -9.753178413927809487e+00
6.800000000000000488e-01 -1.165628849475929041e+00 -9.026394311342439636e+00
6.900000000000000577e-01 -1.078831261609639380e+00 -8.340134227600799477e+00
7.000000000000000666e-01 -9.986831213213545055e-01 -7.696730425539801246e+00
7.099999999999999645e-01 -9.247516520340209878e-01 -7.096787936200827929e+00
7.199999999999999734e-01 -8.566043458864924798e-01 -6.539724424446317741e+00
7.299999999999999822e-01 -7.938187651360205654e-01 -6.024163810838850885e+00
7.399999999999999911e-01 -7.359889744539669376e-01 -5.548221919763660637e+00
7.500000000000000000e-01 -6.827295354931215421e-01 -5.109712403280889603e+00
7.600000000000000089e-01 -6.336777512788738242e-01 -4.706293832845182656e+00
7.700000000000000178e-01 -5.884946675147716411e-01 -4.335573433815393507e+00
7.800000000000000266e-01 -5.468652041446869783e-01 -3.995178938661565038e+00
7.900000000000000355e-01 -5.084976912886439715e-01 -3.682807075755515136e+00
8.000000000000000444e-01 -4.731230100151149753e-01 -3.396255016559733608e+00
8.100000000000000533e-01 -4.404934837356743182e-01 -3.133439474190618856e+00
8.200000000000000622e-01 -4.103816254386510876e-01 -2.892406933770102384e+00
8.300000000000000711e-01 -3.825788159113620024e-01 -2.671337591761841601e+00
8.399999999999999689e-01 -3.568939658598028197e-01 -2.468544908107748181e+00
8.499999999999999778e-01 -3.331521984303779105e-01 -2.282472172705946267e+00
8.599999999999999867e-01 -3.111935765876059912e-01 -2.111687113103068114e+00
8.699999999999999956e-01 -2.908718909981302669e-01 -1.954875290915004005e+00
8.800000000000000044e-01 -2.720535176877745265e-01 -1.810832826406707063e+00
8.900000000000000133e-01 -2.546163501560242959e-01 -1.678458835930071613e+00
9.000000000000000222e-01 -2.384488073878580638e-01 -1.556747852148169686e+00
9.100000000000000311e-01 -2.234489169492240579e-01 -1.444782412141837113e+00
9.200000000000000400e-01 -2.095234708296205284e-01 -1.341725936088723481e+00
9.300000000000000488e-01 -1.965872507084617526e-01 -1.246815973587837245e+00
9.400000000000000577e-01 -1.845623187254994968e-01 -1.159357861639299214e+00
9.500000000000000666e-01 -1.733773695206402843e-01 -1.078718814595677644e+00
9.599999999999999645e-01 -1.629671391939134517e-01 -1.004322449683528351e+00
9.699999999999999734e-01 -1.532718668617593372e-01 -9.356437401506826346e-01
9.799999999999999822e-01 -1.442368046065826970e-01 -8.722043803724166544e-01
9.899999999999999911e-01 -1.358117717997620877e-01 -8.135685423304939157e-01
1.000000000000000000e+00 -1.279507500000000020e-01 -7.593389999999999862e-01
1.010000000000000009e+00 -1.206115148716294105e-01 -7.091535967681394936e-01
1.020000000000000018e+00 -1.137553018188182941e-01 -6.626820306397855909e-01
1.030000000000000027e+00 -1.073465022827882198e-01 -6.196229323388104948e-01
1.040000000000000036e+00 -1.013523878941886835e-01 -5.797012122566058689e-01
1.050000000000000044e+00 -9.574285990767050780e-02 -5.426656533564366836e-01
1.060000000000000053e+00 -9.049022156800271000e-02 -5.082867284877479186e-01
1.070000000000000062e+00 -8.556897126537539588e-02 -4.763546220067513270e-01
1.080000000000000071e+00 -8.095561453120299344e-02 -4.466774370733932464e-01
1.090000000000000080e+00 -7.662849310471635256e-02 -4.190795714545350048e-01
1.100000000000000089e+00 0.000000000000000000e+00 -3.934002460779297827e-01
1.110000000000000098e+00 0.000000000000000000e+00 -3.694921719311235475e-01
1.120000000000000107e+00 0.000000000000000000e+00 -3.472203421714409322e-01
1.130000000000000115e+00 0.000000000000000000e+00 -3.264609375011765513e-01
1.140000000000000124e+00 0.000000000000000000e+00 -3.071003339635015594e-01
1.150000000000000133e+00 0.000000000000000000e+00 -2.890342033298330948e-01
1.159999999999999920e+00 0.000000000000000000e+00 -2.721666971808702207e-01
1.169999999999999929e+00 0.000000000000000000e+00 -2.564097066348496878e-01
1.179999999999999938e+00 0.000000000000000000e+00 -2.416821904523073772e-01
1.189999999999999947e+00 0.000000000000000000e+00 -2.279095649516493793e-01
1.199999999999999956e+00 0.000000000000000000e+00 -2.150231498092869120e-01
