0.000000000000000000e+00 3.485274499190873915e+21 4.182584699513765869e+24
1.000000000000000021e-02 1.742849999838314496e+21 2.091419999902988417e+24
2.000000000000000042e-02 4.255004857549217280e+17 2.553002922108515123e+20
2.999999999999999889e-02 3.279479532312403000e+15 1.311791857282985728e+18
4.000000000000000083e-02 1.038819156729125625e+14 3.116458062295531200e+16
5.000000000000000278e-02 7.138703252159996094e+12 1.713290022259199000e+15
5.999999999999999778e-02 8.006507713707580566e+11 1.601305008212195000e+14
7.000000000000000666e-02 1.259153829129069519e+11 2.158561201076896094e+13
8.000000000000000167e-02 2.536118867643176651e+10 3.804224559914319336e+12
8.999999999999999667e-02 6.170615494669260025e+09 8.227690152127333984e+11
1.000000000000000056e-01 1.742688314999999046e+09 2.091322988999998779e+11
1.100000000000000006e-01 5.552344536791146994e+08 6.057600950866963196e+10
1.199999999999999956e-01 1.954180778120069206e+08 1.954451518016866684e+10
1.300000000000000044e-01 7.477307977151566744e+07 6.903676469017486572e+09
1.400000000000000133e-01 3.071992236913857982e+07 2.634056493129770279e+09
1.499999999999999944e-01 1.341855450490271486e+07 1.074052143108266592e+09
1.600000000000000033e-01 6.182209858106941916e+06 4.640271334951647520e+08
1.700000000000000122e-01 2.984690947301532142e+06 2.109204837756038904e+08
1.799999999999999933e-01 1.501818468496854883e+06 1.002796889687895179e+08
1.900000000000000022e-01 7.840020287138563581e+05 4.962444659631061554e+07
2.000000000000000111e-01 4.229741601562497672e+05 2.545423945312498510e+07
2.099999999999999922e-01 2.350494083839911618e+05 1.348525719176609814e+07
2.200000000000000011e-01 1.341515221518866601e+05 7.356247927339020185e+06
2.300000000000000100e-01 7.843688230291822401e+04 4.120851286189602688e+06
2.399999999999999911e-01 4.687664919735208969e+04 2.364984014304935001e+06
2.500000000000000000e-01 2.857790914560000238e+04 1.387633921228799969e+06
2.600000000000000089e-01 1.773992938809101179e+04 8.308443199602838140e+05
2.700000000000000178e-01 1.119433692557582253e+04 5.068002466077732388e+05
2.800000000000000266e-01 7.169701166952271706e+03 3.144626732547043939e+05
2.899999999999999800e-01 4.654062152026730473e+03 1.982057485656801728e+05
2.999999999999999889e-01 3.057689630645736543e+03 1.267433876949652913e+05
3.099999999999999978e-01 2.030505947792585175e+03 8.212628558064157551e+04
3.200000000000000067e-01 1.361100514576384967e+03 5.386466099305263197e+04
3.300000000000000155e-01 9.197485730794800247e+02 3.572167070534048253e+04
3.400000000000000244e-01 6.256559491801034483e+02 2.392898176491676713e+04
3.500000000000000333e-01 4.277998488039604013e+02 1.617522662309668158e+04
3.599999999999999867e-01 2.935384150606397498e+02 1.102256489524418794e+04
3.699999999999999956e-01 2.017348029246904275e+02 7.564651573968643788e+03
3.800000000000000044e-01 1.385465544482603661e+02 5.223037111390011887e+03
3.900000000000000133e-01 9.481213492342794780e+01 3.624213957987318736e+03
4.000000000000000222e-01 6.440807819366450815e+01 2.524350500106809704e+03
4.100000000000000311e-01 4.320383871541776699e+01 1.762622602168181857e+03
4.199999999999999845e-01 2.838934495181375084e+01 1.231924352156987425e+03
4.299999999999999933e-01 1.803771458949045225e+01 8.602741734312168091e+02
4.400000000000000022e-01 1.081801785558246820e+01 5.988819568548358347e+02
4.500000000000000111e-01 5.804800669884214948e+00 4.144118386451899028e+02
4.600000000000000200e-01 2.350633867852360837e+00 2.839162703498847691e+02
4.700000000000000289e-01 1.081794491133436509e-04 1.914882984788224576e+02
4.799999999999999822e-01 -1.568668941582660459e+00 1.260297955020835587e+02
4.899999999999999911e-01 -2.584170263057951722e+00 7.975120697098410005e+01
5.000000000000000000e-01 -3.209126399999999713e+00 4.715504640000000336e+01
5.100000000000000089e-01 -3.559758831409607360e+00 2.434197793673349253e+01
5.200000000000000178e-01 -3.719228809574345540e+00 8.533738185954693023e+00
5.300000000000000266e-01 -3.747096924232821813e+00 -2.257075128479350212e+00
5.400000000000000355e-01 -3.686013082252809436e+00 -9.457018807328381627e+00
5.500000000000000444e-01 -3.566471760599634777e+00 -1.409299209634462713e+01
5.600000000000000533e-01 -3.410207804173013280e+00 -1.690583386481251438e+01
5.700000000000000622e-01 -3.232631714261287925e+00 -1.843080765195445281e+01
5.799999999999999600e-01 -3.044582782007120958e+00 -1.905491155320588703e+01
5.899999999999999689e-01 -2.853595407511745563e+00 -1.905787644053028629e+01
5.999999999999999778e-01 -2.664816442170908850e+00 -1.864162205329471789e+01
6.099999999999999867e-01 -2.481671322174750838e+00 -1.795150466167644510e+01
6.199999999999999956e-01 -2.306348680500507342e+00 -1.709169934819851733e+01
6.300000000000000044e-01 -2.140153339176090519e+00 -1.613637239124172140e+01
6.400000000000000133e-01 -1.983763570667955056e+00 -1.513781932160076948e+01
6.500000000000000222e-01 -1.837418543949476124e+00 -1.413240742452183341e+01
6.600000000000000311e-01 -1.701054739480182487e+00 -1.314492386629212106e+01
6.700000000000000400e-01 -1.574404995593917667e+00 -1.219176218042847104e+01
6.800000000000000488e-01 -1.457070154999931200e+00 -1.128325986051213015e+01
6.900000000000000577e-01 -1.348570605666482347e+00 -1.042541394759625817e+01
7.000000000000000666e-01 -1.248383066840171196e+00 -9.621139796806629008e+00
7.099999999999999645e-01 -1.155966553746189840e+00 -8.871193681948442489e+00
7.199999999999999734e-01 -1.070780417803167017e+00 -8.174847641332522841e+00
7.299999999999999822e-01 -9.922965986013495554e-01 -7.530381515108942381e+00
7.399999999999999911e-01 -9.200076644122311409e-01 -6.935440012594599857e+00
7.500000000000000000e-01 -8.534318054768075257e-01 -6.387290122196819908e+00
7.600000000000000089e-01 -7.921156395305373188e-01 -5.883004979654041122e+00
7.700000000000000178e-01 -7.356354634412280991e-01 -5.419593538652719644e+00
7.800000000000000266e-01 -6.835974176471484309e-01 -4.994090389004229635e+00
7.900000000000000355e-01 -6.356369060486474210e-01 -4.603616368711527684e+00
8.000000000000000444e-01 -5.914175219368187353e-01 -4.245417873607946646e+00
8.100000000000000533e-01 -5.506296621951938253e-01 -3.916890730909357909e+00
8.200000000000000622e-01 -5.129889612978438818e-01 -3.615592987286632809e+00
8.300000000000000711e-01 -4.782346390426693850e-01 -3.339249833019447777e+00
8.399999999999999689e-01 -4.461278281572186311e-01 -3.085753042049373285e+00
8.499999999999999778e-01 -4.164499274085827762e-01 -2.853156679893824155e+00
8.599999999999999867e-01 -3.890010107853164589e-01 -2.639670363037523337e+00
8.699999999999999956e-01 -3.635983123146021012e-01 -2.443651004212468170e+00
8.800000000000000044e-01 -3.400747980982344876e-01 -2.263593717867647293e+00
8.900000000000000133e-01 -3.182778314229434691e-01 -2.098122366711366649e+00
9.000000000000000222e-01 -2.980679327449283211e-01 -1.945980086742710391e+00
9.100000000000000311e-01 -2.793176335313882208e-01 -1.806020022146194837e+00
9.200000000000000400e-01 -2.619104210382553477e-01 -1.677196423414765825e+00
9.300000000000000488e-01 -2.457397698698493282e-01 -1.558556205043835519e+00
9.400000000000000577e-01 -2.307082554206424108e-01 -1.449231017809111899e+00
9.500000000000000666e-01 -2.167267439056650979e-01 -1.348429861023736409e+00
9.599999999999999645e-01 -2.037136535428464845e-01 -1.255432239272689765e+00
9.699999999999999734e-01 -1.915942814823602958e-01 -1.169581853693317131e+00
9.799999999999999822e-01 -1.803001912290216890e-01 -1.090280808217650721e+00
9.899999999999999911e-01 -1.697686555328451474e-01 -1.016984305043200809e+00
1.000000000000000000e+00 -1.599421500000000052e-01 -9.491957999999999229e-01
1.010000000000000009e+00 -1.507678929798230427e-01 -8.864625867182354124e-01
1.020000000000000018e+00 -1.421974275977119506e-01 -8.283717780391146590e-01
1.030000000000000027e+00 -1.341862421177023035e-01 -7.745466535544153208e-01
1.040000000000000036e+00 -1.266934251248179877e-01 -7.246433432132156627e-01
1.050000000000000044e+00 -1.196813523109223343e-01 -6.783478183808662187e-01
1.060000000000000053e+00 -1.131154019256788990e-01 -6.353731634171813081e-01
1.070000000000000062e+00 -1.069636962146100767e-01 -5.954571026436301651e-01
1.080000000000000071e+00 -1.011968664083385816e-01 -5.583597594115690121e-01
1.090000000000000080e+00 -9.578783905081905692e-02 -5.238616258082867683e-01
1.100000000000000089e+00 0.000000000000000000e+00 -4.917617233061015725e-01
1.110000000000000098e+00 0.000000000000000000e+00 -4.618759363467345169e-01
1.120000000000000107e+00 0.000000000000000000e+00 -4.340355024432607234e-01
1.130000000000000115e+00 0.000000000000000000e+00 -4.080856438669289155e-01
1.140000000000000124e+00 0.000000000000000000e+00 -3.838843273629093389e-01
1.150000000000000133e+00 0.000000000000000000e+00 -3.613011396081091675e-01
1.159999999999999920e+00 0.000000000000000000e+00 -3.402162672885447603e-01
1.169999999999999929e+00 0.000000000000000000e+00 -3.205195717379695219e-01
1.179999999999999938e+00 0.000000000000000000e+00 -3.021097490491512771e-01
1.189999999999999947e+00 0.000000000000000000e+00 -2.848935674504800564e-01
1.199999999999999956e+00 0.000000000000000000e+00 -2.687851745399258974e-01
