0.000000000000000000e+00 1.355494556149582763e+02 3.771100129058763741e+02
1.000000000000000021e-02 1.317783554858995103e+02 3.771100129058772268e+02
2.000000000000000042e-02 1.280072553568407159e+02 3.771100129058772268e+02
2.999999999999999889e-02 1.242361552277819499e+02 3.771100129058763741e+02
4.000000000000000083e-02 1.204650550987231838e+02 3.771100129058772268e+02
4.999999999999999584e-02 1.166939549696644178e+02 3.771100129058772268e+02
5.999999999999999778e-02 1.129228548406056518e+02 3.771100129058772268e+02
6.999999999999999278e-02 1.091517547115468574e+02 3.771100129058772268e+02
8.000000000000000167e-02 1.053806545824880914e+02 3.771100129058772268e+02
8.999999999999999667e-02 1.016095544534292969e+02 3.771100129058763741e+02
9.999999999999999167e-02 9.783845432437055933e+01 3.771100129058763741e+02
1.099999999999999867e-01 9.406735419531177911e+01 3.771100129058781363e+02
1.199999999999999956e-01 9.029625406625299888e+01 3.771100129058772268e+02
1.300000000000000044e-01 8.652515393719423287e+01 3.771100129058763741e+02
1.399999999999999856e-01 8.275405380813546685e+01 3.771100129058772268e+02
1.499999999999999944e-01 7.898295367907670084e+01 3.771100129058772268e+02
1.600000000000000033e-01 7.521185355001793482e+01 3.771100129058763741e+02
1.699999999999999845e-01 7.144075342095916881e+01 3.771100129058772268e+02
1.799999999999999933e-01 6.766965329190038858e+01 3.771100129058772268e+02
1.899999999999999745e-01 6.389855316284162257e+01 3.771100129058763741e+02
1.999999999999999833e-01 6.012745303378285655e+01 3.771100129058772268e+02
2.099999999999999922e-01 5.635635290472407632e+01 3.771100129058772268e+02
2.199999999999999734e-01 5.258525277566531031e+01 3.771100129058763741e+02
2.299999999999999822e-01 4.881415264660655851e+01 3.771100129058772268e+02
2.399999999999999911e-01 4.504305251754777117e+01 3.771100129058777384e+02
2.500000000000000000e-01 4.127195238848899805e+01 3.771100129058772268e+02
2.600000000000000089e-01 3.750085225943023204e+01 3.771100129058770563e+02
2.700000000000000178e-01 3.372975213037145892e+01 3.771100129058768289e+02
2.799999999999999711e-01 2.995865200131269290e+01 3.771100129058770563e+02
2.899999999999999800e-01 2.618755187225391978e+01 3.771100129058770563e+02
2.999999999999999889e-01 2.241645174319515021e+01 2.157753245121523378e+02
3.099999999999999423e-01 2.187204538201087090e+01 1.876330518024703338e+02
3.200000000000000067e-01 1.866379070714574340e+01 3.262935751672492870e+02
3.300000000000000155e-01 1.534617387866588878e+01 3.160219540354891592e+02
3.399999999999999689e-01 1.234335162643596107e+01 2.748407860213015965e+02
3.500000000000000333e-01 9.849358158239855499e+00 2.284966035630356771e+02
3.599999999999999867e-01 7.773419555175247631e+00 1.893610827586779521e+02
3.699999999999999956e-01 6.062136503066298587e+00 1.566226447069821006e+02
3.799999999999999489e-01 4.640966661035605512e+00 1.290451191705968768e+02
3.900000000000000133e-01 3.481234119654359915e+00 1.057794787958771252e+02
3.999999999999999667e-01 2.525377085118063469e+00 8.737806784005776706e+01
4.099999999999999756e-01 1.733672762853204485e+00 7.299698067805636015e+01
4.199999999999999845e-01 1.065437471556936355e+00 6.101718287368768756e+01
4.299999999999999933e-01 5.133291053794510894e-01 5.199828506001453121e+01
4.399999999999999467e-01 2.547177035664562744e-02 4.481436994765452653e+01
4.499999999999999556e-01 -3.829582935736394189e-01 3.697267380482750809e+01
4.599999999999999645e-01 -7.139817057399046041e-01 2.811570841787170849e+01
4.699999999999999734e-01 -9.452724619310736154e-01 1.996418641498053859e+01
4.799999999999999822e-01 -1.113265434039515389e+00 1.447920198157801153e+01
4.899999999999999911e-01 -1.234856501562633824e+00 1.093954904010469242e+01
5.000000000000000000e-01 -1.332056414841609193e+00 8.058930085900396278e+00
5.100000000000000089e-01 -1.396035103280641732e+00 4.929719249683325089e+00
5.200000000000000178e-01 -1.430650799835275766e+00 2.696976504506240602e+00
5.299999999999999156e-01 -1.449974633370766597e+00 1.330065032787112633e+00
5.400000000000000355e-01 -1.457252100491017721e+00 7.031814888910892236e-01
5.499999999999999334e-01 -1.464038263148588426e+00 -5.648031316376604938e-01
5.599999999999999423e-01 -1.445956037858264764e+00 -3.422936188307803107e+00
5.699999999999999512e-01 -1.395579539382432177e+00 -5.647227789260528930e+00
5.799999999999999600e-01 -1.333011482073054088e+00 -6.391661648565342801e+00
5.899999999999999689e-01 -1.267746306411125623e+00 -6.543098888500715304e+00
5.999999999999999778e-01 -1.202149504303039906e+00 -6.857379476751789937e+00
6.099999999999999867e-01 -1.130598716876089593e+00 -7.018638540036957529e+00
6.199999999999998845e-01 -1.061776733502300729e+00 -7.501378627884205841e+00
6.300000000000000044e-01 -9.805711443184055298e-01 -7.939350004557532259e+00
6.400000000000000133e-01 -9.029897334111500751e-01 -7.430100369421438700e+00
6.499999999999999112e-01 -8.319691369299768713e-01 -7.212536803292584509e+00
6.600000000000000311e-01 -7.587389973452983716e-01 -7.763600663484229614e+00
6.700000000000000400e-01 -6.766971236602921103e-01 -8.044948008417122765e+00
6.799999999999999378e-01 -5.978400371769558852e-01 -7.332957538951148990e+00
6.899999999999999467e-01 -5.300379728812691926e-01 -6.045571180756009078e+00
7.000000000000000666e-01 -4.769286135618358013e-01 -5.092274697556804952e+00
7.099999999999999645e-01 -4.281924789301331247e-01 -4.751318373479015200e+00
7.199999999999999734e-01 -3.819022460922554263e-01 -4.538214241979090957e+00
7.299999999999998712e-01 -3.374281940905513033e-01 -4.088028228761244165e+00
7.399999999999999911e-01 -3.001416815170305785e-01 -3.324119108954497470e+00
7.500000000000000000e-01 -2.709458119114613872e-01 -2.816200257289665831e+00
7.599999999999998979e-01 -2.438176763712372463e-01 -2.501661649393986497e+00
7.699999999999999067e-01 -2.209125789235816539e-01 -2.230019232204030644e+00
7.800000000000000266e-01 -1.992172917271566035e-01 -1.782801663735255060e+00
7.899999999999999245e-01 -1.852565456488765583e-01 -1.390829496559710332e+00
7.999999999999999334e-01 -1.714007017959623957e-01 -1.141019034093028406e+00
8.100000000000000533e-01 -1.624361649670159891e-01 -8.992272877392297747e-01
8.199999999999999512e-01 -1.534161560411778369e-01 -6.680733621098466912e-01
8.299999999999999600e-01 -1.490746977248190719e-01 -5.887331224793795892e-01
8.399999999999999689e-01 -1.416414935915902285e-01 -6.270424219598751403e-01
8.499999999999999778e-01 -1.365338492856215669e-01 -4.510704489057075217e-01
8.599999999999999867e-01 -1.326200846134760747e-01 -3.841241428216736753e-01
8.699999999999999956e-01 -1.288513664291880967e-01 -2.902725557534913681e-01
8.799999999999998934e-01 -1.268146334984062706e-01 -2.500151051527289003e-01
8.900000000000000133e-01 -1.238510643261335198e-01 -3.382410935646334993e-01
8.999999999999999112e-01 -1.200498116271135896e-01 -5.859946988701681958e-01
9.099999999999999201e-01 -1.121311703487301442e-01 -7.536211567168893399e-01
9.199999999999999289e-01 -1.049773884927757972e-01 -7.446335145402154243e-01
9.299999999999999378e-01 -9.723850005792583628e-02 -7.625898201160444811e-01
9.399999999999999467e-01 -8.972559209045491424e-02 -7.232829242674898573e-01
9.499999999999999556e-01 -8.277284157257604191e-02 -7.085676738259125695e-01
9.599999999999999645e-01 -7.555423861393666118e-02 -7.972392129949672501e-01
9.699999999999999734e-01 -6.682805731267670024e-02 -9.051984898990469430e-01
9.799999999999999822e-01 -5.745026881595572538e-02 -7.949379556770304056e-01
9.899999999999998801e-01 -5.092929819913609435e-02 -5.823560669754724861e-01
1.000000000000000000e+00 -4.580314747644627371e-02 -4.958584688810402930e-01
1.010000000000000009e+00 -4.101212882151529515e-02 -4.294311964215477007e-01
1.020000000000000018e+00 -3.721452354801531998e-02 -3.124611114120436905e-01
1.029999999999999805e+00 -3.476290659327441190e-02 -1.632064810184858106e-01
1.040000000000000036e+00 -3.395039392764560848e-02 -8.930305031132565463e-02
1.050000000000000044e+00 -3.297684558704790103e-02 -8.424730827323080595e-02
1.059999999999999831e+00 -3.226544776218098765e-02 -7.128044636029348680e-02
1.069999999999999840e+00 -3.155123665984203157e-02 -8.215510366089907868e-02
1.080000000000000071e+00 -3.062234568896300343e-02 -1.422713890493109701e-01
1.089999999999999858e+00 -2.870580887885581731e-02 -1.963074497139600805e-01
1.099999999999999867e+00 -2.669619669468380196e-02 -2.098304392041656641e-01
1.109999999999999876e+00 -2.450920009477250416e-02 -2.544767847837075547e-01
1.119999999999999885e+00 -2.160666099900965254e-02 -3.177329810150448797e-01
1.129999999999999893e+00 -1.815454047447160463e-02 -3.567168291675072989e-01
1.139999999999999902e+00 -1.447232441565950850e-02 -3.480757227557582656e-01
1.149999999999999911e+00 -1.119302601935643834e-02 -2.997917304193633004e-01
1.159999999999999920e+00 -8.476489807272242355e-03 -5.207541906164203649e-01
1.169999999999999929e+00 -7.779422070280326293e-04 -4.202180483392042865e-01
1.179999999999999938e+00 -7.212884048815742274e-05 -3.864052956823633977e-02
1.189999999999999947e+00 -5.131615663305937169e-06 -3.606442024407871191e-03
1.199999999999999956e+00 0.000000000000000000e+00 -5.131615663305936830e-04
