0.000000000000000000e+00 2.660541408134747599e+02 9.677396843099907073e+02
1.000000000000000021e-02 2.563767439703748323e+02 9.677396843099887747e+02
2.000000000000000042e-02 2.466993471272749900e+02 9.677396843099870694e+02
2.999999999999999889e-02 2.370219502841751194e+02 9.677396843099870694e+02
4.000000000000000083e-02 2.273445534410752487e+02 9.677396843099870694e+02
4.999999999999999584e-02 2.176671565979753780e+02 9.677396843099870694e+02
5.999999999999999778e-02 2.079897597548755073e+02 9.677396843099887747e+02
6.999999999999999278e-02 1.983123629117756082e+02 9.677396843099870694e+02
8.000000000000000167e-02 1.886349660686757659e+02 9.677396843099870694e+02
8.999999999999999667e-02 1.789575692255758668e+02 9.677396843099870694e+02
9.999999999999999167e-02 1.692801723824760245e+02 9.677396843099870694e+02
1.099999999999999867e-01 1.596027755393761254e+02 9.677396843099887747e+02
1.199999999999999956e-01 1.499253786962762547e+02 9.677396843099870694e+02
1.300000000000000044e-01 1.402479818531763840e+02 9.677396843099879788e+02
1.399999999999999856e-01 1.305705850100765133e+02 9.677396843099879788e+02
1.499999999999999944e-01 1.208931881669766284e+02 9.677396843099870694e+02
1.600000000000000033e-01 1.112157913238767577e+02 9.677396843099870694e+02
1.699999999999999845e-01 1.015383944807768870e+02 9.677396843099879788e+02
1.799999999999999933e-01 9.186099763767700210e+01 9.677396843099879788e+02
1.899999999999999745e-01 8.218360079457713141e+01 9.677396843099870694e+02
1.999999999999999833e-01 7.250620395147726072e+01 9.677396843099870694e+02
2.099999999999999922e-01 6.282880710837739002e+01 9.677396843099875241e+02
2.199999999999999734e-01 5.315141026527751222e+01 9.677396843099875241e+02
2.299999999999999822e-01 4.347401342217764153e+01 9.677396843099891157e+02
2.399999999999999911e-01 3.379661657907773531e+01 9.677396843099893431e+02
2.500000000000000000e-01 2.411921973597785751e+01 9.677396843099874104e+02
2.600000000000000089e-01 1.444182289287798682e+01 9.677396843099872967e+02
2.700000000000000178e-01 4.764426049778113459e+00 6.760815551818745917e+02
2.799999999999999711e-01 9.201917892404933852e-01 2.686608330174937009e+02
2.899999999999999800e-01 -6.087906105717604266e-01 8.653872141470952783e+01
2.999999999999999889e-01 -8.105826390536970960e-01 -8.158515769953599062e+00
3.099999999999999423e-01 -4.456202951726885297e-01 -2.596312786085777446e+01
3.200000000000000067e-01 -2.913200818365415667e-01 5.438858453822020600e+00
3.300000000000000155e-01 -5.543974642491289462e-01 3.905822391705686414e+01
3.399999999999999689e-01 -1.072484560177678681e+00 5.378502531200363279e+01
3.500000000000000333e-01 -1.630097970489201575e+00 5.461102002445863945e+01
3.599999999999999867e-01 -2.164704960666851363e+00 4.501966289237836349e+01
3.699999999999999956e-01 -2.530491228336768650e+00 2.483763941506093076e+01
3.799999999999999489e-01 -2.661457748968069748e+00 1.940114685807696082e+00
3.900000000000000133e-01 -2.569293522052922718e+00 -1.651535541221063141e+01
3.999999999999999667e-01 -2.331150640723857137e+00 -2.527963200030595914e+01
4.099999999999999756e-01 -2.063700882046803464e+00 -2.410638015150184543e+01
4.199999999999999845e-01 -1.849023037693820370e+00 -2.056374584487300439e+01
4.299999999999999933e-01 -1.652425965149343590e+00 -2.013068548935391533e+01
4.399999999999999467e-01 -1.446409327906742259e+00 -1.813164985867559764e+01
4.499999999999999556e-01 -1.289792967975831761e+00 -1.459498949612300933e+01
4.599999999999999645e-01 -1.154509537984282019e+00 -1.056887661384494237e+01
4.699999999999999734e-01 -1.078415435698932834e+00 -5.093092529905325350e+00
4.799999999999999822e-01 -1.052647687386175424e+00 -3.304881271847099899e+00
4.899999999999999911e-01 -1.012317810261990747e+00 -5.489377213490866048e+00
5.000000000000000000e-01 -9.428601431163582403e-01 -3.661185988302801952e+00
5.100000000000000089e-01 -9.390940904959347302e-01 1.496279660520963006e-01
5.200000000000000178e-01 -9.458527024374002723e-01 -1.085634951689137484e+00
5.299999999999999156e-01 -9.173813914621519183e-01 -2.899544669533299590e+00
5.400000000000000355e-01 -8.878618090467342849e-01 -1.721150496450924106e+00
5.499999999999999334e-01 -8.829583815331335517e-01 -1.517306129293658046e+00
5.599999999999999423e-01 -8.575156864608610707e-01 -3.287438086320457753e+00
5.699999999999999512e-01 -8.172096198067242412e-01 -4.744783693117128109e+00
5.799999999999999600e-01 -7.626200125985185263e-01 -7.525909809816377027e+00
5.899999999999999689e-01 -6.666914236103969049e-01 -9.345098110509498568e+00
5.999999999999999778e-01 -5.757180503883285727e-01 -7.726049362779418672e+00
6.099999999999999867e-01 -5.121704363548085226e-01 -5.241433395797925776e+00
6.199999999999998845e-01 -4.708893824723699995e-01 -5.267073219181622079e+00
6.300000000000000044e-01 -4.068289719711760677e-01 -5.874718795187517273e+00
6.400000000000000133e-01 -3.533950065686197184e-01 -5.017022559685894834e+00
6.499999999999999112e-01 -3.064885207774581399e-01 -4.327312539851505768e+00
6.600000000000000311e-01 -2.668487557715895631e-01 -3.631564486680945336e+00
6.700000000000000400e-01 -2.338572310438392088e-01 -4.477591169473664756e+00
6.799999999999999378e-01 -1.772969323821163012e-01 -5.926674499488854941e+00
6.899999999999999467e-01 -1.153237410540621510e-01 -4.509900025310966676e+00
7.000000000000000666e-01 -8.709893187589698438e-02 -7.770906140095166226e-01
7.099999999999999645e-01 -9.978192877387181969e-02 -7.428750399657161330e-01
7.199999999999999734e-01 -7.224143107658266560e-02 -2.845567075298524706e+00
7.299999999999998712e-01 -4.287058726790132085e-02 -1.996562814437288891e+00
7.399999999999999911e-01 -3.231017478783689001e-02 -9.580785140988281601e-01
7.500000000000000000e-01 -2.370901698592476139e-02 -3.611633177768011627e-01
7.599999999999998979e-01 -2.508690843230086676e-02 -1.256531468674340901e-01
7.699999999999999067e-01 -2.119595404857608015e-02 -1.451224491227774138e-01
7.800000000000000266e-01 -2.218445944984531737e-02 2.341510378921411728e-01
7.899999999999999245e-01 -2.587897480641890291e-02 5.098766827013105907e-01
7.999999999999999334e-01 -3.238199310387152724e-02 1.400410678356083655e-02
8.100000000000000533e-01 -2.615905694209012117e-02 -1.106417230768208526e+00
8.199999999999999512e-01 -1.025364848850735845e-02 -4.636834128677294053e-01
8.299999999999999600e-01 -1.688538868473553334e-02 4.854186255208193801e-01
8.399999999999999689e-01 -1.996202099892374626e-02 -2.539455821833349128e-02
8.499999999999999778e-01 -1.637749752036886386e-02 -2.282903812095487539e-01
8.599999999999999867e-01 -1.539621337473277146e-02 -6.583192911653340529e-02
8.699999999999999956e-01 -1.506085893803819561e-02 2.316734118673627885e-01
8.799999999999998934e-01 -2.002968161208002959e-02 1.908651378192688375e-01
8.900000000000000133e-01 -1.887816169442357167e-02 -6.028221854061693863e-02
8.999999999999999112e-01 -1.882403724126768818e-02 2.229058133578432077e-01
9.099999999999999201e-01 -2.333627796158043582e-02 -7.095350907640776694e-02
9.199999999999999289e-01 -1.740496705973953312e-02 -4.360303311760327372e-01
9.299999999999999378e-01 -1.461567133805978178e-02 -1.697131039897450677e-01
9.399999999999999467e-01 -1.401070497994463468e-02 1.613424461340309118e-02
9.499999999999999556e-01 -1.493835623032784173e-02 -4.215508187156213338e-01
9.599999999999999645e-01 -5.579688605632206026e-03 -6.594018594375619102e-01
9.699999999999999734e-01 -1.750319041576604753e-03 2.591093919019989422e-01
9.799999999999999822e-01 -1.076187644367218414e-02 2.326581547042043396e-01
9.899999999999998801e-01 -6.403482135660691285e-03 -8.776836319195644442e-01
1.000000000000000000e+00 6.791796194719101204e-03 -1.299985356690843474e+00
1.010000000000000009e+00 1.959622499815617813e-02 -3.612595725783769307e-01
1.020000000000000018e+00 1.401698764628664037e-02 6.207359921188180252e-01
1.029999999999999805e+00 7.181505155779819086e-03 4.145237863815092183e-01
1.040000000000000036e+00 5.726511918656454828e-03 -2.704235554310012724e-01
1.050000000000000044e+00 1.258997626439984502e-02 -5.289341456905085614e-01
1.059999999999999831e+00 1.630519483246662196e-02 -3.321998210115097439e-01
1.069999999999999840e+00 1.923397268463003865e-02 -2.071674851686955421e-01
1.080000000000000071e+00 2.044854453584053766e-02 -1.660136765759424177e-02
1.089999999999999858e+00 1.956600003778192348e-02 1.475090482476598963e-01
1.099999999999999867e+00 1.749836357088734029e-02 2.113494478590548231e-01
1.109999999999999876e+00 1.533901108060082598e-02 1.104297912300777618e-01
1.119999999999999885e+00 1.528976774628578242e-02 -3.952915431760332943e-02
1.129999999999999893e+00 1.612959416695289305e-02 -2.665861769255181701e-02
1.139999999999999902e+00 1.582294010013681612e-02 1.637929804101733167e-01
1.149999999999999911e+00 1.285373455874942727e-02 2.997401206509513472e-01
1.159999999999999920e+00 9.828137687117792162e-03 5.566351763717145573e-01
1.169999999999999929e+00 1.721031031315137152e-03 4.810458554008779086e-01
1.179999999999999938e+00 2.072205791002344657e-04 8.515237209371914751e-02
1.189999999999999947e+00 1.798358944075436488e-05 1.036102895501172377e-02
1.199999999999999956e+00 0.000000000000000000e+00 1.798358944075436651e-03
