0.000000000000000000e+00 4.982830200000000787e+02 1.024039229999999861e+03
1.000000200000000089e-02 4.673580299999999284e+02 5.161016300000000228e+03
1.999999800000000147e-02 3.950616479999999910e+02 6.205604199999999764e+03
2.999999999999999889e-02 3.432469919999999775e+02 4.841866010000000642e+03
4.000000199999999978e-02 2.982251645999999710e+02 4.206797569999999723e+03
4.999999799999999689e-02 2.591096807999999783e+02 3.655032570000000305e+03
5.999999999999999778e-02 2.251245131999999671e+02 3.175635080000000016e+03
7.000000199999999173e-02 1.955968745999999783e+02 2.759112650000000031e+03
7.999999800000000272e-02 1.699421556000000066e+02 2.397222800000000461e+03
8.999999999999999667e-02 1.476523139999999898e+02 2.082800429999999778e+03
1.000000019999999906e-01 1.282861469999999997e+02 1.809621839999999793e+03
1.099999979999999877e-01 1.114598771999999940e+02 1.572268750000000182e+03
1.199999999999999956e-01 9.684087660000001563e+01 1.366049849999999878e+03
1.300000020000000034e-01 8.413919400000000337e+01 1.186875280000000203e+03
1.399999979999999866e-01 7.310316180000000941e+01 1.031204330000000027e+03
1.499999999999999944e-01 6.351500279999999776e+01 8.959513000000000602e+02
1.600000020000000023e-01 5.518424040000000019e+01 7.784384300000001531e+02
1.699999979999999855e-01 4.794612959999999902e+01 6.763331400000000713e+02
1.799999999999999933e-01 4.165757760000000332e+01 5.876271099999999024e+02
1.900000019999999734e-01 3.619369199999999864e+01 5.105531230000000278e+02
1.999999979999999844e-01 3.144652560000000108e+01 4.435882029999999645e+02
2.099999999999999922e-01 2.732193839999999696e+01 3.854065450000000510e+02
2.200000019999999723e-01 2.373837377999999987e+01 3.348565029999999751e+02
2.299999980000000110e-01 2.062481879999999990e+01 2.909360090000000127e+02
2.399999999999999911e-01 1.791964313999999803e+01 2.527768830000000548e+02
2.500000019999999989e-01 1.556928114000000107e+01 2.196223439999999982e+02
2.599999980000000099e-01 1.352719626000000019e+01 1.908165500000000065e+02
2.700000000000000178e-01 1.175297105999999836e+01 1.657889079999999922e+02
2.800000019999999701e-01 1.021142856000000165e+01 1.440436139999999909e+02
2.899999979999999811e-01 8.872098779999998186e+00 1.251507620000000003e+02
2.999999999999999889e-01 7.708402859999999635e+00 1.087358839999999987e+02
3.100000019999999967e-01 6.697370639999999931e+00 9.447367400000000259e+01
3.199999980000000077e-01 5.818950300000000908e+00 8.208275800000001254e+01
3.300000000000000155e-01 5.055725940000000307e+00 7.131680299999999306e+01
3.400000020000000234e-01 4.392603779999999958e+00 6.196242500000000319e+01
3.499999979999999788e-01 3.816466980000000397e+00 5.383552800000001071e+01
3.599999999999999867e-01 3.315893219999999531e+00 4.677440039999999755e+01
3.700000019999999945e-01 2.880975834000000013e+00 4.063940120000000888e+01
3.799999980000000055e-01 2.503104149999999972e+00 3.530908980000000241e+01
3.900000000000000133e-01 2.174794037999999929e+00 3.067792480000000666e+01
4.000000020000000212e-01 1.889546699999999912e+00 2.665417200000000264e+01
4.099999979999999766e-01 1.641710597999999965e+00 2.315817849999999822e+01
4.199999999999999845e-01 1.426384176000000004e+00 2.006599330000000236e+01
4.300000019999999368e-01 1.240391778000000000e+00 1.759895000000000209e+01
4.399999980000000033e-01 1.074404130000000013e+00 1.581693210000000072e+01
4.499999999999999556e-01 9.240531359999999417e-01 1.424327740000000020e+01
4.600000019999999634e-01 7.895396279999999933e-01 1.258604730000000060e+01
4.699999980000000299e-01 6.723321899999998852e-01 1.123048359999999946e+01
4.799999999999999822e-01 5.649278640000000573e-01 1.047469629999999974e+01
4.900000019999999901e-01 4.628393099999999483e-01 9.939301200000000946e+00
4.999999979999999455e-01 3.661418400000000517e-01 9.331836700000000207e+00
5.100000000000000089e-01 2.762014254000000335e-01 8.633527100000000232e+00
5.200000019999999612e-01 1.934724485999999855e-01 7.922456299999999452e+00
5.299999979999999722e-01 1.177525085999999999e-01 7.226290999999999798e+00
5.400000000000000355e-01 4.894683780000000373e-02 6.539016700000001237e+00
5.500000019999999878e-01 -1.302781493999999839e-02 5.870099699999999920e+00
5.599999979999999988e-01 -6.845484239999999332e-02 5.235857600000001000e+00
5.699999999999999512e-01 -1.177452911999999907e-01 4.644543340000000242e+00
5.800000019999999035e-01 -1.613456046000000255e-01 4.092522070000000234e+00
5.899999980000000255e-01 -1.995959418000000096e-01 3.571687289999999848e+00
5.999999999999999778e-01 -2.327793504000000013e-01 3.073252600000000001e+00
6.100000019999999301e-01 -2.610608891999999792e-01 2.590497449999999979e+00
6.199999980000000521e-01 -2.845892993999999954e-01 2.124305709999999792e+00
6.300000000000000044e-01 -3.035468987999999646e-01 1.685796360000000105e+00
6.400000019999999568e-01 -3.183061679999999449e-01 1.288384350000000067e+00
6.499999980000000788e-01 -3.293142719999999635e-01 9.367766800000000282e-01
6.600000000000000311e-01 -3.370400279999999915e-01 6.265069300000000174e-01
6.700000019999999834e-01 -3.418443059999999867e-01 3.515198060000000457e-01
6.799999979999998834e-01 -3.440722860000000050e-01 1.108911669999999849e-01
6.899999999999999467e-01 -3.440628720000000196e-01 -9.472157600000000177e-02
7.000000019999998990e-01 -3.421769340000000437e-01 -2.696551389999999881e-01
7.099999979999999100e-01 -3.386686500000000155e-01 -4.248182560000000052e-01
7.199999999999999734e-01 -3.336792299999999933e-01 -5.692384300000000730e-01
7.300000019999999257e-01 -3.272839859999999712e-01 -7.041881200000000840e-01
7.399999979999999367e-01 -3.195958859999999957e-01 -8.241434000000000815e-01
7.500000000000000000e-01 -3.108019548000000576e-01 -9.224098699999999651e-01
7.600000019999999523e-01 -3.011485253999999778e-01 -9.943746700000000160e-01
7.699999979999999633e-01 -2.909142522000000008e-01 -1.039755380000000118e+00
7.800000000000000266e-01 -2.803536269999999941e-01 -1.065696179999999771e+00
7.900000019999999790e-01 -2.696006424000000345e-01 -1.088195639999999909e+00
7.999999979999999900e-01 -2.585897141999999871e-01 -1.125297259999999966e+00
8.100000000000000533e-01 -2.470945925999999959e-01 -1.183815730000000066e+00
8.200000020000000056e-01 -2.349131904000000270e-01 -1.251967859999999932e+00
8.299999979999999056e-01 -2.220552353999999673e-01 -1.306715499999999919e+00
8.399999999999999689e-01 -2.087789850000000280e-01 -1.329774570000000100e+00
8.500000019999999212e-01 -1.954597439999999908e-01 -1.317494530000000053e+00
8.599999979999999322e-01 -1.824291989999999863e-01 -1.277872050000000037e+00
8.699999999999999956e-01 -1.699023030000000045e-01 -1.223511430000000066e+00
8.800000019999999479e-01 -1.579587611999999919e-01 -1.166865300000000216e+00
8.899999979999999589e-01 -1.465649970000000024e-01 -1.115517160000000008e+00
8.999999999999999112e-01 -1.356485225999999877e-01 -1.068033989999999989e+00
9.100000019999999745e-01 -1.252043171999999982e-01 -1.017742310000000039e+00
9.199999979999999855e-01 -1.152935717999999943e-01 -9.602175400000001471e-01
9.299999999999999378e-01 -1.060000710000000013e-01 -8.958519300000000740e-01
9.400000020000000012e-01 -9.737653320000000390e-02 -8.273703100000000532e-01
9.499999980000000122e-01 -8.945245559999999430e-02 -7.575288900000001213e-01
9.599999999999999645e-01 -8.222595540000000869e-02 -6.880954099999999629e-01
9.700000020000000278e-01 -7.569044279999999347e-02 -6.199432799999999855e-01
9.799999979999999278e-01 -6.982708979999999177e-02 -5.548454700000000628e-01
9.899999999999998801e-01 -6.459353339999999999e-02 -4.955801559999999939e-01
1.000000001999999943e+00 -5.991540299999999208e-02 -4.432534830000000037e-01
1.009999997999999843e+00 -5.572868340000000642e-02 -3.966630740000000044e-01
1.020000000000000018e+00 -5.198222520000000263e-02 -3.555280780000000251e-01
1.030000001999999970e+00 -4.861797539999999918e-02 -3.212658250000000049e-01
1.039999997999999870e+00 -4.555685639999999814e-02 -2.944845640000000042e-01
1.050000000000000044e+00 -4.272826319999999817e-02 -2.740682130000000605e-01
1.060000001999999997e+00 -4.007539799999999819e-02 -2.584122079999999766e-01
1.069999997999999897e+00 -3.755997719999999707e-02 -2.464496290000000311e-01
1.080000000000000071e+00 -3.514654140000000176e-02 -2.389095380000000324e-01
1.090000002000000023e+00 -3.278205840000000121e-02 -2.378175140000000076e-01
1.099999997999999923e+00 -3.039014928000000060e-02 -2.427243000000000317e-01
1.110000000000000098e+00 -2.792744687999999809e-02 -2.490133750000000090e-01
1.120000002000000050e+00 -2.540989223999999894e-02 -2.472215770000000257e-01
1.129999997999999950e+00 -2.298302580000000095e-02 -2.606124690000000133e-01
1.139999999999999902e+00 -2.019764285999999659e-02 -3.160311179999999998e-01
1.150000001999999855e+00 -1.666240344000000095e-02 -5.365613900000000269e-01
1.159999997999999977e+00 -9.466373220000001004e-03 -6.961391500000000399e-01
1.169999999999999929e+00 -2.739580691999999977e-03 -5.068581279999999634e-01
1.180000001999999881e+00 6.707820179999999036e-04 -1.395196640000000154e-01
1.189999998000000003e+00 5.081300639999999902e-05 3.353915320000000477e-02
1.199999999999999956e+00 0.000000000000000000e+00 -2.337658329999999993e-02
