0.000000000000000000e+00 4.034683499999999640e+03 6.147865000000000873e+04
1.000000200000000089e-02 3.460366739999999481e+03 5.338940899999999965e+04
1.999999800000000147e-02 2.966913101999999981e+03 4.586662930000000051e+04
2.999999999999999889e-02 2.543025786000000153e+03 3.939800840000000608e+04
4.000000199999999978e-02 2.178951888000000054e+03 3.383621719999999914e+04
4.999999799999999689e-02 1.866303534000000127e+03 2.905448050000000512e+04
5.999999999999999778e-02 1.597863323999999920e+03 2.494375280000000203e+04
7.000000199999999173e-02 1.367427431999999953e+03 2.141020790000000125e+04
7.999999800000000272e-02 1.169658120000000054e+03 1.837314690000000337e+04
8.999999999999999667e-02 9.999644940000000588e+02 1.576306310000000303e+04
1.000000019999999906e-01 8.543958119999998644e+02 1.352022990000000027e+04
1.099999979999999877e-01 7.295598959999999806e+02 1.159318410000000040e+04
1.199999999999999956e-01 6.225321299999999383e+02 9.937732200000002194e+03
1.300000020000000034e-01 5.308052519999999959e+02 8.515852100000000064e+03
1.399999979999999866e-01 4.522171799999999848e+02 7.294699399999999514e+03
1.499999999999999944e-01 3.849102179999999862e+02 6.246189000000000306e+03
1.600000020000000023e-01 3.272933999999999628e+02 5.346053700000000390e+03
1.699999979999999855e-01 2.779894577999999683e+02 4.573504249999999956e+03
1.799999999999999933e-01 2.358225827999999922e+02 3.910565140000000611e+03
1.900000019999999734e-01 1.997782596000000126e+02 3.341839249999999993e+03
1.999999979999999844e-01 1.689860070000000007e+02 2.854063300000000254e+03
2.099999999999999922e-01 1.426970981999999992e+02 2.435846350000000257e+03
2.200000019999999723e-01 1.202688708000000020e+02 2.077371690000000399e+03
2.299999980000000110e-01 1.011496644000000060e+02 1.770219020000000000e+03
2.399999999999999911e-01 8.486469959999999446e+01 1.507134330000000091e+03
2.500000019999999989e-01 7.100697780000000137e+01 1.281888690000000224e+03
2.599999980000000099e-01 5.922692580000000362e+01 1.089126580000000104e+03
2.700000000000000178e-01 4.922423700000000224e+01 1.183653600000000097e+03
2.800000019999999701e-01 3.555385379999999884e+01 1.594036009999999806e+03
2.899999979999999811e-01 1.734366323999999793e+01 1.120093410000000176e+03
2.999999999999999889e-01 1.315189145999999987e+01 2.517371590000000197e+02
3.100000019999999967e-01 1.230889913999999941e+01 1.605725060000000042e+02
3.199999980000000077e-01 9.940430880000000968e+00 2.368468260000000214e+02
3.300000000000000155e-01 7.571993999999999225e+00 1.610055500000000279e+02
3.400000020000000234e-01 6.720340799999999781e+00 9.134299599999999941e+01
3.499999979999999788e-01 5.745113159999999830e+00 9.421635799999999961e+01
3.599999999999999867e-01 4.836003179999999624e+00 8.535098500000000854e+01
3.700000019999999945e-01 4.038103919999999292e+00 7.481671900000000619e+01
3.799999980000000055e-01 3.339679259999999594e+00 6.668720700000000079e+01
3.900000000000000133e-01 2.704356642000000477e+00 6.147342000000000439e+01
4.000000020000000212e-01 2.110207721999999730e+00 5.743167600000000306e+01
4.099999979999999766e-01 1.555726260000000138e+00 5.316765700000000550e+01
4.199999999999999845e-01 1.046855627999999871e+00 4.862561120000000869e+01
4.300000019999999368e-01 5.832161280000000003e-01 4.424956560000001105e+01
4.399999980000000033e-01 1.618655711999999747e-01 4.022100119999999635e+01
4.499999999999999556e-01 -2.212054649999999900e-01 3.656245930000000044e+01
4.600000019999999634e-01 -5.693838239999999828e-01 3.322744520000000534e+01
4.699999980000000299e-01 -8.857538460000000669e-01 3.012307409999999663e+01
4.799999999999999822e-01 -1.171845306000000031e+00 2.709124309999999980e+01
4.900000019999999901e-01 -1.427579754000000145e+00 2.401741520000000207e+01
4.999999979999999455e-01 -1.652194655999999817e+00 2.093438250000000522e+01
5.100000000000000089e-01 -1.846267404000000001e+00 1.792932910000000390e+01
5.200000019999999612e-01 -2.010780192000000355e+00 1.511715810000000104e+01
5.299999979999999722e-01 -2.148610566000000333e+00 1.254420730000000006e+01
5.400000000000000355e-01 -2.261663292000000158e+00 1.016283139999999996e+01
5.500000019999999878e-01 -2.351865102000000096e+00 7.973396500000000664e+00
5.599999979999999988e-01 -2.421130176000000134e+00 6.050063999999998998e+00
5.699999999999999512e-01 -2.472866381999999863e+00 4.393519030000000214e+00
5.800000019999999035e-01 -2.509003589999999839e+00 2.905782770000000070e+00
5.899999980000000255e-01 -2.530982142000000046e+00 1.538210989999999834e+00
5.999999999999999778e-01 -2.539765403999999727e+00 3.614552370000000403e-01
6.100000019999999301e-01 -2.538212093999999919e+00 -5.850173399999999413e-01
6.199999980000000521e-01 -2.528066939999999985e+00 -1.447350200000000031e+00
6.300000000000000044e-01 -2.509264044000000027e+00 -2.368567630000000257e+00
6.400000019999999568e-01 -2.480695691999999841e+00 -3.330291410000000063e+00
6.499999980000000788e-01 -2.442659994000000001e+00 -4.265232360000000611e+00
6.600000000000000311e-01 -2.395389161999999850e+00 -5.133783690000000455e+00
6.700000019999999834e-01 -2.339984633999999897e+00 -5.858541400000000010e+00
6.799999979999998834e-01 -2.278219379999999905e+00 -6.391269199999999984e+00
6.899999999999999467e-01 -2.212158203999999628e+00 -6.737756700000000265e+00
7.000000019999998990e-01 -2.143464245999999740e+00 -6.941569800000000789e+00
7.099999979999999100e-01 -2.073326808000000021e+00 -7.134818299999999169e+00
7.199999999999999734e-01 -2.000766834000000216e+00 -7.432457599999999331e+00
7.300000019999999257e-01 -1.924676610000000121e+00 -7.792333900000000924e+00
7.399999979999999367e-01 -1.844921202000000093e+00 -8.093320399999999637e+00
7.500000000000000000e-01 -1.762812294000000168e+00 -8.306286000000000058e+00
7.600000019999999523e-01 -1.678795482000000172e+00 -8.463238300000000436e+00
7.699999979999999633e-01 -1.593545436000000093e+00 -8.585934099999999347e+00
7.800000000000000266e-01 -1.507074708000000207e+00 -8.661769100000000776e+00
7.900000019999999790e-01 -1.420312145999999887e+00 -8.685879400000001027e+00
7.999999979999999900e-01 -1.333358166000000011e+00 -8.653348799999999841e+00
8.100000000000000533e-01 -1.247245170000000014e+00 -8.536092200000000574e+00
8.200000020000000056e-01 -1.162635276000000051e+00 -8.305606100000000325e+00
8.299999979999999056e-01 -1.081132001999999925e+00 -7.982026000000001176e+00
8.399999999999999689e-01 -1.002995802000000047e+00 -7.630883800000001216e+00
8.500000019999999212e-01 -9.285153720000001165e-01 -7.305996200000000051e+00
8.599999979999999322e-01 -8.568748319999999197e-01 -7.029119999999998925e+00
8.699999999999999956e-01 -7.879329720000001203e-01 -6.749942600000000681e+00
8.800000019999999479e-01 -7.218780719999999818e-01 -6.384365599999999752e+00
8.899999979999999589e-01 -6.602446140000000074e-01 -5.926322200000000429e+00
8.999999999999999112e-01 -6.033495359999999641e-01 -5.444273100000000198e+00
9.100000019999999745e-01 -5.513591519999999635e-01 -4.984001720000000191e+00
9.199999979999999855e-01 -5.036709660000000532e-01 -4.563169770000000014e+00
9.299999999999999378e-01 -4.600966980000000262e-01 -4.196907640000000050e+00
9.400000020000000012e-01 -4.197326040000000091e-01 -3.879451870000000469e+00
9.499999980000000122e-01 -3.825065100000000218e-01 -3.571509470000000519e+00
9.599999999999999645e-01 -3.483023100000000039e-01 -3.241146060000000162e+00
9.700000020000000278e-01 -3.176848440000000218e-01 -2.876149589999999812e+00
9.799999979999999278e-01 -2.907793181999999699e-01 -2.489809489999999847e+00
9.899999999999998801e-01 -2.678876082000000158e-01 -2.112470219999999621e+00
1.000000001999999943e+00 -2.485299138000000019e-01 -1.789857669999999956e+00
1.009999997999999843e+00 -2.320905593999999517e-01 -1.543163799999999863e+00
1.020000000000000018e+00 -2.176667424000000017e-01 -1.360819849999999942e+00
1.030000001999999970e+00 -2.048740578000000090e-01 -1.225294860000000208e+00
1.039999997999999870e+00 -1.931608452000000142e-01 -1.131751079999999909e+00
1.050000000000000044e+00 -1.822390361999999819e-01 -1.062364670000000011e+00
1.060000001999999997e+00 -1.719134472000000136e-01 -1.009808400000000050e+00
1.069999997999999897e+00 -1.620428681999999954e-01 -9.780570699999999729e-01
1.080000000000000071e+00 -1.523520966000000143e-01 -9.711848500000000994e-01
1.090000002000000023e+00 -1.426192758000000005e-01 -9.863100099999999593e-01
1.099999997999999923e+00 -1.326260009999999934e-01 -1.017690010000000145e+00
1.110000000000000098e+00 -1.222655802000000014e-01 -1.046575300000000208e+00
1.120000002000000050e+00 -1.116942857999999872e-01 -1.061198379999999997e+00
1.129999997999999950e+00 -1.010417171999999919e-01 -1.077782710000000144e+00
1.139999999999999902e+00 -9.013873619999998588e-02 -1.128090080000000217e+00
1.150000001999999855e+00 -7.847981100000001042e-02 -1.231361660000000136e+00
1.159999997999999977e+00 -6.551171220000000239e-02 -3.413971410000000262e+00
1.169999999999999929e+00 -1.020032004000000041e-02 -3.224315920000000446e+00
1.180000001999999881e+00 -1.025313258000000189e-03 -5.053665320000000349e-01
1.189999998000000003e+00 -9.298521599999999576e-05 -5.126566290000000858e-02
1.199999999999999956e+00 0.000000000000000000e+00 3.266825360000000233e-02
