0.000000000000000000e+00 2.867739368579238089e+03 4.531072584082645335e+04
1.000000200000000089e-02 2.414632110170711712e+03 4.178130986019758711e+04
1.999999800000000147e-02 2.032113171374867989e+03 3.526841776879862300e+04
2.999999999999999889e-02 1.709263754796203784e+03 2.976326505122066374e+04
4.000000199999999978e-02 1.436847870350663925e+03 2.511051433441582049e+04
4.999999799999999689e-02 1.207053468105168122e+03 2.117872581988212914e+04
5.999999999999999778e-02 1.013273353953126048e+03 1.785668453557729299e+04
7.000000199999999173e-02 8.499197773949820203e+02 1.505029174428188890e+04
7.999999800000000272e-02 7.122675190678019135e+02 1.267993387430412258e+04
8.999999999999999667e-02 5.963210999082718899e+02 1.067825564044707062e+04
1.000000019999999906e-01 4.987024062598019327e+02 8.988275282722121119e+03
1.099999979999999877e-01 4.165555942542480352e+02 7.561789381511911415e+03
1.199999999999999956e-01 3.474666186292499788e+02 6.358022775344430556e+03
1.300000020000000034e-01 2.893951387464180129e+02 5.342485936559340189e+03
1.399999979999999866e-01 2.406168998968080359e+02 4.486007940730650262e+03
1.499999999999999944e-01 1.996749799333740043e+02 3.763918058453340109e+03
1.600000020000000023e-01 1.653385387264860071e+02 3.155353140162130330e+03
1.699999979999999855e-01 1.365679171302359975e+02 2.642671470173169837e+03
1.799999999999999933e-01 1.124851093250099865e+02 2.210956733803549923e+03
1.900000019999999734e-01 9.234878245468800628e+01 1.847598253235629727e+03
1.999999979999999844e-01 7.553314425831000278e+01 1.541935774049689826e+03
2.099999999999999922e-01 6.151006697296199377e+01 1.809075974952540037e+03
2.200000019999999723e-01 3.935162476114199848e+01 1.907784786987750067e+03
2.299999980000000110e-01 2.335437123163799811e+01 8.774967765436699665e+02
2.399999999999999911e-01 2.180168923016400129e+01 4.051688503690199923e+02
2.500000019999999989e-01 1.525099422676799854e+01 4.345881056183999362e+02
2.599999980000000099e-01 1.310992711779600128e+01 1.345939793531600230e+02
2.700000000000000178e-01 1.255911463991400012e+01 9.335105969861999142e+01
2.800000019999999701e-01 1.124290592319600002e+01 1.359471741717300119e+02
2.899999979999999811e-01 9.840171155537998260e+00 1.340890266187600162e+02
2.999999999999999889e-01 8.561125389983999412e+00 1.202830519554599960e+02
3.100000019999999967e-01 7.434510114545998860e+00 1.068638570155000025e+02
3.199999980000000077e-01 6.423848250719998987e+00 9.810887733357000684e+01
3.300000000000000155e-01 5.472332568815999387e+00 9.313129066358000330e+01
3.400000020000000234e-01 4.561222437029999632e+00 8.868912611700000070e+01
3.499999979999999788e-01 3.698550046475999942e+00 8.316441140684999311e+01
3.599999999999999867e-01 2.897934210462000060e+00 7.693954046737999874e+01
3.700000019999999945e-01 2.159759236710000252e+00 7.068726624209000420e+01
3.799999980000000055e-01 1.484188884888000048e+00 6.479060863347000065e+01
3.900000000000000133e-01 8.639470649820000236e-01 5.956998548477999122e+01
4.000000020000000212e-01 2.927891758199999694e-01 5.491864734447000274e+01
4.099999979999999766e-01 -2.344258809660000331e-01 5.049738788716000215e+01
4.199999999999999845e-01 -7.171585827600001073e-01 4.602581995108999990e+01
4.300000019999999368e-01 -1.154942280720000047e+00 4.143667469050000562e+01
4.399999980000000033e-01 -1.545892075523999765e+00 3.670864638242999689e+01
4.499999999999999556e-01 -1.889115209309999877e+00 3.187582598691999891e+01
4.600000019999999634e-01 -2.183408597981999932e+00 2.710908355048000118e+01
4.699999980000000299e-01 -2.431296878645999637e+00 2.265426166124000318e+01
4.799999999999999822e-01 -2.636493830370000069e+00 1.862603359207999887e+01
4.900000019999999901e-01 -2.803817550906000378e+00 1.504791895111000066e+01
4.999999979999999455e-01 -2.937452208659999897e+00 1.191071579391000057e+01
5.100000000000000089e-01 -3.042031867097999775e+00 9.034441457950000753e+00
5.200000019999999612e-01 -3.118141038341999405e+00 6.078464484690000447e+00
5.299999979999999722e-01 -3.163601156478000220e+00 2.925739435380000586e+00
5.400000000000000355e-01 -3.176655826421999507e+00 -1.888943001099999686e-01
5.500000019999999878e-01 -3.159823271208000328e+00 -2.845921921129999976e+00
5.599999979999999988e-01 -3.119737389149999984e+00 -4.698320757469999442e+00
5.699999999999999512e-01 -3.065856855953999371e+00 -5.758869069390000206e+00
5.800000019999999035e-01 -3.004560008075999988e+00 -6.477974859599999746e+00
5.899999980000000255e-01 -2.936297358761999821e+00 -7.375080635030000664e+00
5.999999999999999778e-01 -2.857058393387999828e+00 -8.577829367739999711e+00
6.100000019999999301e-01 -2.764740771197999880e+00 -9.753062270259999167e+00
6.199999980000000521e-01 -2.661997147145999776e+00 -1.048583046791999962e+01
6.300000000000000044e-01 -2.555024161211999711e+00 -1.064230839123000116e+01
6.400000019999999568e-01 -2.449150981517999703e+00 -1.039688462672999947e+01
6.499999980000000788e-01 -2.347086470874000241e+00 -1.015070108444000141e+01
6.600000000000000311e-01 -2.246136960665999993e+00 -1.036099348499999984e+01
6.700000019999999834e-01 -2.139866601173999960e+00 -1.116745988247999932e+01
6.799999979999998834e-01 -2.022787761552000241e+00 -1.227955412253999867e+01
6.899999999999999467e-01 -1.894275518514000112e+00 -1.332506166573999806e+01
7.000000019999998990e-01 -1.756286528028000227e+00 -1.400483070654000173e+01
7.099999979999999100e-01 -1.614178903128000053e+00 -1.410522561918000051e+01
7.199999999999999734e-01 -1.474182016272000073e+00 -1.361436738959999815e+01
7.300000019999999257e-01 -1.341891555336000019e+00 -1.270143239679999780e+01
7.399999979999999367e-01 -1.220153369381999919e+00 -1.159959577666000108e+01
7.500000000000000000e-01 -1.109899638966000079e+00 -1.058331923692000132e+01
7.600000019999999523e-01 -1.008486981923999881e+00 -9.894232951119999342e+00
7.699999979999999633e-01 -9.120149803620000162e-01 -9.588797044309998796e+00
7.800000000000000266e-01 -8.167110428160000435e-01 -9.569388545689999859e+00
7.900000019999999790e-01 -7.206272087159999451e-01 -9.621026119120001496e+00
7.999999979999999900e-01 -6.242905208519999860e-01 -9.457341810189998199e+00
8.100000000000000533e-01 -5.314803738719999782e-01 -8.886403128110000438e+00
8.200000020000000056e-01 -4.465624569299999624e-01 -7.933575703629999865e+00
8.299999979999999056e-01 -3.728088599039999229e-01 -6.752647833190000171e+00
8.399999999999999689e-01 -3.115095016259999960e-01 -5.544823913710000163e+00
8.500000019999999212e-01 -2.619123823619999847e-01 -4.517191344220000460e+00
8.599999979999999322e-01 -2.211656751600000193e-01 -3.813499164199999569e+00
8.699999999999999956e-01 -1.856423980320000000e-01 -3.415752256380000240e+00
8.800000019999999479e-01 -1.528506275220000155e-01 -3.202412172690000336e+00
8.899999979999999589e-01 -1.215941548920000115e-01 -3.045969970280000272e+00
8.999999999999999112e-01 -9.193122769800000926e-02 -2.823845254330000110e+00
9.100000019999999745e-01 -6.511724991000000795e-02 -2.451836970400000038e+00
9.199999979999999855e-01 -4.289448933599999958e-02 -1.898255753530000201e+00
9.299999999999999378e-01 -2.715213494400000108e-02 -1.186375135100000033e+00
9.400000020000000012e-01 -1.916698558800000035e-02 -4.272126284500000759e-01
9.499999980000000122e-01 -1.860788185199999806e-02 1.994092464899999695e-01
9.599999999999999645e-01 -2.315517334199999888e-02 5.663646129899999604e-01
9.700000020000000278e-01 -2.993517379799999836e-02 6.794415068199999297e-01
9.799999979999999278e-01 -3.674400306000000227e-02 6.277625536299999975e-01
9.899999999999998801e-01 -4.249042476599999840e-02 5.076921822500000125e-01
1.000000001999999943e+00 -4.689784618199999144e-02 3.960633342100000065e-01
1.009999997999999843e+00 -5.041169071800000179e-02 3.286773573700000339e-01
1.020000000000000018e+00 -5.347139448000000350e-02 3.227984451199999993e-01
1.030000001999999970e+00 -5.686766129399999092e-02 3.785858927999999901e-01
1.039999997999999870e+00 -6.104311233599998832e-02 4.645918463900000628e-01
1.050000000000000044e+00 -6.615949895400000114e-02 5.296764977099999161e-01
1.060000001999999997e+00 -7.163663946599999055e-02 5.347800938400000259e-01
1.069999997999999897e+00 -7.685509894799999464e-02 4.654242270400000270e-01
1.080000000000000071e+00 -8.094512421599998897e-02 3.201425883600000355e-01
1.090000002000000023e+00 -8.325795259799999293e-02 1.103062385699999925e-01
1.099999997999999923e+00 -8.315125118400000515e-02 -1.223652483100000077e-01
1.110000000000000098e+00 -8.081064522600001077e-02 -3.213336528700000416e-01
1.120000002000000050e+00 -7.672457697599999182e-02 -4.623837979199999504e-01
1.129999997999999950e+00 -7.156297177800000076e-02 -5.669607806900001101e-01
1.139999999999999902e+00 -6.538536063000000009e-02 -6.792246605600000819e-01
1.150000001999999855e+00 -5.797847877600000033e-02 -8.212290295699999909e-01
1.159999997999999977e+00 -4.896077993399999828e-02 -2.666141335339999863e+00
1.169999999999999929e+00 -4.655649767999999952e-03 -2.420736974140000441e+00
1.180000001999999881e+00 -5.460402419999999240e-04 -2.300486105000000003e-01
1.189999998000000003e+00 -5.467965000000000087e-05 -2.730207486000000086e-02
1.199999999999999956e+00 0.000000000000000000e+00 -5.467839480000000196e-03
