0.000000000000000000e+00 3.903573431037137519e+21 4.684574058621433471e+24
1.000000000000000021e-02 1.952024999818911810e+21 2.342429999891346627e+24
2.000000000000000042e-02 4.765686006861326080e+17 2.859411612605272228e+20
2.999999999999999889e-02 3.673079171511444000e+15 1.469231718285647360e+18
4.000000000000000083e-02 1.163497125068664062e+14 3.490492038368223600e+16
5.000000000000000278e-02 7.995482810399996094e+12 1.918917265247999000e+15
5.999999999999999778e-02 8.967440239195329590e+11 1.793491929172656250e+14
7.000000000000000666e-02 1.410276130312275085e+11 2.417629416692639062e+13
8.000000000000000167e-02 2.840501152966170502e+10 4.260803538998586914e+12
8.999999999999999667e-02 6.911206196768397331e+09 9.215168761077381592e+11
1.000000000000000056e-01 1.951843912499999046e+09 2.342321347499998779e+11
1.100000000000000006e-01 6.218731027682505846e+08 6.784627771141690063e+10
1.199999999999999956e-01 2.188719482185862064e+08 2.189022711372622681e+10
1.300000000000000044e-01 8.374726570736446977e+07 7.732248389392818451e+09
1.400000000000000133e-01 3.440689508666869998e+07 2.950193162575774670e+09
1.499999999999999944e-01 1.502903536159235612e+07 1.202958746622861862e+09
1.600000000000000033e-01 6.924192262749781832e+06 5.197191818103872538e+08
1.700000000000000122e-01 3.342910489023507573e+06 2.362349395411590338e+08
1.799999999999999933e-01 1.682065202093221247e+06 1.123151530975057781e+08
1.900000000000000022e-01 8.780971755453641526e+05 5.558032165571349859e+07
2.000000000000000111e-01 4.737391113281247672e+05 2.850923144531248510e+07
2.099999999999999922e-01 2.632598201311501907e+05 1.510374431135074422e+07
2.200000000000000011e-01 1.502522692581318261e+05 8.239137629765407182e+06
2.300000000000000100e-01 8.785081199647209723e+04 4.615431953426519409e+06
2.399999999999999911e-01 5.250274913706136431e+04 2.648827237068735994e+06
2.500000000000000000e-01 3.200781066239999927e+04 1.554176537395199994e+06
2.600000000000000089e-01 1.986906575051069740e+04 9.305615762671184493e+05
2.700000000000000178e-01 1.253787644358156467e+04 5.676260306057218695e+05
2.800000000000000266e-01 8.030206792122934530e+03 3.522042710342925857e+05
2.899999999999999800e-01 5.212642375056944729e+03 2.219942873713297886e+05
2.999999999999999889e-01 3.424674070122555349e+03 1.419550698007869651e+05
3.099999999999999978e-01 2.274208219602507597e+03 9.198305509244228597e+04
3.200000000000000067e-01 1.524460919866132372e+03 6.032948843368022062e+04
3.300000000000000155e-01 1.030137955038432665e+03 4.000898643857459683e+04
3.400000000000000244e-01 7.007482971232313957e+02 2.680094420521923530e+04
3.500000000000000333e-01 4.791454330288621009e+02 1.811658583959674070e+04
3.599999999999999867e-01 3.287698514534084779e+02 1.234550253249150774e+04
3.699999999999999956e-01 2.259478752982961112e+02 8.472570448864933496e+03
3.800000000000000044e-01 1.551756814240331437e+02 5.849914941400093085e+03
3.900000000000000133e-01 1.061921711108568900e+02 4.059200329114030865e+03
4.000000000000000222e-01 7.213894128799434213e+01 2.827330470085142224e+03
4.100000000000000311e-01 4.838969874444431696e+01 1.974179196226338263e+03
4.199999999999999845e-01 3.179710696476816878e+01 1.379785787157562027e+03
4.299999999999999933e-01 2.020301871556623396e+01 9.635294585517007135e+02
4.400000000000000022e-01 1.211676538687817306e+01 6.707643205941030828e+02
4.500000000000000111e-01 6.501819212253430180e+00 4.641535399779932618e+02
4.600000000000000200e-01 2.633045905007463716e+00 3.179954003220163941e+02
4.700000000000000289e-01 3.773435757832288573e-04 2.144737904221312021e+02
4.799999999999999822e-01 -1.756713136333250880e+00 1.411585795265718559e+02
4.899999999999999911e-01 -2.894120118215977477e+00 8.932530479243199295e+01
5.000000000000000000e-01 -3.594105600000000234e+00 5.281666559999999322e+01
5.100000000000000089e-01 -3.986840361183741077e+00 2.726532245432478163e+01
5.200000000000000178e-01 -4.165467015228163206e+00 9.559559964758882700e+00
5.300000000000000266e-01 -4.196694916028201661e+00 -2.526556444264858925e+00
5.400000000000000355e-01 -4.128293074307453736e+00 -1.059080267656089092e+01
5.500000000000000444e-01 -3.994416141080679772e+00 -1.578332969901931548e+01
5.600000000000000533e-01 -3.819407773732338196e+00 -1.893389470144288111e+01
5.700000000000000622e-01 -3.620528211885601255e+00 -2.064200600770689675e+01
5.799999999999999600e-01 -3.409917825553510973e+00 -2.134111134220902528e+01
5.899999999999999689e-01 -3.196015421009922974e+00 -2.134451670059375061e+01
5.999999999999999778e-01 -2.984585685281857081e+00 -2.087837780028733903e+01
6.099999999999999867e-01 -2.779465271347721700e+00 -2.010549792355249821e+01
6.199999999999999956e-01 -2.583105575288378475e+00 -1.914255641115058282e+01
6.300000000000000044e-01 -2.396968096422841477e+00 -1.807262198195769898e+01
6.400000000000000133e-01 -2.221812576700862962e+00 -1.695426754204542164e+01
6.500000000000000222e-01 -2.057906945328145554e+00 -1.582822592555257657e+01
6.600000000000000311e-01 -1.905180107368166009e+00 -1.472225990033921939e+01
6.700000000000000400e-01 -1.763332878618073529e+00 -1.365473111070848233e+01
6.800000000000000488e-01 -1.631918231929265106e+00 -1.263721824048514542e+01
6.900000000000000577e-01 -1.510399024720032291e+00 -1.167643851576790404e+01
7.000000000000000666e-01 -1.398189200647595776e+00 -1.077565755769727396e+01
7.099999999999999645e-01 -1.294682871103116195e+00 -9.935722725750560258e+00
7.199999999999999734e-01 -1.199274521053474096e+00 -9.155818965126439224e+00
7.299999999999999822e-01 -1.111372731881501652e+00 -8.434019904008232871e+00
7.399999999999999911e-01 -1.030409187245278524e+00 -7.767687780910087270e+00
7.500000000000000000e-01 -9.558442659441028777e-01 -7.153761753048033967e+00
7.600000000000000089e-01 -8.871701844077541921e-01 -6.588963835968702831e+00
7.700000000000000178e-01 -8.239123987684893180e-01 -6.069944140256160026e+00
7.800000000000000266e-01 -7.656297892195140786e-01 -5.593381472283606826e+00
7.900000000000000355e-01 -7.119140104423765658e-01 -5.156051223174950238e+00
8.000000000000000444e-01 -6.623882887652141616e-01 -4.754869398311710071e+00
8.100000000000000533e-01 -6.167058701626615402e-01 -4.386919357849891732e+00
8.200000000000000622e-01 -5.745482664086812852e-01 -4.049466141051834001e+00
8.300000000000000711e-01 -5.356234045977242841e-01 -3.739961982678341013e+00
8.399999999999999689e-01 -4.996637541111550451e-01 -3.456045686912371018e+00
8.499999999999999778e-01 -4.664244821387307782e-01 -3.195537821069796447e+00
8.599999999999999867e-01 -4.356816719931682069e-01 -2.956433166793544842e+00
8.699999999999999956e-01 -4.072306261301288366e-01 -2.736891475307174915e+00
8.800000000000000044e-01 -3.808842668484444527e-01 -2.535227281973332136e+00
8.900000000000000133e-01 -3.564716412297208592e-01 -2.349899318767928680e+00
9.000000000000000222e-01 -3.338365323339433366e-01 -2.179499902593970972e+00
9.100000000000000311e-01 -3.128361755124166588e-01 -2.022744558587709296e+00
9.200000000000000400e-01 -2.933400765672342647e-01 -1.878462050196974875e+00
9.300000000000000488e-01 -2.752289271048761199e-01 -1.745584923944182076e+00
9.400000000000000577e-01 -2.583936115964582947e-01 -1.623140630495141234e+00
9.500000000000000666e-01 -2.427343002161999053e-01 -1.510243250482168342e+00
9.599999999999999645e-01 -2.281596213692004826e-01 -1.406085830123575242e+00
9.699999999999999734e-01 -2.145859078551695109e-01 -1.309933315520167341e+00
9.799999999999999822e-01 -2.019365107838114182e-01 -1.221116063697126553e+00
9.899999999999999911e-01 -1.901411756140949649e-01 -1.139023901572210118e+00
1.000000000000000000e+00 -1.791354749999999885e-01 -1.063100700000000121e+00
1.010000000000000009e+00 -1.688602934651479148e-01 -9.928394280665331362e-01
1.020000000000000018e+00 -1.592613592805772471e-01 -9.277776522912498658e-01
1.030000000000000027e+00 -1.502888192715675642e-01 -8.674934458889351774e-01
1.040000000000000036e+00 -1.418968526224512194e-01 -8.116016744235272640e-01
1.050000000000000044e+00 -1.340433200772172262e-01 -7.597506258057095119e-01
1.060000000000000053e+00 -1.266894452449335018e-01 -7.116189544697948399e-01
1.070000000000000062e+00 -1.197995250106357878e-01 -6.669129115844797395e-01
1.080000000000000071e+00 -1.133406663234732548e-01 -6.253638352152905977e-01
1.090000000000000080e+00 -1.072825468844694763e-01 -5.867258764001777038e-01
1.100000000000000089e+00 0.000000000000000000e+00 -5.507739390803522150e-01
1.110000000000000098e+00 0.000000000000000000e+00 -5.173018137178371223e-01
1.120000000000000107e+00 0.000000000000000000e+00 -4.861204862120603321e-01
1.130000000000000115e+00 0.000000000000000000e+00 -4.570566053909762561e-01
1.140000000000000124e+00 0.000000000000000000e+00 -4.299510938941613625e-01
1.150000000000000133e+00 0.000000000000000000e+00 -4.046578886866832869e-01
1.159999999999999920e+00 0.000000000000000000e+00 -3.810427987465943023e-01
1.169999999999999929e+00 0.000000000000000000e+00 -3.589824686608085180e-01
1.179999999999999938e+00 0.000000000000000000e+00 -3.383634379501668787e-01
1.189999999999999947e+00 0.000000000000000000e+00 -3.190812869315295952e-01
1.199999999999999956e+00 0.000000000000000000e+00 -3.010398608199860160e-01
