0.000000000000000000e+00 6.292781743396917084e+20 7.551799046035816569e+23
1.000000000000000021e-02 3.146774999502186742e+20 3.776129999701311855e+23
2.000000000000000042e-02 7.682556074560544000e+16 4.609533668071288013e+19
2.999999999999999889e-02 5.921211643615545000e+14 2.368484794020292480e+17
4.000000000000000083e-02 1.875622845268248828e+13 5.626870358848570000e+15
5.000000000000000278e-02 1.288915853999999268e+12 3.093401872799998125e+14
5.999999999999999778e-02 1.445597808296438293e+11 2.891206286442414062e+13
7.000000000000000666e-02 2.273427599009607315e+10 3.897340724043038086e+12
8.000000000000000167e-02 4.578970403876153946e+09 6.868598031112922363e+11
8.999999999999999667e-02 1.114086890922212601e+09 1.485511636032576904e+11
1.000000000000000056e-01 3.146277187499998212e+08 3.775831312499997711e+10
1.100000000000000006e-01 1.002378489222203195e+08 1.093657080339660645e+10
1.199999999999999956e-01 3.527650409608410299e+07 3.528483991603492737e+09
1.300000000000000044e-01 1.349626863158204406e+07 1.246285419411672592e+09
1.400000000000000133e-01 5.543852190080199391e+06 4.754706790001519918e+08
1.499999999999999944e-01 2.420958198558260687e+06 1.938514706994757056e+08
1.600000000000000033e-01 1.114991864938019309e+06 8.373565963495364785e+07
1.700000000000000122e-01 5.380431463339377660e+05 3.805230669431692362e+07
1.799999999999999933e-01 2.705531108502120478e+05 1.808566166316017136e+07
1.900000000000000022e-01 1.411166095461231889e+05 8.946043000243518502e+06
2.000000000000000111e-01 7.604772949218745634e+04 4.586198730468747206e+06
2.099999999999999922e-01 4.219891709103631729e+04 2.427950411993958522e+06
2.200000000000000011e-01 2.403992558566881780e+04 1.323243192952882731e+06
2.300000000000000100e-01 1.402296851374275320e+04 7.404056159890126437e+05
2.399999999999999911e-01 8.356003608955572417e+03 4.243125397843490937e+05
2.500000000000000000e-01 5.075508387840000069e+03 2.485180986163199996e+05
2.600000000000000089e-01 3.136357107906831516e+03 1.484737502046494628e+05
2.700000000000000178e-01 1.968033189177377608e+03 9.032356635454948992e+04
2.800000000000000266e-01 1.251789553213329100e+03 5.586178325483997469e+04
2.899999999999999800e-01 8.056940102073797334e+02 3.507059664642340067e+04
2.999999999999999889e-01 5.238341956115544917e+02 2.231910856520292873e+04
3.099999999999999978e-01 3.434165774332615229e+02 1.437918331969619248e+04
3.200000000000000067e-01 2.265768213882689679e+02 9.365925838014652982e+03
3.300000000000000155e-01 1.501218203744608104e+02 6.159816234853560672e+03
3.400000000000000244e-01 9.963675172226179200e+01 4.085266881862187802e+03
3.500000000000000333e-01 6.604077443996379770e+01 2.728493178013718534e+03
3.599999999999999867e-01 4.354114614360667446e+01 1.832524713740258676e+03
3.699999999999999956e-01 2.839948279071680659e+01 1.235697819746595542e+03
3.800000000000000044e-01 1.817715499800464585e+01 8.350703343444770326e+02
3.900000000000000133e-01 1.126756754105861091e+01 5.643474565864756869e+02
4.000000000000000222e-01 6.602615118026725405e+00 3.803828358650205246e+02
4.100000000000000311e-01 3.466279915543440726e+00 2.548184341417976384e+02
4.199999999999999845e-01 1.374954129622823817e+00 1.688447246222353044e+02
4.299999999999999933e-01 -1.965554454463891432e-04 1.098793746328392729e+02
4.400000000000000022e-01 -8.840884622117644032e-01 6.943947026384108767e+01
4.500000000000000111e-01 -1.431337497617554577e+00 4.176461451932286195e+01
4.600000000000000200e-01 -1.748672209017600565e+00 2.291743396855886772e+01
4.700000000000000289e-01 -1.909996388364282316e+00 1.019068213454730554e+01
4.799999999999999822e-01 -1.966587382617671631e+00 1.713122751514919884e+00
4.899999999999999911e-01 -1.954048816666888788e+00 -3.814542965406772623e+00
5.000000000000000000e-01 -1.897080960000000260e+00 -7.297943039999996273e+00
5.100000000000000089e-01 -1.812772956727947804e+00 -9.370224586008093937e+00
5.200000000000000178e-01 -1.712887049444673959e+00 -1.047498484515120509e+01
5.300000000000000266e-01 -1.605451006829730298e+00 -1.092337054889039294e+01
5.400000000000000355e-01 -1.495872946684788429e+00 -1.093361624577783786e+01
5.500000000000000444e-01 -1.387724613473686475e+00 -1.065856675413860088e+01
5.600000000000000533e-01 -1.283293337679862089e+00 -1.020492774952264625e+01
5.700000000000000622e-01 -1.183971861873177822e+00 -9.646789292894494494e+00
5.799999999999999600e-01 -1.090534055669438729e+00 -9.035162978984383031e+00
5.899999999999999689e-01 -1.003330025108940093e+00 -8.404730505718390532e+00
5.999999999999999778e-01 -9.224241058891065048e-01 -7.778632580745087566e+00
6.099999999999999867e-01 -8.476922808365703332e-01 -7.171874874271589206e+00
6.199999999999999956e-01 -7.788907157194584485e-01 -6.593754278373534561e+00
6.300000000000000044e-01 -7.157037111666834095e-01 -6.049588780000417998e+00
6.400000000000000133e-01 -6.577769773972335088e-01 -5.541950857803090713e+00
6.500000000000000222e-01 -6.047404479780541520e-01 -5.071546039430395503e+00
6.600000000000000311e-01 -5.562236489773095816e-01 -4.637837343902199372e+00
6.700000000000000400e-01 -5.118657852195227509e-01 -4.239487481928795098e+00
6.800000000000000488e-01 -4.713220946095605379e-01 -3.874670254920506096e+00
6.900000000000000577e-01 -4.342675838149305800e-01 -3.541288067142049911e+00
7.000000000000000666e-01 -4.003989441711460207e-01 -3.237122100406342184e+00
7.099999999999999645e-01 -3.694352203365965925e-01 -2.959934280121129913e+00
7.199999999999999734e-01 -3.411176410400706960e-01 -2.707534832802979796e+00
7.299999999999999822e-01 -3.152089034917374688e-01 -2.477825398248497457e+00
7.399999999999999911e-01 -2.914921179918184002e-01 -2.268824890204348410e+00
7.500000000000000000e-01 -2.697695578853720466e-01 -2.078683296536322445e+00
7.600000000000000089e-01 -2.498613157441096355e-01 -1.905687159059019420e+00
7.700000000000000178e-01 -2.316039347964412576e-01 -1.748259420968144795e+00
7.800000000000000266e-01 -2.148490617693297189e-01 -1.604955566162320046e+00
7.900000000000000355e-01 -1.994621509820079797e-01 -1.474457420432589094e+00
8.000000000000000444e-01 -1.853212379501200657e-01 -1.355565582343842390e+00
8.100000000000000533e-01 -1.723157926159303577e-01 -1.247191160230187279e+00
8.200000000000000622e-01 -1.603456566666068839e-01 -1.148347281027788158e+00
8.300000000000000711e-01 -1.493200655462450788e-01 -1.058140684817537203e+00
8.399999999999999689e-01 -1.391567532036032673e-01 -9.757636100167852433e-01
8.499999999999999778e-01 -1.297811359784768748e-01 -9.004860965150320862e-01
8.599999999999999867e-01 -1.211255710470803132e-01 -8.316487791913415029e-01
8.699999999999999956e-01 -1.131286843255707997e-01 -7.686562059597700225e-01
8.800000000000000044e-01 -1.057347625292578003e-01 -7.109706882073639767e-01
8.900000000000000133e-01 -9.889320410053217825e-02 -6.581066738803075244e-01
9.000000000000000222e-01 -9.255802387725337033e-02 -6.096256220941780324e-01
9.100000000000000311e-01 -8.668740662235731309e-02 -5.651313512063065314e-01
9.200000000000000400e-01 -8.124330483724964691e-02 -5.242658284860638451e-01
9.300000000000000488e-01 -7.619107660977889052e-02 -4.867053679007382616e-01
9.400000000000000577e-01 -7.149915958404658156e-02 -4.521572024092278541e-01
9.500000000000000666e-01 -6.713877747171050070e-02 -4.203563980231147523e-01
9.599999999999999645e-01 -6.308367584474597334e-02 -3.910630783956002832e-01
9.699999999999999734e-01 -5.930988425286182197e-02 -3.640599305771652916e-01
9.799999999999999822e-01 -5.579550199210864259e-02 -3.391499646522017075e-01
9.899999999999999911e-01 -5.252050511335618066e-02 -3.161545021178797654e-01
1.000000000000000000e+00 -4.946657250000000700e-02 -2.949113700000000060e-01
1.010000000000000009e+00 -4.661692906391509683e-02 -2.752732797643468454e-01
1.020000000000000018e+00 -4.395620430819727892e-02 -2.571063720408127695e-01
1.030000000000000027e+00 -4.147030468578374179e-02 -2.402889100108794862e-01
1.040000000000000036e+00 -3.914629834593458257e-02 -2.247101060069155443e-01
1.050000000000000044e+00 -3.697231100715854535e-02 -2.102690674314283692e-01
1.060000000000000053e+00 -3.493743182685563747e-02 -1.968738495280111245e-01
1.070000000000000062e+00 -3.303162825606177633e-02 -1.844406038285484051e-01
1.080000000000000071e+00 -3.124566897348822481e-02 -1.728928122705660764e-01
1.090000000000000080e+00 -2.957105408774714922e-02 -1.621605980327797680e-01
1.100000000000000089e+00 0.000000000000000000e+00 -1.521801050847790271e-01
1.110000000000000098e+00 0.000000000000000000e+00 -1.428929392972958512e-01
1.120000000000000107e+00 0.000000000000000000e+00 -1.342456647213634280e-01
1.130000000000000115e+00 0.000000000000000000e+00 -1.261893493261987131e-01
1.140000000000000124e+00 0.000000000000000000e+00 -1.186791550946646179e-01
1.150000000000000133e+00 0.000000000000000000e+00 -1.116739679189552026e-01
1.159999999999999920e+00 0.000000000000000000e+00 -1.051360632243857202e-01
1.169999999999999929e+00 0.000000000000000000e+00 -9.903080368197350603e-02
1.179999999999999938e+00 0.000000000000000000e+00 -9.332636575641800603e-02
1.189999999999999947e+00 0.000000000000000000e+00 -8.799349218013802210e-02
1.199999999999999956e+00 0.000000000000000000e+00 -8.300526775074201780e-02
