0.000000000000000000e+00 3.595960985763648635e+20 4.315416591456855476e+23
1.000000000000000021e-02 1.798199999715539354e+20 2.157839999829323599e+23
2.000000000000000042e-02 4.390136674303124000e+16 2.634082017915936768e+19
2.999999999999999889e-02 3.383630153918611875e+14 1.353452139608596800e+17
4.000000000000000083e-02 1.071810027868651953e+13 3.215431125329589000e+15
5.000000000000000278e-02 7.365408994559995117e+11 1.767700343347198750e+14
5.999999999999999778e-02 8.260755788465939331e+10 1.652157254658208203e+13
7.000000000000000666e-02 1.299132448776544762e+10 2.227104922503549316e+12
8.000000000000000167e-02 2.616616883486508369e+09 3.925006709888576050e+11
8.999999999999999667e-02 6.366362557883889675e+08 8.488840251628742981e+10
1.000000000000000056e-01 1.797915539999998808e+08 2.157669323999998474e+10
1.100000000000000006e-01 5.728013661526204646e+07 6.249618013960277557e+09
1.199999999999999956e-01 2.015848315552484244e+07 2.016324640944716692e+09
1.300000000000000044e-01 7.712337543904191814e+06 7.121800810295736790e+08
1.400000000000000133e-01 3.167991188013439067e+06 2.717040127742641568e+08
1.499999999999999944e-01 1.383437754000914982e+06 1.107749129949703217e+08
1.600000000000000033e-01 6.371534599966250826e+05 4.785009126444490999e+07
1.700000000000000122e-01 3.074606001376898494e+05 2.174469512096384540e+07
1.799999999999999933e-01 1.546054949301266461e+05 1.033491120759864151e+07
1.900000000000000022e-01 8.064000804023801174e+04 5.112147153944305144e+06
2.000000000000000111e-01 4.345689843749997090e+04 2.620747968749998137e+06
2.099999999999999922e-01 2.411425453457870026e+04 1.387433671249464154e+06
2.200000000000000011e-01 1.373743750345716035e+04 7.561572553367158398e+05
2.300000000000000100e-01 8.013323324168710315e+03 4.230992022908538929e+05
2.399999999999999911e-01 4.774978799148408143e+03 2.424702320842368936e+05
2.500000000000000000e-01 2.900364165120000052e+03 1.420138355097600142e+05
2.600000000000000089e-01 1.792250359000090157e+03 8.484424775879434310e+04
2.700000000000000178e-01 1.124620053447577902e+03 5.161476011156065215e+04
2.800000000000000266e-01 7.153276610201169206e+02 3.192182901223035151e+04
2.899999999999999800e-01 4.604094106385437613e+02 2.004085707017144887e+04
2.999999999999999889e-01 2.993424782807500151e+02 1.275411065386374503e+04
3.099999999999999978e-01 1.962439681951125863e+02 8.216896150419430342e+03
3.200000000000000067e-01 1.294765857675627672e+02 5.352104502986951957e+03
3.300000000000000155e-01 8.578679874839261288e+01 3.519994462887297686e+03
3.400000000000000244e-01 5.693736000150167342e+01 2.334506497827593194e+03
3.500000000000000333e-01 3.773908678856544441e+01 1.559186438572247880e+03
3.599999999999999867e-01 2.488175629019870172e+01 1.047190409596706104e+03
3.699999999999999956e-01 1.622909394976714381e+01 7.061368631250745693e+02
3.800000000000000044e-01 1.038756078890100021e+01 4.772002241956342914e+02
3.900000000000000133e-01 6.439077957100728611e+00 3.224967850690655951e+02
4.000000000000000222e-01 3.773283004760738191e+00 2.173708534240720951e+02
4.100000000000000311e-01 1.981011544113299605e+00 1.456174133663609211e+02
4.199999999999999845e-01 7.859083951237841870e-01 9.648787927448231017e+01
4.299999999999999933e-01 6.273101367493261193e-05 6.279215313882789928e+01
4.400000000000000022e-01 -5.050529513559576245e-01 3.968272251243480753e+01
4.500000000000000111e-01 -8.177933752319790361e-01 2.386783962212636112e+01
4.600000000000000200e-01 -9.991482819790293846e-01 1.309751210298888147e+01
4.700000000000000289e-01 -1.091349863654232033e+00 5.824696239245161777e+00
4.799999999999999822e-01 -1.123700527448520559e+00 9.800815545407939311e-01
4.899999999999999911e-01 -1.116545990325775506e+00 -2.178811853246733321e+00
5.000000000000000000e-01 -1.084001280000000289e+00 -4.169502720000002327e+00
5.100000000000000089e-01 -1.035832063766428224e+00 -5.353801829671502865e+00
5.200000000000000178e-01 -9.787599581291863693e-01 -5.985202480702044525e+00
5.300000000000000266e-01 -9.173725153285374745e-01 -6.241509605919217663e+00
5.400000000000000355e-01 -8.547602852617328661e-01 -6.247433747991010478e+00
5.500000000000000444e-01 -7.929644173636135607e-01 -6.090318635033492356e+00
5.600000000000000533e-01 -7.332920767583945842e-01 -5.831141846187267497e+00
5.700000000000000622e-01 -6.765392100018642330e-01 -5.512242780387579089e+00
5.799999999999999600e-01 -6.231481024357911069e-01 -5.162772628865649693e+00
5.899999999999999689e-01 -5.733188737207113306e-01 -4.802550827588175864e+00
5.999999999999999778e-01 -5.270883344764518696e-01 -4.444801668952904627e+00
6.099999999999999867e-01 -4.843856559641881443e-01 -4.098100630070823591e+00
6.199999999999999956e-01 -4.450715353603392765e-01 -3.767760858570261107e+00
6.300000000000000044e-01 -4.089655983546132134e-01 -3.456821710460382668e+00
6.400000000000000133e-01 -3.758654144423063670e-01 -3.166753577798337549e+00
6.500000000000000222e-01 -3.455595342609284470e-01 -2.897959943842972841e+00
6.600000000000000311e-01 -3.178362726705621921e-01 -2.650134224405659378e+00
6.700000000000000400e-01 -2.924894728846558767e-01 -2.422512466924915397e+00
6.800000000000000488e-01 -2.693221379525867487e-01 -2.214051302946346667e+00
6.900000000000000577e-01 -2.481485657855156401e-01 -2.023552248702419565e+00
7.000000000000000666e-01 -2.287954442395504495e-01 -1.849747525412352323e+00
7.099999999999999645e-01 -2.111022334293765623e-01 -1.691358330455944969e+00
7.199999999999999734e-01 -1.949210691944124052e-01 -1.547133445505187055e+00
7.299999999999999822e-01 -1.801163543384084464e-01 -1.415873875095494006e+00
7.399999999999999911e-01 -1.665641556690643510e-01 -1.296447626578748569e+00
7.500000000000000000e-01 -1.541514897850937427e-01 -1.187797597878372358e+00
7.600000000000000089e-01 -1.427755552612680612e-01 -1.088944710384967651e+00
7.700000000000000178e-01 -1.323429506755057217e-01 -9.989878230392381653e-01
7.800000000000000266e-01 -1.227689048598709087e-01 -9.171015272566909182e-01
7.900000000000000355e-01 -1.139765364290693805e-01 -8.425326055871409370e-01
8.000000000000000444e-01 -1.058961530216037811e-01 -7.745957071892914936e-01
8.100000000000000533e-01 -9.846459603531906857e-02 -7.126686266770470013e-01
8.200000000000000622e-01 -9.162463340815300838e-02 -6.561874524888171578e-01
8.300000000000000711e-01 -8.532440079107443676e-02 -6.046417641541154131e-01
8.399999999999999689e-01 -7.951688999505523991e-02 -5.575699955804551688e-01
8.499999999999999778e-01 -7.415948265719396471e-02 -5.145550371123743805e-01
8.599999999999999867e-01 -6.921352650953888075e-02 -4.752201177651518837e-01
8.699999999999999956e-01 -6.464395133622433121e-02 -4.392249871530768957e-01
8.800000000000000044e-01 -6.041892158927134049e-02 -4.062624016125280235e-01
8.900000000000000133e-01 -5.650952264219720467e-02 -3.760549089566855852e-01
9.000000000000000222e-01 -5.288947775122274098e-02 -3.483519197951120971e-01
9.100000000000000311e-01 -4.953489293612700628e-02 -3.229270493861465807e-01
9.200000000000000400e-01 -4.642402716522778250e-02 -2.995757118167747812e-01
9.300000000000000488e-01 -4.353708541650059410e-02 -2.781129473794925477e-01
9.400000000000000577e-01 -4.085603237909236907e-02 -2.583714639435992222e-01
9.500000000000000666e-01 -3.836442474941169356e-02 -2.401998736136646273e-01
9.599999999999999645e-01 -3.604726025899602365e-02 -2.234611068253111732e-01
9.699999999999999734e-01 -3.389084174462064780e-02 -2.080309871015999512e-01
9.799999999999999822e-01 -3.188265473301245267e-02 -1.937969508790682305e-01
9.899999999999999911e-01 -3.001125716231781843e-02 -1.806568980391841384e-01
1.000000000000000000e+00 -2.826618000000000186e-02 -1.685181600000000002e-01
1.010000000000000009e+00 -2.663783764235398352e-02 -1.572965734019810546e-01
1.020000000000000018e+00 -2.511744709483532817e-02 -1.469156485411896029e-01
1.030000000000000027e+00 -2.369695503556693006e-02 -1.373058227505473683e-01
1.040000000000000036e+00 -2.236897195746424122e-02 -1.284037899000505245e-01
1.050000000000000044e+00 -2.112671266818881566e-02 -1.201518980780121454e-01
1.060000000000000053e+00 -1.996394250238862217e-02 -1.124976083288501821e-01
1.070000000000000062e+00 -1.887492866817384179e-02 -1.053930080616626297e-01
1.080000000000000071e+00 -1.785439621023707235e-02 -9.879437341198524236e-02
1.090000000000000080e+00 -1.689748812613802928e-02 -9.266177544148559986e-02
1.100000000000000089e+00 0.000000000000000000e+00 -8.695872560197304146e-02
1.110000000000000098e+00 0.000000000000000000e+00 -8.165185637609363722e-02
1.120000000000000107e+00 0.000000000000000000e+00 -7.671063344240991455e-02
1.130000000000000115e+00 0.000000000000000000e+00 -7.210709610199808606e-02
1.140000000000000124e+00 0.000000000000000000e+00 -6.781562305169616667e-02
1.150000000000000133e+00 0.000000000000000000e+00 -6.381272089986254892e-02
1.159999999999999920e+00 0.000000000000000000e+00 -6.007683309777607505e-02
1.169999999999999929e+00 0.000000000000000000e+00 -5.658816720711828951e-02
1.179999999999999938e+00 0.000000000000000000e+00 -5.332853864449864367e-02
1.189999999999999947e+00 0.000000000000000000e+00 -5.028122924057920606e-02
1.199999999999999956e+00 0.000000000000000000e+00 -4.743085912661734738e-02
