0.000000000000000000e+00 4.135295140952417894e+20 4.962657084569917430e+23
1.000000000000000021e-02 2.067899999672872141e+20 2.481479999803723214e+23
2.000000000000000042e-02 5.048583933261327200e+16 3.029150375290897613e+19
2.999999999999999889e-02 3.891118226715766250e+14 1.556447380433219840e+17
4.000000000000000083e-02 1.232563650659179297e+13 3.697692149954223000e+15
5.000000000000000278e-02 8.470097463839996338e+11 2.032825903660798750e+14
5.999999999999999778e-02 9.499731338959933472e+10 1.899953279269609766e+13
7.000000000000000666e-02 1.493980641935781860e+10 2.561133505071664062e+12
8.000000000000000167e-02 3.009065760836004257e+09 4.513692233182489014e+11
8.999999999999999667e-02 7.321210723204145432e+08 9.762024663008271790e+10
1.000000000000000056e-01 2.067572872499999106e+08 2.481283723499998474e+10
1.100000000000000006e-01 6.587120129976932704e+07 7.186956441496036530e+09
1.199999999999999956e-01 2.318191920912391692e+07 2.318739692601723671e+09
1.300000000000000044e-01 8.869059440618999302e+06 8.189952085308676958e+08
1.400000000000000133e-01 3.643136970402766485e+06 3.124550799098213911e+08
1.499999999999999944e-01 1.590930308229888789e+06 1.273893007077738494e+08
1.600000000000000033e-01 7.327158297957791947e+05 5.502680592881005257e+07
1.700000000000000122e-01 3.535745472386722686e+05 2.500603614015356079e+07
1.799999999999999933e-01 1.777937302891791624e+05 1.188497514970136806e+07
1.900000000000000022e-01 9.273465700168708281e+04 5.878883721429103985e+06
2.000000000000000111e-01 4.997470312499997817e+04 3.013816289062498137e+06
2.099999999999999922e-01 2.773098662380195310e+04 1.595525466769184917e+06
2.200000000000000011e-01 1.579782107978057138e+04 8.695681503269659588e+05
2.300000000000000100e-01 9.215185941176430788e+03 4.865569667257086840e+05
2.399999999999999911e-01 5.491144257950412793e+03 2.788366792204311932e+05
2.500000000000000000e-01 3.335369072640000013e+03 1.633135096627200255e+05
2.600000000000000089e-01 2.061056961420507378e+03 9.756944518964955932e+04
2.700000000000000178e-01 1.293293461251017334e+03 5.935609440376999555e+04
2.800000000000000266e-01 8.226142025668668794e+02 3.670955636792141740e+04
2.899999999999999800e-01 5.294625953974604045e+02 2.304663999243266153e+04
2.999999999999999889e-01 3.442384107549099213e+02 1.466700556599886841e+04
3.099999999999999978e-01 2.256769237012558165e+02 9.449286409247553820e+03
3.200000000000000067e-01 1.488956112458694179e+02 6.154825219584213301e+03
3.300000000000000155e-01 9.865313602725856867e+01 4.047930337526118819e+03
3.400000000000000244e-01 6.547680398859239403e+01 2.684639817338090779e+03
3.500000000000000333e-01 4.339914362680084992e+01 1.793035365065185033e+03
3.599999999999999867e-01 2.861345551517818464e+01 1.204249015267056166e+03
3.699999999999999956e-01 1.866306078260821621e+01 8.120435604496723272e+02
3.800000000000000044e-01 1.194541380937427988e+01 5.487705944442520831e+02
3.900000000000000133e-01 7.404739983668793712e+00 3.708645034010548329e+02
4.000000000000000222e-01 4.339133262634274679e+00 2.499716663360593998e+02
4.100000000000000311e-01 2.278061895831467787e+00 1.674565960339683954e+02
4.199999999999999845e-01 9.037224113268267356e-01 1.109586066891539247e+02
4.299999999999999933e-01 2.079395651799487155e-05 7.220921207507630868e+01
4.400000000000000022e-01 -5.808471980367508891e-01 4.563385889465214973e+01
4.500000000000000111e-01 -9.404878256204255438e-01 2.744709620143250817e+01
4.600000000000000200e-01 -1.149038113569341490e+00 1.506147355891978457e+01
4.700000000000000289e-01 -1.255064246981056897e+00 6.697919102020442494e+00
4.799999999999999822e-01 -1.292263397408300873e+00 1.126745712531848298e+00
4.899999999999999911e-01 -1.284032710886240380e+00 -2.505884421016217445e+00
5.000000000000000000e-01 -1.246604159999999961e+00 -4.795107839999997346e+00
5.100000000000000089e-01 -1.191208037810264964e+00 -6.156999792157683338e+00
5.200000000000000178e-01 -1.125574039877662358e+00 -6.883072426780157294e+00
5.300000000000000266e-01 -1.054977731766169269e+00 -7.177797698481336752e+00
5.400000000000000355e-01 -9.829731581564408183e-01 -7.184590030626486268e+00
5.500000000000000444e-01 -9.119075763539150614e-01 -7.003892739974849846e+00
5.600000000000000533e-01 -8.432841786369323911e-01 -6.705828598704508536e+00
5.700000000000000622e-01 -7.780182683575366243e-01 -6.339086853673542521e+00
5.799999999999999600e-01 -7.166184476269471526e-01 -5.937190591097766479e+00
5.899999999999999689e-01 -6.593148347895678718e-01 -5.522931582210558688e+00
5.999999999999999778e-01 -6.061497478083175405e-01 -5.111517332709558659e+00
6.099999999999999867e-01 -5.570417231099300537e-01 -4.712809321024939102e+00
6.199999999999999956e-01 -5.118305546975840947e-01 -4.332917428328432408e+00
6.300000000000000044e-01 -4.703088064326860773e-01 -3.975336736054355669e+00
6.400000000000000133e-01 -4.322436790960785258e-01 -3.641758062238118043e+00
6.500000000000000222e-01 -3.973920029337617565e-01 -3.332645313502624163e+00
6.600000000000000311e-01 -3.655103379067773939e-01 -3.047645844126158021e+00
6.700000000000000400e-01 -3.363616022225374147e-01 -2.785881053663548990e+00
6.800000000000000488e-01 -3.097192483754269698e-01 -2.546151027584693693e+00
6.900000000000000577e-01 -2.853697183031047580e-01 -2.327077479413348193e+00
7.000000000000000666e-01 -2.631137026393675638e-01 -2.127202441424764778e+00
7.099999999999999645e-01 -2.427665803050819138e-01 -1.945055274504814413e+00
7.199999999999999734e-01 -2.241583074418560528e-01 -1.779197066001377836e+00
7.299999999999999822e-01 -2.071329472982425535e-01 -1.628248962949333523e+00
7.399999999999999911e-01 -1.915479767958332413e-01 -1.490909168161313136e+00
7.500000000000000000e-01 -1.772734651623792679e-01 -1.365962010499302659e+00
7.600000000000000089e-01 -1.641911909282306181e-01 -1.252281547215391422e+00
7.700000000000000178e-01 -1.521937426453963960e-01 -1.148831464777062994e+00
7.800000000000000266e-01 -1.411836336673297221e-01 -1.054662542750869125e+00
7.900000000000000355e-01 -1.310724506002728940e-01 -9.689085810496931295e-01
8.000000000000000444e-01 -1.217800474260001958e-01 -8.907814265694465883e-01
8.100000000000000533e-01 -1.132337919444930674e-01 -8.195655437428743806e-01
8.200000000000000622e-01 -1.053678674696380824e-01 -7.546124350749352505e-01
8.300000000000000711e-01 -9.812263017671404852e-02 -6.953351179329874121e-01
8.399999999999999689e-01 -9.144402081559126205e-02 -6.412027922777410183e-01
8.499999999999999778e-01 -8.528302842637518200e-02 -5.917357829953846515e-01
8.599999999999999867e-01 -7.959520304845989214e-02 -5.465008044406359788e-01
8.699999999999999956e-01 -7.434021407135944781e-02 -5.051065696361041191e-01
8.800000000000000044e-01 -6.948145074315435765e-02 -4.671997493013954061e-01
8.900000000000000133e-01 -6.498566136252070802e-02 -4.324612743128726233e-01
9.000000000000000222e-01 -6.082262778456115626e-02 -4.006029677162021296e-01
9.100000000000000311e-01 -5.696487203426807422e-02 -3.713644878539896221e-01
9.200000000000000400e-01 -5.338739201974827125e-02 -3.445105616717300534e-01
9.300000000000000488e-01 -5.006742355300963787e-02 -3.198284862015366992e-01
9.400000000000000577e-01 -4.698422610719363290e-02 -2.971258761403327009e-01
9.500000000000000666e-01 -4.411888995755556403e-02 -2.762286360088861414e-01
9.599999999999999645e-01 -4.145416256396844412e-02 -2.569791363641416582e-01
9.699999999999999734e-01 -3.897429225198165148e-02 -2.392345747714786364e-01
9.799999999999999822e-01 -3.666488743565040481e-02 -2.228655036071839068e-01
9.899999999999999911e-01 -3.451278979760694088e-02 -2.077545081721874354e-01
1.000000000000000000e+00 -3.250596000000000041e-02 -1.937950200000000123e-01
1.010000000000000009e+00 -3.063337464426946558e-02 -1.808902515978824954e-01
1.020000000000000018e+00 -2.888493332883282361e-02 -1.689522401473781965e-01
1.030000000000000027e+00 -2.725137477240310857e-02 -1.579009888950174689e-01
1.040000000000000036e+00 -2.572420107769616410e-02 -1.476636960796932907e-01
1.050000000000000044e+00 -2.429560930661989887e-02 -1.381740622680854569e-01
1.060000000000000053e+00 -2.295842962457393666e-02 -1.293716679049802531e-01
1.070000000000000062e+00 -2.170606934910222427e-02 -1.212014137348644549e-01
1.080000000000000071e+00 -2.053246230766987354e-02 -1.136130175195525782e-01
1.090000000000000080e+00 -1.943202297156387814e-02 -1.065605611693193344e-01
1.100000000000000089e+00 0.000000000000000000e+00 -1.000020830278802730e-01
1.110000000000000098e+00 0.000000000000000000e+00 -9.389921061045106154e-02
1.120000000000000107e+00 0.000000000000000000e+00 -8.821682959474842767e-02
1.130000000000000115e+00 0.000000000000000000e+00 -8.292278531264050956e-02
1.140000000000000124e+00 0.000000000000000000e+00 -7.798761339035829854e-02
1.150000000000000133e+00 0.000000000000000000e+00 -7.338429654251243939e-02
1.159999999999999920e+00 0.000000000000000000e+00 -6.908804484402282509e-02
1.169999999999999929e+00 0.000000000000000000e+00 -6.507609708847322816e-02
1.179999999999999938e+00 0.000000000000000000e+00 -6.132754109500192924e-02
1.189999999999999947e+00 0.000000000000000000e+00 -5.782315105192342014e-02
1.199999999999999956e+00 0.000000000000000000e+00 -5.454524018682707642e-02
