0.000000000000000000e+00 1.807326074866110233e+01 5.028133505411685178e+01
1.000000000000000021e-02 1.757044739811993495e+01 5.028133505411696547e+01
2.000000000000000042e-02 1.706763404757876046e+01 5.028133505411696547e+01
2.999999999999999889e-02 1.656482069703759308e+01 5.028133505411685178e+01
4.000000000000000083e-02 1.606200734649642570e+01 5.028133505411696547e+01
4.999999999999999584e-02 1.555919399595525476e+01 5.028133505411696547e+01
5.999999999999999778e-02 1.505638064541408738e+01 5.028133505411696547e+01
6.999999999999999278e-02 1.455356729487291467e+01 5.028133505411696547e+01
8.000000000000000167e-02 1.405075394433174552e+01 5.028133505411696547e+01
8.999999999999999667e-02 1.354794059379057458e+01 5.028133505411685178e+01
9.999999999999999167e-02 1.304512724324940898e+01 5.028133505411685178e+01
1.099999999999999867e-01 1.254231389270823804e+01 5.028133505411708626e+01
1.199999999999999956e-01 1.203950054216706889e+01 5.028133505411696547e+01
1.300000000000000044e-01 1.153668719162589973e+01 5.028133505411685178e+01
1.399999999999999856e-01 1.103387384108473057e+01 5.028133505411696547e+01
1.499999999999999944e-01 1.053106049054355964e+01 5.028133505411696547e+01
1.600000000000000033e-01 1.002824714000239226e+01 5.028133505411685178e+01
1.699999999999999845e-01 9.525433789461223100e+00 5.028133505411696547e+01
1.799999999999999933e-01 9.022620438920052166e+00 5.028133505411696547e+01
1.899999999999999745e-01 8.519807088378883009e+00 5.028133505411685178e+01
1.999999999999999833e-01 8.016993737837713851e+00 5.028133505411696547e+01
2.099999999999999922e-01 7.514180387296544694e+00 5.028133505411696547e+01
2.199999999999999734e-01 7.011367036755375537e+00 5.028133505411685178e+01
2.299999999999999822e-01 6.508553686214208156e+00 5.028133505411696547e+01
2.399999999999999911e-01 6.005740335673036334e+00 5.028133505411703652e+01
2.500000000000000000e-01 5.502926985131867177e+00 5.028133505411696547e+01
2.600000000000000089e-01 5.000113634590697131e+00 5.028133505411693704e+01
2.700000000000000178e-01 4.497300284049527974e+00 5.028133505411691573e+01
2.799999999999999711e-01 3.994486933508358817e+00 5.028133505411693704e+01
2.899999999999999800e-01 3.491673582967189660e+00 5.028133505411693704e+01
2.999999999999999889e-01 2.988860232426020502e+00 2.877004326828698311e+01
3.099999999999999423e-01 2.916272717601449571e+00 2.501774024032938115e+01
3.200000000000000067e-01 2.488505427619432719e+00 4.350581002229990446e+01
3.300000000000000155e-01 2.046156517155452104e+00 4.213626053806522265e+01
3.399999999999999689e-01 1.645780216858128142e+00 3.664543813617354573e+01
3.500000000000000333e-01 1.313247754431980940e+00 3.046621380840475979e+01
3.599999999999999867e-01 1.036455940690033106e+00 2.524814436782372695e+01
3.699999999999999956e-01 8.082848670755065079e-01 2.088301929426428316e+01
3.799999999999999489e-01 6.187955548047474608e-01 1.720601588941292093e+01
3.900000000000000133e-01 4.641645492872480405e-01 1.410393050611695109e+01
3.999999999999999667e-01 3.367169446824084811e-01 1.165040904534103561e+01
4.099999999999999756e-01 2.311563683804273017e-01 9.732930757074182537e+00
4.199999999999999845e-01 1.420583295409248437e-01 8.135624383158358341e+00
4.299999999999999933e-01 6.844388071726013878e-02 6.933104674668604694e+00
4.399999999999999467e-01 3.396236047552750326e-03 5.975249326353937462e+00
4.499999999999999556e-01 -5.106110580981858965e-02 4.929689840643668219e+00
4.599999999999999645e-01 -9.519756076532061295e-02 3.748761122382894495e+00
4.699999999999999734e-01 -1.260363282574764876e-01 2.661891521997405530e+00
4.799999999999999822e-01 -1.484353912052687186e-01 1.930560264210401833e+00
4.899999999999999911e-01 -1.646475335416845154e-01 1.458606538680625730e+00
5.000000000000000000e-01 -1.776075219788812165e-01 1.074524011453386274e+00
5.100000000000000089e-01 -1.861380137707522309e-01 6.572958999577767081e-01
5.200000000000000178e-01 -1.907534399780367596e-01 3.595968672674987876e-01
5.299999999999999156e-01 -1.933299511161022111e-01 1.773420043716150418e-01
5.400000000000000355e-01 -1.943002800654690665e-01 9.375753185214523444e-02
5.499999999999999334e-01 -1.952051017531451216e-01 -7.530708421835474731e-02
5.599999999999999423e-01 -1.927941383811019593e-01 -4.563914917743737698e-01
5.699999999999999512e-01 -1.860772719176576606e-01 -7.529637052347372128e-01
5.799999999999999600e-01 -1.777348642764072228e-01 -8.522215531420457291e-01
5.899999999999999689e-01 -1.690328408548167349e-01 -8.724131851334286925e-01
5.999999999999999778e-01 -1.602866005737386690e-01 -9.143172635669053472e-01
6.099999999999999867e-01 -1.507464955834786347e-01 -9.358184720049277372e-01
6.199999999999998845e-01 -1.415702311336400898e-01 -1.000183817051227386e+00
6.300000000000000044e-01 -1.307428192424540947e-01 -1.058580000607671101e+00
6.400000000000000133e-01 -1.203986311214866878e-01 -9.906800492561919080e-01
6.499999999999999112e-01 -1.109292182573302504e-01 -9.616715737723446900e-01
6.600000000000000311e-01 -1.011651996460397884e-01 -1.035146755131230556e+00
6.700000000000000400e-01 -9.022628315470562765e-02 -1.072659734455616576e+00
6.799999999999999378e-01 -7.971200495692745691e-02 -9.777276718601533023e-01
6.899999999999999467e-01 -7.067172971750255994e-02 -8.060761574341346325e-01
7.000000000000000666e-01 -6.359048180824476704e-02 -6.789699596742406751e-01
7.099999999999999645e-01 -5.709233052401775643e-02 -6.335091164638687600e-01
7.199999999999999734e-01 -5.092029947896739572e-02 -6.050952322638787351e-01
7.299999999999998712e-01 -4.499042587874017840e-02 -5.450704305014992812e-01
7.399999999999999911e-01 -4.001889086893740954e-02 -4.432158811939330700e-01
7.500000000000000000e-01 -3.612610825486151783e-02 -3.754933676386221220e-01
7.599999999999998979e-01 -3.250902351616496294e-02 -3.335548865858648515e-01
7.699999999999999067e-01 -2.945501052314422261e-02 -2.973358976272041376e-01
7.800000000000000266e-01 -2.656230556362088047e-02 -2.377068884980340080e-01
7.899999999999999245e-01 -2.470087275318354203e-02 -1.854439328746280424e-01
7.999999999999999334e-01 -2.285342690612832128e-02 -1.521358712124037948e-01
8.100000000000000533e-01 -2.165815532893546752e-02 -1.198969716985639755e-01
8.199999999999999512e-01 -2.045548747215704399e-02 -8.907644828131289216e-02
8.299999999999999600e-01 -1.987662636330921051e-02 -7.849774966391728781e-02
8.399999999999999689e-01 -1.888553247887869713e-02 -8.360565626131669092e-02
8.499999999999999778e-01 -1.820451323808287489e-02 -6.014272652076100428e-02
8.599999999999999867e-01 -1.768267794846347871e-02 -5.121655237622316226e-02
8.699999999999999956e-01 -1.718018219055841497e-02 -3.870300743379884861e-02
8.799999999999998934e-01 -1.690861779978750090e-02 -3.333534735369719088e-02
8.900000000000000133e-01 -1.651347524348446838e-02 -4.509881247528446657e-02
8.999999999999999112e-01 -1.600664155028181171e-02 -7.813262651602242981e-02
9.099999999999999201e-01 -1.495082271316401992e-02 -1.004828208955852453e-01
9.199999999999999289e-01 -1.399698513237010791e-02 -9.928446860536206675e-02
9.299999999999999378e-01 -1.296513334105677852e-02 -1.016786426821392753e-01
9.399999999999999467e-01 -1.196341227872732213e-02 -9.643772323566530968e-02
9.499999999999999556e-01 -1.103637887634347295e-02 -9.447568984345500187e-02
9.599999999999999645e-01 -1.007389848185822299e-02 -1.062985617326623056e-01
9.699999999999999734e-01 -8.910407641690227393e-03 -1.206931319865395952e-01
9.799999999999999822e-01 -7.660035842127430224e-03 -1.059917274236040624e-01
9.899999999999998801e-01 -6.790573093218146145e-03 -7.764747559672967314e-02
1.000000000000000000e+00 -6.107086330192836900e-03 -6.611446251747203628e-02
1.010000000000000009e+00 -5.468283842868706252e-03 -5.725749285620636286e-02
1.020000000000000018e+00 -4.961936473068709330e-03 -4.166148152160582818e-02
1.029999999999999805e+00 -4.635054212436588716e-03 -2.176086413579811016e-02
1.040000000000000036e+00 -4.526719190352747682e-03 -1.190707337484342258e-02
1.050000000000000044e+00 -4.396912744939720369e-03 -1.123297443643077494e-02
1.059999999999999831e+00 -4.302059701624131628e-03 -9.504059514705799280e-03
1.069999999999999840e+00 -4.206831554645604036e-03 -1.095401382145321130e-02
1.080000000000000071e+00 -4.082979425195067125e-03 -1.896951853990813328e-02
1.089999999999999858e+00 -3.827441183847442481e-03 -2.617432662852801212e-02
1.099999999999999867e+00 -3.559492892624507333e-03 -2.797739189388875544e-02
1.109999999999999876e+00 -3.267893345969666991e-03 -3.393023797116100776e-02
1.119999999999999885e+00 -2.880888133201287091e-03 -4.236439746867265432e-02
1.129999999999999893e+00 -2.420605396596213921e-03 -4.756224388900097411e-02
1.139999999999999902e+00 -1.929643255421267887e-03 -4.641009636743444189e-02
1.149999999999999911e+00 -1.492403469247525170e-03 -3.997223072258177662e-02
1.159999999999999920e+00 -1.130198640969632198e-03 -6.943389208218937736e-02
1.169999999999999929e+00 -1.037256276037376839e-04 -5.602907311189390255e-02
1.179999999999999938e+00 -9.617178731754324388e-06 -5.152070609098178926e-03
1.189999999999999947e+00 -6.842154217741249912e-07 -4.808589365877161516e-04
1.199999999999999956e+00 0.000000000000000000e+00 -6.842154217741249107e-05
