0.000000000000000000e+00 5.014286767199999417e+01 1.680432611466667083e+02
1.001999999999999939e-02 4.846243520000000160e+01 1.680432611466667083e+02
1.998000000000000123e-02 4.678200272800000903e+01 1.680432611466667083e+02
2.999999999999999889e-02 4.510157025600000225e+01 1.680432611466667083e+02
4.001999999999999308e-02 4.342113778399999546e+01 1.680432611466667083e+02
4.997999999999999665e-02 4.174070531200000289e+01 1.680432611466667083e+02
5.999999999999999778e-02 4.006027284000000321e+01 1.680432611466667083e+02
7.001999999999999891e-02 3.837984036799999643e+01 1.680432611466667083e+02
7.997999999999999554e-02 3.669940789599999675e+01 1.680432611466667083e+02
8.999999999999999667e-02 3.501897542400000418e+01 1.680432611466667083e+02
1.000199999999999839e-01 3.333854295200000450e+01 1.680432611466667083e+02
1.099799999999999944e-01 3.165810629599999970e+01 1.680432611466667083e+02
1.199999999999999956e-01 2.997767382400000002e+01 1.680432611466667083e+02
1.300199999999999967e-01 2.829724135200000035e+01 1.680432611466667083e+02
1.399799999999999933e-01 2.661680888000000422e+01 1.680432611466667083e+02
1.499999999999999944e-01 2.493637640800000099e+01 1.680432611466667083e+02
1.600199999999999956e-01 2.325594393600000487e+01 1.680432611466667083e+02
1.699799999999999922e-01 2.157551146400000164e+01 1.680432611466667083e+02
1.799999999999999933e-01 1.989507899200000196e+01 1.680432611466667083e+02
1.900199999999999945e-01 1.821464651999999873e+01 1.680432611466667083e+02
1.999799999999999911e-01 1.653421404800000261e+01 1.680432611466667083e+02
2.099999999999999922e-01 1.485378157600000115e+01 1.680432611466667083e+02
2.200200000000000211e-01 1.317334910399999970e+01 1.680432611466667083e+02
2.299799999999999622e-01 1.149291663200000002e+01 1.680432611466667083e+02
2.399999999999999911e-01 9.812484160000000344e+00 1.680432611466667083e+02
2.500200000000000200e-01 8.132051688000000667e+00 1.680432611466667083e+02
2.599799999999999889e-01 6.451619215999999213e+00 1.680432611466667083e+02
2.700000000000000178e-01 4.771186744000000424e+00 1.680432611466667083e+02
2.800199999999999911e-01 3.090754272000000302e+00 1.702466043599999921e+02
2.899800000000000155e-01 1.366255911999999961e+00 1.135403851466666794e+02
2.999999999999999889e-01 8.199468480000000614e-01 4.794301949333333823e+01
3.100200000000000178e-01 4.073918960000000311e-01 3.662259384000000040e+01
3.199799999999999867e-01 8.749580800000000824e-02 2.908070372000000248e+01
3.300000000000000155e-01 -1.742217600000000033e-01 2.378037068000000431e+01
3.400199999999999889e-01 -3.881120239999999999e-01 1.967145953333333708e+01
3.499800000000000133e-01 -5.676516480000000087e-01 1.624321545333333461e+01
3.599999999999999867e-01 -7.129787040000000742e-01 1.344487954666666774e+01
3.700200000000000156e-01 -8.365489600000000081e-01 1.148713016000000131e+01
3.799799999999999844e-01 -9.427221440000000952e-01 9.866450786666668193e+00
3.900000000000000133e-01 -1.033874768000000222e+00 8.489754400000000700e+00
4.000199999999999867e-01 -1.112517232000000078e+00 7.030556506666667538e+00
4.099800000000000111e-01 -1.174486456000000123e+00 5.299886746666667037e+00
4.199999999999999845e-01 -1.218514687999999957e+00 3.746116506666666623e+00
4.300200000000000133e-01 -1.249409344000000033e+00 2.451565986666667030e+00
4.399799999999999822e-01 -1.267542800000000192e+00 1.266392200000000079e+00
4.499999999999999556e-01 -1.274739280000000141e+00 -1.657840266666666951e-01
4.600199999999999845e-01 -1.264229072000000009e+00 -1.755676133333333500e+00
4.699799999999999534e-01 -1.239622967999999936e+00 -2.978505920000000362e+00
4.799999999999999822e-01 -1.204657280000000164e+00 -3.614571546666667246e+00
4.900199999999999556e-01 -1.167331815999999911e+00 -3.736346866666667044e+00
4.999799999999999800e-01 -1.129931039999999998e+00 -3.842536786666666870e+00
5.100000000000000089e-01 -1.090480103999999839e+00 -4.010594120000000373e+00
5.200200000000000378e-01 -1.049719575999999988e+00 -4.007344546666667284e+00
5.299800000000000066e-01 -1.010335584000000120e+00 -3.795961893333334114e+00
5.400000000000000355e-01 -9.738008960000000824e-01 -3.593512080000000886e+00
5.500199999999999534e-01 -9.384628319999999135e-01 -3.571706466666666913e+00
5.599800000000000333e-01 -9.023674640000000080e-01 -3.627786013333333504e+00
5.699999999999999512e-01 -8.659080879999999647e-01 -3.681864213333333691e+00
5.800199999999999800e-01 -8.287290639999999042e-01 -3.651007213333333112e+00
5.899799999999999489e-01 -7.928889200000001081e-01 -3.670818453333333231e+00
5.999999999999999778e-01 -7.553124159999999865e-01 -3.651076946666666601e+00
6.100199999999998957e-01 -7.198655680000001222e-01 -3.633267053333333774e+00
6.199800000000000866e-01 -6.826488880000000092e-01 -3.821588893333333292e+00
6.300000000000000044e-01 -6.434364400000001094e-01 -3.866769120000000282e+00
6.400199999999999223e-01 -6.053118320000000496e-01 -3.754533320000000174e+00
6.499799999999998912e-01 -5.683461920000000278e-01 -3.650609733333333828e+00
6.600000000000000311e-01 -5.323010320000000073e-01 -3.540730920000000115e+00
6.700199999999999489e-01 -4.975319919999999785e-01 -3.204734800000000217e+00
6.799799999999999178e-01 -4.682063360000000007e-01 -2.877301933333333395e+00
6.899999999999999467e-01 -4.399852560000000468e-01 -2.669782506666667388e+00
7.000199999999999756e-01 -4.148101280000000002e-01 -2.287588053333333260e+00
7.099799999999999445e-01 -3.942332159999999974e-01 -1.981395960000000178e+00
7.199999999999999734e-01 -3.751834640000000221e-01 -1.819412400000000263e+00
7.300199999999998912e-01 -3.578449679999999855e-01 -1.708689813333333696e+00
7.399799999999999711e-01 -3.410085520000000203e-01 -1.397114306666666694e+00
7.500000000000000000e-01 -3.299000320000000652e-01 -9.993205066666667191e-01
7.600199999999999179e-01 -3.210215840000000265e-01 -7.770245866666667389e-01
7.699799999999999978e-01 -3.143606560000000161e-01 -4.712857600000000535e-01
7.800000000000000266e-01 -3.115950320000000495e-01 -2.837867733333334086e-01
7.900199999999999445e-01 -3.086871520000000202e-01 -2.984865600000000674e-01
7.999799999999999134e-01 -3.056244640000000401e-01 -2.234604666666666906e-01
8.100000000000000533e-01 -3.042144560000000220e-01 -1.079611466666666741e-01
8.200199999999999712e-01 -3.034655200000000441e-01 -5.243249333333334372e-02
8.299799999999999400e-01 -3.031684560000000306e-01 2.473441333333333686e-02
8.399999999999999689e-01 -3.039634159999999863e-01 1.519489333333333414e-01
8.500199999999999978e-01 -3.062060400000000127e-01 2.126727200000000095e-01
8.599799999999999667e-01 -3.082143600000000205e-01 2.047440400000000160e-01
8.699999999999999956e-01 -3.103021760000000406e-01 2.424418800000000263e-01
8.800199999999999134e-01 -3.130636159999999890e-01 2.412145733333333486e-01
8.899799999999999933e-01 -3.151263280000000111e-01 1.376257066666666806e-01
8.999999999999999112e-01 -3.158166879999999566e-01 4.004088000000000785e-02
9.100199999999999401e-01 -3.159254719999999850e-01 -5.798326666666667184e-02
9.199800000000000200e-01 -3.146577200000000296e-01 -1.454497866666666639e-01
9.299999999999999378e-01 -3.130175920000000112e-01 -2.115221200000000357e-01
9.400199999999999667e-01 -3.104276960000000307e-01 -3.453403866666667210e-01
9.499799999999999356e-01 -3.061098080000000388e-01 -5.022613066666667958e-01
9.599999999999999645e-01 -3.003819119999999732e-01 -5.702164400000000466e-01
9.700199999999999934e-01 -2.947084080000000328e-01 -5.860110400000001496e-01
9.799799999999999622e-01 -2.886625280000000293e-01 -6.933445866666667623e-01
9.899999999999998801e-01 -2.808384480000000183e-01 -9.029699600000000714e-01
1.000019999999999909e+00 -2.706002000000000129e-01 -1.111737613333333430e+00
1.009979999999999878e+00 -2.586046719999999799e-01 -1.208415906666666872e+00
1.020000000000000018e+00 -2.464334160000000162e-01 -1.230096000000000300e+00
1.030019999999999936e+00 -2.340027520000000083e-01 -1.369367413333333339e+00
1.039979999999999905e+00 -2.190449519999999595e-01 -1.498018440000000062e+00
1.050000000000000044e+00 -2.040411279999999883e-01 -1.530081826666666700e+00
1.060019999999999962e+00 -1.884431759999999900e-01 -1.539816599999999980e+00
1.069979999999999931e+00 -1.732468879999999878e-01 -1.498116066666666857e+00
1.080000000000000071e+00 -1.584815519999999978e-01 -1.635400080000000145e+00
1.090019999999999989e+00 -1.405363759999999906e-01 -1.997490413333333770e+00
1.099979999999999958e+00 -1.185327200000000220e-01 -2.233921280000000120e+00
1.110000000000000098e+00 -9.585962400000000438e-02 -2.201286080000000478e+00
1.120020000000000016e+00 -7.450448800000000760e-02 -2.055515520000000151e+00
1.129979999999999984e+00 -5.474764000000000019e-02 -1.856224626666666655e+00
1.139999999999999902e+00 -3.737985600000000297e-02 -1.540632480000000193e+00
1.150020000000000042e+00 -2.393666400000000333e-02 -1.173061106666666742e+00
1.159980000000000011e+00 -1.392016800000000012e-02 -1.098578933333333341e+00
1.169999999999999929e+00 -1.966480000000000051e-03 -6.875427733333334679e-01
1.180019999999999847e+00 -1.715440000000000367e-04 -9.751509333333335805e-02
1.189980000000000038e+00 -1.673600000000000036e-05 -8.479573333333333823e-03
1.199999999999999956e+00 0.000000000000000000e+00 -1.499266666666666716e-03
