0.000000000000000000e+00 3.547388544179663938e+01 1.290319579079987591e+02
1.000000000000000021e-02 3.418356586271664810e+01 1.290319579079985033e+02
2.000000000000000042e-02 3.289324628363666392e+01 1.290319579079982759e+02
2.999999999999999889e-02 3.160292670455668329e+01 1.290319579079982759e+02
4.000000000000000083e-02 3.031260712547670266e+01 1.290319579079982759e+02
4.999999999999999584e-02 2.902228754639671848e+01 1.290319579079982759e+02
5.999999999999999778e-02 2.773196796731673430e+01 1.290319579079985033e+02
6.999999999999999278e-02 2.644164838823674657e+01 1.290319579079982759e+02
8.000000000000000167e-02 2.515132880915676949e+01 1.290319579079982759e+02
8.999999999999999667e-02 2.386100923007678531e+01 1.290319579079982759e+02
9.999999999999999167e-02 2.257068965099680469e+01 1.290319579079982759e+02
1.099999999999999867e-01 2.128037007191682051e+01 1.290319579079985033e+02
1.199999999999999956e-01 1.999005049283683633e+01 1.290319579079982759e+02
1.300000000000000044e-01 1.869973091375685215e+01 1.290319579079983896e+02
1.399999999999999856e-01 1.740941133467686797e+01 1.290319579079983896e+02
1.499999999999999944e-01 1.611909175559688379e+01 1.290319579079982759e+02
1.600000000000000033e-01 1.482877217651690138e+01 1.290319579079982759e+02
1.699999999999999845e-01 1.353845259743691898e+01 1.290319579079983896e+02
1.799999999999999933e-01 1.224813301835693302e+01 1.290319579079983896e+02
1.899999999999999745e-01 1.095781343927695239e+01 1.290319579079982759e+02
1.999999999999999833e-01 9.667493860196969990e+00 1.290319579079982759e+02
2.099999999999999922e-01 8.377174281116985810e+00 1.290319579079983612e+02
2.199999999999999734e-01 7.086854702037001630e+00 1.290319579079983612e+02
2.299999999999999822e-01 5.796535122957019226e+00 1.290319579079985601e+02
2.399999999999999911e-01 4.506215543877031493e+00 1.290319579079985886e+02
2.500000000000000000e-01 3.215895964797047757e+00 1.290319579079983328e+02
2.600000000000000089e-01 1.925576385717064909e+00 1.290319579079983043e+02
2.700000000000000178e-01 6.352568066370818389e-01 9.014420735758328362e+01
2.799999999999999711e-01 1.226922385653991254e-01 3.582144440233249583e+01
2.899999999999999800e-01 -8.117208140956806706e-02 1.153849618862793847e+01
2.999999999999999889e-01 -1.080776852071596156e-01 -1.087802102660479830e+00
3.099999999999999423e-01 -5.941603935635847433e-02 -3.461750381447703528e+00
3.200000000000000067e-01 -3.884267757820554501e-02 7.251811271762694799e-01
3.300000000000000155e-01 -7.391966189988385949e-02 5.207763188940915278e+00
3.399999999999999689e-01 -1.429979413570238445e-01 7.171336708267151749e+00
3.500000000000000333e-01 -2.173463960652268767e-01 7.281469336594485142e+00
3.599999999999999867e-01 -2.886273280889135040e-01 6.002621718983782273e+00
3.699999999999999956e-01 -3.373988304449024866e-01 3.311685255341457523e+00
3.799999999999999489e-01 -3.548610331957426922e-01 2.586819581076928443e-01
3.900000000000000133e-01 -3.425724696070563957e-01 -2.202047388294750885e+00
3.999999999999999667e-01 -3.108200854298476812e-01 -3.370617600040794581e+00
4.099999999999999756e-01 -2.751601176062404841e-01 -3.214184020200246295e+00
4.199999999999999845e-01 -2.465364050258427309e-01 -2.741832779316400348e+00
4.299999999999999933e-01 -2.203234620199124860e-01 -2.684091398580522370e+00
4.399999999999999467e-01 -1.928545770542323123e-01 -2.417553314490080041e+00
4.499999999999999556e-01 -1.719723957301109163e-01 -1.945998599483067970e+00
4.599999999999999645e-01 -1.539346050645709618e-01 -1.409183548512659145e+00
4.699999999999999734e-01 -1.437887247598577112e-01 -6.790790039873768613e-01
4.799999999999999822e-01 -1.403530249848234102e-01 -4.406508362462799866e-01
4.899999999999999911e-01 -1.349757080349321126e-01 -7.319169617987821841e-01
5.000000000000000000e-01 -1.257146857488477820e-01 -4.881581317737069270e-01
5.100000000000000089e-01 -1.252125453994579751e-01 1.995039547361283916e-02
5.200000000000000178e-01 -1.261136936583200363e-01 -1.447513268918849960e-01
5.299999999999999156e-01 -1.223175188616202613e-01 -3.866059559377733046e-01
5.400000000000000355e-01 -1.183815745395645769e-01 -2.294867328601232215e-01
5.499999999999999334e-01 -1.177277842044178180e-01 -2.023074839058210950e-01
5.599999999999999423e-01 -1.143354248614481539e-01 -4.383250781760610337e-01
5.699999999999999512e-01 -1.089612826408965784e-01 -6.326378257489504442e-01
5.799999999999999600e-01 -1.016826683464691350e-01 -1.003454641308850315e+00
5.899999999999999689e-01 -8.889218981471957992e-02 -1.246013081401266653e+00
5.999999999999999778e-01 -7.676240671844380969e-02 -1.030139915037255882e+00
6.099999999999999867e-01 -6.828939151397446505e-02 -6.988577861063901553e-01
6.199999999999998845e-01 -6.278525099631600270e-02 -7.022764292242162920e-01
6.300000000000000044e-01 -5.424386292949014143e-02 -7.832958393583355772e-01
6.400000000000000133e-01 -4.711933420914929393e-02 -6.689363412914527407e-01
6.499999999999999112e-01 -4.086513610366108995e-02 -5.769750053135340728e-01
6.600000000000000311e-01 -3.557983410287861303e-02 -4.842085982241260966e-01
6.700000000000000400e-01 -3.118096413917856302e-02 -5.970121559298220415e-01
6.799999999999999378e-01 -2.363959098428217512e-02 -7.902232665985140514e-01
6.899999999999999467e-01 -1.537649880720828692e-02 -6.013200033747956308e-01
7.000000000000000666e-01 -1.161319091678626562e-02 -1.036120818679355654e-01
7.099999999999999645e-01 -1.330425716984957700e-02 -9.905000532876215291e-02
7.199999999999999734e-01 -9.632190810211022081e-03 -3.794089433731366867e-01
7.299999999999998712e-01 -5.716078302386843300e-03 -2.662083752583052076e-01
7.399999999999999911e-01 -4.308023305044919246e-03 -1.277438018798437713e-01
7.500000000000000000e-01 -3.161202264789968273e-03 -4.815510903690682631e-02
7.599999999999998979e-01 -3.344921124306782581e-03 -1.675375291565787961e-02
7.699999999999999067e-01 -2.826127206476810802e-03 -1.934965988303698897e-02
7.800000000000000266e-01 -2.957927926646042403e-03 3.122013838561882304e-02
7.899999999999999245e-01 -3.450529974189187141e-03 6.798355769350808431e-02
7.999999999999999334e-01 -4.317599080516204037e-03 1.867214237808111597e-03
8.100000000000000533e-01 -3.487874258945349720e-03 -1.475222974357611461e-01
8.199999999999999512e-01 -1.367153131800981228e-03 -6.182445504903059247e-02
8.299999999999999600e-01 -2.251385157964737923e-03 6.472248340277592105e-02
8.399999999999999689e-01 -2.661602799856499502e-03 -3.385941095777798837e-03
8.499999999999999778e-01 -2.183666336049181877e-03 -3.043871749460649867e-02
8.599999999999999867e-01 -2.052828449964369615e-03 -8.777590548871122209e-03
8.699999999999999956e-01 -2.008114525071759589e-03 3.088978824898170467e-02
8.799999999999998934e-01 -2.670624214944003916e-03 2.544868504256918296e-02
8.900000000000000133e-01 -2.517088225923143265e-03 -8.037629138748924804e-03
8.999999999999999112e-01 -2.509871632169025351e-03 2.972077511437909436e-02
9.099999999999999201e-01 -3.111503728210724632e-03 -9.460467876854368810e-03
9.199999999999999289e-01 -2.320662274631937663e-03 -5.813737749013769829e-02
9.299999999999999378e-01 -1.948756178407970961e-03 -2.262841386529934606e-02
9.399999999999999467e-01 -1.868093997325951348e-03 2.151232615120412389e-03
9.499999999999999556e-01 -1.991780830710378810e-03 -5.620677582874951395e-02
9.599999999999999645e-01 -7.439584807509608180e-04 -8.792024792500825747e-02
9.699999999999999734e-01 -2.333758722102139869e-04 3.454791892026652655e-02
9.799999999999999822e-01 -1.434916859156291306e-03 3.102108729389391195e-02
9.899999999999998801e-01 -8.537976180880923159e-04 -1.170244842559419185e-01
1.000000000000000000e+00 9.055728259625468344e-04 -1.733313808921124743e-01
1.010000000000000009e+00 2.612829999754157171e-03 -4.816794301045025650e-02
1.020000000000000018e+00 1.868931686171551977e-03 8.276479894917573854e-02
1.029999999999999805e+00 9.575340207706424869e-04 5.526983818420122541e-02
1.040000000000000036e+00 7.635349224875274043e-04 -3.605647405746683493e-02
1.050000000000000044e+00 1.678663501919979264e-03 -7.052455275873446838e-02
1.059999999999999831e+00 2.174025977662216377e-03 -4.429330946820130011e-02
1.069999999999999840e+00 2.564529691284005153e-03 -2.762233135582607690e-02
1.080000000000000071e+00 2.726472604778738124e-03 -2.213515687679232236e-03
1.089999999999999858e+00 2.608800005037589798e-03 1.966787309968798594e-02
1.099999999999999867e+00 2.333115142784978474e-03 2.817992638120730975e-02
1.109999999999999876e+00 2.045201477413443377e-03 1.472397216401036962e-02
1.119999999999999885e+00 2.038635699504770960e-03 -5.270553909013778182e-03
1.129999999999999893e+00 2.150612555593719132e-03 -3.554482359006908704e-03
1.139999999999999902e+00 2.109725346684909308e-03 2.183906405468977879e-02
1.149999999999999911e+00 1.713831274499923521e-03 3.996534942012684721e-02
1.159999999999999920e+00 1.310418358282372346e-03 7.421802351622860949e-02
1.169999999999999929e+00 2.294708041753516455e-04 6.413944738678371837e-02
1.179999999999999938e+00 2.762941054669793147e-05 1.135364961249588772e-02
1.189999999999999947e+00 2.397811925433915177e-06 1.381470527334896546e-03
1.199999999999999956e+00 0.000000000000000000e+00 2.397811925433915498e-04
