0.000000000000000000e+00 5.379578000000000202e+02 8.197153333333333649e+03
1.000000200000000089e-02 4.613822319999999308e+02 7.118587866666667651e+03
1.999999800000000147e-02 3.955884136000000240e+02 6.115550573333333887e+03
2.999999999999999889e-02 3.390701048000000242e+02 5.253067786666667416e+03
4.000000199999999978e-02 2.905269184000000564e+02 4.511495626666666794e+03
4.999999799999999689e-02 2.488404712000000245e+02 3.873930733333334047e+03
5.999999999999999778e-02 2.130484431999999799e+02 3.325833706666666785e+03
7.000000199999999173e-02 1.823236576000000184e+02 2.854694386666667015e+03
7.999999800000000272e-02 1.559544160000000090e+02 2.449752920000000358e+03
8.999999999999999667e-02 1.333285992000000135e+02 2.101741746666667041e+03
1.000000019999999906e-01 1.139194415999999848e+02 1.802697320000000218e+03
1.099999979999999877e-01 9.727465280000001258e+01 1.545757880000000114e+03
1.199999999999999956e-01 8.300428399999999840e+01 1.325030960000000277e+03
1.300000020000000034e-01 7.077403359999999566e+01 1.135446946666666690e+03
1.399999979999999866e-01 6.029562400000000366e+01 9.726265866666667534e+02
1.499999999999999944e-01 5.132136239999999816e+01 8.328252000000001090e+02
1.600000020000000023e-01 4.363911999999999836e+01 7.128071600000000672e+02
1.699999979999999855e-01 3.706526103999999577e+01 6.098005666666666684e+02
1.799999999999999933e-01 3.144301104000000180e+01 5.214086853333334375e+02
1.900000019999999734e-01 2.663710128000000310e+01 4.455785666666666884e+02
1.999999979999999844e-01 2.253146759999999915e+01 3.805417733333333672e+02
2.099999999999999922e-01 1.902627976000000132e+01 3.247795133333333979e+02
2.200000019999999723e-01 1.603584944000000334e+01 2.769828920000000494e+02
2.299999980000000110e-01 1.348662192000000282e+01 2.360292026666666629e+02
2.399999999999999911e-01 1.131529328000000056e+01 2.009512440000000311e+02
2.500000019999999989e-01 9.467597039999999353e+00 1.709184920000000147e+02
2.599999980000000099e-01 7.896923440000001015e+00 1.452168773333333434e+02
2.700000000000000178e-01 6.563231600000000832e+00 1.578204800000000034e+02
2.800000019999999701e-01 4.740513840000000201e+00 2.125381346666666786e+02
2.899999979999999811e-01 2.312488431999999872e+00 1.493457880000000273e+02
2.999999999999999889e-01 1.753585528000000116e+00 3.356495453333334211e+01
3.100000019999999967e-01 1.641186551999999965e+00 2.140966746666666864e+01
3.199999980000000077e-01 1.325390784000000099e+00 3.157957680000000167e+01
3.300000000000000155e-01 1.009599200000000030e+00 2.146740666666667252e+01
3.400000020000000234e-01 8.960454399999999708e-01 1.217906613333333432e+01
3.499999979999999788e-01 7.660150880000000662e-01 1.256218106666666756e+01
3.599999999999999867e-01 6.448004240000000387e-01 1.138013133333333471e+01
3.700000019999999945e-01 5.384138559999999130e-01 9.975562533333334869e+00
3.799999980000000055e-01 4.452905679999999977e-01 8.891627600000001408e+00
3.900000000000000133e-01 3.605808856000000673e-01 8.196456000000001296e+00
4.000000020000000212e-01 2.813610295999999789e-01 7.657556800000000941e+00
4.099999979999999766e-01 2.074301680000000259e-01 7.089020933333334717e+00
4.199999999999999845e-01 1.395807504000000088e-01 6.483414826666667352e+00
4.300000019999999368e-01 7.776215040000000744e-02 5.899942080000001532e+00
4.399999980000000033e-01 2.158207615999999801e-02 5.362800159999999927e+00
4.499999999999999556e-01 -2.949406200000000144e-02 4.874994573333333747e+00
4.600000019999999634e-01 -7.591784320000000141e-02 4.430326026666667083e+00
4.699999980000000299e-01 -1.181005128000000015e-01 4.016409880000000321e+00
4.799999999999999822e-01 -1.562460408000000134e-01 3.612165746666667232e+00
4.900000019999999901e-01 -1.903439672000000193e-01 3.202322026666667210e+00
4.999999979999999455e-01 -2.202926207999999775e-01 2.791251000000000815e+00
5.100000000000000089e-01 -2.461689872000000223e-01 2.390577213333333617e+00
5.200000019999999612e-01 -2.681040256000000177e-01 2.015621080000000287e+00
5.299999979999999722e-01 -2.864814088000000036e-01 1.672560973333333312e+00
5.400000000000000355e-01 -3.015551056000000396e-01 1.355044186666666706e+00
5.500000019999999878e-01 -3.135820136000000424e-01 1.063119533333333422e+00
5.599999979999999988e-01 -3.228173568000000104e-01 8.066751999999999256e-01
5.699999999999999512e-01 -3.297155176000000076e-01 5.858025373333334285e-01
5.800000019999999035e-01 -3.345338119999999860e-01 3.874377026666667168e-01
5.899999980000000255e-01 -3.374642856000000246e-01 2.050947986666666611e-01
5.999999999999999778e-01 -3.386353871999999710e-01 4.819403160000000630e-02
6.100000019999999301e-01 -3.384282792000000151e-01 -7.800231200000000420e-02
6.199999980000000521e-01 -3.370755920000000350e-01 -1.929800266666666930e-01
6.300000000000000044e-01 -3.345685392000000147e-01 -3.158090173333333861e-01
6.400000019999999568e-01 -3.307594255999999899e-01 -4.440388546666667047e-01
6.499999980000000788e-01 -3.256879992000000223e-01 -5.686976480000000000e-01
6.600000000000000311e-01 -3.193852215999999911e-01 -6.845044920000000754e-01
6.700000019999999834e-01 -3.119979512000000121e-01 -7.811388533333334383e-01
6.799999979999998834e-01 -3.037625840000000021e-01 -8.521692266666667237e-01
6.899999999999999467e-01 -2.949544271999999800e-01 -8.983675600000000649e-01
7.000000019999998990e-01 -2.857952327999999653e-01 -9.255426400000001941e-01
7.099999979999999100e-01 -2.764435744000000028e-01 -9.513091066666666817e-01
7.199999999999999734e-01 -2.667689112000000140e-01 -9.909943466666666367e-01
7.300000019999999257e-01 -2.566235480000000346e-01 -1.038977853333333590e+00
7.399999979999999367e-01 -2.459894935999999976e-01 -1.079109386666666781e+00
7.500000000000000000e-01 -2.350416392000000132e-01 -1.107504800000000067e+00
7.600000019999999523e-01 -2.238393976000000452e-01 -1.128431773333333332e+00
7.699999979999999633e-01 -2.124727248000000124e-01 -1.144791213333333335e+00
7.800000000000000266e-01 -2.009432944000000276e-01 -1.154902546666666696e+00
7.900000019999999790e-01 -1.893749527999999960e-01 -1.158117253333333485e+00
7.999999979999999900e-01 -1.777810887999999867e-01 -1.153779840000000112e+00
8.100000000000000533e-01 -1.662993560000000093e-01 -1.138145626666666743e+00
8.200000020000000056e-01 -1.550180368000000364e-01 -1.107414146666666710e+00
8.299999979999999056e-01 -1.441509336000000030e-01 -1.064270133333333535e+00
8.399999999999999689e-01 -1.337327735999999934e-01 -1.017451173333333569e+00
8.500000019999999212e-01 -1.238020496000000192e-01 -9.741328266666666735e-01
8.599999979999999322e-01 -1.142499775999999967e-01 -9.372159999999999380e-01
8.699999999999999956e-01 -1.050577296000000244e-01 -8.999923466666667204e-01
8.800000019999999479e-01 -9.625040960000000312e-02 -8.512487466666667224e-01
8.899999979999999589e-01 -8.803261519999999729e-02 -7.901762933333333905e-01
8.999999999999999112e-01 -8.044660480000000169e-02 -7.259030800000001449e-01
9.100000019999999745e-01 -7.351455360000000439e-02 -6.645335626666667439e-01
9.199999979999999855e-01 -6.715612880000000617e-02 -6.084226360000001277e-01
9.299999999999999378e-01 -6.134622640000000904e-02 -5.595876853333333623e-01
9.400000020000000012e-01 -5.596434720000000029e-02 -5.172602493333333662e-01
9.499999980000000122e-01 -5.100086800000000475e-02 -4.762012626666667359e-01
9.599999999999999645e-01 -4.644030799999999959e-02 -4.321528080000000549e-01
9.700000020000000278e-01 -4.235797920000000660e-02 -3.834866120000000045e-01
9.799999979999999278e-01 -3.877057576000000200e-02 -3.319745986666666759e-01
9.899999999999998801e-01 -3.571834776000000489e-02 -2.816626959999999902e-01
1.000000001999999943e+00 -3.313732184000000441e-02 -2.386476893333333293e-01
1.009999997999999843e+00 -3.094540791999999749e-02 -2.057551733333333466e-01
1.020000000000000018e+00 -2.902223232000000416e-02 -1.814426466666666793e-01
1.030000001999999970e+00 -2.731654104000000305e-02 -1.633726480000000369e-01
1.039999997999999870e+00 -2.575477936000000398e-02 -1.509001440000000138e-01
1.050000000000000044e+00 -2.429853815999999736e-02 -1.416486226666666681e-01
1.060000001999999997e+00 -2.292179296000000296e-02 -1.346411200000000308e-01
1.069999997999999897e+00 -2.160571576000000146e-02 -1.304076093333333408e-01
1.080000000000000071e+00 -2.031361288000000168e-02 -1.294913133333333577e-01
1.090000002000000023e+00 -1.901590343999999891e-02 -1.315080013333333464e-01
1.099999997999999923e+00 -1.768346680000000212e-02 -1.356920013333333397e-01
1.110000000000000098e+00 -1.630207736000000018e-02 -1.395433733333333592e-01
1.120000002000000050e+00 -1.489257144000000026e-02 -1.414931173333333347e-01
1.129999997999999950e+00 -1.347222895999999892e-02 -1.437043613333333636e-01
1.139999999999999902e+00 -1.201849816000000008e-02 -1.504120106666667067e-01
1.150000001999999855e+00 -1.046397480000000116e-02 -1.641815546666667014e-01
1.159999997999999977e+00 -8.734894960000001360e-03 -4.551961880000000571e-01
1.169999999999999929e+00 -1.360042672000000242e-03 -4.299087893333333743e-01
1.180000001999999881e+00 -1.367084344000000270e-04 -6.738220426666667595e-02
1.189999998000000003e+00 -1.239802880000000169e-05 -6.835421720000001838e-03
1.199999999999999956e+00 0.000000000000000000e+00 4.355767146666667498e-03
