0.000000000000000000e+00 3.823652491438984384e+02 6.041430112110194386e+03
1.000000200000000089e-02 3.219509480227616223e+02 5.570841314693011554e+03
1.999999800000000147e-02 2.709484228499824212e+02 4.702455702506483249e+03
2.999999999999999889e-02 2.279018339728271769e+02 3.968435340162755438e+03
4.000000199999999978e-02 1.915797160467552089e+02 3.348068577922109398e+03
4.999999799999999689e-02 1.609404624140224200e+02 2.823830109317617371e+03
5.999999999999999778e-02 1.351031138604168120e+02 2.380891271410305762e+03
7.000000199999999173e-02 1.133226369859976188e+02 2.006705565904251898e+03
7.999999800000000272e-02 9.496900254237360173e+01 1.690657849907216359e+03
8.999999999999999667e-02 7.950947998776959480e+01 1.423767418726276219e+03
1.000000019999999906e-01 6.649365416797358819e+01 1.198436704362949513e+03
1.099999979999999877e-01 5.554074590056640659e+01 1.008238584201588196e+03
1.199999999999999956e-01 4.632888248390000285e+01 8.477363700459241045e+02
1.300000020000000034e-01 3.858601849952240315e+01 7.123314582079120783e+02
1.399999979999999866e-01 3.208225331957440574e+01 5.981343920974200046e+02
1.499999999999999944e-01 2.662333065778320318e+01 5.018557411271120259e+02
1.600000020000000023e-01 2.204513849686480143e+01 4.207137520216173812e+02
1.699999979999999855e-01 1.820905561736480038e+01 3.523561960230893533e+02
1.799999999999999933e-01 1.499801457666799820e+01 2.947942311738066792e+02
1.900000019999999734e-01 1.231317099395840131e+01 2.463464337647506568e+02
1.999999979999999844e-01 1.007108590110800073e+01 2.055914365399586643e+02
2.099999999999999922e-01 8.201342263061599525e+00 2.412101299936720125e+02
2.200000019999999723e-01 5.246883301485599560e+00 2.543713049317000241e+02
2.299999980000000110e-01 3.113916164218400340e+00 1.169995702058226783e+02
2.399999999999999911e-01 2.906891897355200260e+00 5.402251338253600466e+01
2.500000019999999989e-01 2.033465896902399983e+00 5.794508074911999529e+01
2.599999980000000099e-01 1.747990282372800186e+00 1.794586391375467116e+01
2.700000000000000178e-01 1.674548618655200105e+00 1.244680795981599886e+01
2.800000019999999701e-01 1.499054123092800062e+00 1.812628988956400278e+01
2.899999979999999811e-01 1.312022820738399931e+00 1.787853688250133644e+01
2.999999999999999889e-01 1.141483385331200084e+00 1.603774026072800041e+01
3.100000019999999967e-01 9.912680152727999516e-01 1.424851426873333438e+01
3.199999980000000077e-01 8.565131000960000129e-01 1.308118364447600257e+01
3.300000000000000155e-01 7.296443425087999479e-01 1.241750542181066663e+01
3.400000020000000234e-01 6.081629916040000028e-01 1.182521681560000104e+01
3.499999979999999788e-01 4.931400061967999848e-01 1.108858818758000098e+01
3.599999999999999867e-01 3.863912280615999784e-01 1.025860539565066709e+01
3.700000019999999945e-01 2.879678982280000077e-01 9.424968832278668884e+00
3.799999980000000055e-01 1.978918513184000361e-01 8.638747817796000206e+00
3.900000000000000133e-01 1.151929419975999958e-01 7.942664731303999304e+00
4.000000020000000212e-01 3.903855677600000240e-02 7.322486312596000246e+00
4.099999979999999766e-01 -3.125678412880000118e-02 6.732985051621334094e+00
4.199999999999999845e-01 -9.562114436800001060e-02 6.136775993478667424e+00
4.300000019999999368e-01 -1.539923040960000100e-01 5.524889958733334439e+00
4.399999980000000033e-01 -2.061189434032000001e-01 4.894486184324000178e+00
4.499999999999999556e-01 -2.518820279080000168e-01 4.250110131589333484e+00
4.600000019999999634e-01 -2.911211463975999503e-01 3.614544473397333757e+00
4.699999980000000299e-01 -3.241729171527999998e-01 3.020568221498667327e+00
4.799999999999999822e-01 -3.515325107160000573e-01 2.483471145610666841e+00
4.900000019999999901e-01 -3.738423401208000318e-01 2.006389193481333599e+00
4.999999979999999455e-01 -3.916602944880000492e-01 1.588095439188000224e+00
5.100000000000000089e-01 -4.056042489464000145e-01 1.204592194393333537e+00
5.200000019999999612e-01 -4.157521384455999947e-01 8.104619312920000596e-01
5.299999979999999722e-01 -4.218134875304000442e-01 3.900985913840000485e-01
5.400000000000000355e-01 -4.235541101895999860e-01 -2.518590668133333099e-02
5.500000019999999878e-01 -4.213097694944000771e-01 -3.794562561506666931e-01
5.599999979999999988e-01 -4.159649852200000275e-01 -6.264427676626667107e-01
5.699999999999999512e-01 -4.087809141271999680e-01 -7.678492092520000645e-01
5.800000019999999035e-01 -4.006080010768000021e-01 -8.637299812800001142e-01
5.899999980000000255e-01 -3.915063145016000057e-01 -9.833440846706666960e-01
5.999999999999999778e-01 -3.809411191184000067e-01 -1.143710582365333295e+00
6.100000019999999301e-01 -3.686321028264000210e-01 -1.300408302701333341e+00
6.199999980000000521e-01 -3.549329529528000293e-01 -1.398110729056000201e+00
6.300000000000000044e-01 -3.406698881615999874e-01 -1.418974452164000200e+00
6.400000019999999568e-01 -3.265534642024000012e-01 -1.386251283564000181e+00
6.499999980000000788e-01 -3.129448627832000507e-01 -1.353426811258666929e+00
6.600000000000000311e-01 -2.994849280888000065e-01 -1.381465798000000023e+00
6.700000019999999834e-01 -2.853155468231999836e-01 -1.488994650997333302e+00
6.799999979999998834e-01 -2.697050348736000358e-01 -1.637273883005333275e+00
6.899999999999999467e-01 -2.525700691352000260e-01 -1.776674888765333193e+00
7.000000019999998990e-01 -2.341715370704000321e-01 -1.867310760872000319e+00
7.099999979999999100e-01 -2.152238537504000127e-01 -1.880696749224000319e+00
7.199999999999999734e-01 -1.965576021696000264e-01 -1.815248985280000005e+00
7.300000019999999257e-01 -1.789188740448000026e-01 -1.693524319573333159e+00
7.399999979999999367e-01 -1.626871159175999892e-01 -1.546612770221333477e+00
7.500000000000000000e-01 -1.479866185287999902e-01 -1.411109231589333435e+00
7.600000019999999523e-01 -1.344649309231999990e-01 -1.319231060149333334e+00
7.699999979999999633e-01 -1.216019973816000049e-01 -1.278506272574666758e+00
7.800000000000000266e-01 -1.088948057088000160e-01 -1.275918472758666766e+00
7.900000019999999790e-01 -9.608362782880000563e-02 -1.282803482549333518e+00
7.999999979999999900e-01 -8.323873611359999813e-02 -1.260978908025333300e+00
8.100000000000000533e-01 -7.086404984959999986e-02 -1.184853750414666784e+00
8.200000020000000056e-01 -5.954166092399999777e-02 -1.057810093817333374e+00
8.299999979999999056e-01 -4.970784798719999481e-02 -9.003530444253334819e-01
8.399999999999999689e-01 -4.153460021679999947e-02 -7.393098551613334068e-01
8.500000019999999212e-01 -3.492165098160000120e-02 -6.022921792293334242e-01
8.599999979999999322e-01 -2.948875668800000210e-02 -5.084665552266666166e-01
8.699999999999999956e-01 -2.475231973760000023e-02 -4.554336341840000135e-01
8.800000019999999479e-01 -2.038008366960000414e-02 -4.269882896920000892e-01
8.899999979999999589e-01 -1.621255398560000199e-02 -4.061293293706667029e-01
8.999999999999999112e-01 -1.225749702640000112e-02 -3.765127005773333813e-01
9.100000019999999745e-01 -8.682299988000000482e-03 -3.269115960533333642e-01
9.199999979999999855e-01 -5.719265244800000002e-03 -2.531007671373333712e-01
9.299999999999999378e-01 -3.620284659200000230e-03 -1.581833513466666674e-01
9.400000020000000012e-01 -2.555598078400000105e-03 -5.696168379333334253e-02
9.499999980000000122e-01 -2.481050913599999741e-03 2.658789953199999778e-02
9.599999999999999645e-01 -3.087356445600000342e-03 7.551528173200000582e-02
9.700000020000000278e-01 -3.991356506399999782e-03 9.059220090933334246e-02
9.799999979999999278e-01 -4.899200408000000360e-03 8.370167381733334411e-02
9.899999999999998801e-01 -5.665389968800000134e-03 6.769229096666666556e-02
1.000000001999999943e+00 -6.253046157599999842e-03 5.280844456133333698e-02
1.009999997999999843e+00 -6.721558762399999776e-03 4.382364764933333739e-02
1.020000000000000018e+00 -7.129519264000000640e-03 4.303979268266666658e-02
1.030000001999999970e+00 -7.582354839199999773e-03 5.047811904000000516e-02
1.039999997999999870e+00 -8.139081644799999252e-03 6.194557951866667272e-02
1.050000000000000044e+00 -8.821266527200000152e-03 7.062353302799999344e-02
1.060000001999999997e+00 -9.551551928800000590e-03 7.130401251200001178e-02
1.069999997999999897e+00 -1.024734652640000090e-02 6.205656360533334109e-02
1.080000000000000071e+00 -1.079268322879999888e-02 4.268567844800000288e-02
1.090000002000000023e+00 -1.110106034640000010e-02 1.470749847600000097e-02
1.099999997999999923e+00 -1.108683349120000161e-02 -1.631536644133333575e-02
1.110000000000000098e+00 -1.077475269680000167e-02 -4.284448704933333657e-02
1.120000002000000050e+00 -1.022994359680000007e-02 -6.165117305599999986e-02
1.129999997999999950e+00 -9.541729570400000332e-03 -7.559477075866667672e-02
1.139999999999999902e+00 -8.718048084000000475e-03 -9.056328807466668129e-02
1.150000001999999855e+00 -7.730463836800000738e-03 -1.094972039426666682e-01
1.159999997999999977e+00 -6.528103991200000927e-03 -3.554855113786666854e-01
1.169999999999999929e+00 -6.207533024000000442e-04 -3.227649298853333959e-01
1.180000001999999881e+00 -7.280536559999999980e-05 -3.067314806666666949e-02
1.189999998000000003e+00 -7.290619999999999833e-06 -3.640276648000000462e-03
1.199999999999999956e+00 0.000000000000000000e+00 -7.290452640000000262e-04
