0.000000000000000000e+00 4.636202283487232307e+02 2.725656539834813543e+02
1.000000200000000089e-02 4.475576182091544410e+02 2.939956373887043810e+03
1.999999800000000147e-02 4.048211008708568102e+02 4.992965551263862835e+03
2.999999999999999889e-02 3.476983071838631645e+02 5.721615242356167073e+03
4.000000199999999978e-02 2.903887960238031951e+02 5.288617070735339439e+03
4.999999799999999689e-02 2.419259657692680037e+02 4.280315131293504237e+03
5.999999999999999778e-02 2.047824933980168112e+02 3.320303974087059942e+03
7.000000199999999173e-02 1.755198862877360284e+02 2.713525924097917596e+03
7.999999800000000272e-02 1.505119749158631919e+02 2.352189677531478992e+03
8.999999999999999667e-02 1.284760927370087984e+02 2.037737844114489462e+03
1.000000019999999906e-01 1.097572180338383987e+02 1.735521138393970659e+03
1.099999979999999877e-01 9.376566996907359908e+01 1.482656951427949480e+03
1.199999999999999956e-01 8.010407900491679811e+01 1.266634895413664026e+03
1.300000020000000034e-01 6.843297206088401197e+01 1.082087098255661431e+03
1.399999979999999866e-01 5.846233704011040544e+01 9.244277829789680254e+02
1.499999999999999944e-01 4.994441640105360847e+01 7.897393170302214003e+02
1.600000020000000023e-01 4.266755069939440403e+01 6.746748641126868051e+02
1.699999979999999855e-01 3.645091911886960645e+01 5.763752195818374275e+02
1.799999999999999933e-01 3.114004630756240388e+01 4.923977628611373802e+02
1.900000019999999734e-01 2.660296386166080040e+01 4.206557614441080091e+02
1.999999979999999844e-01 2.272693107905680066e+01 3.593665182559760183e+02
2.099999999999999922e-01 1.941563349645760184e+01 3.070070739072213541e+02
2.200000019999999723e-01 1.658678960080079889e+01 2.622763631025426889e+02
2.299999980000000110e-01 1.417010623439279904e+01 2.240628848282280217e+02
2.399999999999999911e-01 1.210553190419440028e+01 1.914170829724973544e+02
2.500000019999999989e-01 1.034176457495680168e+01 1.635277510668373679e+02
2.599999980000000099e-01 8.834976882662401110e+00 1.397018748471973311e+02
2.700000000000000178e-01 7.547727078235999976e+00 1.193474117300533521e+02
2.800000019999999701e-01 6.448028648200800461e+00 1.019585793119360062e+02
2.899999979999999811e-01 5.508555491913600832e+00 8.710328732379068128e+01
2.999999999999999889e-01 4.705962901878399940e+00 7.441240074013335004e+01
3.100000019999999967e-01 4.020307477250400829e+00 6.357056724326934471e+01
3.199999980000000077e-01 3.434551557068800332e+00 5.430838112196400402e+01
3.300000000000000155e-01 2.934139854685600124e+00 4.639568888538934033e+01
3.400000020000000234e-01 2.506637778998400012e+00 3.963558770214400084e+01
3.499999979999999788e-01 2.141428100726400441e+00 3.386186769385733442e+01
3.599999999999999867e-01 1.829400425135200070e+00 2.893153966752667117e+01
3.700000019999999945e-01 1.562797307445600081e+00 2.471309257447200025e+01
3.799999980000000055e-01 1.335138573896800018e+00 2.109081634591600007e+01
3.900000000000000133e-01 1.140980980234399977e+00 1.798061891573733462e+01
4.000000020000000212e-01 9.755261955960000675e-01 1.533939839232533409e+01
4.099999979999999766e-01 8.341930123599999858e-01 1.315987965600533371e+01
4.199999999999999845e-01 7.123286024480001144e-01 1.144720395786133338e+01
4.300000019999999368e-01 6.052489335095999623e-01 1.017840342235733431e+01
4.399999980000000033e-01 5.087605338056000459e-01 9.275242747269334842e+00
4.499999999999999556e-01 4.197440786200000717e-01 8.614506230152001010e+00
4.600000019999999634e-01 3.364704094536000167e-01 8.070090438703999780e+00
4.699999980000000299e-01 2.583422695111999845e-01 7.551217463781333628e+00
4.799999999999999822e-01 1.854460600663999925e-01 7.018856396960001298e+00
4.900000019999999901e-01 1.179651415719999985e-01 6.474973983924001253e+00
4.999999979999999455e-01 5.594658026239999332e-02 5.935816127649334639e+00
5.100000000000000089e-01 -7.511807160000001215e-04 5.409125397540000435e+00
5.200000019999999612e-01 -5.223592747920000751e-02 4.893780969729334629e+00
5.299999979999999722e-01 -9.862680026400000299e-02 4.391070075526666727e+00
5.400000000000000355e-01 -1.400573289200000016e-01 3.906182910448000811e+00
5.500000019999999878e-01 -1.767504583055999889e-01 3.444693108505333612e+00
5.599999979999999988e-01 -2.089511913271999699e-01 3.007854094985333404e+00
5.699999999999999512e-01 -2.369075404423999776e-01 2.590867492722667365e+00
5.800000019999999035e-01 -2.607685409863999548e-01 2.188490171628000081e+00
5.899999980000000255e-01 -2.806773439167999928e-01 1.804490546138667106e+00
5.999999999999999778e-01 -2.968583522159999877e-01 1.448213102581333622e+00
6.100000019999999301e-01 -3.096416056616000390e-01 1.126992621681333295e+00
6.199999980000000521e-01 -3.193982045520000201e-01 8.389247167880000688e-01
6.300000000000000044e-01 -3.264201000391999674e-01 5.756861329920001102e-01
6.400000019999999568e-01 -3.309119269608000735e-01 3.286403132799999849e-01
6.499999980000000788e-01 -3.329929063048000515e-01 9.650354299466668007e-02
6.600000000000000311e-01 -3.328419982112000297e-01 -1.142998529720000156e-01
6.700000019999999834e-01 -3.307069092872000349e-01 -2.963291794213333552e-01
6.799999979999998834e-01 -3.269154145111999865e-01 -4.488706612946666841e-01
6.899999999999999467e-01 -3.217294962984000306e-01 -5.772515375413334038e-01
7.000000019999998990e-01 -3.153703836487999901e-01 -6.883391133560000652e-01
7.099999979999999100e-01 -3.079627137384000068e-01 -7.861603855333334501e-01
7.199999999999999734e-01 -2.996471760775999971e-01 -8.704185787693333731e-01
7.300000019999999257e-01 -2.905543424280000453e-01 -9.399448815066668850e-01
7.399999979999999367e-01 -2.808482783079999656e-01 -9.964872392413334223e-01
7.500000000000000000e-01 -2.706245973224000179e-01 -1.042865932960000075e+00
7.600000019999999523e-01 -2.599909596488000352e-01 -1.080494898741333420e+00
7.699999979999999633e-01 -2.490146996544000124e-01 -1.111418059636000155e+00
7.800000000000000266e-01 -2.377625985816000098e-01 -1.138369850713333298e+00
7.900000019999999790e-01 -2.262473025704000440e-01 -1.161413649810666637e+00
7.999999979999999900e-01 -2.145343255296000007e-01 -1.176487140897333417e+00
8.100000000000000533e-01 -2.027175597664000462e-01 -1.180421996249333416e+00
8.200000020000000056e-01 -1.909258854512000114e-01 -1.174148519898666754e+00
8.299999979999999056e-01 -1.792345894800000394e-01 -1.159346663157333479e+00
8.399999999999999689e-01 -1.677389524112000152e-01 -1.135277280585333504e+00
8.500000019999999212e-01 -1.565290436312000155e-01 -1.101656814832000064e+00
8.599999979999999322e-01 -1.457058159472000014e-01 -1.060445462226666802e+00
8.699999999999999956e-01 -1.353201342471999913e-01 -1.014649198044000000e+00
8.800000019999999479e-01 -1.254128318608000170e-01 -9.670278207613334231e-01
8.899999979999999589e-01 -1.159795779295999946e-01 -9.196780875866666927e-01
8.999999999999999112e-01 -1.070192703880000207e-01 -8.726894880040000357e-01
9.100000019999999745e-01 -9.852578846240001020e-02 -8.253112701573335208e-01
9.199999979999999855e-01 -9.051304478959999733e-02 -7.771842641453333700e-01
9.299999999999999378e-01 -8.298210294239999341e-02 -7.274963799746667625e-01
9.400000020000000012e-01 -7.596311742720000815e-02 -6.743866588226667957e-01
9.499999980000000122e-01 -6.949436975200000421e-02 -6.179832858973334231e-01
9.599999999999999645e-01 -6.360345172320000517e-02 -5.617143295506668021e-01
9.700000020000000278e-01 -5.826008331440000326e-02 -5.094815071573334242e-01
9.799999979999999278e-01 -5.341382138479999764e-02 -4.627235010640000090e-01
9.899999999999998801e-01 -4.900561337679999740e-02 -4.212046788506667028e-01
1.000000001999999943e+00 -4.498972775199999719e-02 -3.838310514320000255e-01
1.009999997999999843e+00 -4.132899218079999493e-02 -3.491353639253333974e-01
1.020000000000000018e+00 -3.800702044560000381e-02 -3.161589866186667042e-01
1.030000001999999970e+00 -3.500581256000000197e-02 -2.855810838253333706e-01
1.039999997999999870e+00 -3.229539895040000469e-02 -2.590530782533333465e-01
1.050000000000000044e+00 -2.982475071599999944e-02 -2.378738927026666783e-01
1.060000001999999997e+00 -2.753792108239999648e-02 -2.219967451720000207e-01
1.069999997999999897e+00 -2.538481585440000021e-02 -2.100589159266667005e-01
1.080000000000000071e+00 -2.333674283360000212e-02 -2.003695529400000008e-01
1.090000002000000023e+00 -2.137742500479999919e-02 -1.908573509733333395e-01
1.099999997999999923e+00 -1.951959553520000307e-02 -1.818423121093333539e-01
1.110000000000000098e+00 -1.774057881840000045e-02 -1.801169867120000490e-01
1.120000002000000050e+00 -1.591725605200000268e-02 -1.949834283746666730e-01
1.129999997999999950e+00 -1.384091006959999905e-02 -2.276407784706666604e-01
1.139999999999999902e+00 -1.136444021760000221e-02 -2.665145595639999976e-01
1.150000001999999855e+00 -8.510618752800000464e-03 -2.912066105946666261e-01
1.159999997999999977e+00 -5.540308033600000251e-03 -2.793056409946667040e-01
1.169999999999999929e+00 -2.924505960800000311e-03 -2.219497421160000483e-01
1.180000001999999881e+00 -1.101313316800000110e-03 -1.355861105693333402e-01
1.189999998000000003e+00 -2.127840143999999787e-04 -5.744364642399999582e-02
1.199999999999999956e+00 4.755952800000000087e-05 5.374949101333334478e-03
