0.000000000000000000e+00 1.943715855727682650e+21 1.399560843816969875e+24
1.666666666666666644e-02 9.719765773476874158e+20 6.998231357227963211e+23
3.333333333333333287e-02 2.372989676921194560e+17 8.542762862276861952e+19
5.000000000000000278e-02 1.828945285936314500e+15 4.389468834676600960e+17
6.666666666666666574e-02 5.793429661380628125e+13 1.042817537177907800e+16
8.333333333333334259e-02 3.981210290248563477e+12 5.732946973032501250e+14
1.000000000000000056e-01 4.465179427222516479e+11 5.358226908717571875e+13
1.166666666666666824e-01 7.022222390217459106e+10 7.222896732561958008e+12
1.333333333333333315e-01 1.414377678418976784e+10 1.272955389436063232e+12
1.499999999999999944e-01 3.441313784104761600e+09 2.753118896258240356e+11
1.666666666666666852e-01 9.718864065487565994e+08 6.997906742351811218e+10
1.833333333333333481e-01 3.096507925481913686e+08 2.026971766513734818e+10
2.000000000000000111e-01 1.089834434061141312e+08 6.539912545816312790e+09
2.166666666666666741e-01 4.170048030433785170e+07 2.310082390296698093e+09
2.333333333333333648e-01 1.713230912787478417e+07 8.813981283264139891e+08
2.500000000000000000e-01 7.483444160656700842e+06 3.593953094037845731e+08
2.666666666666666630e-01 3.447779878323207144e+06 1.552710231103585362e+08
2.833333333333333814e-01 1.664543523075202480e+06 7.057742301107126474e+07
2.999999999999999889e-01 8.375547901933334069e+05 3.355521424400749058e+07
3.166666666666667074e-01 4.372330390868363320e+05 1.660514659016732313e+07
3.333333333333333703e-01 2.358900489588311175e+05 8.517402325077671558e+06
3.499999999999999778e-01 1.310855873876720725e+05 4.512386274481570348e+06
3.666666666666666963e-01 7.481546587668465509e+04 2.461520134524659254e+06
3.833333333333333592e-01 4.374375899899666547e+04 1.378903821744610090e+06
4.000000000000000222e-01 2.614281405328052642e+04 7.913620891723632812e+05
4.166666666666666852e-01 1.593772102485659707e+04 4.643248609652006999e+05
4.333333333333333481e-01 9.893447442851520464e+03 2.780140101564996294e+05
4.500000000000000666e-01 6.243011454969616352e+03 1.695835964777862828e+05
4.666666666666667296e-01 3.998497275484111924e+03 1.052243186128690577e+05
4.833333333333333370e-01 2.595541151234981498e+03 6.632286243036999076e+04
5.000000000000000000e-01 1.705254203727193044e+03 4.241039536025655980e+04
5.166666666666667185e-01 1.132400311147396224e+03 2.748078816038683362e+04
5.333333333333333259e-01 7.590771088972956022e+02 1.802398952686292978e+04
5.500000000000000444e-01 5.129379103095710661e+02 1.195305034611044175e+04
5.666666666666667629e-01 3.489243097201332944e+02 8.007025168184587528e+03
5.833333333333333703e-01 2.385812141306010972e+02 5.412492849309778649e+03
5.999999999999999778e-01 1.637044643383238736e+02 3.688328632658240622e+03
6.166666666666666963e-01 1.125061743258198277e+02 2.531254752742440814e+03
6.333333333333334147e-01 7.726649211959139052e+01 1.747712593555861986e+03
6.500000000000000222e-01 5.287608733896587410e+01 1.212720462041211476e+03
6.666666666666667407e-01 3.591994140617703835e+01 8.446883403092444951e+02
6.833333333333334592e-01 2.409447507746735440e+01 5.898018612252571984e+02
6.999999999999999556e-01 1.583252917836592566e+01 4.122216478899406980e+02
7.166666666666666741e-01 1.005949361786191076e+01 2.878614965181881757e+02
7.333333333333333925e-01 6.033117289798129335e+00 2.003954449728157954e+02
7.500000000000000000e-01 3.237280329046231309e+00 1.386687725362999970e+02
7.666666666666667185e-01 1.310915612919875128e+00 9.500285743606895039e+01
7.833333333333334370e-01 4.430107107902989762e-05 6.407497523796371297e+01
8.000000000000000444e-01 -8.748510149656201218e-01 4.217151269698091198e+01
8.166666666666666519e-01 -1.441188125755489935e+00 2.668595878608441296e+01
8.333333333333333703e-01 -1.789720841300190823e+00 1.577876558317399969e+01
8.500000000000000888e-01 -1.985265123048668645e+00 8.145152270909321146e+00
8.666666666666666963e-01 -2.074199455549337934e+00 2.855467038516049438e+00
8.833333333333334147e-01 -2.089740385429687208e+00 -7.553069880440056449e-01
9.000000000000001332e-01 -2.055673480566177158e+00 -3.164518710180183270e+00
9.166666666666667407e-01 -1.989005304381320727e+00 -4.715785147576517566e+00
9.333333333333334592e-01 -1.901857230609428129e+00 -5.657002894729110665e+00
9.500000000000001776e-01 -1.802823588063695359e+00 -6.167279720977722590e+00
9.666666666666666741e-01 -1.697949371895761006e+00 -6.376111386156708249e+00
9.833333333333332815e-01 -1.591436461582604878e+00 -6.377100308397635864e+00
1.000000000000000000e+00 -1.486155216795267187e+00 -6.237812048387539221e+00
1.016666666666666607e+00 -1.384015975706232915e+00 -6.006885120836746417e+00
1.033333333333333437e+00 -1.286239319916816060e+00 -5.719178154208711895e+00
1.050000000000000044e+00 -1.193552935909017121e+00 -5.399508350444540916e+00
1.066666666666666652e+00 -1.106335088006811018e+00 -5.065374609812681506e+00
1.083333333333333481e+00 -1.024719155787087388e+00 -4.728945987729188616e+00
1.100000000000000089e+00 -9.486697117852268546e-01 -4.398516647800607693e+00
1.116666666666666696e+00 -8.780377589827391693e-01 -4.079572111240389987e+00
1.133333333333333526e+00 -8.126006875589293355e-01 -3.775571452880380097e+00
1.150000000000000133e+00 -7.520910188735537849e-01 -3.488521364146075054e+00
1.166666666666666741e+00 -6.962169207607572519e-01 -3.219397356438881808e+00
1.183333333333333348e+00 -6.446766878467684592e-01 -2.968452479312540415e+00
1.199999999999999956e+00 -5.971688024364708580e-01 -2.735443134585308300e+00
1.216666666666666785e+00 -5.533987673406659535e-01 -2.519793719801416199e+00
1.233333333333333393e+00 -5.130835899971161185e-01 -2.320716108569903735e+00
1.250000000000000000e+00 -4.759545671782102194e-01 -2.137295783945668326e+00
1.266666666666666829e+00 -4.417588495992130215e-01 -1.968553363592675742e+00
1.283333333333333437e+00 -4.102601399355245149e-01 -1.813487989561991087e+00
1.300000000000000044e+00 -3.812387845172368617e-01 -1.671107382812992315e+00
1.316666666666666874e+00 -3.544914497963090882e-01 -1.540448124910026362e+00
1.333333333333333481e+00 -3.298305233350168342e-01 -1.420588811592823353e+00
1.350000000000000089e+00 -3.070833409473521791e-01 -1.310658041191882006e+00
1.366666666666666918e+00 -2.860913133429848765e-01 -1.209838693671054566e+00
1.383333333333333526e+00 -2.667090046627167976e-01 -1.117369578282662035e+00
1.399999999999999911e+00 -2.488031997896950620e-01 -1.032545246159804586e+00
1.416666666666666741e+00 -2.322519858847165719e-01 -9.547145540797272734e-01
1.433333333333333348e+00 -2.169438651930916950e-01 -8.832784089164513741e-01
1.449999999999999956e+00 -2.027769100332798557e-01 -8.176870054510981811e-01
1.466666666666666785e+00 -1.896579664273240484e-01 -7.574367831714933219e-01
1.483333333333333393e+00 -1.775019096386160622e-01 -7.020672629717868984e-01
1.500000000000000000e+00 -1.662309526207253196e-01 -6.511578766567379661e-01
1.516666666666666829e+00 -1.557740068099572328e-01 -6.043248666718236128e-01
1.533333333333333437e+00 -1.460660936326979853e-01 -5.612183073773541198e-01
1.550000000000000044e+00 -1.370478044107012461e-01 -5.215192801041663717e-01
1.566666666666666874e+00 -1.286648059316954640e-01 -4.849372203988377428e-01
1.583333333333333481e+00 -1.208673887331559726e-01 -4.512074459559878847e-01
1.600000000000000089e+00 -1.136100550672054649e-01 -4.200888667425937695e-01
1.616666666666666696e+00 -1.068511435323303976e-01 -3.913618739910578737e-01
1.633333333333333304e+00 -1.005524874418019937e-01 -3.648264015076765898e-01
1.650000000000000133e+00 -9.467910412643851248e-02 -3.403001506856154212e-01
1.666666666666666741e+00 -8.919891252390056702e-02 -3.176169694072657479e-01
1.683333333333333348e+00 -8.408247657592822499e-02 -2.966253744307905671e-01
1.700000000000000178e+00 -7.930277213013835202e-02 -2.771872067011884044e-01
1.716666666666666785e+00 -7.483497521810490716e-02 -2.591764091743845588e-01
1.733333333333333393e+00 -7.065626975226123319e-02 -2.424779170952283125e-01
1.750000000000000222e+00 -6.674567284792304322e-02 -2.269866511543319199e-01
1.766666666666666829e+00 -6.308387613170461650e-02 -2.126066045114838043e-01
1.783333333333333437e+00 -5.965310154281367599e-02 -1.992500152766221999e-01
1.800000000000000266e+00 -5.643697026872602357e-02 -1.868366166558126373e-01
1.816666666666666874e+00 -5.342038358151068866e-02 -1.752929575802557038e-01
1.833333333333333481e+00 0.000000000000000000e+00 -1.645517872281178351e-01
1.850000000000000311e+00 0.000000000000000000e+00 -1.545514974134694908e-01
1.866666666666666918e+00 0.000000000000000000e+00 -1.452356173486855084e-01
1.883333333333333526e+00 0.000000000000000000e+00 -1.365523557835644219e-01
1.900000000000000355e+00 0.000000000000000000e+00 -1.284541859851158208e-01
1.916666666666666963e+00 0.000000000000000000e+00 -1.208974694466207478e-01
1.933333333333333348e+00 0.000000000000000000e+00 -1.138421146041811022e-01
1.949999999999999956e+00 0.000000000000000000e+00 -1.072512671950787005e-01
1.966666666666666563e+00 0.000000000000000000e+00 -1.010910292167397501e-01
1.983333333333333393e+00 0.000000000000000000e+00 -9.533020373999555319e-02
2.000000000000000000e+00 0.000000000000000000e+00 -8.994006309780204489e-02
