0.000000000000000000e+00 8.132507140364624200e+20 9.759604284217004539e+23
1.000000000000000021e-02 4.066749999622723994e+20 4.880099999773633261e+23
2.000000000000000042e-02 9.928588808238278400e+16 5.957153302627731866e+19
2.999999999999999889e-02 7.652307076357540000e+14 3.060922934047816320e+17
4.000000000000000083e-02 2.423970970321654688e+13 7.271914292587278000e+15
5.000000000000000278e-02 1.665738385439999023e+12 3.997775022527997500e+14
5.999999999999999778e-02 1.868231072349900818e+11 3.736470231012386719e+13
7.000000000000000666e-02 2.938097848066984940e+10 5.036766654839872070e+12
8.000000000000000167e-02 5.917756206504999161e+09 8.876742249000814209e+11
8.999999999999999667e-02 1.439845687269432306e+09 1.919841576990746460e+11
1.000000000000000056e-01 4.066372724999997616e+08 4.879873634999996948e+10
1.100000000000000006e-01 1.295578916021632552e+08 1.413474978515577888e+10
1.199999999999999956e-01 4.559867272111815214e+07 4.560499015282575607e+09
1.300000000000000044e-01 1.744748095933495834e+07 1.610897453500230789e+09
1.400000000000000133e-01 7.168158139102809131e+06 6.146282948196194172e+08
1.499999999999999944e-01 3.131073036818763707e+06 2.506183290909057856e+08
1.600000000000000033e-01 1.442551101090429816e+06 1.082756601156233549e+08
1.700000000000000122e-01 6.964450100546646863e+05 4.921598964638703316e+07
1.799999999999999933e-01 3.504329242168907076e+05 2.339916939948789030e+07
1.900000000000000022e-01 1.829383035539323173e+05 1.157932222221001424e+07
2.000000000000000111e-01 9.869639648437494179e+04 5.939468554687496275e+06
2.099999999999999922e-01 5.484620976300199982e+04 3.146637362071814947e+06
2.200000000000000011e-01 3.130279092280485929e+04 1.716500040475195739e+06
2.300000000000000100e-01 1.830238876518020334e+04 9.615555983632414136e+05
2.399999999999999911e-01 1.093815339989257154e+04 5.518431635161946760e+05
2.500000000000000000e-01 6.668342476800000441e+03 3.237892030463999836e+05
2.600000000000000089e-01 4.139418410089076133e+03 1.938684364157990785e+05
2.700000000000000178e-01 2.612075992759287601e+03 1.182562946105096489e+05
2.800000000000000266e-01 1.672971260062552346e+03 7.337642484604069614e+04
2.899999999999999800e-01 1.085974417676716257e+03 4.624914273477800452e+04
2.999999999999999889e-01 7.134783588394575418e+02 2.957418236455224178e+04
3.099999999999999978e-01 4.737962901840705854e+02 1.916326961050975297e+04
3.200000000000000067e-01 3.175978623626284616e+02 1.256872869673241803e+04
3.300000000000000155e-01 2.146132216735245493e+02 8.335260441354348586e+03
3.400000000000000244e-01 1.459899311869037604e+02 5.583565550614052881e+03
3.500000000000000333e-01 9.982237999224349778e+01 3.774311680252018959e+03
3.599999999999999867e-01 6.849394787915470317e+01 2.571994499840346634e+03
3.699999999999999956e-01 4.707258333792301386e+01 1.765128314245728916e+03
3.800000000000000044e-01 3.232830030283703593e+01 1.218738248572954490e+03
3.900000000000000133e-01 2.212335494262332247e+01 8.456704021967382232e+02
4.000000000000000222e-01 1.502890348434447176e+01 5.890293359756465179e+02
4.100000000000000311e-01 1.008112837241234061e+01 4.112884978944126715e+02
4.199999999999999845e-01 6.624330208228303540e+00 2.874558957952519904e+02
4.299999999999999933e-01 4.208892129713423635e+00 2.007354169053498936e+02
4.400000000000000022e-01 2.524256274051537297e+00 1.397424236277102239e+02
4.500000000000000111e-01 1.354478089672943142e+00 9.669835738197986075e+01
4.600000000000000200e-01 5.484870924456757280e-01 6.624865925208541739e+01
4.700000000000000289e-01 1.853556813946610760e-05 4.468161606594003388e+01
4.799999999999999822e-01 -3.660376646616154694e-01 2.940760152069469058e+01
4.899999999999999911e-01 -6.029931118160969383e-01 1.860900859349619907e+01
5.000000000000000000e-01 -7.488191999999997961e-01 1.100305920000000270e+01
5.100000000000000089e-01 -8.306349274835629348e-01 5.679886183580766357e+00
5.200000000000000178e-01 -8.678450522018430480e-01 1.991212348191858439e+00
5.300000000000000266e-01 -8.743473772637810892e-01 -5.267007396626866012e-01
5.400000000000000355e-01 -8.600937842688884949e-01 -2.206724380565647792e+00
5.500000000000000444e-01 -8.321998193531445764e-01 -3.288474176243358471e+00
5.600000000000000533e-01 -7.957370652869847349e-01 -3.944816685257766409e+00
5.700000000000000622e-01 -7.543013892458501068e-01 -4.300649725428465686e+00
5.799999999999999600e-01 -7.104220172011863621e-01 -4.446275006613277903e+00
5.899999999999999689e-01 -6.658570155261618329e-01 -4.446964615055951420e+00
5.999999999999999778e-01 -6.218073427071397763e-01 -4.349834268408910631e+00
6.099999999999999867e-01 -5.790722842354878441e-01 -4.188801224263491108e+00
6.199999999999999956e-01 -5.381625314531958137e-01 -3.988173566201541842e+00
6.300000000000000044e-01 -4.993825483843327140e-01 -3.765257156376660141e+00
6.400000000000000133e-01 -4.628906008220496915e-01 -3.532254561242710089e+00
6.500000000000000222e-01 -4.287424947813173737e-01 -3.297651668776487632e+00
6.600000000000000311e-01 -3.969234074109388999e-01 -3.067232275732957092e+00
6.700000000000000400e-01 -3.673709983583780536e-01 -2.844821618904965099e+00
6.800000000000000488e-01 -3.399921276746560306e-01 -2.632831826475251713e+00
6.900000000000000577e-01 -3.146748822966948800e-01 -2.432662231264529851e+00
7.000000000000000666e-01 -2.912971596463008184e-01 -2.244993089890046978e+00
7.099999999999999645e-01 -2.697327261950879240e-01 -2.070000862240611639e+00
7.199999999999999734e-01 -2.498554269394194227e-01 -1.907515679184155211e+00
7.299999999999999822e-01 -2.315420442553346447e-01 -1.757136153941520895e+00
7.399999999999999911e-01 -2.146741740547933597e-01 -1.618312699709413049e+00
7.500000000000000000e-01 -1.991393909073631563e-01 -1.490407593338112680e+00
7.600000000000000089e-01 -1.848319026723107272e-01 -1.372737878878625972e+00
7.700000000000000178e-01 -1.716528425490234655e-01 -1.264605624721228505e+00
7.800000000000000266e-01 -1.595103074420118894e-01 -1.165318881614926694e+00
7.900000000000000355e-01 -1.483192225947757292e-01 -1.074205825770591760e+00
8.000000000000000444e-01 -1.380010909633710425e-01 -9.906239312840621203e-01
8.100000000000000533e-01 -1.284836698523721399e-01 -9.139655407244724472e-01
8.200000000000000622e-01 -1.197006055027048793e-01 -8.436608490532820914e-01
8.300000000000000711e-01 -1.115910475508807148e-01 -7.791790525891096886e-01
8.399999999999999689e-01 -1.040992587920084173e-01 -7.200282183221037302e-01
8.499999999999999778e-01 -9.717423089416540871e-02 -6.657542823782631736e-01
8.599999999999999867e-01 -9.076931319678956112e-02 -6.159394771510721123e-01
8.699999999999999956e-01 -8.484185915792429034e-02 -5.702004051345658242e-01
8.800000000000000044e-01 -7.935289315319238312e-02 -5.281859167982546621e-01
8.900000000000000133e-01 -7.426679899279696462e-02 -4.895749047123261199e-01
9.000000000000000222e-01 -6.955103057651147724e-02 -4.540740926552986334e-01
9.100000000000000311e-01 -6.517584444928610499e-02 -4.214158736924850102e-01
9.200000000000000400e-01 -6.111405357592084031e-02 -3.913562330111415855e-01
9.300000000000000488e-01 -5.734080136543740630e-02 -3.636727779926386961e-01
9.400000000000000577e-01 -5.383335480182138005e-02 -3.381628883581228595e-01
9.500000000000000666e-01 -5.057091544595245652e-02 -3.146419923133089158e-01
9.599999999999999645e-01 -4.753444704011876298e-02 -2.929419697418353952e-01
9.699999999999999734e-01 -4.470651845392703549e-02 -2.729096801297643538e-01
9.799999999999999822e-01 -4.207116074564995478e-02 -2.544056106513531423e-01
9.899999999999999911e-01 -3.961373716650187088e-02 -2.373026384114358400e-01
1.000000000000000000e+00 -3.732082499999999498e-02 -2.214848999999999846e-01
1.010000000000000009e+00 -3.518010819936837064e-02 -2.068467611030712916e-01
1.020000000000000018e+00 -3.318027985924988654e-02 -1.932918788062953919e-01
1.030000000000000027e+00 -3.131095363125509234e-02 -1.807323493309375140e-01
1.040000000000000036e+00 -2.956258326434609701e-02 -1.690879341877392084e-01
1.050000000000000044e+00 -2.792638951957100019e-02 -1.582853580716208075e-01
1.060000000000000053e+00 -2.639429377350521397e-02 -1.482576722126747182e-01
1.070000000000000062e+00 -2.495885768551324088e-02 -1.389436773195645569e-01
1.080000000000000071e+00 -2.361322836043496659e-02 -1.302874006813200258e-01
1.090000000000000080e+00 -2.235108849050407298e-02 -1.222376224192983224e-01
1.100000000000000089e+00 0.000000000000000000e+00 -1.147474462937408402e-01
1.110000000000000098e+00 0.000000000000000000e+00 -1.077739108629927334e-01
1.120000000000000107e+00 0.000000000000000000e+00 -1.012776371644833612e-01
1.130000000000000115e+00 0.000000000000000000e+00 -9.522250943307225546e-02
1.140000000000000124e+00 0.000000000000000000e+00 -8.957538569362076541e-02
1.150000000000000133e+00 0.000000000000000000e+00 -8.430583536077687623e-02
1.159999999999999920e+00 0.000000000000000000e+00 -7.938590125064895475e-02
1.169999999999999929e+00 0.000000000000000000e+00 -7.478988365736821686e-02
1.179999999999999938e+00 0.000000000000000000e+00 -7.049414437380652210e-02
1.189999999999999947e+00 0.000000000000000000e+00 -6.647692874135689711e-02
1.199999999999999956e+00 0.000000000000000000e+00 -6.271820400020063080e-02
