0.000000000000000000e+00 3.148277209684991017e+22 2.266897959922413529e+25
1.666666666666666644e-02 1.574330783892910585e+22 1.133518164419420722e+25
3.333333333333333287e-02 3.843581008303207936e+18 1.383689164280188895e+21
5.000000000000000278e-02 2.962381055423285600e+16 7.109714608577106944e+18
6.666666666666666574e-02 9.383741592874032500e+14 1.689073587579380160e+17
8.333333333333334259e-02 6.448455953193113281e+13 9.285778687828674000e+15
1.000000000000000056e-01 7.232365938621067383e+12 8.678845029565661250e+14
1.166666666666666824e-01 1.137412554614906738e+12 1.169912062778388438e+14
1.333333333333333315e-01 2.290935300155248413e+11 2.061849649987729688e+13
1.499999999999999944e-01 5.574156331463486481e+10 4.459359615340371094e+12
1.666666666666666852e-01 1.574284880497130966e+10 1.133501639196939941e+12
1.833333333333333481e-01 5.016043937368820190e+09 3.283313559610560913e+11
2.000000000000000111e-01 1.765563012812759638e+09 1.059383926596882324e+11
2.166666666666666741e-01 6.756388812720344067e+08 3.742263314460777283e+10
2.333333333333333648e-01 2.776286000343121886e+08 1.427960994611643600e+10
2.500000000000000000e-01 1.212988312914931923e+08 5.823311085618895531e+09
2.666666666666666630e-01 5.590410452720681578e+07 2.516300316849784851e+09
2.833333333333333814e-01 2.700245005971941352e+07 1.144035900948678255e+09
2.999999999999999889e-01 1.359549482361879386e+07 5.440897161446143389e+08
3.166666666666667074e-01 7.103242302036498673e+06 2.693603703587002754e+08
3.333333333333333703e-01 3.836408602712712716e+06 1.382398131273899674e+08
3.499999999999999778e-01 2.134897564379015006e+06 7.328823931873273849e+07
3.666666666666666963e-01 1.220634721876755124e+06 4.001429591629783064e+07
3.833333333333333592e-01 7.152919421474469127e+05 2.244028251539842412e+07
4.000000000000000222e-01 4.286811625671858201e+05 1.289646527484878339e+07
4.166666666666666852e-01 2.622486712045888999e+05 7.579836682279159315e+06
4.333333333333333481e-01 1.634881634681869764e+05 4.547939264813874848e+06
4.500000000000000666e-01 1.037043627199164766e+05 2.781247646734306123e+06
4.666666666666667296e-01 6.684273348934968817e+04 1.731060479974654503e+06
4.833333333333333370e-01 4.372418620545441809e+04 1.095145919734022580e+06
5.000000000000000000e-01 2.899413434327045616e+04 7.034153463261618745e+05
5.166666666666667185e-01 1.947015070457657566e+04 4.582163745527629508e+05
5.333333333333333259e-01 1.322763373434264759e+04 3.024312365655089961e+05
5.500000000000000444e-01 9.083623020326873302e+03 2.020656240169442608e+05
5.666666666666667629e-01 6.299890688976597630e+03 1.365557151091874111e+05
5.833333333333333703e-01 4.409147202652815395e+03 9.327090865200721601e+04
5.999999999999999778e-01 3.111630064465801752e+03 6.434137628824180865e+04
6.166666666666666963e-01 2.212616938506614133e+03 4.479707671671653225e+04
6.333333333333334147e-01 1.584116434559777645e+03 3.145915487398894766e+04
6.500000000000000222e-01 1.141058640770802867e+03 2.226988932517361900e+04
6.666666666666667407e-01 8.263053219359412651e+02 1.588211633963064196e+04
6.833333333333334592e-01 6.010970079854115511e+02 1.140436729604660286e+04
6.999999999999999556e-01 4.388943310039182393e+02 8.240710607573473681e+03
7.166666666666666741e-01 3.213639461234635064e+02 5.988928679047079640e+03
7.333333333333333925e-01 2.357349610842975096e+02 4.375063002149448039e+03
7.500000000000000000e-01 1.730407099422697286e+02 3.210893529731034050e+03
7.666666666666667185e-01 1.269383613884448323e+02 2.366039130700301939e+03
7.833333333333334370e-01 9.290936588593464762e+01 1.749476480943854312e+03
8.000000000000000444e-01 6.771325480168725619e+01 1.297186305097248578e+03
8.166666666666666519e-01 4.901148496276107380e+01 9.638236808484225548e+02
8.333333333333333703e-01 3.510638623326959618e+01 7.170550210325047829e+02
8.500000000000000888e-01 2.475865504870785827e+01 5.336775058908489200e+02
8.666666666666666963e-01 1.705886366128293119e+01 3.969397913395563364e+02
8.833333333333334147e-01 1.133639147496516308e+01 2.946787239814565851e+02
9.000000000000001332e-01 7.094466457469088105e+00 2.180145595620928987e+02
9.166666666666667407e-01 3.963547771226174632e+00 1.604312186097489246e+02
9.333333333333334592e-01 1.667676091699504148e+00 1.171238396384140685e+02
9.500000000000001776e-01 4.946008324805621203e-05 8.453313382030324874e+01
9.666666666666666741e-01 -1.194798475940446414e+00 6.001112354206085797e+01
9.833333333333332815e-01 -2.034068161755108406e+00 4.157985668567351212e+01
1.000000000000000000e+00 -2.606324857666379557e+00 2.775630551793195266e+01
1.016666666666666607e+00 -2.978627617027304275e+00 1.742464648828435969e+01
1.033333333333333437e+00 -3.201829215701699205e+00 9.742644551659322971e+00
1.050000000000000044e+00 -3.314532441592935363e+00 4.072714363090292444e+00
1.066666666666666652e+00 -3.346054810872653995e+00 -6.907331919649142837e-02
1.083333333333333481e+00 -3.318658326120194069e+00 -3.050872253656705890e+00
1.100000000000000089e+00 -3.249232206137725232e+00 -5.153314899388013792e+00
1.116666666666666696e+00 -3.150566843006965101e+00 -6.590668193454924939e+00
1.133333333333333526e+00 -3.032321142489487364e+00 -7.526732673873005375e+00
1.150000000000000133e+00 -2.901759046799627040e+00 -8.086832875728815040e+00
1.166666666666666741e+00 -2.764311708163244674e+00 -8.366889866503747442e+00
1.183333333333333348e+00 -2.624007542747418764e+00 -8.440307406197883111e+00
1.199999999999999956e+00 -2.483801862491836321e+00 -8.363213945810770156e+00
1.216666666666666785e+00 -2.345829960793865521e+00 -8.178463962760712747e+00
1.233333333333333393e+00 -2.211601696874886169e+00 -7.918700041859230154e+00
1.250000000000000000e+00 -2.082151260282646632e+00 -7.608701670273494422e+00
1.266666666666666829e+00 -1.958152520247740336e+00 -7.267190749275439288e+00
1.283333333333333437e+00 -1.840007895458583231e+00 -6.908222150166733577e+00
1.300000000000000044e+00 -1.727916813090324633e+00 -6.542256494472990624e+00
1.316666666666666874e+00 -1.621928410191406433e+00 -6.176988977765004663e+00
1.333333333333333481e+00 -1.521982053601063090e+00 -5.817990476286916568e+00
1.350000000000000089e+00 -1.427938433005430774e+00 -5.469203902343356738e+00
1.366666666666666918e+00 -1.339603353268337793e+00 -5.133328721453998433e+00
1.383333333333333526e+00 -1.256745870159942768e+00 -4.812118907315729111e+00
1.399999999999999911e+00 -1.179112043009624688e+00 -4.506613792153776110e+00
1.416666666666666741e+00 -1.106435292212243793e+00 -4.217316824724813173e+00
1.433333333333333348e+00 -1.038444128942727751e+00 -3.944333842941527557e+00
1.449999999999999956e+00 -9.748678537312667203e-01 -3.687479852845210626e+00
1.466666666666666785e+00 -9.154406881945706953e-01 -3.446361292280599731e+00
1.483333333333333393e+00 -8.599047014156961932e-01 -3.220439204026858793e+00
1.500000000000000000e+00 -8.080118124911215283e-01 -3.009077541688988333e+00
1.516666666666666829e+00 -7.595250884620821097e-01 -2.811579900610511551e+00
1.533333333333333437e+00 -7.142195082531598294e-01 -2.627217243167791594e+00
1.550000000000000044e+00 -6.718823252996718454e-01 -2.455248625496309511e+00
1.566666666666666874e+00 -6.323131318968506775e-01 -2.294936494567599183e+00
1.583333333333333481e+00 -5.953237051216546671e-01 -2.145557782630432619e+00
1.600000000000000089e+00 -5.607376960455585646e-01 -2.006411758842158832e+00
1.616666666666666696e+00 -5.283902097727255498e-01 -1.876825388855513976e+00
1.633333333333333304e+00 -4.981273127452554572e-01 -1.756156789368086946e+00
1.650000000000000133e+00 -4.698054950869274826e-01 -1.643797236250226002e+00
1.666666666666666741e+00 -4.432911089866156673e-01 -1.539172084130019380e+00
1.683333333333333348e+00 -4.184597988434545224e-01 -1.441740876231488278e+00
1.700000000000000178e+00 -3.951959347875805273e-01 -1.350996861159323936e+00
1.716666666666666785e+00 -3.733920580015094304e-01 -1.266466084550486926e+00
1.733333333333333393e+00 -3.529483438005447393e-01 -1.187706185215726684e+00
1.750000000000000222e+00 -3.337720865308200224e-01 -1.114304995337007442e+00
1.766666666666666829e+00 -3.157772088885338335e-01 -1.045879020716591112e+00
1.783333333333333437e+00 -2.988837971574584973e-01 -9.820718586126563343e-01
1.800000000000000266e+00 -2.830176630281260319e-01 -9.225525962616855091e-01
1.816666666666666874e+00 -2.681099320415014642e-01 -8.670142219263914374e-01
1.833333333333333481e+00 0.000000000000000000e+00 -8.151720715474618517e-01
1.850000000000000311e+00 0.000000000000000000e+00 -7.667623272874226625e-01
1.866666666666666918e+00 0.000000000000000000e+00 -7.215405790167327416e-01
1.883333333333333526e+00 0.000000000000000000e+00 -6.792804557749821948e-01
1.900000000000000355e+00 0.000000000000000000e+00 -6.397723311822735015e-01
1.916666666666666963e+00 0.000000000000000000e+00 -6.028221044708027554e-01
1.933333333333333348e+00 0.000000000000000000e+00 -5.682500570908318727e-01
1.949999999999999956e+00 0.000000000000000000e+00 -5.358897835894164130e-01
1.966666666666666563e+00 0.000000000000000000e+00 -5.055871945622959496e-01
1.983333333333333393e+00 0.000000000000000000e+00 -4.771995888585107704e-01
2.000000000000000000e+00 0.000000000000000000e+00 -4.505947918100052241e-01
