0.000000000000000000e+00 2.097593914465639137e+20 2.517266348678605523e+23
1.000000000000000021e-02 1.048924999834062193e+20 1.258709999900437229e+23
2.000000000000000042e-02 2.560852024853514800e+16 1.536511222690429338e+19
2.999999999999999889e-02 1.973737214538515000e+14 7.894949313400974400e+16
4.000000000000000083e-02 6.252076150894163086e+12 1.875623452949523500e+15
5.000000000000000278e-02 4.296386179999997559e+11 1.031133957599999375e+14
5.999999999999999778e-02 4.818659360988127899e+10 9.637354288141380859e+12
7.000000000000000666e-02 7.578091996698691368e+09 1.299113574681012695e+12
8.000000000000000167e-02 1.526323467958718061e+09 2.289532677037640991e+11
8.999999999999999667e-02 3.713622969740708470e+08 4.951705453441923523e+10
1.000000000000000056e-01 1.048759062499999404e+08 1.258610437499999237e+10
1.100000000000000006e-01 3.341261630740677565e+07 3.645523601132202148e+09
1.199999999999999956e-01 1.175883469869470224e+07 1.176161330534497499e+09
1.300000000000000044e-01 4.498756210527348332e+06 4.154284731372241974e+08
1.400000000000000133e-01 1.847950730026733130e+06 1.584902263333840072e+08
1.499999999999999944e-01 8.069860661860869732e+05 6.461715689982523769e+07
1.600000000000000033e-01 3.716639549793397891e+05 2.791188654498454928e+07
1.700000000000000122e-01 1.793477154446459317e+05 1.268410223143897578e+07
1.799999999999999933e-01 9.018437028340401594e+04 6.028553887720056809e+06
1.900000000000000022e-01 4.703886984870773449e+04 2.982014333414506167e+06
2.000000000000000111e-01 2.534924316406248545e+04 1.528732910156249069e+06
2.099999999999999922e-01 1.406630569701210698e+04 8.093168039979861351e+05
2.200000000000000011e-01 8.013308528556272904e+03 4.410810643176275771e+05
2.300000000000000100e-01 4.674322837914251068e+03 2.468018719963375479e+05
2.399999999999999911e-01 2.785334536318524442e+03 1.414375132614496979e+05
2.500000000000000000e-01 1.691836129280000023e+03 8.283936620544000471e+04
2.600000000000000089e-01 1.045452369302277248e+03 4.949125006821648276e+04
2.700000000000000178e-01 6.560110630591258314e+02 3.010785545151649421e+04
2.800000000000000266e-01 4.172631844044430522e+02 1.862059441827999035e+04
2.899999999999999800e-01 2.685646700691265778e+02 1.169019888214113416e+04
2.999999999999999889e-01 1.746113985371848401e+02 7.439702855067642304e+03
3.099999999999999978e-01 1.144721924777538362e+02 4.793061106565397495e+03
3.200000000000000067e-01 7.552560712942299403e+01 3.121975279338217661e+03
3.300000000000000155e-01 5.004060679148693680e+01 2.053272078284520376e+03
3.400000000000000244e-01 3.321225057408726400e+01 1.361755627287396010e+03
3.500000000000000333e-01 2.201359147998793020e+01 9.094977260045727689e+02
3.599999999999999867e-01 1.451371538120222482e+01 6.108415712467528920e+02
3.699999999999999956e-01 9.466494263572268864e+00 4.118992732488651427e+02
3.800000000000000044e-01 6.059051666001548320e+00 2.783567781148256586e+02
3.900000000000000133e-01 3.755855847019536675e+00 1.881158188621585623e+02
4.000000000000000222e-01 2.200871706008908468e+00 1.267942786216734987e+02
4.100000000000000311e-01 1.155426638514480242e+00 8.493947804726587947e+01
4.199999999999999845e-01 4.583180432076079391e-01 5.628157487407843718e+01
4.299999999999999933e-01 -6.551848181546304772e-05 3.662645821094642429e+01
4.400000000000000022e-01 -2.946961540705881344e-01 2.314649008794702922e+01
4.500000000000000111e-01 -4.771124992058515257e-01 1.392153817310762065e+01
4.600000000000000200e-01 -5.828907363392001884e-01 7.639144656186289239e+00
4.700000000000000289e-01 -6.366654627880941053e-01 3.396894044849101846e+00
4.799999999999999822e-01 -6.555291275392238770e-01 5.710409171716399612e-01
4.899999999999999911e-01 -6.513496055556295961e-01 -1.271514321802257541e+00
5.000000000000000000e-01 -6.323603200000000868e-01 -2.432647679999998758e+00
5.100000000000000089e-01 -6.042576522426492680e-01 -3.123408195336031312e+00
5.200000000000000178e-01 -5.709623498148913567e-01 -3.491661615050401402e+00
5.300000000000000266e-01 -5.351503356099100994e-01 -3.641123516296797646e+00
5.400000000000000355e-01 -4.986243155615961431e-01 -3.644538748592612620e+00
5.500000000000000444e-01 -4.625748711578954731e-01 -3.552855584712867110e+00
5.600000000000000533e-01 -4.277644458932873817e-01 -3.401642583174215417e+00
5.700000000000000622e-01 -3.946572872910592555e-01 -3.215596430964831498e+00
5.799999999999999600e-01 -3.635113518898129281e-01 -3.011720992994794344e+00
5.899999999999999689e-01 -3.344433417029800126e-01 -2.801576835239463215e+00
5.999999999999999778e-01 -3.074747019630355016e-01 -2.592877526915029041e+00
6.099999999999999867e-01 -2.825640936121900926e-01 -2.390624958090529883e+00
6.199999999999999956e-01 -2.596302385731528162e-01 -2.197918092791178335e+00
6.300000000000000044e-01 -2.385679037222278032e-01 -2.016529593333472814e+00
6.400000000000000133e-01 -2.192589924657445122e-01 -1.847316952601030238e+00
6.500000000000000222e-01 -2.015801493260180599e-01 -1.690515346476798575e+00
6.600000000000000311e-01 -1.854078829924365179e-01 -1.545945781300733124e+00
6.700000000000000400e-01 -1.706219284065075836e-01 -1.413162493976265033e+00
6.800000000000000488e-01 -1.571073648698535219e-01 -1.291556751640168699e+00
6.900000000000000577e-01 -1.447558612716435267e-01 -1.180429355714016637e+00
7.000000000000000666e-01 -1.334663147237153402e-01 -1.079040700135447395e+00
7.099999999999999645e-01 -1.231450734455321883e-01 -9.866447600403766005e-01
7.199999999999999734e-01 -1.137058803466902274e-01 -9.025116109343266357e-01
7.299999999999999822e-01 -1.050696344972458229e-01 -8.259417994161657450e-01
7.399999999999999911e-01 -9.716403933060613340e-02 -7.562749634014495070e-01
7.500000000000000000e-01 -8.992318596179069146e-02 -6.928944321787742222e-01
7.600000000000000089e-01 -8.328710524803654980e-02 -6.352290530196731400e-01
7.700000000000000178e-01 -7.720131159881375715e-02 -5.827531403227149687e-01
7.800000000000000266e-01 -7.161635392310990167e-02 -5.349851887207733858e-01
7.900000000000000355e-01 -6.648738366066932193e-02 -4.914858068108630129e-01
8.000000000000000444e-01 -6.177374598337335987e-02 -4.518551941146141115e-01
8.100000000000000533e-01 -5.743859753864345025e-02 -4.157303867433957412e-01
8.200000000000000622e-01 -5.344855222220229463e-02 -3.827824270092627379e-01
8.300000000000000711e-01 -4.977335518208169524e-02 -3.527135616058457157e-01
8.399999999999999689e-01 -4.638558440120109372e-02 -3.252545366722617293e-01
8.499999999999999778e-01 -4.326037865949228928e-02 -3.001620321716773621e-01
8.599999999999999867e-01 -4.037519034902677106e-02 -2.772162597304471676e-01
8.699999999999999956e-01 -3.770956144185693554e-02 -2.562187353199233408e-01
8.800000000000000044e-01 -3.524492084308593343e-02 -2.369902294024546496e-01
8.900000000000000133e-01 -3.296440136684405942e-02 -2.193688912934358415e-01
9.000000000000000222e-01 -3.085267462575112113e-02 -2.032085406980593256e-01
9.100000000000000311e-01 -2.889580220745243885e-02 -1.883771170687688623e-01
9.200000000000000400e-01 -2.708110161241654781e-02 -1.747552761620212725e-01
9.300000000000000488e-01 -2.539702553659296466e-02 -1.622351226335794205e-01
9.400000000000000577e-01 -2.383305319468219385e-02 -1.507190674697426180e-01
9.500000000000000666e-01 -2.237959249057016806e-02 -1.401187993410382415e-01
9.599999999999999645e-01 -2.102789194824865662e-02 -1.303543594652001036e-01
9.699999999999999734e-01 -1.976996141762060732e-02 -1.213533101923884305e-01
9.799999999999999822e-01 -1.859850066403621535e-02 -1.130499882174005738e-01
9.899999999999999911e-01 -1.750683503778539471e-02 -1.053848340392932459e-01
1.000000000000000000e+00 -1.648885750000000233e-02 -9.830379000000000200e-02
1.010000000000000009e+00 -1.553897635463836677e-02 -9.175775992144895310e-02
1.020000000000000018e+00 -1.465206810273242573e-02 -8.570212401360426113e-02
1.030000000000000027e+00 -1.382343489526124784e-02 -8.009630333695982873e-02
1.040000000000000036e+00 -1.304876611531152752e-02 -7.490336866897184809e-02
1.050000000000000044e+00 -1.232410366905284729e-02 -7.008968914380946102e-02
1.060000000000000053e+00 -1.164581060895187974e-02 -6.562461650933704149e-02
1.070000000000000062e+00 -1.101054275202059327e-02 -6.148020127618280400e-02
1.080000000000000071e+00 -1.041522299116274218e-02 -5.763093742352202314e-02
1.090000000000000080e+00 -9.857018029249049740e-03 -5.405353267759326064e-02
1.100000000000000089e+00 0.000000000000000000e+00 -5.072670169492634468e-02
1.110000000000000098e+00 0.000000000000000000e+00 -4.763097976576528142e-02
1.120000000000000107e+00 0.000000000000000000e+00 -4.474855490712114497e-02
1.130000000000000115e+00 0.000000000000000000e+00 -4.206311644206623540e-02
1.140000000000000124e+00 0.000000000000000000e+00 -3.955971836488820365e-02
1.150000000000000133e+00 0.000000000000000000e+00 -3.722465597298506984e-02
1.159999999999999920e+00 0.000000000000000000e+00 -3.504535440812857339e-02
1.169999999999999929e+00 0.000000000000000000e+00 -3.301026789399116868e-02
1.179999999999999938e+00 0.000000000000000000e+00 -3.110878858547266868e-02
1.189999999999999947e+00 0.000000000000000000e+00 -2.933116406004600968e-02
1.199999999999999956e+00 0.000000000000000000e+00 -2.766842258358067144e-02
