0.000000000000000000e+00 5.013369776447512248e+20 3.609846580323048049e+23
1.666666666666666644e-02 2.506990917385426043e+20 1.805033460660282725e+23
3.333333333333333287e-02 6.120583233397501600e+16 2.203409975177479782e+19
5.000000000000000278e-02 4.717345159030867500e+14 1.132162903451382560e+17
6.666666666666666574e-02 1.494282062833213086e+13 2.689708584535645500e+15
8.333333333333334259e-02 1.026860941682599854e+12 1.478681583556404375e+14
1.000000000000000056e-01 1.151687227769629059e+11 1.382029773634041211e+13
1.166666666666666824e-01 1.811207456189935684e+10 1.862973577458431152e+12
1.333333333333333315e-01 3.648000640436706543e+09 3.283268657319752808e+11
1.499999999999999944e-01 8.875771916206282377e+08 7.100916042220730591e+10
1.666666666666666852e-01 2.506594317638621926e+08 1.804890684751432800e+10
1.833333333333333481e-01 7.985806956837183237e+07 5.227806311375050545e+09
2.000000000000000111e-01 2.810428943282672763e+07 1.686655827726334810e+09
2.166666666666666741e-01 1.075228539800991490e+07 5.957387282082564831e+08
2.333333333333333648e-01 4.416708245761790313e+06 2.272804392926156819e+08
2.500000000000000000e-01 1.928742988016460324e+06 9.266322691179527342e+07
2.666666666666666630e-01 8.882981715567394858e+05 4.002660594405049831e+07
2.833333333333333814e-01 4.286513275445648469e+05 1.818943914642300457e+07
2.999999999999999889e-01 2.155458180769694445e+05 8.645153758680770174e+06
3.166666666666667074e-01 1.124255971527431539e+05 4.276311185584855266e+06
3.333333333333333703e-01 6.058614522959485475e+04 2.192255607298636343e+06
3.499999999999999778e-01 3.361927747851842287e+04 1.160588151048737345e+06
3.666666666666666963e-01 1.915226703765839557e+04 6.325254268417221028e+05
3.833333333333333592e-01 1.117189970820805684e+04 3.539223785798339522e+05
4.000000000000000222e-01 6.657109312424771815e+03 2.028262618472031900e+05
4.166666666666666852e-01 4.043585395028680978e+03 1.187945022066539241e+05
4.333333333333333481e-01 2.498691131219592080e+03 7.097215592956474575e+04
4.500000000000000666e-01 1.567904070409000497e+03 4.317570093429707777e+04
4.666666666666667296e-01 9.972829455173113047e+02 2.670257325757168655e+04
4.833333333333333370e-01 6.418849667044133867e+02 1.676414753653126172e+04
5.000000000000000000e-01 4.173312584540746570e+02 1.066878994512568170e+04
5.166666666666667185e-01 2.735951063043829663e+02 6.873414588764910150e+03
5.333333333333333259e-01 1.805105332921199590e+02 4.477019999050980914e+03
5.500000000000000444e-01 1.195999206297488939e+02 2.944462827367859063e+03
5.666666666666667629e-01 7.937918397248390079e+01 1.952804436836609966e+03
5.833333333333333703e-01 5.261374636708396224e+01 1.304251041115544012e+03
5.999999999999999778e-01 3.468861228776822259e+01 8.759678363959170611e+02
6.166666666666666963e-01 2.262546430108094953e+01 5.906777341044911509e+02
6.333333333333334147e-01 1.448148103728859581e+01 3.991731999734593614e+02
6.500000000000000222e-01 8.976710915438664173e+00 2.697645585977417113e+02
6.666666666666667407e-01 5.260209622392229001e+00 1.818273594001053937e+02
6.833333333333334592e-01 2.761535942912237918e+00 1.218061348670160697e+02
6.999999999999999556e-01 1.095406413020095560e+00 8.070971540259813537e+01
7.166666666666666741e-01 -1.565929297692711440e-04 5.252360164093655470e+01
7.333333333333333925e-01 -7.043407124058034263e-01 3.319286341483799418e+01
7.500000000000000000e-01 -1.140326240931767598e+00 1.996396487539333719e+01
7.666666666666667185e-01 -1.393142295265774822e+00 1.095479635208358893e+01
7.833333333333334370e-01 -1.521666976070970678e+00 4.871262970624906430e+00
8.000000000000000444e-01 -1.566752216871950099e+00 8.188923286400190404e-01
8.166666666666666519e-01 -1.556762919588024818e+00 -1.823395298951612009e+00
8.333333333333333703e-01 -1.511377437858508754e+00 -3.488500497131929112e+00
8.500000000000000888e-01 -1.444210449910729555e+00 -4.479074849908266209e+00
8.666666666666666963e-01 -1.364632767244004175e+00 -5.007162927892545135e+00
8.833333333333334147e-01 -1.279039999067662858e+00 -5.221496438284126462e+00
9.000000000000001332e-01 -1.191740715969398012e+00 -5.226393998937781227e+00
9.166666666666667407e-01 -1.105580475998794165e+00 -5.094917186490727445e+00
9.333333333333334592e-01 -1.022381562842465064e+00 -4.878072538012736992e+00
9.500000000000001776e-01 -9.432535547109447416e-01 -4.611275952626431085e+00
9.666666666666666741e-01 -8.688129825282335794e-01 -4.318911557831922821e+00
9.833333333333332815e-01 -7.993387708006214343e-01 -4.017557603115864850e+00
1.000000000000000000e+00 -7.348821748638515450e-01 -3.718275612210844461e+00
1.016666666666666607e+00 -6.753443919985423483e-01 -3.428238467625042585e+00
1.033333333333333437e+00 -6.205311629377457949e-01 -3.151890190427119709e+00
1.050000000000000044e+00 -5.701909744795119472e-01 -2.891772839388345062e+00
1.066666666666666652e+00 -5.240415689907851338e-01 -2.649116088816009018e+00
1.083333333333333481e+00 -4.817881198040584456e-01 -2.424257189020265546e+00
1.100000000000000089e+00 -4.431354756033377695e-01 -2.216939456932217389e+00
1.116666666666666696e+00 -4.077961960002571273e-01 -2.026523652929634434e+00
1.133333333333333526e+00 -3.754956139336843579e-01 -1.852136833135997085e+00
1.150000000000000133e+00 -3.459748118347120704e-01 -1.692776322725645155e+00
1.166666666666666741e+00 -3.189921480012317123e-01 -1.547381501150259187e+00
1.183333333333333348e+00 -2.943237893057652488e-01 -1.414882543078933796e+00
1.199999999999999956e+00 -2.717635763544221650e-01 -1.294232711664904389e+00
1.216666666666666785e+00 -2.511224533872988274e-01 -1.184428966657981475e+00
1.233333333333333393e+00 -2.322276274632077697e-01 -1.084524326101504954e+00
1.250000000000000000e+00 -2.149215725664213594e-01 -9.936344629714735088e-01
1.266666666666666829e+00 -1.990609590058234901e-01 -9.109403245980015607e-01
1.283333333333333437e+00 -1.845155630946791470e-01 -8.356880597362068563e-01
1.300000000000000044e+00 -1.711671938888859879e-01 -7.671871731177438702e-01
1.316666666666666874e+00 -1.589086607568578335e-01 -7.048075623482739083e-01
1.333333333333333481e+00 -1.476427963273741761e-01 -6.479758997819513588e-01
1.350000000000000089e+00 -1.372815428743868471e-01 -5.961716827104145411e-01
1.366666666666666918e+00 -1.277451056936001195e-01 -5.489231744874704111e-01
1.383333333333333526e+00 -1.189611739533501383e-01 -5.058033866240617682e-01
1.399999999999999911e+00 -1.108642074598496507e-01 -4.664261998168189316e-01
1.416666666666666741e+00 -1.033947864710618725e-01 -4.304426847586195204e-01
1.433333333333333348e+00 -9.649902091067584509e-02 -3.975376573572377836e-01
1.449999999999999956e+00 -9.012801491839611545e-02 -3.674264846844024768e-01
1.466666666666666785e+00 -8.423738251215567852e-02 -3.398521454146098963e-01
1.483333333333333393e+00 -7.878681015020090606e-02 -3.145825400957492635e-01
1.500000000000000000e+00 -7.373966210743575223e-02 -2.914080411540047599e-01
1.516666666666666829e+00 -6.906262477880602269e-02 -2.701392692190757727e-01
1.533333333333333437e+00 -6.472538626294585540e-02 -2.506050805382714075e-01
1.550000000000000044e+00 -6.070034784080536455e-02 -2.326507494745402582e-01
1.566666666666666874e+00 -5.696236423203201310e-02 -2.161363300235314699e-01
1.583333333333333481e+00 -5.348850977669734191e-02 -2.009351806993856238e-01
1.600000000000000089e+00 -5.025786794514497391e-02 -1.869326378564054869e-01
1.616666666666666696e+00 -4.725134182031694163e-02 -1.740248234116468784e-01
1.633333333333333304e+00 -4.445148342264870073e-02 -1.621175739255266424e-01
1.650000000000000133e+00 -4.184233995646605142e-02 -1.511254790238430734e-01
1.666666666666666741e+00 -3.940931524856597368e-02 -1.409710181644359406e-01
1.683333333333333348e+00 -3.713904482466148793e-02 -1.315837857382154974e-01
1.700000000000000178e+00 -3.501928322832797980e-02 -1.228997954305988405e-01
1.716666666666666785e+00 -3.303880233093032387e-02 -1.148608556457358931e-01
1.733333333333333393e+00 -3.118729951078281007e-02 -1.074140086075122125e-01
1.750000000000000222e+00 -2.945531469658902238e-02 -1.005110264968586825e-01
1.766666666666666829e+00 -2.783415537512399715e-02 -9.410795866539728438e-02
1.783333333333333437e+00 -2.631582875721939080e-02 -8.816472458343614649e-02
1.800000000000000266e+00 -2.489298038040808556e-02 -8.264474773927632523e-02
1.816666666666666874e+00 -2.355883850202927787e-02 -7.751462621069779568e-02
1.833333333333333481e+00 0.000000000000000000e+00 -7.274383608259035738e-02
1.850000000000000311e+00 0.000000000000000000e+00 -6.830446429125039409e-02
1.866666666666666918e+00 0.000000000000000000e+00 -6.417096784003988030e-02
1.883333333333333526e+00 0.000000000000000000e+00 -6.031995665688274361e-02
1.900000000000000355e+00 0.000000000000000000e+00 -5.672999765519340376e-02
1.916666666666666963e+00 0.000000000000000000e+00 -5.338143781976826402e-02
1.933333333333333348e+00 0.000000000000000000e+00 -5.025624437112127807e-02
1.949999999999999956e+00 0.000000000000000000e+00 -4.733786026862978058e-02
1.966666666666666563e+00 0.000000000000000000e+00 -4.461107349733173938e-02
1.983333333333333393e+00 0.000000000000000000e+00 -4.206189874767592152e-02
2.000000000000000000e+00 0.000000000000000000e+00 -3.967747024414054052e-02
