0.000000000000000000e+00 1.857873180860694856e+20 2.229583908515727393e+23
1.000000000000000021e-02 9.290499998530273280e+19 1.114859999911816064e+23
2.000000000000000042e-02 2.268188453598046400e+16 1.360913079048163533e+19
2.999999999999999889e-02 1.748171279327428750e+14 6.992685520526449600e+16
4.000000000000000083e-02 5.537565934661864258e+12 1.661270318627929250e+15
5.000000000000000278e-02 3.805379393759998169e+11 9.132921832511993750e+13
5.999999999999999778e-02 4.267965278320967102e+10 8.535962057949375977e+12
7.000000000000000666e-02 6.712039822172219276e+09 1.150646105906415527e+12
8.000000000000000167e-02 1.351889618732034922e+09 2.027876477267592468e+11
8.999999999999999667e-02 3.289216504627599716e+08 4.385806375962201691e+10
1.000000000000000056e-01 9.289030274999995530e+07 1.114771816499999237e+10
1.100000000000000006e-01 2.959409990491221845e+07 3.228899783143250465e+09
1.199999999999999956e-01 1.041499193347690441e+07 1.041745297312078714e+09
1.300000000000000044e-01 3.984621855975898914e+06 3.679517830393570065e+08
1.400000000000000133e-01 1.636760150062574074e+06 1.403773819900139272e+08
1.499999999999999944e-01 7.147607450384900440e+05 5.723247134519169480e+07
1.600000000000000033e-01 3.291888399635353708e+05 2.472201391096859053e+07
1.700000000000000122e-01 1.588512044340608700e+05 1.123451661430971324e+07
1.799999999999999933e-01 7.987777244328925735e+04 5.339588719557967968e+06
1.900000000000000022e-01 4.166309734377039422e+04 2.641218857990682125e+06
2.000000000000000111e-01 2.245224023437498909e+04 1.354023749999999069e+06
2.099999999999999922e-01 1.245875786731940025e+04 7.168251434174557216e+05
2.200000000000000011e-01 7.097519139013134009e+03 3.906727262480813079e+05
2.300000000000000100e-01 4.140124774295770294e+03 2.185964665226370853e+05
2.399999999999999911e-01 2.467016830651284181e+03 1.252735287543477170e+05
2.500000000000000000e-01 1.498487316480000118e+03 7.337218965503999789e+04
2.600000000000000089e-01 9.259745752482411945e+02 4.383521617766094278e+04
2.700000000000000178e-01 5.810399821784192227e+02 2.666702523476321949e+04
2.800000000000000266e-01 3.695770343326139482e+02 1.649256920862237166e+04
2.899999999999999800e-01 2.378722906458022237e+02 1.035420369836438476e+04
2.999999999999999889e-01 1.546563113308910147e+02 6.589469188489412772e+03
3.099999999999999978e-01 1.013900087297532053e+02 4.245294783182214815e+03
3.200000000000000067e-01 6.689436155804527573e+01 2.765186321734835019e+03
3.300000000000000155e-01 4.432186408624225038e+01 1.818618089692581862e+03
3.400000000000000244e-01 2.941670082590177770e+01 1.206130397895829446e+03
3.500000000000000333e-01 1.949785472296982647e+01 8.055579690102912309e+02
3.599999999999999867e-01 1.285508308915461662e+01 5.410331603052859464e+02
3.699999999999999956e-01 8.384669596004648895e+00 3.648265777714292426e+02
3.800000000000000044e-01 5.366635978375953187e+00 2.465456959036895341e+02
3.900000000000000133e-01 3.326652785087334863e+00 1.666177129526673468e+02
4.000000000000000222e-01 1.949373722076414683e+00 1.123041486740111452e+02
4.100000000000000311e-01 1.023402414102039248e+00 7.523260714639596358e+01
4.199999999999999845e-01 4.059589633969418188e-01 4.984978399262494264e+01
4.299999999999999933e-01 -4.136854826342073466e-05 3.244088459341719499e+01
4.400000000000000022e-01 -2.610026802733644846e-01 2.050142215803715118e+01
4.500000000000000111e-01 -4.225736467617258185e-01 1.233070280445313571e+01
4.600000000000000200e-01 -5.162647257338379703e-01 6.766260166226388151e+00
4.700000000000000289e-01 -5.638952248566245773e-01 3.008809263457226990e+00
4.799999999999999822e-01 -5.806042402937381386e-01 5.058879128401869707e-01
4.899999999999999911e-01 -5.769033715800020445e-01 -1.126107816869973632e+00
5.000000000000000000e-01 -5.600851199999999919e-01 -2.154554879999999173e+00
5.100000000000000089e-01 -5.351948834740177796e-01 -2.766383218241542430e+00
5.200000000000000178e-01 -5.057053487518901047e-01 -3.092560235231395005e+00
5.300000000000000266e-01 -4.739866383806256023e-01 -3.224948755140236045e+00
5.400000000000000355e-01 -4.416354501695575197e-01 -3.227980280242462641e+00
5.500000000000000444e-01 -4.097063114779209148e-01 -3.146780694250227661e+00
5.600000000000000533e-01 -3.788745393329617794e-01 -3.012853788638866881e+00
5.700000000000000622e-01 -3.495513324559880175e-01 -2.848073937718059057e+00
5.799999999999999600e-01 -3.219651732184249937e-01 -2.667501838785170776e+00
5.899999999999999689e-01 -2.962194316674942041e-01 -2.481376954849704219e+00
5.999999999999999778e-01 -2.723331066207255735e-01 -2.296531388244414718e+00
6.099999999999999867e-01 -2.502695871981189257e-01 -2.117395452174235082e+00
6.199999999999999956e-01 -2.299568873485000886e-01 -1.946713998341722540e+00
6.300000000000000044e-01 -2.113018031962280996e-01 -1.786057144006132580e+00
6.400000000000000133e-01 -1.941997370989494986e-01 -1.636184419760477793e+00
6.500000000000000222e-01 -1.785414332099855561e-01 -1.497304154707046031e+00
6.600000000000000311e-01 -1.642175150957107255e-01 -1.369257836881172974e+00
6.700000000000000400e-01 -1.511214636290647562e-01 -1.251650668613459860e+00
6.800000000000000488e-01 -1.391514930660609217e-01 -1.143943504158411839e+00
6.900000000000000577e-01 -1.282116539925517440e-01 -1.045517068188605236e+00
7.000000000000000666e-01 -1.182123989979621814e-01 -9.557162935819387695e-01
7.099999999999999645e-01 -1.090707801086972240e-01 -8.738804260830081994e-01
7.199999999999999734e-01 -1.007103988357774815e-01 -7.993629701785929242e-01
7.299999999999999822e-01 -9.306119492019082617e-02 -7.315444177162586659e-01
7.399999999999999911e-01 -8.605913475327445217e-02 -6.698398831744456494e-01
7.500000000000000000e-01 -7.964584232590259105e-02 -6.137031781746610237e-01
7.600000000000000089e-01 -7.376820249071665281e-02 -5.626284294814922760e-01
7.700000000000000178e-01 -6.837795691536432963e-02 -5.161500340792612995e-01
7.800000000000000266e-01 -6.343130635622100388e-02 -4.738415194528343699e-01
7.900000000000000355e-01 -5.888852806269875839e-02 -4.353137135460968254e-01
8.000000000000000444e-01 -5.471361370291558807e-02 -4.002125101396812323e-01
8.100000000000000533e-01 -5.087393079737263790e-02 -3.682164293559165302e-01
8.200000000000000622e-01 -4.733990897809463999e-02 -3.390341107922791308e-01
8.300000000000000711e-01 -4.408475125213380530e-02 -3.124018319520068254e-01
8.399999999999999689e-01 -4.108416969142197200e-02 -2.880811124790346178e-01
8.499999999999999778e-01 -3.831614448703654641e-02 -2.658564417806054125e-01
8.599999999999999867e-01 -3.576070501584671657e-02 -2.455331514248132174e-01
8.699999999999999956e-01 -3.339973141361123055e-02 -2.269354423950715738e-01
8.800000000000000044e-01 -3.121677508907444096e-02 -2.099045695240137066e-01
8.900000000000000133e-01 -2.919689661817611789e-02 -1.942971802303875284e-01
9.000000000000000222e-01 -2.732651950434087512e-02 -1.799838013227286759e-01
9.100000000000000311e-01 -2.559329836433140923e-02 -1.668474655851781008e-01
9.200000000000000400e-01 -2.398600018824972868e-02 -1.547824687382064190e-01
9.300000000000000488e-01 -2.249439741917415303e-02 -1.436932468892236914e-01
9.400000000000000577e-01 -2.110917169725408729e-02 -1.334933645509765177e-01
9.500000000000000666e-01 -1.982182721121962185e-02 -1.241046035616795162e-01
9.599999999999999645e-01 -1.862461269482892923e-02 -1.154561436839269262e-01
9.699999999999999734e-01 -1.751045119530058453e-02 -1.074838262139787975e-01
9.799999999999999822e-01 -1.647287682442974410e-02 -1.001294925457319324e-01
9.899999999999999911e-01 -1.550597778047992266e-02 -9.334039026754965829e-02
1.000000000000000000e+00 -1.460434499999999948e-02 -8.706864000000000270e-02
1.010000000000000009e+00 -1.376302586356662958e-02 -8.127075679184181389e-02
1.020000000000000018e+00 -1.297748243835859620e-02 -7.590722046988931937e-02
1.030000000000000027e+00 -1.224355379377451043e-02 -7.094208987964183144e-02
1.040000000000000036e+00 -1.155742197439614885e-02 -6.634265645483602980e-02
1.050000000000000044e+00 -1.091558125788188657e-02 -6.207913301454914823e-02
1.060000000000000053e+00 -1.031481036425391240e-02 -5.812437410677805116e-02
1.070000000000000062e+00 -9.752147317913975599e-03 -5.445362459910680492e-02
1.080000000000000071e+00 -9.224866694960703536e-03 -5.104429356229830267e-02
1.090000000000000080e+00 -8.730459016339795278e-03 -4.787575080387544008e-02
1.100000000000000089e+00 0.000000000000000000e+00 -4.492914368860425472e-02
1.110000000000000098e+00 0.000000000000000000e+00 -4.218723213389363735e-02
1.120000000000000107e+00 0.000000000000000000e+00 -3.963423989305281392e-02
1.130000000000000115e+00 0.000000000000000000e+00 -3.725572044055976834e-02
1.140000000000000124e+00 0.000000000000000000e+00 -3.503843595329861338e-02
1.150000000000000133e+00 0.000000000000000000e+00 -3.297024804226920958e-02
1.159999999999999920e+00 0.000000000000000000e+00 -3.104001903253269384e-02
1.169999999999999929e+00 0.000000000000000000e+00 -2.923752271693558571e-02
1.179999999999999938e+00 0.000000000000000000e+00 -2.755336362309310227e-02
1.189999999999999947e+00 0.000000000000000000e+00 -2.597890393468883091e-02
1.199999999999999956e+00 0.000000000000000000e+00 -2.450619729870123081e-02
