0.000000000000000000e+00 6.445914768935793459e+20 4.641341936318318002e+23
1.666666666666666644e-02 3.223350859910742016e+20 2.320812619319300231e+23
3.333333333333333287e-02 7.869508856900913600e+16 2.833023202825457254e+19
5.000000000000000278e-02 6.065302618161946250e+14 1.455672712294141120e+17
6.666666666666666574e-02 1.921265585328606641e+13 3.458279173992148500e+15
8.333333333333334259e-02 1.320281249024855713e+12 1.901207348246270000e+14
1.000000000000000056e-01 1.480776013706848450e+11 1.776937773891476562e+13
1.166666666666666824e-01 2.328750804451263809e+10 2.395308831564524414e+12
1.333333333333333315e-01 4.690398333209563255e+09 4.221446031189911499e+11
1.499999999999999944e-01 1.141197877249741316e+09 9.129966809830148315e+10
1.666666666666666852e-01 3.222840953632885218e+08 2.320629053059271622e+10
1.833333333333333481e-01 1.026771091334764361e+08 6.721625493026109695e+09
2.000000000000000111e-01 3.613494829503735900e+07 2.168609197956793785e+09
2.166666666666666741e-01 1.382469684017242678e+07 7.659680603807555437e+08
2.333333333333333648e-01 5.678760494765963405e+06 2.922246791310201883e+08
2.500000000000000000e-01 2.479871690967223607e+06 1.191412783167701960e+08
2.666666666666666630e-01 1.142124988043663558e+06 5.146400829110947996e+07
2.833333333333333814e-01 5.511363530192815233e+05 2.338698089013797790e+07
2.999999999999999889e-01 2.771370009502748144e+05 1.111546377490293607e+07
3.166666666666667074e-01 1.445506836285337340e+05 5.498246221976427361e+06
3.333333333333333703e-01 7.789836000985893770e+04 2.818682088760753162e+06
3.499999999999999778e-01 4.322583867336047842e+04 1.492220726726240013e+06
3.666666666666666963e-01 2.462494772369233033e+04 8.132666465141541557e+05
3.833333333333333592e-01 1.436422680001561457e+04 4.550541133625340299e+05
4.000000000000000222e-01 8.559354921991647643e+03 2.607829933984383242e+05
4.166666666666666852e-01 5.199027542638622435e+03 1.527395458398470364e+05
4.333333333333333481e-01 3.212685872968612784e+03 9.125217851686773065e+04
4.500000000000000666e-01 2.015929828120658385e+03 5.551300681214696669e+04
4.666666666666667296e-01 1.282255606513115936e+03 3.433275108867987001e+04
4.833333333333333370e-01 8.253036758578102763e+02 2.155445908598745882e+04
5.000000000000000000e-01 5.365842703407325871e+02 1.371737522523586449e+04
5.166666666666667185e-01 3.517757556078739185e+02 8.837483909389922701e+03
5.333333333333333259e-01 2.320923502047611748e+02 5.756326544799541807e+03
5.500000000000000444e-01 1.537765273931511842e+02 3.785844905113011009e+03
5.666666666666667629e-01 1.020626673067071124e+02 2.510821998141531822e+03
5.833333333333333703e-01 6.764893664298300280e+01 1.676945261370725575e+03
5.999999999999999778e-01 4.460161858902731780e+01 1.126280316248847384e+03
6.166666666666666963e-01 2.909134909733594299e+01 7.594684235331825448e+02
6.333333333333334147e-01 1.862014959769538791e+01 5.132411589102184735e+02
6.500000000000000222e-01 1.154232425388514649e+01 3.468536168285839381e+02
6.666666666666667407e-01 6.763772116564419790e+00 2.337879637687200045e+02
6.833333333333334592e-01 3.551048417985123162e+00 1.566152868424054247e+02
6.999999999999999556e-01 1.408774608849996612e+00 1.037752047646200566e+02
7.166666666666666741e-01 1.124480407662238027e-04 6.753458153076614678e+01
7.333333333333333925e-01 -9.053291432049893617e-01 4.267979237714069285e+01
7.500000000000000000e-01 -1.465929807418699493e+00 2.567047760505943543e+01
7.666666666666667185e-01 -1.791016279838125724e+00 1.408671234786089599e+01
7.833333333333334370e-01 -1.956291581598169405e+00 6.264611155975924106e+00
8.000000000000000444e-01 -2.014281538208389843e+00 1.054103010380877503e+00
8.166666666666666519e-01 -2.001456722620294837e+00 -2.343368389008192221e+00
8.333333333333333703e-01 -1.943118929254302074e+00 -4.484407801147224149e+00
8.500000000000000888e-01 -1.856773536866207053e+00 -5.758152063461217551e+00
8.666666666666666963e-01 -1.754469332210539356e+00 -6.437239761749327549e+00
8.833333333333334147e-01 -1.644429700039204079e+00 -6.712904690878697345e+00
9.000000000000001332e-01 -1.532194584001672188e+00 -6.719276258594534923e+00
9.166666666666667407e-01 -1.421422832272251746e+00 -6.550294899056093634e+00
9.333333333333334592e-01 -1.314457594571691867e+00 -6.271543572620146278e+00
9.500000000000001776e-01 -1.212725639343685824e+00 -5.928559395732336590e+00
9.666666666666666741e-01 -1.117019782090925784e+00 -5.552695227030452152e+00
9.833333333333332815e-01 -1.027698745914277012e+00 -5.165267381488235721e+00
1.000000000000000000e+00 -9.448285154334103986e-01 -4.780498926933093529e+00
1.016666666666666607e+00 -8.682821270868572583e-01 -4.407613010353418126e+00
1.033333333333333437e+00 -7.978098745703977590e-01 -4.052324059169735371e+00
1.050000000000000044e+00 -7.330884291729442559e-01 -3.717900979223641045e+00
1.066666666666666652e+00 -6.737549255060463205e-01 -3.405925215127273642e+00
1.083333333333333481e+00 -6.194303314906698388e-01 -3.116830723540481074e+00
1.100000000000000089e+00 -5.697351924066004214e-01 -2.850287765254651884e+00
1.116666666666666696e+00 -5.242999633448660601e-01 -2.605474689570295155e+00
1.133333333333333526e+00 -4.827715187964628507e-01 -2.381269326782637918e+00
1.150000000000000133e+00 -4.448169797780513468e-01 -2.176382676663691562e+00
1.166666666666666741e+00 -4.101256768156376076e-01 -1.989451210410033921e+00
1.183333333333333348e+00 -3.784098352582035973e-01 -1.819099542794395230e+00
1.199999999999999956e+00 -3.494044022366378233e-01 -1.663981956207776891e+00
1.216666666666666785e+00 -3.228663139431317552e-01 -1.522808900078805205e+00
1.233333333333333393e+00 -2.985734147987529896e-01 -1.394362887094733772e+00
1.250000000000000000e+00 -2.763231771960332206e-01 -1.277506976685629514e+00
1.266666666666666829e+00 -2.559313251576267878e-01 -1.171188144534501152e+00
1.283333333333333437e+00 -2.372304326162268107e-01 -1.074437190171264378e+00
1.300000000000000044e+00 -2.200685436063651579e-01 -9.863663653573394585e-01
1.316666666666666874e+00 -2.043078449373853522e-01 -9.061655652825365559e-01
1.333333333333333481e+00 -1.898234100530660495e-01 -8.330976774263409990e-01
1.350000000000000089e+00 -1.765020244418959994e-01 -7.664935038352559404e-01
1.366666666666666918e+00 -1.642410971704463540e-01 -7.057465430687562824e-01
1.383333333333333526e+00 -1.529476591618207926e-01 -6.503078247355446040e-01
1.399999999999999911e+00 -1.425374462148456534e-01 -5.996809225889215833e-01
1.416666666666666741e+00 -1.329340630805340984e-01 -5.534172244277446584e-01
1.433333333333333348e+00 -1.240682239057221553e-01 -5.111115033325006607e-01
1.449999999999999956e+00 -1.158770638197137715e-01 -4.723978112306035371e-01
1.466666666666666785e+00 -1.083035162331584395e-01 -4.369456996310649433e-01
1.483333333333333393e+00 -1.012957504341489012e-01 -4.044567615451923337e-01
1.500000000000000000e+00 -9.480666422900824175e-02 -3.746614816152016858e-01
1.516666666666666829e+00 -8.879342663024676618e-02 -3.473163772078535216e-01
1.533333333333333437e+00 -8.321706590325247954e-02 -3.222014108928026310e-01
1.550000000000000044e+00 -7.804209861944416682e-02 -2.991176537303337213e-01
1.566666666666666874e+00 -7.323619570822006986e-02 -2.778851787156300657e-01
1.583333333333333481e+00 -6.876988184048463126e-02 -2.583411642594384827e-01
1.600000000000000089e+00 -6.461626480460568034e-02 -2.403381885071462776e-01
1.616666666666666696e+00 -6.075079184623682210e-02 -2.237426964524855677e-01
1.633333333333333304e+00 -5.715103023365042390e-02 -2.084336230773917442e-01
1.650000000000000133e+00 -5.379646957872457474e-02 -1.943011570689121281e-01
1.666666666666666741e+00 -5.066834369024856427e-02 -1.812456309751433736e-01
1.683333333333333348e+00 -4.774946996119858178e-02 -1.691765249304288676e-01
1.700000000000000178e+00 -4.502410449600021541e-02 -1.580115722837842074e-01
1.716666666666666785e+00 -4.247781136872656044e-02 -1.476759565911718308e-01
1.733333333333333393e+00 -4.009734457002431945e-02 -1.381015904756757173e-01
1.750000000000000222e+00 -3.787054135072086963e-02 -1.292264678181296866e-01
1.766666666666666829e+00 -3.578622580495091632e-02 -1.209940816156371418e-01
1.783333333333333437e+00 -3.383412165662137011e-02 -1.133529006399335154e-01
1.800000000000000266e+00 -3.200477332140965608e-02 -1.062558987461600241e-01
1.816666666666666874e+00 -3.028947441348834105e-02 -9.966013133046966455e-02
1.833333333333333481e+00 0.000000000000000000e+00 -9.352635401741840604e-02
1.850000000000000311e+00 0.000000000000000000e+00 -8.781867918078901936e-02
1.866666666666666918e+00 0.000000000000000000e+00 -8.250426636970470406e-02
1.883333333333333526e+00 0.000000000000000000e+00 -7.755304313073405065e-02
1.900000000000000355e+00 0.000000000000000000e+00 -7.293745309097340868e-02
1.916666666666666963e+00 0.000000000000000000e+00 -6.863222850128618269e-02
1.933333333333333348e+00 0.000000000000000000e+00 -6.461418473709183707e-02
1.949999999999999956e+00 0.000000000000000000e+00 -6.086203452008417947e-02
1.966666666666666563e+00 0.000000000000000000e+00 -5.735621986143493722e-02
1.983333333333333393e+00 0.000000000000000000e+00 -5.407875993848143548e-02
2.000000000000000000e+00 0.000000000000000000e+00 -5.101311330539627653e-02
