0.000000000000000000e+00 1.161758166396958015e+21 1.394194899837922046e+24
1.000000000000000021e-02 5.809499999461048320e+20 6.971399999676628504e+23
2.000000000000000042e-02 1.418334952516405760e+17 8.510009740361716531e+19
2.999999999999999889e-02 1.093159844104134375e+15 4.372639524276618880e+17
4.000000000000000083e-02 3.462730522430418750e+13 1.038819354098510400e+16
5.000000000000000278e-02 2.379567750719998535e+12 5.710966740863996250e+14
5.999999999999999778e-02 2.668835904569193726e+11 5.337683360707317188e+13
7.000000000000000666e-02 4.197179430430231476e+10 7.195204003589654297e+12
8.000000000000000167e-02 8.453729558810588837e+09 1.268074853304773193e+12
8.999999999999999667e-02 2.056871831556420088e+09 2.742563384042444458e+11
1.000000000000000056e-01 5.808961049999996424e+08 6.971076629999995422e+10
1.100000000000000006e-01 1.850781512263715565e+08 2.019200316955654526e+10
1.199999999999999956e-01 6.513935927066897601e+07 6.514838393389555931e+09
1.300000000000000044e-01 2.492435992383855581e+07 2.301225489672495365e+09
1.400000000000000133e-01 1.023997412304619327e+07 8.780188310432567596e+08
1.499999999999999944e-01 4.472851501634238288e+06 3.580173810360888839e+08
1.600000000000000033e-01 2.060736619368980639e+06 1.546757111650549173e+08
1.700000000000000122e-01 9.948969824338441249e+05 7.030682792520129681e+07
1.799999999999999933e-01 5.006061561656183330e+05 3.342656298959650844e+07
1.900000000000000022e-01 2.613340095712854527e+05 1.654148219877020456e+07
2.000000000000000111e-01 1.409913867187499127e+05 8.484746484374994412e+06
2.099999999999999922e-01 7.834980279466371576e+04 4.495085730588699691e+06
2.200000000000000011e-01 4.471717405062888429e+04 2.452082642446340062e+06
2.300000000000000100e-01 2.614562743430607588e+04 1.373617095396534307e+06
2.399999999999999911e-01 1.562554973245069596e+04 7.883280047683117446e+05
2.500000000000000000e-01 9.525969715200000792e+03 4.625446404095999897e+05
2.600000000000000089e-01 5.913309796030336656e+03 2.769481066534279380e+05
2.700000000000000178e-01 3.731445641858607814e+03 1.689334155359244032e+05
2.800000000000000266e-01 2.389900388984090569e+03 1.048208910849014646e+05
2.899999999999999800e-01 1.551354050675576900e+03 6.606858285522671940e+04
2.999999999999999889e-01 1.019229876881912105e+03 4.224779589832176134e+04
3.099999999999999978e-01 6.768353159308617251e+02 2.737542852688052517e+04
3.200000000000000067e-01 4.537001715254616556e+02 1.795488699768421066e+04
3.300000000000000155e-01 3.065828576931600082e+02 1.190722356844682872e+04
3.400000000000000244e-01 2.085519830600344733e+02 7.976327254972256014e+03
3.500000000000000333e-01 1.425999496013201338e+02 5.391742207698894163e+03
3.599999999999999867e-01 9.784613835354659273e+01 3.674188298414729161e+03
3.699999999999999956e-01 6.724493430823014251e+01 2.521550524656214748e+03
3.800000000000000044e-01 4.618218481608678871e+01 1.741012370463337220e+03
3.900000000000000133e-01 3.160404497447598260e+01 1.208071319329106245e+03
4.000000000000000222e-01 2.146935939788816938e+01 8.414501667022699394e+02
4.100000000000000311e-01 1.440127957180592233e+01 5.875408673893939522e+02
4.199999999999999845e-01 9.463114983937916946e+00 4.106414507189957703e+02
4.299999999999999933e-01 6.012571529830150752e+00 2.867580578104056030e+02
4.400000000000000022e-01 3.606005951860822734e+00 1.996273189516119260e+02
4.500000000000000111e-01 1.934933556628071649e+00 1.381372795483966343e+02
4.600000000000000200e-01 7.835446226174536122e-01 9.463875678329492303e+01
4.700000000000000289e-01 3.605981637111455029e-05 6.382943282627415016e+01
4.799999999999999822e-01 -5.228896471942201529e-01 4.200993183402785291e+01
4.899999999999999911e-01 -8.613900876859839073e-01 2.658373565699469765e+01
5.000000000000000000e-01 -1.069708799999999904e+00 1.571834880000000112e+01
5.100000000000000089e-01 -1.186586277136535861e+00 8.113992645577830842e+00
5.200000000000000178e-01 -1.239742936524781847e+00 2.844579395318231008e+00
5.300000000000000266e-01 -1.249032308077607345e+00 -7.523583761597834041e-01
5.400000000000000355e-01 -1.228671027417603145e+00 -3.152339602442793876e+00
5.500000000000000444e-01 -1.188823920199878259e+00 -4.697664032114875710e+00
5.600000000000000533e-01 -1.136735934724337760e+00 -5.635277954937505385e+00
5.700000000000000622e-01 -1.077543904753762716e+00 -6.143602550651484862e+00
5.799999999999999600e-01 -1.014860927335706986e+00 -6.351637184401962344e+00
5.899999999999999689e-01 -9.511984691705819284e-01 -6.352625480176762096e+00
5.999999999999999778e-01 -8.882721473903030240e-01 -6.213874017764906554e+00
6.099999999999999867e-01 -8.272237740582503163e-01 -5.983834887225481403e+00
6.199999999999999956e-01 -7.687828935001690400e-01 -5.697233116066172443e+00
6.300000000000000044e-01 -7.133844463920302470e-01 -5.378790797080574393e+00
6.400000000000000133e-01 -6.612545235559850187e-01 -5.045939773866923161e+00
6.500000000000000222e-01 -6.124728479831587080e-01 -4.710802474840611431e+00
6.600000000000000311e-01 -5.670182464933941624e-01 -4.381641288764040354e+00
6.700000000000000400e-01 -5.248016651979725555e-01 -4.063920726809490347e+00
6.800000000000000488e-01 -4.856900516666437517e-01 -3.761086620170710049e+00
6.900000000000000577e-01 -4.495235352221608194e-01 -3.475137982532086056e+00
7.000000000000000666e-01 -4.161276889467237505e-01 -3.207046598935543003e+00
7.099999999999999645e-01 -3.853221845820632985e-01 -2.957064560649480978e+00
7.199999999999999734e-01 -3.569268059343890243e-01 -2.724949213777507318e+00
7.299999999999999822e-01 -3.307655328671165185e-01 -2.510127171702980942e+00
7.399999999999999911e-01 -3.066692214707437136e-01 -2.311813337531533286e+00
7.500000000000000000e-01 -2.844772684922691752e-01 -2.129096707398939969e+00
7.600000000000000089e-01 -2.640385465101791063e-01 -1.961001659884680448e+00
7.700000000000000178e-01 -2.452118211470760145e-01 -1.806531179550906696e+00
7.800000000000000266e-01 -2.278658058823828103e-01 -1.664696796334743212e+00
7.900000000000000355e-01 -2.118789686828824737e-01 -1.534538789570509154e+00
8.000000000000000444e-01 -1.971391739789395692e-01 -1.415139291202648808e+00
8.100000000000000533e-01 -1.835432207317312658e-01 -1.305630243636452636e+00
8.200000000000000622e-01 -1.709963204326146180e-01 -1.205197662428877603e+00
8.300000000000000711e-01 -1.594115463475564709e-01 -1.113083277673149185e+00
8.399999999999999689e-01 -1.487092760524062196e-01 -1.028584347349791095e+00
8.499999999999999778e-01 -1.388166424695276013e-01 -9.510522266312746442e-01
8.599999999999999867e-01 -1.296670035951054956e-01 -8.798901210125077421e-01
8.699999999999999956e-01 -1.211994374382007050e-01 -8.145503347374893899e-01
8.800000000000000044e-01 -1.133582660327448199e-01 -7.545312392892158382e-01
8.900000000000000133e-01 -1.060926104743144943e-01 -6.993741222371222532e-01
9.000000000000000222e-01 -9.935597758164277371e-02 -6.486600289142367970e-01
9.100000000000000311e-01 -9.310587784379607823e-02 -6.020066740487316492e-01
9.200000000000000400e-01 -8.730347367941844461e-02 -5.590654744715886082e-01
9.300000000000000488e-01 -8.191325662328310941e-02 -5.195187350146118765e-01
9.400000000000000577e-01 -7.690275180688080359e-02 -4.830770059363706515e-01
9.500000000000000666e-01 -7.224224796855503727e-02 -4.494766203412454697e-01
9.599999999999999645e-01 -6.790455118094883280e-02 -4.184774130908965883e-01
9.699999999999999734e-01 -6.386476049412009859e-02 -3.898606178977723768e-01
9.799999999999999822e-01 -6.010006374300723431e-02 -3.634269360725502218e-01
9.899999999999999911e-01 -5.658955184428171581e-02 -3.389947683477336215e-01
1.000000000000000000e+00 -5.331405000000000172e-02 -3.163985999999999743e-01
1.010000000000000009e+00 -5.025596432660767859e-02 -2.954875289060784893e-01
1.020000000000000018e+00 -4.739914253257065252e-02 -2.761239260130382012e-01
1.030000000000000027e+00 -4.472874737256743449e-02 -2.581822178514717736e-01
1.040000000000000036e+00 -4.223114170827266256e-02 -2.415477810710718876e-01
1.050000000000000044e+00 -3.989378410364077809e-02 -2.261159394602887396e-01
1.060000000000000053e+00 -3.770513397522629734e-02 -2.117910544723937694e-01
1.070000000000000062e+00 -3.565456540487002557e-02 -1.984857008812100365e-01
1.080000000000000071e+00 -3.373228880277952951e-02 -1.861199198038563374e-01
1.090000000000000080e+00 -3.192927968360634999e-02 -1.746205419360955802e-01
1.100000000000000089e+00 0.000000000000000000e+00 -1.639205744353672001e-01
1.110000000000000098e+00 0.000000000000000000e+00 -1.539586454489114964e-01
1.120000000000000107e+00 0.000000000000000000e+00 -1.446785008144202411e-01
1.130000000000000115e+00 0.000000000000000000e+00 -1.360285479556429811e-01
1.140000000000000124e+00 0.000000000000000000e+00 -1.279614424543031037e-01
1.150000000000000133e+00 0.000000000000000000e+00 -1.204337132027030605e-01
1.159999999999999920e+00 0.000000000000000000e+00 -1.134054224295149155e-01
1.169999999999999929e+00 0.000000000000000000e+00 -1.068398572459898499e-01
1.179999999999999938e+00 0.000000000000000000e+00 -1.007032496830504303e-01
1.189999999999999947e+00 0.000000000000000000e+00 -9.496452248349335212e-02
1.199999999999999956e+00 0.000000000000000000e+00 -8.959505817997530375e-02
