0.000000000000000000e+00 4.647082659484311224e+20 5.576839595689575805e+23
1.000000000000000021e-02 2.323824999784416870e+20 2.788589999870649628e+23
2.000000000000000042e-02 5.673400845221483200e+16 3.404040517238319514e+19
2.999999999999999889e-02 4.372686418323687500e+14 1.749074626474193600e+17
4.000000000000000083e-02 1.385107110127258008e+13 4.155322119868468000e+15
5.000000000000000278e-02 9.518373402719995117e+11 2.284411272326398438e+14
5.999999999999999778e-02 1.067545846615543823e+11 2.135096313912242969e+13
7.000000000000000666e-02 1.678889833863548279e+10 2.878112564517640137e+12
8.000000000000000167e-02 3.381528202358632565e+09 5.072353982185943604e+11
8.999999999999999667e-02 8.227575839175525904e+08 1.097037155657236633e+11
1.000000000000000056e-01 2.323609417499998808e+08 2.788460650499998093e+10
1.100000000000000006e-01 7.403205692647440732e+07 8.076888159439167023e+09
1.199999999999999956e-01 2.605602401618005708e+07 2.605963392333293915e+09
1.300000000000000044e-01 9.969851222697414458e+06 9.205000985513691902e+08
1.400000000000000133e-01 4.096033712461095303e+06 3.512113106896376014e+08
1.499999999999999944e-01 1.789159847072394565e+06 1.432084930058464408e+08
1.600000000000000033e-01 8.243035146306281677e+05 6.187095004104319960e+07
1.700000000000000122e-01 3.979630735612811404e+05 2.812303369476705045e+07
1.799999999999999933e-01 2.002446161914867989e+05 1.337076902253118902e+07
1.900000000000000022e-01 1.045347280420223105e+05 6.616664050275799818e+06
2.000000000000000111e-01 5.639716113281247090e+04 3.393935097656247672e+06
2.099999999999999922e-01 3.134025806954983273e+04 1.798053629900411004e+06
2.200000000000000011e-01 1.788706189209271542e+04 9.808436046692255186e+05
2.300000000000000100e-01 1.045836336401391782e+04 5.494527460550306132e+05
2.399999999999999911e-01 6.250287039774549157e+03 3.153345919519187883e+05
2.500000000000000000e-01 3.810428805120000106e+03 1.850198448537600052e+05
2.600000000000000089e-01 2.365349306629094826e+03 1.107804331009710731e+05
2.700000000000000178e-01 1.492594267608008749e+03 6.757409214821041678e+04
2.800000000000000266e-01 9.559704025370583622e+02 4.192880670561300212e+04
2.899999999999999800e-01 6.205482658211838043e+02 2.642771682612051154e+04
2.999999999999999889e-01 4.076963120082946261e+02 1.689929966826045711e+04
3.099999999999999978e-01 2.707370186304615345e+02 1.095028882117555804e+04
3.200000000000000067e-01 1.814820041838860050e+02 7.182031748662052451e+03
3.300000000000000155e-01 1.226344483993421477e+02 4.762940413239123700e+03
3.400000000000000244e-01 8.342167898523371150e+01 3.190565020022271256e+03
3.500000000000000333e-01 5.704058365835791022e+01 2.156719916795255813e+03
3.599999999999999867e-01 3.913886809933666200e+01 1.469690992103400731e+03
3.699999999999999956e-01 2.689825605383254015e+01 1.008630946609080638e+03
3.800000000000000044e-01 1.847306665932878644e+01 6.964123454974894685e+02
3.900000000000000133e-01 1.264174885491292599e+01 4.832336473982335292e+02
4.000000000000000222e-01 8.587831735610956585e+00 3.365836215019223800e+02
4.100000000000000311e-01 5.760569996759417499e+00 2.350188196362168185e+02
4.199999999999999845e-01 3.785283423443106532e+00 1.642583003605870431e+02
4.299999999999999933e-01 2.405051626640139606e+00 1.147044172336787398e+02
4.400000000000000022e-01 1.442415407681569395e+00 7.985175267104024499e+01
4.500000000000000111e-01 7.739795726595519731e-01 5.525547724388421500e+01
4.600000000000000200e-01 3.134193132003457727e-01 3.785588508926271345e+01
4.700000000000000289e-01 1.274735071832289179e-05 2.553202640239668852e+01
4.799999999999999822e-01 -2.091595867841034018e-01 1.680413504282994097e+01
4.899999999999999911e-01 -3.445610476833707025e-01 1.063359267119785301e+01
5.000000000000000000e-01 -4.278892800000000385e-01 6.287393279999999862e+00
5.100000000000000089e-01 -4.746406442266115633e-01 3.245619891150205660e+00
5.200000000000000178e-01 -4.959034237685366886e-01 1.137833450994566675e+00
5.300000000000000266e-01 -4.996191136334070526e-01 -3.009558195516230938e-01
5.400000000000000355e-01 -4.914744272361829536e-01 -1.260957505691040481e+00
5.500000000000000444e-01 -4.755353368832588856e-01 -1.879092951286687629e+00
5.600000000000000533e-01 -4.546998516347222075e-01 -2.254141711175381424e+00
5.700000000000000622e-01 -4.310227258810591655e-01 -2.457473005253701714e+00
5.799999999999999600e-01 -4.059492129508306402e-01 -2.540687118143761580e+00
5.899999999999999689e-01 -3.804839094449213865e-01 -2.541081886803760348e+00
5.999999999999999778e-01 -3.553130688396031744e-01 -2.485580221099331855e+00
6.099999999999999867e-01 -3.308934202219783738e-01 -2.393563155691605715e+00
6.199999999999999956e-01 -3.075167839008369763e-01 -2.278920842665273838e+00
6.300000000000000044e-01 -2.853571375342900396e-01 -2.151542218437294540e+00
6.400000000000000133e-01 -2.645049180056090465e-01 -2.018400089430735456e+00
6.500000000000000222e-01 -2.449920144915400666e-01 -1.884343474033259636e+00
6.600000000000000311e-01 -2.268099573137483949e-01 -1.752677358905148974e+00
6.700000000000000400e-01 -2.099231242591383662e-01 -1.625587568258376914e+00
6.800000000000000488e-01 -1.942782935436588865e-01 -1.504452446157222845e+00
6.900000000000000577e-01 -1.798115159991599266e-01 -1.390071603885852047e+00
7.000000000000000666e-01 -1.664530199245880526e-01 -1.282833757233009297e+00
7.099999999999999645e-01 -1.541306730797362412e-01 -1.182839741706286363e+00
7.199999999999999734e-01 -1.427723880700924042e-01 -1.089992492895978105e+00
7.299999999999999822e-01 -1.323077559589349028e-01 -1.004062652118550947e+00
7.399999999999999911e-01 -1.226691183446156908e-01 -9.247361758719484515e-01
7.500000000000000000e-01 -1.137922331376013535e-01 -8.516486574992897518e-01
7.600000000000000089e-01 -1.056166486328679877e-01 -7.844098431937096549e-01
7.700000000000000178e-01 -9.808587039534798213e-02 -7.226209215792611662e-01
7.800000000000000266e-01 -9.114738318403911577e-02 -6.658864995790489960e-01
7.900000000000000355e-01 -8.475257360234249304e-02 -6.138226840960127051e-01
8.000000000000000444e-01 -7.885658688610416855e-02 -5.660623233416115507e-01
8.100000000000000533e-01 -7.341814212773258019e-02 -5.222581899993200549e-01
8.200000000000000622e-01 -6.839932347301451443e-02 -4.820846863098180446e-01
8.300000000000000711e-01 -6.376535981592038049e-02 -4.452385006237360443e-01
8.399999999999999689e-01 -5.948440180979351621e-02 -4.114385327342289789e-01
8.499999999999999778e-01 -5.552730227918505762e-02 -3.804253215866026383e-01
8.599999999999999867e-01 -5.186740410809612817e-02 -3.519601465155823283e-01
8.699999999999999956e-01 -4.848033821307623503e-02 -3.258239265995765965e-01
8.800000000000000044e-01 -4.534383314566568790e-02 -3.018160080396372069e-01
8.900000000000000133e-01 -4.243753710492000064e-02 -2.797529036814340730e-01
9.000000000000000222e-01 -3.974285259999749825e-02 -2.594670296695279488e-01
9.100000000000000311e-01 -3.724278362717564628e-02 -2.408054700840858986e-01
9.200000000000000400e-01 -3.492179497184936393e-02 -2.236287900088928526e-01
9.300000000000000488e-01 -3.276568308159805154e-02 -2.078099098764473740e-01
9.400000000000000577e-01 -3.076145785700352617e-02 -1.932330484252141323e-01
9.500000000000000666e-01 -2.889723465441300029e-02 -1.797927376551074763e-01
9.599999999999999645e-01 -2.716213577574317847e-02 -1.673929103809105867e-01
9.699999999999999734e-01 -2.554620072465878244e-02 -1.559460590594398954e-01
9.799999999999999822e-01 -2.404030452858911884e-02 -1.453724632791621174e-01
9.899999999999999911e-01 -2.263608345658885482e-02 -1.355994824810990151e-01
1.000000000000000000e+00 -2.132586750000000156e-02 -1.265609099999999987e-01
1.010000000000000009e+00 -2.010261902332882364e-02 -1.181963842796354969e-01
1.020000000000000018e+00 -1.895987703464087348e-02 -1.104508530545074418e-01
1.030000000000000027e+00 -1.789170656664144585e-02 -1.032740863493155498e-01
1.040000000000000036e+00 -1.689265270044787437e-02 -9.662023428792597401e-02
1.050000000000000044e+00 -1.595769880321193032e-02 -9.044742589647017383e-02
1.060000000000000053e+00 -1.508222858780222317e-02 -8.471740530945727488e-02
1.070000000000000062e+00 -1.426199163747406649e-02 -7.939520202816340022e-02
1.080000000000000071e+00 -1.349307207073413735e-02 -7.444883212619768376e-02
1.090000000000000080e+00 -1.277186005143744751e-02 -6.984902754044608475e-02
1.100000000000000089e+00 0.000000000000000000e+00 -6.556899082139283630e-02
1.110000000000000098e+00 0.000000000000000000e+00 -6.158417294175327905e-02
1.120000000000000107e+00 0.000000000000000000e+00 -5.787207197436540496e-02
1.130000000000000115e+00 0.000000000000000000e+00 -5.441205064828774640e-02
1.140000000000000124e+00 0.000000000000000000e+00 -5.118517097562339663e-02
1.150000000000000133e+00 0.000000000000000000e+00 -4.817404431080241078e-02
1.159999999999999920e+00 0.000000000000000000e+00 -4.536269535930310265e-02
1.169999999999999929e+00 0.000000000000000000e+00 -4.273643879468978085e-02
1.179999999999999938e+00 0.000000000000000000e+00 -4.028176727213798186e-02
1.189999999999999947e+00 0.000000000000000000e+00 -3.798624974412522642e-02
1.199999999999999956e+00 0.000000000000000000e+00 -3.583843909054459931e-02
