0.000000000000000000e+00 9.293865355589745377e+20 1.115331921335182615e+24
1.000000000000000021e-02 4.647499999568848486e+20 5.576999999741308824e+23
2.000000000000000042e-02 1.134643547950780960e+17 6.807861307914842112e+19
2.999999999999999889e-02 8.745090585204477500e+14 3.498036352367112960e+17
4.000000000000000083e-02 2.770124813323973828e+13 8.310376018890379000e+15
5.000000000000000278e-02 1.903613240639998779e+12 4.568675088767997500e+14
5.999999999999999778e-02 2.135022784503890076e+11 4.270054810048589062e+13
7.000000000000000666e-02 3.357671297578362274e+10 5.756039350544610352e+12
8.000000000000000167e-02 6.762838131710885048e+09 1.014438055057078369e+12
8.999999999999999667e-02 1.645462060065197706e+09 2.194003499072920532e+11
1.000000000000000056e-01 4.647068849999997020e+08 5.576741309999996948e+10
1.100000000000000006e-01 1.480593352373940647e+08 1.615325496917903900e+10
1.199999999999999956e-01 5.211036618488531560e+07 5.211758574801759720e+09
1.300000000000000044e-01 1.993905892642287537e+07 1.840940781008512735e+09
1.400000000000000133e-01 8.191803045466478914e+06 7.023999517452657223e+08
1.499999999999999944e-01 3.578204215632592794e+06 2.864077424632275105e+08
1.600000000000000033e-01 1.648553827963041374e+06 1.237379066319590211e+08
1.700000000000000122e-01 7.959004635961013846e+05 5.624425224141489714e+07
1.799999999999999933e-01 4.004763100315367337e+05 2.674067508490687981e+07
1.900000000000000022e-01 2.090627108029958326e+05 1.323290107594528981e+07
2.000000000000000111e-01 1.127906835937499272e+05 6.787651171874996275e+06
2.099999999999999922e-01 6.267849442899357382e+04 3.595991233811234590e+06
2.200000000000000011e-01 3.577297015313845623e+04 1.961623923194314586e+06
2.300000000000000100e-01 2.091605238627891231e+04 1.098870044731559930e+06
2.399999999999999911e-01 1.250017119878347148e+04 6.306488436362730572e+05
2.500000000000000000e-01 7.620612095999999838e+03 3.700277575680000009e+05
2.600000000000000089e-01 4.730546283956429761e+03 2.215537235643428867e+05
2.700000000000000178e-01 2.985092470028624120e+03 1.351438286933769414e+05
2.800000000000000266e-01 1.911879323413582824e+03 8.385491178131151537e+04
2.899999999999999800e-01 1.241056658336648979e+03 5.285373154806207458e+04
2.999999999999999889e-01 8.153664564834105022e+02 3.379751148293039296e+04
3.099999999999999978e-01 5.414566837122218885e+02 2.189987317981103843e+04
3.200000000000000067e-01 3.629523949255640787e+02 1.436360179979389795e+04
3.300000000000000155e-01 2.452610648662155199e+02 9.525574911315896316e+03
3.400000000000000244e-01 1.668380434031479354e+02 6.380925331844330685e+03
3.500000000000000333e-01 1.140775444097367171e+02 4.313301631296322739e+03
3.599999999999999867e-01 7.827525965116518591e+01 2.939287947781747334e+03
3.699999999999999956e-01 5.379481812442220701e+01 2.017197472738593660e+03
3.800000000000000044e-01 3.694497692129314004e+01 1.392780307122051227e+03
3.900000000000000133e-01 2.528271251909065853e+01 9.664365767969214858e+02
4.000000000000000222e-01 1.717513561248777876e+01 6.731459140777583343e+02
4.100000000000000311e-01 1.152079098529654111e+01 4.700228031896783705e+02
4.199999999999999845e-01 7.570342267678570991e+00 3.285062802832417219e+02
4.299999999999999933e-01 4.809965165031804268e+00 2.294016698102585110e+02
4.400000000000000022e-01 2.884752653739695916e+00 1.596985547997077219e+02
4.500000000000000111e-01 1.547922245269165664e+00 1.105075619406151191e+02
4.600000000000000200e-01 6.268298414805046903e-01 7.570947592285699557e+01
4.700000000000000289e-01 3.555415641720571784e-05 5.106253317347120202e+01
4.799999999999999822e-01 -4.182968061297143159e-01 3.360729623034711011e+01
4.899999999999999911e-01 -6.890920197128793667e-01 2.126659489199585096e+01
5.000000000000000000e-01 -8.557440000000000602e-01 1.257446400000000608e+01
5.100000000000000089e-01 -9.492444882212407453e-01 6.491102784785990565e+00
5.200000000000000178e-01 -9.917693525853295000e-01 2.275656744785493402e+00
5.300000000000000266e-01 -9.992010848526299283e-01 -6.018368245769885050e-01
5.400000000000000355e-01 -9.829127568575163343e-01 -2.521785023098541245e+00
5.500000000000000444e-01 -9.510360609466724791e-01 -3.758021871928955093e+00
5.600000000000000533e-01 -9.093668367995220159e-01 -4.508100247148489004e+00
5.700000000000000622e-01 -8.620144678847940778e-01 -4.914754100548757165e+00
5.799999999999999600e-01 -8.118693738023742279e-01 -5.081180769989662060e+00
5.899999999999999689e-01 -7.609406882297110597e-01 -5.081973605209189948e+00
5.999999999999999778e-01 -7.106008783783148708e-01 -4.970976758238448312e+00
6.099999999999999867e-01 -6.617633768518876858e-01 -4.786951106574728776e+00
6.199999999999999956e-01 -6.150118087970578573e-01 -4.557676107897714601e+00
6.300000000000000044e-01 -5.706941212037125455e-01 -4.302929039244199672e+00
6.400000000000000133e-01 -5.289911845119277256e-01 -4.036655099557674653e+00
6.500000000000000222e-01 -4.899667771934207439e-01 -3.768552043484429070e+00
6.600000000000000311e-01 -4.536039623291521217e-01 -3.505229657413104327e+00
6.700000000000000400e-01 -4.198314994385808907e-01 -3.251059471309269977e+00
6.800000000000000488e-01 -3.885429498253096803e-01 -3.008798103780813360e+00
6.900000000000000577e-01 -3.596104205365464601e-01 -2.780044742533599678e+00
7.000000000000000666e-01 -3.328943737737848352e-01 -2.565576808513267082e+00
7.099999999999999645e-01 -3.082505506780069959e-01 -2.365595978733609162e+00
7.199999999999999734e-01 -2.855347819621641414e-01 -2.179908141482105766e+00
7.299999999999999822e-01 -2.646062550453401885e-01 -2.008054603612950295e+00
7.399999999999999911e-01 -2.453296581513222940e-01 -1.849407306587886879e+00
7.500000000000000000e-01 -2.275765118310404955e-01 -1.703237467760296608e+00
7.600000000000000089e-01 -2.112259170929579322e-01 -1.568764610948394145e+00
7.700000000000000178e-01 -1.961648891715905563e-01 -1.445191144605131095e+00
7.800000000000000266e-01 -1.822884013815623261e-01 -1.331726312887188346e+00
7.900000000000000355e-01 -1.694992304295479812e-01 -1.227602358585171638e+00
8.000000000000000444e-01 -1.577076700050383251e-01 -1.132085005519911203e+00
8.100000000000000533e-01 -1.468311612452247727e-01 -1.044479824730206285e+00
8.200000000000000622e-01 -1.367938751462170199e-01 -9.641356445900340910e-01
8.300000000000000711e-01 -1.275262719704539915e-01 -8.904458639206138670e-01
8.399999999999999689e-01 -1.189646552866009399e-01 -8.228483027025826901e-01
8.499999999999999778e-01 -1.110507328101259655e-01 -7.608240575686487928e-01
8.599999999999999867e-01 -1.037311921958686683e-01 -7.038957043676893344e-01
8.699999999999999956e-01 -9.695729699937676027e-02 -6.516250969716680386e-01
8.800000000000000044e-01 -9.068450589592484679e-02 -6.036109421355689841e-01
8.900000000000000133e-01 -8.487211671867476992e-02 -5.594862786433572044e-01
9.000000000000000222e-01 -7.948293579595268332e-02 -5.189159507160565621e-01
9.100000000000000311e-01 -7.448297231640801930e-02 -4.815941373806124082e-01
9.200000000000000400e-01 -6.984115694320684742e-02 -4.472419786962411603e-01
9.300000000000000488e-01 -6.552908356948725088e-02 -4.156053245292791187e-01
9.400000000000000577e-01 -6.152077290849983227e-02 -3.864526205464330899e-01
9.500000000000000666e-01 -5.779245650688009245e-02 -3.595729381985592332e-01
9.599999999999999645e-01 -5.432237973130448622e-02 -3.347741498945094318e-01
9.699999999999999734e-01 -5.109062228725311239e-02 -3.118812467168942115e-01
9.799999999999999822e-01 -4.807893486886089668e-02 -2.907347934574722181e-01
9.899999999999999911e-01 -4.527059059992069590e-02 -2.711895141101646201e-01
1.000000000000000000e+00 -4.265025000000000066e-02 -2.531129999999999769e-01
1.010000000000000009e+00 -4.020383829054313685e-02 -2.363845322560464979e-01
1.020000000000000018e+00 -3.791843393960609571e-02 -2.208940102132618821e-01
1.030000000000000027e+00 -3.578216742759607327e-02 -2.065409774462701742e-01
1.040000000000000036e+00 -3.378412929806289683e-02 -1.932337374188686230e-01
1.050000000000000044e+00 -3.191428663589016695e-02 -1.808885511188122464e-01
1.060000000000000053e+00 -3.016340718933423898e-02 -1.694289094959159636e-01
1.070000000000000062e+00 -2.852299042179179747e-02 -1.587848740022504423e-01
1.080000000000000071e+00 -2.698520484373433115e-02 -1.488924790244644247e-01
1.090000000000000080e+00 -2.554283103490545201e-02 -1.396931904848449923e-01
1.100000000000000089e+00 0.000000000000000000e+00 -1.311334153593099183e-01
1.110000000000000098e+00 0.000000000000000000e+00 -1.231640573103745112e-01
1.120000000000000107e+00 0.000000000000000000e+00 -1.157401140571469728e-01
1.130000000000000115e+00 0.000000000000000000e+00 -1.088203125003921884e-01
1.140000000000000124e+00 0.000000000000000000e+00 -1.023667779878338624e-01
1.150000000000000133e+00 0.000000000000000000e+00 -9.634473444327770753e-02
1.159999999999999920e+00 0.000000000000000000e+00 -9.072223239362341152e-02
1.169999999999999929e+00 0.000000000000000000e+00 -8.546990221161655799e-02
1.179999999999999938e+00 0.000000000000000000e+00 -8.056073015076913035e-02
1.189999999999999947e+00 0.000000000000000000e+00 -7.596985498388313107e-02
1.199999999999999956e+00 0.000000000000000000e+00 -7.167438326976230401e-02
