0.000000000000000000e+00 2.996584160906556211e+20 3.596120496542821741e+23
1.000000000000000021e-02 1.498474999762949571e+20 1.798169999857769471e+23
2.000000000000000042e-02 3.658386193429686400e+16 2.195031727169530266e+19
2.999999999999999889e-02 2.819644753021597500e+14 1.127857966242932320e+17
4.000000000000000083e-02 8.931601220626828125e+12 2.679481234291075500e+15
5.000000000000000278e-02 6.137738428799996338e+11 1.473059043455999062e+14
5.999999999999999778e-02 6.883848308640449524e+10 1.376774742532273633e+13
7.000000000000000666e-02 1.082592312076501846e+10 1.855889805489039551e+12
8.000000000000000167e-02 2.180477689784019470e+09 3.270784355225040283e+11
8.999999999999999667e-02 5.305213613915871382e+08 7.073915519485237122e+10
1.000000000000000056e-01 1.498237949999999106e+08 1.798027769999998856e+10
1.100000000000000006e-01 4.773265060234076530e+07 5.207928112319643021e+09
1.199999999999999956e-01 1.679845557130040601e+07 1.680242494956901073e+09
1.300000000000000044e-01 6.426840648297448643e+06 5.934734957851123810e+08
1.400000000000000133e-01 2.639948560232670046e+06 2.264162309499176145e+08
1.499999999999999944e-01 1.152845526634189533e+06 9.231088602648276091e+07
1.600000000000000033e-01 5.309523348796572536e+05 3.987440991988931596e+07
1.700000000000000122e-01 2.562128758363665838e+05 1.812027637723163515e+07
1.799999999999999933e-01 1.288357513662341953e+05 8.612281934629667550e+06
1.900000000000000022e-01 6.719887717272873851e+04 4.260051289709893055e+06
2.000000000000000111e-01 3.621347167968747817e+04 2.183920019531248603e+06
2.099999999999999922e-01 2.009487224556067667e+04 1.156175305093320552e+06
2.200000000000000011e-01 1.144767010939685133e+04 6.301204382875234587e+05
2.300000000000000100e-01 6.677655357736100086e+03 3.525767166241728701e+05
2.399999999999999911e-01 3.979080544300847578e+03 2.020551039873894479e+05
2.500000000000000000e-01 2.416928194560000065e+03 1.183428496588800044e+05
2.600000000000000089e-01 1.493515768334374116e+03 7.070233068365525105e+04
2.700000000000000178e-01 9.371667217147181645e+02 4.301155981926660752e+04
2.800000000000000266e-01 5.960956184497404138e+02 2.660106278827189089e+04
2.899999999999999800e-01 3.836674430216312430e+02 1.670042184539852315e+04
2.999999999999999889e-01 2.494473610429004680e+02 1.062823737724414059e+04
3.099999999999999978e-01 1.635334662155044896e+02 6.847290596214883408e+03
3.200000000000000067e-01 1.078949864019573397e+02 4.460005770659523478e+03
3.300000000000000155e-01 7.148750005675039176e+01 2.933274213609349772e+03
3.400000000000000244e-01 4.744675240724708942e+01 1.945385107616959885e+03
3.500000000000000333e-01 3.144849917488532753e+01 1.299296667037737961e+03
3.599999999999999867e-01 2.073426930216639619e+01 8.726410877861710560e+02
3.699999999999999956e-01 1.352386518930643078e+01 5.884350691105506712e+02
3.800000000000000044e-01 8.656024893875116533e+00 3.976581451739707518e+02
3.900000000000000133e-01 5.365696384378063399e+00 2.687411081768610188e+02
4.000000000000000222e-01 3.144253492355343127e+00 1.811379075050352583e+02
4.100000000000000311e-01 1.650732154966752852e+00 1.213446015901821653e+02
4.199999999999999845e-01 6.548406873618839441e-01 8.040419534088943010e+01
4.299999999999999933e-01 -1.028729587337906537e-05 5.232504833424673762e+01
4.400000000000000022e-01 -4.209249391550580199e-01 3.306764052634463269e+01
4.500000000000000111e-01 -6.815307361910756256e-01 1.988889950294281306e+01
4.600000000000000200e-01 -8.326514196515895083e-01 1.091386686257308725e+01
4.700000000000000289e-01 -9.094797359188411257e-01 4.853364182738832966e+00
4.799999999999999822e-01 -9.364338188510195060e-01 8.163168126860185225e-01
4.899999999999999911e-01 -9.304680412331212125e-01 -1.815996118943097315e+00
5.000000000000000000e-01 -9.033446400000000320e-01 -3.474831359999999592e+00
5.100000000000000089e-01 -8.632014606421413161e-01 -4.461691505199613772e+00
5.200000000000000178e-01 -8.156396943147763423e-01 -4.987816331005776149e+00
5.300000000000000266e-01 -7.644821850733973800e-01 -5.201373226810787287e+00
5.400000000000000355e-01 -7.123043041629992800e-01 -5.206285155434476231e+00
5.500000000000000444e-01 -6.608069439159179881e-01 -5.075336717112538309e+00
5.600000000000000533e-01 -6.110793589849471408e-01 -4.859341193671688153e+00
5.700000000000000622e-01 -5.637848004067623764e-01 -4.593580395695800789e+00
5.799999999999999600e-01 -5.192918104226860176e-01 -4.302346214941468183e+00
5.899999999999999689e-01 -4.777671332285310379e-01 -4.002154268530132342e+00
5.999999999999999778e-01 -4.392414272145215293e-01 -3.704024360476986466e+00
6.099999999999999867e-01 -4.036556551540245175e-01 -3.415102386599587092e+00
6.199999999999999956e-01 -3.708937210230421333e-01 -3.139815713335077252e+00
6.300000000000000044e-01 -3.408053048144570885e-01 -2.880696940030244235e+00
6.400000000000000133e-01 -3.132217080975139845e-01 -2.638971240999298473e+00
6.500000000000000222e-01 -2.879667180718736286e-01 -2.414974734104835097e+00
6.600000000000000311e-01 -2.648639265012440736e-01 -2.208451840503665942e+00
6.700000000000000400e-01 -2.437415329258010854e-01 -2.018765861138504647e+00
6.800000000000000488e-01 -2.244353707207439319e-01 -1.845047265871552655e+00
6.900000000000000577e-01 -2.067906861478282787e-01 -1.686297273800976715e+00
7.000000000000000666e-01 -1.906630508186648587e-01 -1.541459367503351885e+00
7.099999999999999645e-01 -1.759186802068895550e-01 -1.409467850293911306e+00
7.199999999999999734e-01 -1.624343531388167672e-01 -1.289280018089985269e+00
7.299999999999999822e-01 -1.500970711092166898e-01 -1.179896690332796094e+00
7.399999999999999911e-01 -1.388035557745538329e-01 -1.080374525667879393e+00
7.500000000000000000e-01 -1.284596537441409503e-01 -9.898325943369817859e-01
7.600000000000000089e-01 -1.189796967094736285e-01 -9.074549883484418489e-01
7.700000000000000178e-01 -1.102858497803803628e-01 -8.324907494281620357e-01
7.800000000000000266e-01 -1.023074700117753699e-01 -7.642520311018516921e-01
7.900000000000000355e-01 -9.498048933148582618e-02 -7.021111472978950330e-01
8.000000000000000444e-01 -8.824683056445789542e-02 -6.454969683545639381e-01
8.100000000000000533e-01 -8.205386137093283183e-02 -5.938909865493955387e-01
8.200000000000000622e-01 -7.635388822386636465e-02 -5.468232729336071074e-01
8.300000000000000711e-01 -7.110369071442393385e-02 -5.038684749424970910e-01
8.399999999999999689e-01 -6.626409525350661356e-02 -4.646419523783878458e-01
8.499999999999999778e-01 -6.179958645670586420e-02 -4.287961123879950320e-01
8.599999999999999867e-01 -5.767795403215330435e-02 -3.960169779327245565e-01
8.699999999999999956e-01 -5.386997274248533918e-02 -3.660210060155878464e-01
8.800000000000000044e-01 -5.034911291611439410e-02 -3.385521594127045564e-01
8.900000000000000133e-01 -4.709127899034841469e-02 -3.133792272716300342e-01
9.000000000000000222e-01 -4.407457364445101222e-02 -2.902933845194654028e-01
9.100000000000000311e-01 -4.127908519929973652e-02 -2.691059767195838615e-01
9.200000000000000400e-01 -3.868669610399899650e-02 -2.496465152049682223e-01
9.300000000000000488e-01 -3.628091048609188851e-02 -2.317608665453801953e-01
9.400000000000000577e-01 -3.404669890222386530e-02 -2.153096203456546232e-01
9.500000000000000666e-01 -3.197035858438759121e-02 -2.001666197852828288e-01
9.599999999999999645e-01 -3.003938762939868320e-02 -1.862176400240342644e-01
9.699999999999999734e-01 -2.824237172364111453e-02 -1.733592004927287100e-01
9.799999999999999822e-01 -2.656888213004007446e-02 -1.614974980764579404e-01
9.899999999999999911e-01 -2.500938378904343090e-02 -1.505474492198685676e-01
1.000000000000000000e+00 -2.355515249999999908e-02 -1.404318300000000075e-01
1.010000000000000009e+00 -2.219820025391804758e-02 -1.310805041948621408e-01
1.020000000000000018e+00 -2.093120788359570730e-02 -1.224297303086337441e-01
1.030000000000000027e+00 -1.974746428308880863e-02 -1.144215393873296432e-01
1.040000000000000036e+00 -1.864081152604615474e-02 -1.070031762672646602e-01
1.050000000000000044e+00 -1.760559528225089099e-02 -1.001265976413173026e-01
1.060000000000000053e+00 -1.663661999441392453e-02 -9.374802100587915910e-02
1.070000000000000062e+00 -1.572910833350809820e-02 -8.782751916698564032e-02
1.080000000000000071e+00 -1.487866450131528941e-02 -8.232865554092545779e-02
1.090000000000000080e+00 -1.408124099395183584e-02 -7.721815598659739766e-02
1.100000000000000089e+00 0.000000000000000000e+00 -7.246561335824225347e-02
1.110000000000000098e+00 0.000000000000000000e+00 -6.804322137217236333e-02
1.120000000000000107e+00 0.000000000000000000e+00 -6.392553474390061385e-02
1.130000000000000115e+00 0.000000000000000000e+00 -6.008925287660014242e-02
1.140000000000000124e+00 0.000000000000000000e+00 -5.651302467182845596e-02
1.150000000000000133e+00 0.000000000000000000e+00 -5.317727229239081754e-02
1.159999999999999920e+00 0.000000000000000000e+00 -5.006403193827775600e-02
1.169999999999999929e+00 0.000000000000000000e+00 -4.715680990270440520e-02
1.179999999999999938e+00 0.000000000000000000e+00 -4.444045235904751923e-02
1.189999999999999947e+00 0.000000000000000000e+00 -4.190102749330612553e-02
1.199999999999999956e+00 0.000000000000000000e+00 -3.952571874276415709e-02
