0.000000000000000000e+00 2.078096767311443728e+03 3.205673543347267332e+04
1.000000000000000021e-02 1.757529412976716912e+03 2.958992539966245749e+04
2.000000000000000042e-02 1.486298259318194368e+03 2.503549849327177799e+04
2.999999999999999889e-02 1.256819443111281316e+03 2.118120543199505846e+04
4.000000000000000083e-02 1.062674150678293472e+03 1.791948723101802534e+04
4.999999999999999584e-02 8.984296984909209414e+02 1.515930322355303360e+04
5.999999999999999778e-02 7.594880862072327545e+02 1.282359471356046015e+04
6.999999999999999278e-02 6.419578042197116474e+02 1.084713804279421311e+04
8.000000000000000167e-02 5.425453253513485379e+02 9.174727286865880160e+03
8.999999999999999667e-02 4.584632584823941102e+02 7.759635973403663229e+03
9.999999999999999167e-02 3.873526058832752597e+02 6.562314984699030902e+03
1.099999999999999867e-01 3.272169587884134785e+02 5.549290383798434959e+03
1.199999999999999956e-01 2.763667982073065446e+02 4.692230469921762960e+03
1.300000000000000044e-01 2.333723493899782397e+02 3.967156081375875601e+03
1.399999999999999856e-01 1.970236765797890541e+02 3.353772152979339808e+03
1.499999999999999944e-01 1.662969063303914368e+02 2.834901911490064776e+03
1.600000000000000033e-01 1.403256383499877415e+02 2.396007950638882903e+03
1.699999999999999845e-01 1.183767473176137912e+02 2.024786846702084631e+03
1.799999999999999933e-01 9.982990141594605404e+01 1.710826023452497111e+03
1.899999999999999745e-01 8.416022684856385183e+01 1.445313308835516636e+03
1.999999999999999833e-01 7.092363523923572188e+01 1.220791093090261029e+03
2.099999999999999922e-01 5.974440498675862443e+01 1.030948240132440105e+03
2.199999999999999734e-01 5.030467043658693171e+01 8.704439554207357332e+02
2.299999999999999822e-01 4.233552587834391545e+01 7.347587035166272926e+02
2.399999999999999911e-01 3.560949636625438330e+01 6.200680219004640321e+02
2.500000000000000000e-01 2.993416544033463111e+01 5.231357153003079929e+02
2.600000000000000089e-01 2.514678206024822416e+01 4.412234545808357780e+02
2.700000000000000178e-01 2.110969634871791811e+01 3.720142611578376091e+02
2.799999999999999711e-01 1.770649683709147126e+01 3.135477446724908646e+02
2.899999999999999800e-01 1.483874145526810118e+01 2.641652890480217479e+02
2.999999999999999889e-01 1.242319105613103680e+01 2.224636591759621354e+02
3.099999999999999423e-01 1.038946827174885890e+01 1.872557350567092556e+02
3.200000000000000067e-01 8.678076354996852260e+00 1.575372787815276752e+02
3.300000000000000155e-01 7.238722696118305322e+00 1.324588078196304934e+02
3.399999999999999689e-01 6.028900198604242533e+00 1.113017903450330408e+02
3.500000000000000333e-01 5.012686889217644826e+00 9.345849876523610078e+01
3.599999999999999867e-01 4.159730223299520802e+00 7.841495955112027616e+01
3.699999999999999956e-01 3.444387698195239267e+00 6.573652375340876119e+01
3.799999999999999489e-01 2.844999748231345826e+00 5.505565562864475737e+01
3.900000000000000133e-01 2.343274585622344031e+00 4.606159862086224166e+01
3.999999999999999667e-01 1.923767775814100967e+00 3.849163027573053597e+01
4.099999999999999756e-01 1.573441980107733507e+00 3.212366195936673563e+01
4.199999999999999845e-01 1.281294536626766067e+00 2.676997674788959714e+01
4.299999999999999933e-01 1.038042445149941706e+00 2.227193059041200840e+01
4.399999999999999467e-01 8.358559248185259971e-01 1.849546871147676441e+01
4.499999999999999556e-01 6.681330709204064133e-01 1.532733195717204033e+01
4.599999999999999645e-01 5.293092856750851727e-01 1.267184703567289539e+01
4.699999999999999734e-01 4.146961302069485100e-01 1.044821089387348678e+01
4.799999999999999822e-01 3.203450677976155125e-01 8.588193260901320514e+00
4.899999999999999911e-01 2.429322649889221197e-01 7.034193060787309548e+00
5.000000000000000000e-01 1.796612065818693205e-01 5.737594275552039491e+00
5.100000000000000089e-01 1.281803794778813288e-01 4.657375201706026147e+00
5.200000000000000178e-01 8.651370254774880253e-02 3.758932120619705053e+00
5.299999999999999156e-01 5.300173706548723385e-02 3.013084393609817280e+00
5.400000000000000355e-01 2.625201467555246526e-02 2.395233062840445015e+00
5.499999999999999334e-01 5.097075808678341695e-03 1.884649330546491086e+00
5.599999999999999423e-01 -1.144097193537735833e-02 1.463872921260468862e+00
5.699999999999999512e-01 -2.418038261653103135e-02 1.118203405897420399e+00
5.799999999999999600e-01 -3.380504005332576195e-02 8.352701684233398982e-01
5.899999999999999689e-01 -4.088578598499782724e-02 6.046688979350259840e-01
5.999999999999999778e-01 -4.589841801202628607e-02 4.176543527126567179e-01
6.099999999999999867e-01 -4.923887303925095910e-02 2.668807201404643226e-01
6.199999999999998845e-01 -5.123603241483556947e-02 1.461822313162392251e-01
6.300000000000000044e-01 -5.216251766557574582e-02 5.038781892143220920e-02
6.400000000000000133e-01 -5.224378879326421060e-02 -2.483543698210665882e-02
6.499999999999999112e-01 -5.166580892593361507e-02 -8.311452144856260049e-02
6.600000000000000311e-01 -5.058149836429295942e-02 -1.274821169429904144e-01
6.700000000000000400e-01 -4.911616658707380206e-02 -1.604708375123835296e-01
6.799999999999999378e-01 -4.737208161404529022e-02 -1.841927565934815825e-01
6.899999999999999467e-01 -4.543231145520417597e-02 -2.004065053178519240e-01
7.000000000000000666e-01 -4.336395150768825035e-02 -2.105738671027412023e-01
7.099999999999999645e-01 -4.122083411314934887e-02 -2.159074972626411626e-01
7.199999999999999734e-01 -3.904580156243542960e-02 -2.174111450387974098e-01
7.299999999999998712e-01 -3.687261121237340317e-02 -2.159135427948657426e-01
7.399999999999999911e-01 -3.472753070653811225e-02 -2.120969472188191929e-01
7.500000000000000000e-01 -3.263067226799701986e-02 -2.065211651700602224e-01
7.599999999999998979e-01 -3.059710740313691113e-02 -1.996437680559567385e-01
7.699999999999999067e-01 -2.863779690687788537e-02 -1.918370897078422732e-01
7.800000000000000266e-01 -2.676036560898006553e-02 -1.834025106010283013e-01
7.899999999999999245e-01 -2.496974669485731851e-02 -1.745824533436908521e-01
7.999999999999999334e-01 -2.326871654210625057e-02 -1.655704484598092552e-01
8.100000000000000533e-01 -2.165833772566113508e-02 -1.565195737616975336e-01
8.199999999999999512e-01 -2.013832506687229795e-02 -1.475495234825734137e-01
8.299999999999999600e-01 -1.870734725600966750e-02 -1.387525234940649443e-01
8.399999999999999689e-01 -1.736327459699099976e-02 -1.301982752465799809e-01
8.499999999999999778e-01 -1.610338175107806774e-02 -1.219380825931832418e-01
8.599999999999999867e-01 -1.492451294512733492e-02 -1.140082915872155239e-01
8.699999999999999956e-01 -1.382321591933375650e-02 -1.064331530010310251e-01
8.799999999999998934e-01 -1.279584988510671512e-02 -9.922720012309071969e-02
8.900000000000000133e-01 -1.183867191687194322e-02 -9.239721986685343891e-02
8.999999999999999112e-01 -1.094790548776964668e-02 -8.594388295592049476e-02
9.099999999999999201e-01 -1.011979425775353346e-02 -7.986308858755004902e-02
9.199999999999999289e-01 -9.350643716018645912e-03 -7.414707022643610146e-02
9.299999999999999378e-01 -8.636852853224810667e-03 -6.878530179333443295e-02
9.399999999999999467e-01 -7.974937680151956976e-03 -6.376523727789341900e-02
9.499999999999999556e-01 -7.361548107666942946e-03 -5.907291154363881330e-02
9.599999999999999645e-01 -6.793479449279181404e-03 -5.469342565462947947e-02
9.699999999999999734e-01 -6.267679594574353252e-03 -5.061133631029927915e-02
9.799999999999999822e-01 -5.781252723073195682e-03 -4.681096581949534957e-02
9.899999999999998801e-01 -5.331460278184446504e-03 -4.327664638556180665e-02
1.000000000000000000e+00 -4.915719795361960139e-03 -3.999291023430401326e-02
1.010000000000000009e+00 -4.531602073498366273e-03 -3.694463523059238197e-02
1.020000000000000018e+00 -4.176827090750112430e-03 -3.411715404209047370e-02
1.029999999999999805e+00 -3.849258992656557146e-03 -3.149633357350858920e-02
1.040000000000000036e+00 -3.546900419279940594e-03 -2.906863027249431339e-02
1.050000000000000044e+00 -3.267886387206670601e-03 -2.682112596547486794e-02
1.059999999999999831e+00 -3.010477899970443339e-03 -2.474154809033676794e-02
1.069999999999999840e+00 -2.773055425399935294e-03 -2.281827752900100759e-02
1.080000000000000071e+00 -2.554112349390423153e-03 -2.104034668664742438e-02
1.089999999999999858e+00 -2.352248491666986997e-03 -1.939742999859763936e-02
1.099999999999999867e+00 -2.166163749418470452e-03 -1.787982865637617949e-02
1.109999999999999876e+00 -1.994651918539463303e-03 -1.647845101914563806e-02
1.119999999999999885e+00 -1.836594729035557604e-03 -1.518478990535134139e-02
1.129999999999999893e+00 -1.690956120432436562e-03 -1.399089773340710802e-02
1.139999999999999902e+00 -1.556776774367415409e-03 -1.288936029235167140e-02
1.149999999999999911e+00 -1.433168914585403143e-03 -1.187326976748011818e-02
1.159999999999999920e+00 -1.319311379017813106e-03 -1.093619751685240109e-02
1.169999999999999929e+00 -1.214444964248355277e-03 -1.007216698794128652e-02
1.179999999999999938e+00 -1.117868039258987497e-03 -9.275627075859989995e-03
1.189999999999999947e+00 -1.028932422731155399e-03 -8.541426152510803865e-03
1.199999999999999956e+00 -9.470395162087713635e-04 -8.189290652238409227e-03
