0.000000000000000000e+00 4.518315187165275404e+01 1.257033376352921294e+02
1.000000000000000021e-02 4.392611849529983203e+01 1.257033376352924137e+02
2.000000000000000042e-02 4.266908511894690292e+01 1.257033376352924137e+02
2.999999999999999889e-02 4.141205174259398092e+01 1.257033376352921294e+02
4.000000000000000083e-02 4.015501836624105891e+01 1.257033376352924137e+02
4.999999999999999584e-02 3.889798498988813691e+01 1.257033376352924137e+02
5.999999999999999778e-02 3.764095161353521490e+01 1.257033376352924137e+02
6.999999999999999278e-02 3.638391823718228579e+01 1.257033376352924137e+02
8.000000000000000167e-02 3.512688486082936379e+01 1.257033376352924137e+02
8.999999999999999667e-02 3.386985148447643468e+01 1.257033376352921294e+02
9.999999999999999167e-02 3.261281810812351978e+01 1.257033376352921294e+02
1.099999999999999867e-01 3.135578473177059422e+01 1.257033376352927121e+02
1.199999999999999956e-01 3.009875135541766866e+01 1.257033376352924137e+02
1.300000000000000044e-01 2.884171797906474666e+01 1.257033376352921294e+02
1.399999999999999856e-01 2.758468460271182465e+01 1.257033376352924137e+02
1.499999999999999944e-01 2.632765122635889909e+01 1.257033376352924137e+02
1.600000000000000033e-01 2.507061785000597709e+01 1.257033376352921294e+02
1.699999999999999845e-01 2.381358447365305508e+01 1.257033376352924137e+02
1.799999999999999933e-01 2.255655109730012953e+01 1.257033376352924137e+02
1.899999999999999745e-01 2.129951772094720752e+01 1.257033376352921294e+02
1.999999999999999833e-01 2.004248434459428552e+01 1.257033376352924137e+02
2.099999999999999922e-01 1.878545096824135996e+01 1.257033376352924137e+02
2.199999999999999734e-01 1.752841759188843795e+01 1.257033376352921294e+02
2.299999999999999822e-01 1.627138421553551950e+01 1.257033376352924137e+02
2.399999999999999911e-01 1.501435083918259039e+01 1.257033376352925842e+02
2.500000000000000000e-01 1.375731746282966661e+01 1.257033376352924137e+02
2.600000000000000089e-01 1.250028408647674283e+01 1.257033376352923426e+02
2.700000000000000178e-01 1.124325071012381905e+01 1.257033376352922858e+02
2.799999999999999711e-01 9.986217333770897042e+00 1.257033376352923426e+02
2.899999999999999800e-01 8.729183957417973261e+00 1.257033376352923426e+02
2.999999999999999889e-01 7.472150581065050368e+00 7.192510817071745066e+01
3.099999999999999423e-01 7.290681794003623928e+00 6.254435060082344933e+01
3.200000000000000067e-01 6.221263569048581132e+00 1.087645250557497576e+02
3.300000000000000155e-01 5.115391292888629593e+00 1.053406513451630531e+02
3.399999999999999689e-01 4.114450542145320355e+00 9.161359534043386077e+01
3.500000000000000333e-01 3.283119386079952129e+00 7.616553452101189237e+01
3.599999999999999867e-01 2.591139851725082544e+00 6.312036091955931738e+01
3.699999999999999956e-01 2.020712167688766048e+00 5.220754823566070257e+01
3.799999999999999489e-01 1.546988887011868652e+00 4.301503972353229699e+01
3.900000000000000133e-01 1.160411373218120046e+00 3.525982626529237507e+01
3.999999999999999667e-01 8.417923617060211194e-01 2.912602261335258902e+01
4.099999999999999756e-01 5.778909209510681988e-01 2.433232689268545457e+01
4.199999999999999845e-01 3.551458238523120814e-01 2.033906095789589585e+01
4.299999999999999933e-01 1.711097017931503539e-01 1.733276168667151040e+01
4.399999999999999467e-01 8.490590118881875814e-03 1.493812331588484277e+01
4.499999999999999556e-01 -1.276527645245464637e-01 1.232422460160917055e+01
4.599999999999999645e-01 -2.379939019133015254e-01 9.371902805957235572e+00
4.699999999999999734e-01 -3.150908206436912051e-01 6.654728804993513158e+00
4.799999999999999822e-01 -3.710884780131717964e-01 4.826400660526004138e+00
4.899999999999999911e-01 -4.116188338542112746e-01 3.646516346701563993e+00
5.000000000000000000e-01 -4.440188049472030274e-01 2.686310028633465574e+00
5.100000000000000089e-01 -4.653450344268805772e-01 1.643239749894441548e+00
5.200000000000000178e-01 -4.768835999450918850e-01 8.989921681687469412e-01
5.299999999999999156e-01 -4.833248777902555138e-01 4.433550109290375629e-01
5.400000000000000355e-01 -4.857507001636726107e-01 2.343938296303630653e-01
5.499999999999999334e-01 -4.880127543828627901e-01 -1.882677105458868405e-01
5.599999999999999423e-01 -4.819853459527548845e-01 -1.140978729435934369e+00
5.699999999999999512e-01 -4.651931797941440960e-01 -1.882409263086842977e+00
5.799999999999999600e-01 -4.443371606910180294e-01 -2.130553882855114267e+00
5.899999999999999689e-01 -4.225821021370418373e-01 -2.181032962833571620e+00
5.999999999999999778e-01 -4.007165014343466169e-01 -2.285793158917263312e+00
6.099999999999999867e-01 -3.768662389586965311e-01 -2.339546180012319176e+00
6.199999999999998845e-01 -3.539255778341002245e-01 -2.500459542628068466e+00
6.300000000000000044e-01 -3.268570481061351951e-01 -2.646450001519177420e+00
6.400000000000000133e-01 -3.009965778037166917e-01 -2.476700123140479715e+00
6.499999999999999112e-01 -2.773230456433256053e-01 -2.404178934430861503e+00
6.600000000000000311e-01 -2.529129991150994572e-01 -2.587866887828076390e+00
6.700000000000000400e-01 -2.255657078867640553e-01 -2.681649336139041218e+00
6.799999999999999378e-01 -1.992800123923186284e-01 -2.444319179650383145e+00
6.899999999999999467e-01 -1.766793242937564068e-01 -2.015190393585336359e+00
7.000000000000000666e-01 -1.589762045206119245e-01 -1.697424899185601577e+00
7.099999999999999645e-01 -1.427308263100443841e-01 -1.583772791159671733e+00
7.199999999999999734e-01 -1.273007486974184754e-01 -1.512738080659696838e+00
7.299999999999998712e-01 -1.124760646968504391e-01 -1.362676076253748203e+00
7.399999999999999911e-01 -1.000472271723435169e-01 -1.108039702984832564e+00
7.500000000000000000e-01 -9.031527063715379111e-02 -9.387334190965552772e-01
7.599999999999998979e-01 -8.127255879041241082e-02 -8.338872164646621288e-01
7.699999999999999067e-01 -7.363752630786055131e-02 -7.433397440680102886e-01
7.800000000000000266e-01 -6.640576390905220117e-02 -5.942672212450850200e-01
7.899999999999999245e-01 -6.175218188295885507e-02 -4.636098321865700922e-01
7.999999999999999334e-01 -5.713356726532080321e-02 -3.803396780310094871e-01
8.100000000000000533e-01 -5.414538832233866533e-02 -2.997424292464099249e-01
8.199999999999999512e-01 -5.113871868039260998e-02 -2.226911207032822304e-01
8.299999999999999600e-01 -4.969156590827301934e-02 -1.962443741597932056e-01
8.399999999999999689e-01 -4.721383119719674282e-02 -2.090141406532917134e-01
8.499999999999999778e-01 -4.551128309520718895e-02 -1.503568163019025072e-01
8.599999999999999867e-01 -4.420669487115869156e-02 -1.280413809405578918e-01
8.699999999999999956e-01 -4.295045547639603223e-02 -9.675751858449711806e-02
8.799999999999998934e-01 -4.227154449946875225e-02 -8.333836838424296678e-02
8.900000000000000133e-01 -4.128368810871117095e-02 -1.127470311882111664e-01
8.999999999999999112e-01 -4.001660387570452754e-02 -1.953315662900560745e-01
9.099999999999999201e-01 -3.737705678291004807e-02 -2.512070522389631133e-01
9.199999999999999289e-01 -3.499246283092526805e-02 -2.482111715134051599e-01
9.299999999999999378e-01 -3.241283335264194543e-02 -2.541966067053481604e-01
9.399999999999999467e-01 -2.990853069681830359e-02 -2.410943080891632673e-01
9.499999999999999556e-01 -2.759094719085868064e-02 -2.361892246086375047e-01
9.599999999999999645e-01 -2.518474620464555488e-02 -2.657464043316557500e-01
9.699999999999999734e-01 -2.227601910422556675e-02 -3.017328299663489810e-01
9.799999999999999822e-01 -1.915008960531857513e-02 -2.649793185590101352e-01
9.899999999999998801e-01 -1.697643273304536363e-02 -1.941186889918241620e-01
1.000000000000000000e+00 -1.526771582548209182e-02 -1.652861562936800977e-01
1.010000000000000009e+00 -1.367070960717176389e-02 -1.431437321405159002e-01
1.020000000000000018e+00 -1.240484118267177333e-02 -1.041537038040145635e-01
1.029999999999999805e+00 -1.158763553109147179e-02 -5.440216033949527019e-02
1.040000000000000036e+00 -1.131679797588186834e-02 -2.976768343710855386e-02
1.050000000000000044e+00 -1.099228186234930092e-02 -2.808243609107693647e-02
1.059999999999999831e+00 -1.075514925406032864e-02 -2.376014878676449560e-02
1.069999999999999840e+00 -1.051707888661401052e-02 -2.738503455363302738e-02
1.080000000000000071e+00 -1.020744856298766781e-02 -4.742379634977032798e-02
1.089999999999999858e+00 -9.568602959618605769e-03 -6.543581657132002682e-02
1.099999999999999867e+00 -8.898732231561267900e-03 -6.994347973472188340e-02
1.109999999999999876e+00 -8.169733364924167476e-03 -8.482559492790252287e-02
1.119999999999999885e+00 -7.202220333003217512e-03 -1.059109936716816358e-01
1.129999999999999893e+00 -6.051513491490534587e-03 -1.189056097225024283e-01
1.139999999999999902e+00 -4.824108138553169500e-03 -1.160252409185860978e-01
1.149999999999999911e+00 -3.731008673118812926e-03 -9.993057680645443808e-02
1.159999999999999920e+00 -2.825496602424080496e-03 -1.735847302054734365e-01
1.169999999999999929e+00 -2.593140690093442098e-04 -1.400726827797347529e-01
1.179999999999999938e+00 -2.404294682938580758e-05 -1.288017652274544601e-02
1.189999999999999947e+00 -1.710538554435312319e-06 -1.202147341469290325e-03
1.199999999999999956e+00 0.000000000000000000e+00 -1.710538554435312277e-04
