0.000000000000000000e+00 8.868471360449159135e+01 3.225798947699968835e+02
1.000000000000000021e-02 8.545891465679162025e+01 3.225798947699962582e+02
2.000000000000000042e-02 8.223311570909166335e+01 3.225798947699956898e+02
2.999999999999999889e-02 7.900731676139170645e+01 3.225798947699956898e+02
4.000000000000000083e-02 7.578151781369174955e+01 3.225798947699956898e+02
4.999999999999999584e-02 7.255571886599179265e+01 3.225798947699956898e+02
5.999999999999999778e-02 6.932991991829183576e+01 3.225798947699962582e+02
6.999999999999999278e-02 6.610412097059186465e+01 3.225798947699956898e+02
8.000000000000000167e-02 6.287832202289192196e+01 3.225798947699956898e+02
8.999999999999999667e-02 5.965252307519195796e+01 3.225798947699956898e+02
9.999999999999999167e-02 5.642672412749200817e+01 3.225798947699956898e+02
1.099999999999999867e-01 5.320092517979204416e+01 3.225798947699962582e+02
1.199999999999999956e-01 4.997512623209208726e+01 3.225798947699956898e+02
1.300000000000000044e-01 4.674932728439213037e+01 3.225798947699959740e+02
1.399999999999999856e-01 4.352352833669216636e+01 3.225798947699959740e+02
1.499999999999999944e-01 4.029772938899220946e+01 3.225798947699956898e+02
1.600000000000000033e-01 3.707193044129225257e+01 3.225798947699956898e+02
1.699999999999999845e-01 3.384613149359229567e+01 3.225798947699959740e+02
1.799999999999999933e-01 3.062033254589233167e+01 3.225798947699959740e+02
1.899999999999999745e-01 2.739453359819237832e+01 3.225798947699956898e+02
1.999999999999999833e-01 2.416873465049242142e+01 3.225798947699956898e+02
2.099999999999999922e-01 2.094293570279246453e+01 3.225798947699958603e+02
2.199999999999999734e-01 1.771713675509250407e+01 3.225798947699958603e+02
2.299999999999999822e-01 1.449133780739254718e+01 3.225798947699963719e+02
2.399999999999999911e-01 1.126553885969257784e+01 3.225798947699964287e+02
2.500000000000000000e-01 8.039739911992619170e+00 3.225798947699958035e+02
2.600000000000000089e-01 4.813940964292662272e+00 3.225798947699957466e+02
2.700000000000000178e-01 1.588142016592704486e+00 2.253605183939581877e+02
2.799999999999999711e-01 3.067305964134978136e-01 8.955361100583122891e+01
2.899999999999999800e-01 -2.029302035239201607e-01 2.884624047156984261e+01
2.999999999999999889e-01 -2.701942130178990320e-01 -2.719505256651199687e+00
3.099999999999999423e-01 -1.485400983908961858e-01 -8.654375953619258155e+00
3.200000000000000067e-01 -9.710669394551385558e-02 1.812952817940673533e+00
3.300000000000000155e-01 -1.847991547497096487e-01 1.301940797235228686e+01
3.399999999999999689e-01 -3.574948533925595973e-01 1.792834177066787760e+01
3.500000000000000333e-01 -5.433659901630671918e-01 1.820367334148621197e+01
3.599999999999999867e-01 -7.215683202222837878e-01 1.500655429745945568e+01
3.699999999999999956e-01 -8.434970761122562166e-01 8.279213138353643586e+00
3.799999999999999489e-01 -8.871525829893566195e-01 6.467048952692320274e-01
3.900000000000000133e-01 -8.564311740176409060e-01 -5.505118470736876546e+00
3.999999999999999667e-01 -7.770502135746191197e-01 -8.426544000101985787e+00
4.099999999999999756e-01 -6.879002940156011547e-01 -8.035460050500615736e+00
4.199999999999999845e-01 -6.163410125646068272e-01 -6.854581948291000870e+00
4.299999999999999933e-01 -5.508086550497811595e-01 -6.710228496451305702e+00
4.399999999999999467e-01 -4.821364426355807531e-01 -6.043883286225199214e+00
4.499999999999999556e-01 -4.299309893252772352e-01 -4.864996498707669481e+00
4.599999999999999645e-01 -3.848365126614273768e-01 -3.522958871281647752e+00
4.699999999999999734e-01 -3.594718118996442779e-01 -1.697697509968441931e+00
4.799999999999999822e-01 -3.508825624620585115e-01 -1.101627090615699966e+00
4.899999999999999911e-01 -3.374392700873302675e-01 -1.829792404496955349e+00
5.000000000000000000e-01 -3.142867143721194134e-01 -1.220395329434267317e+00
5.100000000000000089e-01 -3.130313634986449101e-01 4.987598868403209790e-02
5.200000000000000178e-01 -3.152842341458000908e-01 -3.618783172297124762e-01
5.299999999999999156e-01 -3.057937971540506394e-01 -9.665148898444332337e-01
5.400000000000000355e-01 -2.959539363489114283e-01 -5.737168321503079982e-01
5.499999999999999334e-01 -2.943194605110445172e-01 -5.057687097645526819e-01
5.599999999999999423e-01 -2.858385621536203569e-01 -1.095812695440152584e+00
5.699999999999999512e-01 -2.724032066022414322e-01 -1.581594564372376110e+00
5.799999999999999600e-01 -2.542066708661728236e-01 -2.508636603272125676e+00
5.899999999999999689e-01 -2.222304745367989498e-01 -3.115032703503166189e+00
5.999999999999999778e-01 -1.919060167961095242e-01 -2.575349787593139705e+00
6.099999999999999867e-01 -1.707234787849361557e-01 -1.747144465265975333e+00
6.199999999999998845e-01 -1.569631274907899998e-01 -1.755691073060540619e+00
6.300000000000000044e-01 -1.356096573237253466e-01 -1.958239598395838943e+00
6.400000000000000133e-01 -1.177983355228732348e-01 -1.672340853228631685e+00
6.499999999999999112e-01 -1.021628402591527179e-01 -1.442437513283835182e+00
6.600000000000000311e-01 -8.894958525719652565e-02 -1.210521495560315186e+00
6.700000000000000400e-01 -7.795241034794640755e-02 -1.492530389824554993e+00
6.799999999999999378e-01 -5.909897746070543606e-02 -1.975558166496284906e+00
6.899999999999999467e-01 -3.844124701802071470e-02 -1.503300008436988966e+00
7.000000000000000666e-01 -2.903297729196566146e-02 -2.590302046698388927e-01
7.099999999999999645e-01 -3.326064292462393990e-02 -2.476250133219053684e-01
7.199999999999999734e-01 -2.408047702552755520e-02 -9.485223584328416058e-01
7.299999999999998712e-01 -1.429019575596710695e-02 -6.655209381457629636e-01
7.399999999999999911e-01 -1.077005826261229725e-02 -3.193595046996093867e-01
7.500000000000000000e-01 -7.903005661974920465e-03 -1.203877725922670588e-01
7.599999999999998979e-01 -8.362302810766955585e-03 -4.188438228914469902e-02
7.699999999999999067e-01 -7.065318016192027005e-03 -4.837414970759246896e-02
7.800000000000000266e-01 -7.394819816615105790e-03 7.805034596404705760e-02
7.899999999999999245e-01 -8.626324935472967637e-03 1.699588942337701969e-01
7.999999999999999334e-01 -1.079399770129050966e-02 4.668035594520278560e-03
8.100000000000000533e-01 -8.719685647363374301e-03 -3.688057435894028790e-01
8.199999999999999512e-01 -3.417882829502452962e-03 -1.545611376225764777e-01
8.299999999999999600e-01 -5.628462894911844157e-03 1.618062085069398026e-01
8.399999999999999689e-01 -6.654006999641248754e-03 -8.464852739444497093e-03
8.499999999999999778e-01 -5.459165840122954041e-03 -7.609679373651624668e-02
8.599999999999999867e-01 -5.132071124910923821e-03 -2.194397637217780292e-02
8.699999999999999956e-01 -5.020286312679398538e-03 7.722447062245425820e-02
8.799999999999998934e-01 -6.676560537360009574e-03 6.362171260642295045e-02
8.900000000000000133e-01 -6.292720564807857513e-03 -2.009407284687231288e-02
8.999999999999999112e-01 -6.274679080422562727e-03 7.430193778594773590e-02
9.099999999999999201e-01 -7.778759320526811363e-03 -2.365116969213592116e-02
9.199999999999999289e-01 -5.801655686579844373e-03 -1.453434437253442457e-01
9.299999999999999378e-01 -4.871890446019926969e-03 -5.657103466324835822e-02
9.399999999999999467e-01 -4.670234993314877937e-03 5.378081537801030973e-03
9.499999999999999556e-01 -4.979452076775947242e-03 -1.405169395718737779e-01
9.599999999999999645e-01 -1.859896201877401936e-03 -2.198006198125206367e-01
9.699999999999999734e-01 -5.834396805255349537e-04 8.636979730066630945e-02
9.799999999999999822e-01 -3.587292147890728047e-03 7.755271823473477988e-02
9.899999999999998801e-01 -2.134494045220230573e-03 -2.925612106398547962e-01
1.000000000000000000e+00 2.263932064906366923e-03 -4.333284522302811581e-01
1.010000000000000009e+00 6.532074999385392711e-03 -1.204198575261256343e-01
1.020000000000000018e+00 4.672329215428879835e-03 2.069119973729393325e-01
1.029999999999999805e+00 2.393835051926606217e-03 1.381745954605030635e-01
1.040000000000000036e+00 1.908837306218818348e-03 -9.014118514366709078e-02
1.050000000000000044e+00 4.196658754799948050e-03 -1.763113818968361779e-01
1.059999999999999831e+00 5.435064944155540943e-03 -1.107332736705032433e-01
1.069999999999999840e+00 6.411324228210012882e-03 -6.905582838956518532e-02
1.080000000000000071e+00 6.816181511946845309e-03 -5.533789219198080589e-03
1.089999999999999858e+00 6.522000012593974494e-03 4.916968274921996312e-02
1.099999999999999867e+00 5.832787856962446185e-03 7.044981595301827437e-02
1.109999999999999876e+00 5.113003693533608660e-03 3.680993041002592059e-02
1.119999999999999885e+00 5.096589248761927184e-03 -1.317638477253444372e-02
1.129999999999999893e+00 5.376531388984297395e-03 -8.886205897517271760e-03
1.139999999999999902e+00 5.274313366712272619e-03 5.459766013672444351e-02
1.149999999999999911e+00 4.284578186249808802e-03 9.991337355031711109e-02
1.159999999999999920e+00 3.276045895705930865e-03 1.855450587905715099e-01
1.169999999999999929e+00 5.736770104383790867e-04 1.603486184669593029e-01
1.179999999999999938e+00 6.907352636674482190e-05 2.838412403123971584e-02
1.189999999999999947e+00 5.994529813584787730e-06 3.453676318337241258e-03
1.199999999999999956e+00 0.000000000000000000e+00 5.994529813584788475e-04
