0.000000000000000000e+00 1.344894499999999880e+03 2.049288333333333503e+04
1.000000200000000089e-02 1.153455579999999827e+03 1.779646966666666776e+04
1.999999800000000147e-02 9.889710340000000315e+02 1.528887643333333472e+04
2.999999999999999889e-02 8.476752619999999752e+02 1.313266946666666809e+04
4.000000199999999978e-02 7.263172960000000558e+02 1.127873906666666699e+04
4.999999799999999689e-02 6.221011780000000044e+02 9.684826833333334434e+03
5.999999999999999778e-02 5.326211079999999356e+02 8.314584266666666736e+03
7.000000199999999173e-02 4.558091440000000034e+02 7.136735966666667082e+03
7.999999800000000272e-02 3.898860399999999800e+02 6.124382300000001123e+03
8.999999999999999667e-02 3.333214980000000196e+02 5.254354366666667374e+03
1.000000019999999906e-01 2.847986039999999548e+02 4.506743300000000090e+03
1.099999979999999877e-01 2.431866320000000030e+02 3.864394700000000284e+03
1.199999999999999956e-01 2.075107099999999889e+02 3.312577400000000580e+03
1.300000020000000034e-01 1.769350839999999891e+02 2.838617366666666840e+03
1.399999979999999866e-01 1.507390599999999949e+02 2.431566466666666656e+03
1.499999999999999944e-01 1.283034059999999954e+02 2.082063000000000102e+03
1.600000020000000023e-01 1.090977999999999923e+02 1.782017900000000054e+03
1.699999979999999855e-01 9.266315259999998943e+01 1.524501416666666728e+03
1.799999999999999933e-01 7.860752759999999739e+01 1.303521713333333537e+03
1.900000019999999734e-01 6.659275320000000420e+01 1.113946416666666664e+03
1.999999979999999844e-01 5.632866899999999788e+01 9.513544333333334180e+02
2.099999999999999922e-01 4.756569939999999974e+01 8.119487833333333811e+02
2.200000019999999723e-01 4.008962360000000302e+01 6.924572300000000951e+02
2.299999980000000110e-01 3.371655480000000438e+01 5.900730066666666289e+02
2.399999999999999911e-01 2.828823320000000052e+01 5.023781100000000492e+02
2.500000019999999989e-01 2.366899259999999927e+01 4.272962300000000369e+02
2.599999980000000099e-01 1.974230860000000121e+01 3.630421933333333300e+02
2.700000000000000178e-01 1.640807900000000075e+01 3.945511999999999944e+02
2.800000019999999701e-01 1.185128459999999961e+01 5.313453366666666398e+02
2.899999979999999811e-01 5.781221079999999901e+00 3.733644700000000398e+02
2.999999999999999889e-01 4.383963819999999956e+00 8.391238633333334462e+01
3.100000019999999967e-01 4.102966379999999802e+00 5.352416866666666806e+01
3.199999980000000077e-01 3.313476960000000027e+00 7.894894200000000239e+01
3.300000000000000155e-01 2.523997999999999742e+00 5.366851666666667597e+01
3.400000020000000234e-01 2.240113599999999927e+00 3.044766533333333314e+01
3.499999979999999788e-01 1.915037719999999943e+00 3.140545266666666535e+01
3.599999999999999867e-01 1.612001059999999875e+00 2.845032833333333500e+01
3.700000019999999945e-01 1.346034639999999838e+00 2.493890633333333540e+01
3.799999980000000055e-01 1.113226419999999939e+00 2.222906900000000263e+01
3.900000000000000133e-01 9.014522140000000849e-01 2.049114000000000146e+01
4.000000020000000212e-01 7.034025739999999471e-01 1.914389200000000102e+01
4.099999979999999766e-01 5.185754200000000091e-01 1.772255233333333635e+01
4.199999999999999845e-01 3.489518759999999942e-01 1.620853706666666838e+01
4.300000019999999368e-01 1.944053759999999909e-01 1.474985520000000250e+01
4.399999980000000033e-01 5.395519039999999156e-02 1.340700039999999937e+01
4.499999999999999556e-01 -7.373515499999999667e-02 1.218748643333333348e+01
4.600000019999999634e-01 -1.897946080000000035e-01 1.107581506666666726e+01
4.699999980000000299e-01 -2.952512820000000038e-01 1.004102469999999947e+01
4.799999999999999822e-01 -3.906151019999999918e-01 9.030414366666667192e+00
4.900000019999999901e-01 -4.758599180000000484e-01 8.005805066666667358e+00
4.999999979999999455e-01 -5.507315519999999021e-01 6.978127500000001149e+00
5.100000000000000089e-01 -6.154224680000000003e-01 5.976443033333334043e+00
5.200000019999999612e-01 -6.702600640000000443e-01 5.039052700000000051e+00
5.299999979999999722e-01 -7.162035220000000368e-01 4.181402433333333057e+00
5.400000000000000355e-01 -7.538877640000000158e-01 3.387610466666666653e+00
5.500000019999999878e-01 -7.839550339999999951e-01 2.657798833333333555e+00
5.599999979999999988e-01 -8.070433919999999706e-01 2.016687999999999814e+00
5.699999999999999512e-01 -8.242887939999999913e-01 1.464506343333333405e+00
5.800000019999999035e-01 -8.363345299999999094e-01 9.685942566666667641e-01
5.899999980000000255e-01 -8.436607139999999783e-01 5.127369966666666112e-01
5.999999999999999778e-01 -8.465884679999998719e-01 1.204850790000000088e-01
6.100000019999999301e-01 -8.460706980000000099e-01 -1.950057799999999897e-01
6.199999980000000521e-01 -8.426889800000000319e-01 -4.824500666666666771e-01
6.300000000000000044e-01 -8.364213480000000089e-01 -7.895225433333333820e-01
6.400000019999999568e-01 -8.268985639999999471e-01 -1.110097136666666762e+00
6.499999980000000788e-01 -8.142199980000000004e-01 -1.421744120000000056e+00
6.600000000000000311e-01 -7.984630539999999499e-01 -1.711261230000000078e+00
6.700000019999999834e-01 -7.799948780000000026e-01 -1.952847133333333485e+00
6.799999979999998834e-01 -7.594064600000000054e-01 -2.130423066666666809e+00
6.899999999999999467e-01 -7.373860679999999501e-01 -2.245918899999999940e+00
7.000000019999998990e-01 -7.144880819999999133e-01 -2.313856600000000263e+00
7.099999979999999100e-01 -6.911089360000000070e-01 -2.378272766666666538e+00
7.199999999999999734e-01 -6.669222780000000350e-01 -2.477485866666666592e+00
7.300000019999999257e-01 -6.415588700000000033e-01 -2.597444633333333641e+00
7.399999979999999367e-01 -6.149737339999999941e-01 -2.697773466666666842e+00
7.500000000000000000e-01 -5.876040980000000191e-01 -2.768762000000000167e+00
7.600000019999999523e-01 -5.595984940000000574e-01 -2.821079433333333331e+00
7.699999979999999633e-01 -5.311818120000000309e-01 -2.861978033333333116e+00
7.800000000000000266e-01 -5.023582360000000691e-01 -2.887256366666666629e+00
7.900000019999999790e-01 -4.734373819999999622e-01 -2.895293133333333824e+00
7.999999979999999900e-01 -4.444527219999999668e-01 -2.884449599999999947e+00
8.100000000000000533e-01 -4.157483900000000232e-01 -2.845364066666666858e+00
8.200000020000000056e-01 -3.875450920000000354e-01 -2.768535366666666775e+00
8.299999979999999056e-01 -3.603773339999999936e-01 -2.660675333333333725e+00
8.399999999999999689e-01 -3.343319339999999973e-01 -2.543627933333333591e+00
8.500000019999999212e-01 -3.095051240000000203e-01 -2.435332066666666684e+00
8.599999979999999322e-01 -2.856249439999999917e-01 -2.343039999999999790e+00
8.699999999999999956e-01 -2.626443240000000401e-01 -2.249980866666666746e+00
8.800000019999999479e-01 -2.406260239999999939e-01 -2.128121866666666584e+00
8.899999979999999589e-01 -2.200815379999999932e-01 -1.975440733333333476e+00
8.999999999999999112e-01 -2.011165119999999973e-01 -1.814757700000000140e+00
9.100000019999999745e-01 -1.837863839999999971e-01 -1.661333906666666804e+00
9.199999979999999855e-01 -1.678903220000000085e-01 -1.521056590000000153e+00
9.299999999999999378e-01 -1.533655660000000087e-01 -1.398969213333333350e+00
9.400000020000000012e-01 -1.399108679999999938e-01 -1.293150623333333415e+00
9.499999980000000122e-01 -1.275021699999999980e-01 -1.190503156666666840e+00
9.599999999999999645e-01 -1.161007699999999920e-01 -1.080382020000000054e+00
9.700000020000000278e-01 -1.058949480000000026e-01 -9.587165300000000112e-01
9.799999979999999278e-01 -9.692643939999999458e-02 -8.299364966666666898e-01
9.899999999999998801e-01 -8.929586940000000528e-02 -7.041567399999999477e-01
1.000000001999999943e+00 -8.284330460000000063e-02 -5.966192233333332817e-01
1.009999997999999843e+00 -7.736351979999998851e-02 -5.143879333333333248e-01
1.020000000000000018e+00 -7.255558080000000520e-02 -4.536066166666666843e-01
1.030000001999999970e+00 -6.829135260000000762e-02 -4.084316200000000507e-01
1.039999997999999870e+00 -6.438694840000000474e-02 -3.772503600000000068e-01
1.050000000000000044e+00 -6.074634539999999167e-02 -3.541215566666666703e-01
1.060000001999999997e+00 -5.730448240000000221e-02 -3.366028000000000353e-01
1.069999997999999897e+00 -5.401428939999999845e-02 -3.260190233333333243e-01
1.080000000000000071e+00 -5.078403220000000245e-02 -3.237282833333333665e-01
1.090000002000000023e+00 -4.753975859999999554e-02 -3.287700033333333383e-01
1.099999997999999923e+00 -4.420866700000000010e-02 -3.392300033333333631e-01
1.110000000000000098e+00 -4.075519340000000046e-02 -3.488584333333333842e-01
1.120000002000000050e+00 -3.723142859999999804e-02 -3.537327933333333507e-01
1.129999997999999950e+00 -3.368057239999999730e-02 -3.592609033333333812e-01
1.139999999999999902e+00 -3.004624539999999761e-02 -3.760300266666667390e-01
1.150000001999999855e+00 -2.615993700000000116e-02 -4.104538866666667118e-01
1.159999997999999977e+00 -2.183723740000000080e-02 -1.137990470000000087e+00
1.169999999999999929e+00 -3.400106680000000280e-03 -1.074771973333333408e+00
1.180000001999999881e+00 -3.417710860000000269e-04 -1.684555106666666691e-01
1.189999998000000003e+00 -3.099507200000000084e-05 -1.708855430000000286e-02
1.199999999999999956e+00 0.000000000000000000e+00 1.088941786666666744e-02
