0.000000000000000000e+00 1.159050570871808077e+03 6.814141349587033574e+02
1.000000200000000089e-02 1.118894045522886017e+03 7.349890934717609525e+03
1.999999800000000147e-02 1.012052752177141997e+03 1.248241387815965572e+04
2.999999999999999889e-02 8.692457679596578828e+02 1.430403810589041677e+04
4.000000199999999978e-02 7.259719900595080162e+02 1.322154267683834769e+04
4.999999799999999689e-02 6.048149144231699665e+02 1.070078782823376059e+04
5.999999999999999778e-02 5.119562334950419995e+02 8.300759935217649399e+03
7.000000199999999173e-02 4.387997157193400426e+02 6.783814810244793989e+03
7.999999800000000272e-02 3.762799372896579939e+02 5.880474193828697025e+03
8.999999999999999667e-02 3.211902318425219960e+02 5.094344610286223542e+03
1.000000019999999906e-01 2.743930450845959967e+02 4.338802845984926535e+03
1.099999979999999877e-01 2.344141749226839977e+02 3.706642378569873472e+03
1.199999999999999956e-01 2.002601975122919953e+02 3.166587238534159951e+03
1.300000020000000034e-01 1.710824301522100086e+02 2.705217745639153691e+03
1.399999979999999866e-01 1.461558426002760029e+02 2.311069457447420064e+03
1.499999999999999944e-01 1.248610410026340105e+02 1.974348292575553387e+03
1.600000020000000023e-01 1.066688767484859994e+02 1.686687160281716842e+03
1.699999979999999855e-01 9.112729779717400902e+01 1.440938048954593569e+03
1.799999999999999933e-01 7.785011576890600793e+01 1.230994407152843451e+03
1.900000019999999734e-01 6.650740965415199923e+01 1.051639403610269937e+03
1.999999979999999844e-01 5.681732769764199986e+01 8.984162956399400173e+02
2.099999999999999922e-01 4.853908374114399749e+01 7.675176847680534138e+02
2.200000019999999723e-01 4.146697400200199723e+01 6.556909077563567507e+02
2.299999980000000110e-01 3.542526558598199671e+01 5.601572120705700399e+02
2.399999999999999911e-01 3.026382976048600071e+01 4.785427074312433433e+02
2.500000019999999989e-01 2.585441143739200243e+01 4.088193776670933630e+02
2.599999980000000099e-01 2.208744220665600011e+01 3.492546871179933419e+02
2.700000000000000178e-01 1.886931769558999861e+01 2.983685293251333519e+02
2.800000019999999701e-01 1.612007162050199938e+01 2.548964482798400013e+02
2.899999979999999811e-01 1.377138872978400030e+01 2.177582183094766890e+02
2.999999999999999889e-01 1.176490725469600029e+01 1.860310018503333538e+02
3.100000019999999967e-01 1.005076869312600074e+01 1.589264181081733511e+02
3.199999980000000077e-01 8.586378892672000163e+00 1.357709528049099958e+02
3.300000000000000155e-01 7.335349636713999644e+00 1.159892222134733402e+02
3.400000020000000234e-01 6.266594447495999809e+00 9.908896925535999856e+01
3.499999979999999788e-01 5.353570251816000436e+00 8.465466923464333604e+01
3.599999999999999867e-01 4.573501062837999953e+00 7.232884916881667436e+01
3.700000019999999945e-01 3.906993268613999870e+00 6.178273143618000063e+01
3.799999980000000055e-01 3.337846434742000046e+00 5.272704086478999841e+01
3.900000000000000133e-01 2.852452450586000054e+00 4.495154728934333832e+01
4.000000020000000212e-01 2.438815488990000002e+00 3.834849598081333255e+01
4.099999979999999766e-01 2.085482530899999798e+00 3.289969914001333251e+01
4.199999999999999845e-01 1.780821506120000119e+00 2.861800989465333345e+01
4.300000019999999368e-01 1.513122333773999850e+00 2.544600855589333577e+01
4.399999980000000033e-01 1.271901334514000004e+00 2.318810686817333533e+01
4.499999999999999556e-01 1.049360196550000124e+00 2.153626557537999986e+01
4.600000019999999634e-01 8.411760236340000141e-01 2.017522609675999945e+01
4.699999980000000299e-01 6.458556737779999057e-01 1.887804365945333274e+01
4.799999999999999822e-01 4.636151501659999674e-01 1.754714099240000280e+01
4.900000019999999901e-01 2.949128539299999963e-01 1.618743495981000180e+01
4.999999979999999455e-01 1.398664506559999798e-01 1.483954031912333527e+01
5.100000000000000089e-01 -1.877951790000000195e-03 1.352281349385000020e+01
5.200000019999999612e-01 -1.305898186980000153e-01 1.223445242432333480e+01
5.299999979999999722e-01 -2.465670006599999797e-01 1.097767518881666682e+01
5.400000000000000355e-01 -3.501433223000000039e-01 9.765457276120001140e+00
5.500000019999999878e-01 -4.418761457639999723e-01 8.611732771263334030e+00
5.599999979999999988e-01 -5.223779783179999248e-01 7.519635237463333510e+00
5.699999999999999512e-01 -5.922688511059999161e-01 6.477168731806667523e+00
5.800000019999999035e-01 -6.519213524659999148e-01 5.471225429070000423e+00
5.899999980000000255e-01 -7.016933597919999821e-01 4.511226365346667322e+00
5.999999999999999778e-01 -7.421458805399999692e-01 3.620532756453333612e+00
6.100000019999999301e-01 -7.741040141539999864e-01 2.817481554203333349e+00
6.199999980000000521e-01 -7.984955113799999671e-01 2.097311791970000172e+00
6.300000000000000044e-01 -8.160502500979999185e-01 1.439215332480000109e+00
6.400000019999999568e-01 -8.272798174020000728e-01 8.216007831999999622e-01
6.499999980000000788e-01 -8.324822657620000177e-01 2.412588574866666724e-01
6.600000000000000311e-01 -8.321049955279999910e-01 -2.857496324300000112e-01
6.700000019999999834e-01 -8.267672732180000317e-01 -7.408229485533334158e-01
6.799999979999998834e-01 -8.172885362779999108e-01 -1.122176653236666599e+00
6.899999999999999467e-01 -8.043237407459999933e-01 -1.443128843853333398e+00
7.000000019999998990e-01 -7.884259591219999752e-01 -1.720847783389999996e+00
7.099999979999999100e-01 -7.699067843460000171e-01 -1.965400963833333403e+00
7.199999999999999734e-01 -7.491179401940000204e-01 -2.176046446923333377e+00
7.300000019999999257e-01 -7.263858560700000577e-01 -2.349862203766666990e+00
7.399999979999999367e-01 -7.021206957699999140e-01 -2.491218098103333389e+00
7.500000000000000000e-01 -6.765614933060000169e-01 -2.607164832400000076e+00
7.600000019999999523e-01 -6.499773991220000324e-01 -2.701237246853333218e+00
7.699999979999999633e-01 -6.225367491359999894e-01 -2.778545149090000166e+00
7.800000000000000266e-01 -5.944064964540000107e-01 -2.845924626783333355e+00
7.900000019999999790e-01 -5.656182564260000545e-01 -2.903534124526666371e+00
7.999999979999999900e-01 -5.363358138239999739e-01 -2.941217852243333652e+00
8.100000000000000533e-01 -5.067938994160000599e-01 -2.951054990623333651e+00
8.200000020000000056e-01 -4.773147136279999869e-01 -2.935371299746666551e+00
8.299999979999999056e-01 -4.480864737000000431e-01 -2.898366657893333365e+00
8.399999999999999689e-01 -4.193473810280000103e-01 -2.838193201463333537e+00
8.500000019999999212e-01 -3.913226090780000388e-01 -2.754142037080000271e+00
8.599999979999999322e-01 -3.642645398680000035e-01 -2.651113655566666782e+00
8.699999999999999956e-01 -3.383003356179999921e-01 -2.536622995110000112e+00
8.800000019999999479e-01 -3.135320796520000286e-01 -2.417569551903333558e+00
8.899999979999999589e-01 -2.899489448239999656e-01 -2.299195218966666676e+00
8.999999999999999112e-01 -2.675481759700000239e-01 -2.181723720009999923e+00
9.100000019999999745e-01 -2.463144711559999978e-01 -2.063278175393333580e+00
9.199999979999999855e-01 -2.262826119739999864e-01 -1.942960660363333369e+00
9.299999999999999378e-01 -2.074552573559999835e-01 -1.818740949936666906e+00
9.400000020000000012e-01 -1.899077935679999996e-01 -1.685966647056666767e+00
9.499999980000000122e-01 -1.737359243799999897e-01 -1.544958214743333391e+00
9.599999999999999645e-01 -1.590086293079999991e-01 -1.404285823876666894e+00
9.700000020000000278e-01 -1.456502082860000047e-01 -1.273703767893333394e+00
9.799999979999999278e-01 -1.335345534619999941e-01 -1.156808752659999939e+00
9.899999999999998801e-01 -1.225140334419999866e-01 -1.053011697126666757e+00
1.000000001999999943e+00 -1.124743193799999930e-01 -9.595776285800000638e-01
1.009999997999999843e+00 -1.033224804519999873e-01 -8.728384098133333824e-01
1.020000000000000018e+00 -9.501755111399999565e-02 -7.903974665466667604e-01
1.030000001999999970e+00 -8.751453139999999797e-02 -7.139527095633333431e-01
1.039999997999999870e+00 -8.073849737600000132e-02 -6.476326956333333662e-01
1.050000000000000044e+00 -7.456187678999999513e-02 -5.946847317566666957e-01
1.060000001999999997e+00 -6.884480270599999119e-02 -5.549918629300000239e-01
1.069999997999999897e+00 -6.346203963600000053e-02 -5.251472898166666958e-01
1.080000000000000071e+00 -5.834185708399999837e-02 -5.009238823499999604e-01
1.090000002000000023e+00 -5.344356251199999797e-02 -4.771433774333333488e-01
1.099999997999999923e+00 -4.879898883800000420e-02 -4.546057802733333708e-01
1.110000000000000098e+00 -4.435144704599999765e-02 -4.502924667800000669e-01
1.120000002000000050e+00 -3.979314013000000150e-02 -4.874585709366666686e-01
1.129999997999999950e+00 -3.460227517399999675e-02 -5.691019461766666510e-01
1.139999999999999902e+00 -2.841110054400000293e-02 -6.662863989099999662e-01
1.150000001999999855e+00 -2.127654688200000116e-02 -7.280165264866665931e-01
1.159999997999999977e+00 -1.385077008399999976e-02 -6.982641024866667046e-01
1.169999999999999929e+00 -7.311264902000000343e-03 -5.548743552900000653e-01
1.180000001999999881e+00 -2.753283292000000167e-03 -3.389652764233333504e-01
1.189999998000000003e+00 -5.319600359999999062e-04 -1.436091160599999861e-01
1.199999999999999956e+00 1.188988200000000022e-04 1.343737275333333446e-02
