0.000000000000000000e+00 3.556029753168296535e+06 3.750421736699877381e+08
1.000000000000000021e-02 1.238294609211912379e+06 1.306649270108899921e+08
2.000000000000000042e-02 4.308996620851279586e+05 4.550772725011517107e+07
2.999999999999999889e-02 1.497639891874120221e+05 1.583988298840292729e+07
4.000000000000000083e-02 5.194584147395120090e+04 5.507800988556107506e+06
5.000000000000000278e-02 1.795453857110482568e+04 1.911852402391429991e+06
5.999999999999999778e-02 6.168450272838819728e+03 6.616806269362256862e+05
7.000000000000000666e-02 2.096990700588125947e+03 2.278438785116472282e+05
8.000000000000000167e-02 6.995594975203691774e+02 7.776635726044353214e+04
8.999999999999999667e-02 2.253097147762253201e+02 2.613057140598421756e+04
1.000000000000000056e-01 6.759130225570991968e+01 8.531694565226142004e+03
1.100000000000000006e-01 1.709792005424432304e+01 2.633394115867846267e+03
1.199999999999999956e-01 2.144244564368415151e+00 7.168733638319555439e+02
1.300000000000000044e-01 -1.505369680923082765e+00 1.311745616147781845e+02
1.400000000000000133e-01 -1.854802309356058831e+00 -2.436305688795513902e+01
1.499999999999999944e-01 -1.431817439116171320e+00 -4.987235542842552150e+01
1.600000000000000033e-01 -9.627288770658050110e-01 -4.181525563768743581e+01
1.700000000000000122e-01 -6.093143800915902242e-01 -2.899994199884809376e+01
1.799999999999999933e-01 -3.740038613358636632e-01 -1.862476505700806229e+01
1.900000000000000022e-01 -2.257848823648936909e-01 -1.152007752385541117e+01
2.000000000000000111e-01 -1.350372661382296668e-01 -6.984134728825072358e+00
2.099999999999999922e-01 -8.033062413793883028e-02 -4.187123885439540949e+00
2.200000000000000011e-01 -4.763809627890515375e-02 -2.494286364387979127e+00
2.300000000000000100e-01 -2.819912716072841066e-02 -1.480372320580357393e+00
2.399999999999999911e-01 -1.667446647139364177e-02 -8.767143156420835748e-01
2.500000000000000000e-01 -9.853592533688539101e-03 -5.185556609866345257e-01
2.600000000000000089e-01 -5.820710688584078418e-03 -3.064850406414292849e-01
2.700000000000000178e-01 -3.437655413436655101e-03 -1.810642441666582558e-01
2.800000000000000266e-01 -2.029983777391095902e-03 -1.069408908742359998e-01
2.899999999999999800e-01 -1.198642531361796123e-03 -6.315222294846081774e-02
2.999999999999999889e-01 -7.077294319022481642e-04 -3.729017202372553186e-02
3.099999999999999978e-01 -4.178623986008937925e-04 -2.201795871045451186e-02
3.200000000000000067e-01 -2.467132748637678352e-04 -1.300008212219515812e-02
3.300000000000000155e-01 -1.456624875831376992e-04 -7.675507423788185783e-03
3.400000000000000244e-01 -8.600041615930096586e-05 -4.531722920954227123e-03
3.500000000000000333e-01 -5.077523962234175875e-05 -2.675572954962113052e-03
3.599999999999999867e-01 -2.997799501051548674e-05 -1.579678078841242504e-03
3.699999999999999956e-01 -1.769916165046855184e-05 -9.326515331761758973e-04
3.800000000000000044e-01 -1.044966866423439935e-05 -5.506423989650380399e-04
3.900000000000000133e-01 -6.169531333260643917e-06 -3.251019303216058881e-04
4.000000000000000222e-01 -3.642518177682437121e-06 -1.919416600701530471e-04
4.100000000000000311e-01 -2.150558307359077444e-06 -1.133231991666376761e-04
4.199999999999999845e-01 -1.269698717900379081e-06 -6.690650373661837609e-05
4.299999999999999933e-01 -7.496354560172953162e-07 -3.950188353858913402e-05
4.400000000000000022e-01 -4.425879093901401791e-07 -2.332207824597745107e-05
4.500000000000000111e-01 -2.613057489647786099e-07 -1.376945266707730741e-05
4.600000000000000200e-01 -1.542760033066007364e-07 -8.129542360380166360e-06
4.700000000000000289e-01 -9.108519484460527174e-08 -4.799715705624480631e-06
4.799999999999999822e-01 -5.377707818263317844e-08 -2.833772145602508030e-06
4.899999999999999911e-01 -3.175021074455650299e-08 -1.673070871962968910e-06
5.000000000000000000e-01 -1.874545652516098304e-08 -9.877880055687914077e-07
5.100000000000000089e-01 -1.106739551798954492e-08 -5.831941485109443905e-07
5.200000000000000178e-01 -6.534236354091431397e-09 -3.443202515696318402e-07
5.300000000000000266e-01 -3.857840324876847373e-09 -2.032881089180060050e-07
5.400000000000000355e-01 -2.277684975501755632e-09 -1.200221451602211632e-07
5.500000000000000444e-01 -1.344754684046869371e-09 -7.086157376872953145e-08
5.600000000000000533e-01 -7.939487592116973840e-10 -4.183696791763860818e-08
5.700000000000000622e-01 -4.687506499981407667e-10 -2.470071988733664139e-08
5.799999999999999600e-01 -2.767523335989338454e-10 -1.458340776827604020e-08
5.899999999999999689e-01 -1.633957289487784262e-10 -8.610104608344991026e-09
5.999999999999999778e-01 -9.646951803929368700e-11 -5.083441575775004190e-09
6.099999999999999867e-01 -5.695600472896877012e-11 -3.001285051645606508e-09
6.199999999999999956e-01 -3.362706210844805850e-11 -1.771971178761817657e-09
6.300000000000000044e-01 -1.985355734526904202e-11 -1.046179154703423965e-09
6.400000000000000133e-01 -1.172162284027089785e-11 -6.176685246647893409e-10
6.500000000000000222e-01 -6.920494882608052770e-12 -3.646740662400174672e-10
6.600000000000000311e-01 -4.085888965446781129e-12 -2.153050856203691781e-10
6.700000000000000400e-01 -2.412325841019296160e-12 -1.271170181415367747e-10
6.800000000000000488e-01 -1.424247210940202443e-12 -7.505041627156134949e-11
6.900000000000000577e-01 -8.408814776919699321e-13 -4.431007794929954097e-11
7.000000000000000666e-01 -4.964599221919053350e-13 -2.616085433515262220e-11
7.099999999999999645e-01 -2.931120031556661614e-13 -1.544547721915871683e-11
7.199999999999999734e-01 -1.730545459029331084e-13 -9.119073997785484145e-12
7.299999999999999822e-01 -1.021721237453569914e-13 -5.383939220339329331e-12
7.399999999999999911e-01 -6.032284685830705146e-14 -3.178700110926518945e-12
7.500000000000000000e-01 -3.561485970635022133e-14 -1.876717767732777700e-12
7.600000000000000089e-01 -2.102716131555282470e-14 -1.108021976535968665e-12
7.700000000000000178e-01 -1.241452350608153440e-14 -6.541807839171500721e-13
7.800000000000000266e-01 -7.329586317914206723e-15 -3.862310559799301395e-13
7.900000000000000355e-01 -4.327418250522284234e-15 -2.280324220319262428e-13
8.000000000000000444e-01 -2.554925735601731525e-15 -1.346312904999760132e-13
8.100000000000000533e-01 -1.508438781865426222e-15 -7.948687392861713025e-14
8.200000000000000622e-01 -8.905885313726175908e-16 -4.692938100407643515e-14
8.300000000000000711e-01 -5.258071734482864154e-16 -2.770730175404303607e-14
8.399999999999999689e-01 -3.104387423713671588e-16 -1.635850620793223615e-14
8.499999999999999778e-01 -1.832843248088430061e-16 -9.658130110627154474e-15
8.599999999999999867e-01 -1.082118277635822579e-16 -5.702200191639239758e-15
8.699999999999999956e-01 -6.388871323364921964e-17 -3.366602712232377974e-15
8.800000000000000044e-01 -3.772016204706550374e-17 -1.987656245150551268e-15
8.900000000000000133e-01 -2.227014057480653883e-17 -1.173520515067315367e-15
9.000000000000000222e-01 -1.314838363108866630e-17 -6.928513935162651019e-16
9.100000000000000311e-01 -7.762860388310871841e-18 -4.090623447429841933e-16
9.200000000000000400e-01 -4.583225063947758707e-18 -2.415121098875293580e-16
9.300000000000000488e-01 -2.705955142311871343e-18 -1.425897542805457992e-16
9.400000000000000577e-01 -1.597607171814751148e-18 -8.418558404899382579e-17
9.500000000000000666e-01 -9.432339197069218186e-19 -4.970351900407998760e-17
9.599999999999999645e-01 -5.568892297066210527e-19 -2.934516436865516123e-17
9.699999999999999734e-01 -3.287897176763878944e-19 -1.732550710851467732e-17
9.799999999999999822e-01 -1.941188169623413351e-19 -1.022905146470471482e-17
9.899999999999999911e-01 -1.146085569985728900e-19 -6.039274533912787527e-18
1.000000000000000000e+00 -6.766536878206566060e-20 -3.565612806017921974e-18
1.010000000000000009e+00 -3.994991519237048678e-20 -2.105152632331484505e-18
1.020000000000000018e+00 -2.358659610676066022e-20 -1.242890870801382563e-18
1.030000000000000027e+00 -1.392562445313283093e-20 -7.338079400972260896e-19
1.040000000000000036e+00 -8.221746602686199510e-21 -4.332432602087907788e-19
1.050000000000000044e+00 -4.854153393715484417e-21 -2.557886229623962454e-19
1.060000000000000053e+00 -2.865912355170511513e-21 -1.510186669850734668e-19
1.070000000000000062e+00 -1.692046575650580573e-21 -8.916204917097186803e-20
1.080000000000000071e+00 -9.989913365653277887e-22 -5.264164471238921919e-20
1.090000000000000080e+00 -5.898086405504895803e-22 -3.107984600838004434e-20
1.100000000000000089e+00 0.000000000000000000e+00 -1.834967036425591117e-20
1.110000000000000098e+00 0.000000000000000000e+00 -1.083372171104273189e-20
1.120000000000000107e+00 0.000000000000000000e+00 -6.396274362560083400e-21
1.130000000000000115e+00 0.000000000000000000e+00 -3.776386989841337121e-21
1.140000000000000124e+00 0.000000000000000000e+00 -2.229594587205131666e-21
1.150000000000000133e+00 0.000000000000000000e+00 -1.316361918592267638e-21
1.159999999999999920e+00 0.000000000000000000e+00 -7.771855523259374881e-22
1.169999999999999929e+00 0.000000000000000000e+00 -4.588535829037859411e-22
1.179999999999999938e+00 0.000000000000000000e+00 -2.709090640111927717e-22
1.189999999999999947e+00 0.000000000000000000e+00 -1.599458382758440015e-22
1.199999999999999956e+00 0.000000000000000000e+00 -9.443268823484430926e-23
