0.000000000000000000e+00 5.359624130017102289e+03 2.666449241414149874e+05
1.000000000000000021e-02 3.245212502187715927e+03 1.643253053798065521e+05
2.000000000000000042e-02 1.944684123201003786e+03 1.008214550752912328e+05
2.999999999999999889e-02 1.148772549502825768e+03 6.149940243010553968e+04
4.000000000000000083e-02 6.649139259146677432e+02 3.722357645204616711e+04
5.000000000000000278e-02 3.733765781141020739e+02 2.229479086746260873e+04
5.999999999999999778e-02 1.998474860357823104e+02 1.316071868612353319e+04
7.000000000000000666e-02 9.830947120941388562e+01 7.609628394164949896e+03
8.000000000000000167e-02 4.035180521487624361e+01 4.266408503300777738e+03
8.999999999999999667e-02 8.501593950690057966e+00 2.277650759503631889e+03
1.000000000000000056e-01 -7.932866517608891499e+00 1.114953303275766530e+03
1.100000000000000006e-01 -1.545013205815240198e+01 4.521303015171453694e+02
1.199999999999999956e-01 -1.796473027095516883e+01 8.861118845914327835e+01
1.300000000000000044e-01 -1.780583073407815675e+01 -9.830373898440366531e+01
1.400000000000000133e-01 -1.633561539109778593e+01 -1.831687640270532142e+02
1.499999999999999944e-01 -1.433102424777737838e+01 -2.108733648474404561e+02
1.600000000000000033e-01 -1.221850692995820609e+01 -2.081108827833768942e+02
1.700000000000000122e-01 -1.021764674794341587e+01 -1.904790672315184565e+02
1.799999999999999933e-01 -8.428440306037394691e+00 -1.668629105705832671e+02
1.900000000000000022e-01 -6.883858209716689380e+00 -1.421293364181699133e+02
2.000000000000000111e-01 -5.581107678986063192e+00 -1.187754407591531987e+02
2.099999999999999922e-01 -4.499906599994886847e+00 -9.792979246756901546e+01
2.200000000000000011e-01 -3.612898394930640134e+00 -7.995516052794771156e+01
2.300000000000000100e-01 -2.891361630666759552e+00 -6.480679132776481310e+01
2.399999999999999911e-01 -2.308143692410201897e+00 -5.224165135990212860e+01
2.500000000000000000e-01 -1.838990734666167581e+00 -4.193752567550772881e+01
2.600000000000000089e-01 -1.462979641328809421e+00 -3.355817541246246094e+01
2.700000000000000178e-01 -1.162471603869071002e+00 -2.678669534333310409e+01
2.800000000000000266e-01 -9.228324652988149079e-01 -2.134051932212632963e+01
2.899999999999999800e-01 -7.320594377693570021e-01 -1.697616633396626185e+01
2.999999999999999889e-01 -5.803906350746318443e-01 -1.348853588300472417e+01
3.099999999999999978e-01 -4.599366115958315460e-01 -1.070755964997638543e+01
3.200000000000000067e-01 -3.643515928461622533e-01 -8.493805830104969701e+00
3.300000000000000155e-01 -2.885500521727919487e-01 -6.733908433991746101e+00
3.400000000000000244e-01 -2.284678895309293634e-01 -5.336267125686451784e+00
3.500000000000000333e-01 -1.808643582241941383e-01 -4.227217073239983414e+00
3.599999999999999867e-01 -1.431596468363305619e-01 -3.347730846485349687e+00
3.699999999999999956e-01 -1.133028082789764163e-01 -2.650641497533744673e+00
3.800000000000000044e-01 -8.966503610824153037e-02 -2.098340713796481793e+00
3.900000000000000133e-01 -7.095383161820058293e-02 -1.660892085631932025e+00
4.000000000000000222e-01 -5.614422253017375269e-02 -1.314497360028969775e+00
4.100000000000000311e-01 -4.442379978179475386e-02 -1.040257332357653164e+00
4.199999999999999845e-01 -3.514889151403081946e-02 -8.231754600608998107e-01
4.299999999999999933e-01 -2.780967647579929425e-02 -6.513595240557776833e-01
4.400000000000000022e-01 -2.200245003286082496e-02 -5.153837406308868774e-01
4.500000000000000111e-01 -1.740759909135196348e-02 -4.077801689339434210e-01
4.600000000000000200e-01 -1.377212496322593495e-02 -3.226338837149284600e-01
4.700000000000000289e-01 -1.089578391391369562e-02 -2.552611631095239031e-01
4.799999999999999822e-01 -8.620102066394113444e-03 -2.019539296819682361e-01
4.899999999999999911e-01 -6.819671984254552233e-03 -1.597769676932629945e-01
5.000000000000000000e-01 -5.395259165330528253e-03 -1.264071191838652408e-01
5.100000000000000089e-01 -4.268343412472445052e-03 -1.000058320526284183e-01
5.200000000000000178e-01 -3.376797253696416697e-03 -7.911818223571087660e-02
5.300000000000000266e-01 -2.671465086445265914e-03 -6.259289554893333885e-02
5.400000000000000355e-01 -2.113455641516861529e-03 -4.951901748606843401e-02
5.500000000000000444e-01 -1.671999230277940998e-03 -3.917577525367926111e-02
5.600000000000000533e-01 -1.322752091827445776e-03 -3.099289002247613070e-02
5.700000000000000622e-01 -1.046454630141142438e-03 -2.451916504138928685e-02
5.799999999999999600e-01 -8.278697332028858409e-04 -1.939762625758436471e-02
5.899999999999999689e-01 -6.549427408137556547e-04 -1.534585007028080317e-02
5.999999999999999778e-01 -5.181368068744188291e-04 -1.214039680069639235e-02
6.099999999999999867e-01 -4.099070469995530030e-04 -9.604493568950952728e-03
6.199999999999999956e-01 -3.242844989335488684e-04 -7.598288648367802940e-03
6.300000000000000044e-01 -2.565469685909327400e-04 -6.011140669744378766e-03
6.400000000000000133e-01 -2.029586195686597946e-04 -4.755517949191113633e-03
6.500000000000000222e-01 -1.605639510180684550e-04 -3.762171811591093293e-03
6.600000000000000311e-01 -1.270248057116475963e-04 -2.976317918303276761e-03
6.700000000000000400e-01 -1.004914216730553976e-04 -2.354615122009931678e-03
6.800000000000000488e-01 -7.950041727257531950e-05 -1.862775307441055794e-03
6.900000000000000577e-01 -6.289408448135824043e-05 -1.473672446064884555e-03
7.000000000000000666e-01 -4.975653976717990930e-05 -1.165846606324069407e-03
7.099999999999999645e-01 -3.936321160138573494e-05 -9.223204316773461232e-04
7.199999999999999734e-01 -3.114087893647460368e-05 -7.296628245430819863e-04
7.299999999999999822e-01 -2.463605682860327465e-05 -5.772482035688552811e-04
7.399999999999999911e-01 -1.948998568499125207e-05 -4.566704850903009934e-04
7.500000000000000000e-01 -1.541884478563870076e-05 -3.612794712578300087e-04
7.600000000000000089e-01 -1.219809883794472640e-05 -2.858140772230221508e-04
7.700000000000000178e-01 -9.650114256188996965e-06 -2.261121700015452773e-04
7.800000000000000266e-01 -7.634362183091421804e-06 -1.788810165302936648e-04
7.900000000000000355e-01 -6.039667931063247728e-06 -1.415156809255475445e-04
8.000000000000000444e-01 -4.778079383074602750e-06 -1.119553553098470635e-04
8.100000000000000533e-01 -3.780016181117932774e-06 -8.856970061184338717e-05
8.200000000000000622e-01 -2.990432168006526389e-06 -7.006892881234483305e-05
8.300000000000000711e-01 -2.365779431257417865e-06 -5.543266747725636217e-05
8.399999999999999689e-01 -1.871606507972092700e-06 -4.385368328971722831e-05
8.499999999999999778e-01 -1.480658285136669240e-06 -3.469336079467608521e-05
8.599999999999999867e-01 -1.171372799537034164e-06 -2.744648089345141072e-05
8.699999999999999956e-01 -9.266920315420164398e-07 -2.171335652808687274e-05
8.800000000000000044e-01 -7.331211046198314179e-07 -1.717778876211839296e-05
8.900000000000000133e-01 -5.799840027166049558e-07 -1.358962747400260696e-05
9.000000000000000222e-01 -4.588347561392709378e-07 -1.075097483597561461e-05
9.100000000000000311e-01 -3.629916211168083320e-07 -8.505270660599451561e-06
9.200000000000000400e-01 -2.871685616698090555e-07 -6.728657640239635067e-06
9.300000000000000488e-01 -2.271837089235697633e-07 -5.323150247235923835e-06
9.400000000000000577e-01 -1.797287185311606403e-07 -4.211230539565187333e-06
9.500000000000000666e-01 -1.421863055827870116e-07 -3.331572814749466462e-06
9.599999999999999645e-01 -1.124858935083892952e-07 -2.635661314026068795e-06
9.699999999999999734e-01 -8.898941558004709050e-08 -2.085114433132210304e-06
9.799999999999999822e-01 -7.040097062616777608e-08 -1.649567861974824851e-06
9.899999999999999911e-01 -5.569535020019213013e-08 -1.304999902034761029e-06
1.000000000000000000e+00 -4.406149526349929295e-08 -1.032406597766541903e-06
1.010000000000000009e+00 -3.485776384944275011e-08 -8.167536115355647722e-07
1.020000000000000018e+00 -2.757654258633088586e-08 -6.461470348641318820e-07
1.030000000000000027e+00 -2.181625029891091116e-08 -5.111774037475641259e-07
1.040000000000000036e+00 -1.725918960315028770e-08 -4.044007385228874393e-07
1.050000000000000044e+00 -1.365402494343637632e-08 -3.199279860858729744e-07
1.060000000000000053e+00 -1.080192068346114825e-08 -2.531002209657040240e-07
1.070000000000000062e+00 -8.545574724976395313e-09 -2.002316916240054731e-07
1.080000000000000071e+00 -6.760542825637702045e-09 -1.584065402120781465e-07
1.090000000000000080e+00 -5.348375126071189989e-09 -1.253179842720480890e-07
1.100000000000000089e+00 0.000000000000000000e+00 -9.914109077097362018e-08
1.110000000000000098e+00 0.000000000000000000e+00 -7.843212557471290088e-08
1.120000000000000107e+00 0.000000000000000000e+00 -6.204892718345263424e-08
1.130000000000000115e+00 0.000000000000000000e+00 -4.908791310181199504e-08
1.140000000000000124e+00 0.000000000000000000e+00 -3.883424455605985889e-08
1.150000000000000133e+00 0.000000000000000000e+00 -3.072240099325803549e-08
1.159999999999999920e+00 0.000000000000000000e+00 -2.430498992779759971e-08
1.169999999999999929e+00 0.000000000000000000e+00 -1.922807190489561877e-08
1.179999999999999938e+00 0.000000000000000000e+00 -1.521163967883536985e-08
1.189999999999999947e+00 0.000000000000000000e+00 -1.203417497412062879e-08
1.199999999999999956e+00 0.000000000000000000e+00 -9.520431088644349068e-09
