0.000000000000000000e+00 2.786369612134815270e+03 1.246936168683687720e+05
1.000000000000000021e-02 1.773006582268722696e+03 8.103792317366009229e+04
2.000000000000000042e-02 1.115744078874152365e+03 5.242886730040690600e+04
2.999999999999999889e-02 6.916084308981731965e+02 3.372321580377760984e+04
4.000000000000000083e-02 4.197043613900042374e+02 2.152794190239435920e+04
5.000000000000000278e-02 2.468879438083563116e+02 1.360609316187540935e+04
5.999999999999999778e-02 1.383045711131231315e+02 8.484076426262938185e+03
7.000000000000000666e-02 7.114236758479349021e+01 5.192127505479627871e+03
8.000000000000000167e-02 3.051033669354642797e+01 3.092838356398416636e+03
8.999999999999999667e-02 6.720146918282311255e+00 1.767897457292816625e+03
1.000000000000000056e-01 -6.505114855894338355e+00 9.433076712507506727e+02
1.100000000000000006e-01 -1.321026179306331372e+01 4.400317491843892981e+02
1.199999999999999956e-01 -1.598356675125907245e+01 1.414374522764634605e+02
1.300000000000000044e-01 -1.646607861014031471e+01 -2.816143256026011699e+01
1.400000000000000133e-01 -1.568550707995497362e+01 -1.176381261784729304e+02
1.499999999999999944e-01 -1.427462126716426738e+01 -1.583512194604871866e+02
1.600000000000000033e-01 -1.261371212330159786e+01 -1.702542579500086504e+02
1.700000000000000122e-01 -1.092319646775751529e+01 -1.659035928575540311e+02
1.799999999999999933e-01 -9.323543809751351219e+00 -1.530821726633647870e+02
1.900000000000000022e-01 -7.873834919739697291e+00 -1.365128665950972788e+02
2.000000000000000111e-01 -6.596387008708142652e+00 -1.189736603459978710e+02
2.099999999999999922e-01 -5.492326174397804017e+00 -1.020205692910859199e+02
2.200000000000000011e-01 -4.551305119771376084e+00 -8.645380920092360100e+01
2.300000000000000100e-01 -3.757456742632339530e+00 -7.261637311580192033e+01
2.399999999999999911e-01 -3.092946268144666888e+00 -6.058356965379751102e+01
2.500000000000000000e-01 -2.540006839046048182e+00 -5.028191765105256650e+01
2.600000000000000089e-01 -2.082030510820931823e+00 -4.156251889903636254e+01
2.700000000000000178e-01 -1.704082070261853765e+00 -3.424530190405359775e+01
2.800000000000000266e-01 -1.393069834885274805e+00 -2.814479731190018441e+01
2.899999999999999800e-01 -1.137721095024567752e+00 -2.308434782919549377e+01
2.999999999999999889e-01 -9.284539917998069214e-01 -1.890319744951250414e+01
3.099999999999999978e-01 -7.572017642907673540e-01 -1.545930142147582131e+01
3.200000000000000067e-01 -6.172224707724263126e-01 -1.262965617426361220e+01
3.300000000000000155e-01 -5.029129143066991547e-01 -1.030927396983985744e+01
3.400000000000000244e-01 -4.096365852616802306e-01 -8.409493099504881997e+00
3.500000000000000333e-01 -3.335700151097827360e-01 -6.856037306519205288e+00
3.599999999999999867e-01 -2.715687428861154329e-01 -5.587062865555111557e+00
3.699999999999999956e-01 -2.210523017601676854e-01 -4.551322390644118698e+00
3.800000000000000044e-01 -1.799067053511313463e-01 -3.706507446960112695e+00
3.900000000000000133e-01 -1.464025102304337134e-01 -3.017792071781327579e+00
4.000000000000000222e-01 -1.191264356281948739e-01 -2.456576406964734449e+00
4.100000000000000311e-01 -9.692459755747519223e-02 -1.999417372283265992e+00
4.199999999999999845e-01 -7.885557829915747219e-02 -1.627127530977872993e+00
4.299999999999999933e-01 -6.415175267427604411e-02 -1.324021380628842337e+00
4.400000000000000022e-01 -5.218750012625442136e-02 -1.077288582190282673e+00
4.500000000000000111e-01 -4.245312994349576680e-02 -8.764750847657915012e-01
4.600000000000000200e-01 -3.453352773584760643e-02 -7.130550840169302962e-01
4.700000000000000289e-01 -2.809069121150236520e-02 -5.800788954871534120e-01
4.799999999999999822e-01 -2.284946191191783785e-02 -4.718839198594300122e-01
4.899999999999999911e-01 -1.858587794432594448e-02 -3.838578148675658719e-01
5.000000000000000000e-01 -1.511767277035739286e-02 -3.122447188415135022e-01
5.100000000000000089e-01 -1.229652892931495586e-02 -2.539868802056068908e-01
5.200000000000000178e-01 -1.000176538341789392e-02 -2.065953423685051304e-01
5.300000000000000266e-01 -8.135195032179033323e-03 -1.680444314838122344e-01
5.400000000000000355e-01 -6.616936718448509364e-03 -1.366857171929325432e-01
5.500000000000000444e-01 -5.382005379833266004e-03 -1.111778864284913987e-01
5.600000000000000533e-01 -4.377536302196709944e-03 -9.042960953852340056e-02
5.700000000000000622e-01 -3.560525912653757404e-03 -7.355300642391013333e-02
5.799999999999999600e-01 -2.895993224563688309e-03 -5.982575584091216758e-02
5.899999999999999689e-01 -2.355483767098517749e-03 -4.866024894538950596e-02
5.999999999999999778e-01 -1.915852304563005898e-03 -3.957848175036102201e-02
6.099999999999999867e-01 -1.558272461613449157e-03 -3.219162160285025248e-02
6.199999999999999956e-01 -1.267431003235103444e-03 -2.618337942746232563e-02
6.300000000000000044e-01 -1.030872370481259338e-03 -2.129648013987819194e-02
6.400000000000000133e-01 -8.384654710176337941e-04 -1.732165477747617949e-02
6.500000000000000222e-01 -6.819699349728684844e-04 -1.408868487436524403e-02
6.600000000000000311e-01 -5.546832903726750573e-04 -1.145911682820306525e-02
6.700000000000000400e-01 -4.511539674458604917e-04 -9.320335084170610490e-03
6.800000000000000488e-01 -3.669478534316842721e-04 -7.580740863796868109e-03
6.900000000000000577e-01 -2.984584083980053901e-04 -6.165830321431284115e-03
7.000000000000000666e-01 -2.427522152088519558e-04 -5.015004404649693950e-03
7.099999999999999645e-01 -1.974433523913126092e-04 -4.078973948630047405e-03
7.199999999999999734e-01 -1.605912117994225585e-04 -3.317648972256848679e-03
7.299999999999999822e-01 -1.306173862355946950e-04 -2.698421845067428253e-03
7.399999999999999911e-01 -1.062380683811081709e-04 -2.194770839271233207e-03
7.500000000000000000e-01 -8.640906636038783934e-05 -1.785124287136133575e-03
7.600000000000000089e-01 -7.028108138894758358e-05 -1.451936715232536850e-03
7.700000000000000178e-01 -5.716333232057681999e-05 -1.180937399088664201e-03
7.800000000000000266e-01 -4.649396930400113536e-05 -9.605191620566823742e-04
7.900000000000000355e-01 -3.781600947057318885e-05 -7.812412458987472294e-04
8.000000000000000444e-01 -3.075776404088415976e-05 -6.354249643743899081e-04
8.100000000000000533e-01 -2.501691857898617291e-05 -5.168248237633246266e-04
8.200000000000000622e-01 -2.034758457061873845e-05 -4.203610257054973104e-04
8.300000000000000711e-01 -1.654976775349496174e-05 -3.419018962322972841e-04
8.399999999999999689e-01 -1.346080213117147011e-05 -2.780869228767804012e-04
8.499999999999999778e-01 -1.094838278882546230e-05 -2.261828207913552493e-04
8.599999999999999867e-01 -8.904899104135891399e-06 -1.839664633086278520e-04
8.699999999999999956e-01 -7.242825641558059692e-06 -1.496296629100211744e-04
8.800000000000000044e-01 -5.890973318611457833e-06 -1.217017243762207285e-04
8.900000000000000133e-01 -4.791440278331597496e-06 -9.898645305231119267e-05
9.000000000000000222e-01 -3.897131870702348832e-06 -8.051092026141531629e-05
9.100000000000000311e-01 -3.169743521151444535e-06 -6.548379145498768475e-05
9.200000000000000400e-01 -2.578120089993054081e-06 -5.326143225977119375e-05
9.300000000000000488e-01 -2.096921452145922692e-06 -4.332034071084384785e-05
9.400000000000000577e-01 -1.705537142180531805e-06 -3.523472491393144233e-05
9.500000000000000666e-01 -1.387203577492274783e-06 -2.865826576245984891e-05
9.599999999999999645e-01 -1.128286049059243140e-06 -2.330928358427541988e-05
9.699999999999999734e-01 -9.176947264443571352e-07 -1.895867338658266049e-05
9.799999999999999822e-01 -7.464096637056926554e-07 -1.542009194968954611e-05
9.899999999999999911e-01 -6.070944615339988997e-07 -1.254197646944856030e-05
1.000000000000000000e+00 -4.937820382043490275e-07 -1.020105289575763493e-05
1.010000000000000009e+00 -4.016190504505867076e-07 -8.297055920079844627e-06
1.020000000000000018e+00 -3.266580174308227628e-07 -6.748434461473066222e-06
1.030000000000000027e+00 -2.656882441445320656e-07 -5.488858710867483303e-06
1.040000000000000036e+00 -2.160983024988211081e-07 -4.464379125184296118e-06
1.050000000000000044e+00 -1.757641798818845139e-07 -3.631115686823733394e-06
1.060000000000000053e+00 -1.429583044790253415e-07 -2.953378456079185462e-06
1.070000000000000062e+00 -1.162755507484820110e-07 -2.402138916935412339e-06
1.080000000000000071e+00 -9.457305575994721045e-08 -1.953786641704243910e-06
1.090000000000000080e+00 -7.692126863859932512e-08 -1.589118020577801297e-06
1.100000000000000089e+00 0.000000000000000000e+00 -1.292513741863938973e-06
1.110000000000000098e+00 0.000000000000000000e+00 -1.051269793142243732e-06
1.120000000000000107e+00 0.000000000000000000e+00 -8.550533291093410240e-07
1.130000000000000115e+00 0.000000000000000000e+00 -6.954601001103403886e-07
1.140000000000000124e+00 0.000000000000000000e+00 -5.656544853502351036e-07
1.150000000000000133e+00 0.000000000000000000e+00 -4.600767128620322714e-07
1.159999999999999920e+00 0.000000000000000000e+00 -3.742047260188438825e-07
1.169999999999999929e+00 0.000000000000000000e+00 -3.043604969711568439e-07
1.179999999999999938e+00 0.000000000000000000e+00 -2.475524911197754878e-07
1.189999999999999947e+00 0.000000000000000000e+00 -2.013475351384412534e-07
1.199999999999999956e+00 0.000000000000000000e+00 -1.637666004588801966e-07
