0.000000000000000000e+00 7.626179485673535055e+03 4.006464363510155817e+05
1.000000000000000021e-02 4.491634594712534636e+03 2.397727556002736092e+05
2.000000000000000042e-02 2.619250120162906569e+03 1.428739643297093862e+05
2.999999999999999889e-02 1.506337756834984475e+03 8.464341467639135954e+04
4.000000000000000083e-02 8.492249204685044788e+02 4.975572927254909155e+04
5.000000000000000278e-02 4.647238298367705056e+02 2.893649139581294003e+04
5.999999999999999778e-02 2.425316291257746002e+02 1.657815180039251209e+04
7.000000000000000666e-02 1.163912494857189870e+02 9.294169673473232251e+03
8.000000000000000167e-02 4.662854186868635509e+01 5.042399069845980193e+03
8.999999999999999667e-02 9.585680924208560327e+00 2.593794357930286878e+03
1.000000000000000056e-01 -8.766606395249850081e+00 1.210553276613534763e+03
1.100000000000000006e-01 -1.668594637357020360e+01 4.512522844166480240e+02
1.199999999999999956e-01 -1.898345205451315465e+01 5.295813347745954047e+01
1.300000000000000044e-01 -1.842257162617267952e+01 -1.400213458797613555e+02
1.400000000000000133e-01 -1.655842288482165259e+01 -2.191436546837102242e+02
1.499999999999999944e-01 -1.423964686927163115e+01 -2.375474242461568224e+02
1.600000000000000033e-01 -1.190708628271333147e+01 -2.256355855455238952e+02
1.700000000000000122e-01 -9.770445209949738086e+00 -2.004190204205719681e+02
1.799999999999999933e-01 -7.911904971981972956e+00 -1.710981534606967216e+02
1.900000000000000022e-01 -6.346199374585636654e+00 -1.423807648713159892e+02
2.000000000000000111e-01 -5.054882485727644870e+00 -1.164411438256426550e+02
2.099999999999999922e-01 -4.005416067917103362e+00 -9.406659747358484935e+01
2.200000000000000011e-01 -3.161420512804504312e+00 -7.532009546720499316e+01
2.300000000000000100e-01 -2.487856667387266629e+00 -5.991654862046469532e+01
2.399999999999999911e-01 -1.953360374191908999e+00 -4.743098693085907769e+01
2.500000000000000000e-01 -1.531027704195012440e+00 -3.740916269433161290e+01
2.600000000000000089e-01 -1.198399256424925063e+00 -2.942240402100535235e+01
2.700000000000000178e-01 -9.370669984382131723e-01 -2.309133951261869555e+01
2.800000000000000266e-01 -7.321366996229450308e-01 -1.809284073838994544e+01
2.899999999999999800e-01 -5.716687180357191700e-01 -1.415842461617956793e+01
2.999999999999999889e-01 -4.461570822268799974e-01 -1.106875519398009722e+01
3.099999999999999978e-01 -3.480718953239182456e-01 -8.646777725572437845e+00
3.200000000000000067e-01 -2.714714030159743885e-01 -6.750801737810228964e+00
3.300000000000000155e-01 -2.116806788596445610e-01 -5.268160281946880907e+00
3.400000000000000244e-01 -1.650297043359798821e-01 -4.109692009463779883e+00
3.500000000000000333e-01 -1.286422727835157265e-01 -3.205091315614772007e+00
3.599999999999999867e-01 -1.002672524699115553e-01 -2.499072611377631148e+00
3.699999999999999956e-01 -7.814452890659495665e-02 -1.948252554919142066e+00
3.800000000000000044e-01 -6.089898424776737929e-02 -1.518642446474771202e+00
3.900000000000000133e-01 -4.745693890168511259e-02 -1.183646846616079440e+00
4.000000000000000222e-01 -3.698046911680757942e-02 -9.224753224985023925e-01
4.100000000000000311e-01 -2.881587993761301411e-02 -7.188874355243348724e-01
4.199999999999999845e-01 -2.245334525309441304e-02 -5.602042645427054435e-01
4.299999999999999933e-01 -1.749533238203710567e-02 -4.365317821473007065e-01
4.400000000000000022e-01 -1.363192190862956045e-02 -3.401518342263321060e-01
4.500000000000000111e-01 -1.062153075447091165e-02 -2.650452476538842639e-01
4.600000000000000200e-01 -8.275863862706893392e-03 -2.065188200745069202e-01
4.700000000000000289e-01 -6.448171931320857177e-03 -1.609138163317718750e-01
4.799999999999999822e-01 -5.024091919187478363e-03 -1.253783146704103846e-01
4.899999999999999911e-01 -3.914504078165771672e-03 -9.768951002535244954e-02
5.000000000000000000e-01 -3.049962679341375067e-03 -7.611506780172173914e-02
5.100000000000000089e-01 -2.376354406389361625e-03 -5.930498046355380665e-02
5.200000000000000178e-01 -1.851514206489361701e-03 -4.620723679708421683e-02
5.300000000000000266e-01 -1.442587700080342605e-03 -3.600207291518214836e-02
5.400000000000000355e-01 -1.123975606886039617e-03 -2.805071822004705576e-02
5.500000000000000444e-01 -8.757318513477068854e-04 -2.185544538179024637e-02
5.600000000000000533e-01 -6.823152731634551417e-04 -1.702843403791227256e-02
5.700000000000000622e-01 -5.316169214213233019e-04 -1.326750543644852377e-02
5.799999999999999600e-01 -4.142021126035423380e-04 -1.033721281856151558e-02
5.899999999999999689e-01 -3.227198472112005655e-04 -8.054106070064152509e-03
5.999999999999999778e-01 -2.514426387006529632e-04 -6.275249557154960293e-03
6.099999999999999867e-01 -1.959079617573464174e-04 -4.889275157215996516e-03
6.199999999999999956e-01 -1.526388821562133370e-04 -3.809410867880461560e-03
6.300000000000000044e-01 -1.189263836592218841e-04 -2.968048852065915694e-03
6.400000000000000133e-01 -9.265976759960161953e-05 -2.312513029168385571e-03
6.500000000000000222e-01 -7.219450901734505890e-05 -1.801761346178493671e-03
6.600000000000000311e-01 -5.624929737998104904e-05 -1.403816334105404372e-03
6.700000000000000400e-01 -4.382581656798309293e-05 -1.093763123398100098e-03
6.800000000000000488e-01 -3.414624214173298292e-05 -8.521896026025956939e-04
6.900000000000000577e-01 -2.660454296060748268e-05 -6.639710760672677898e-04
7.000000000000000666e-01 -2.072853837684163832e-05 -5.173233388676063728e-04
7.099999999999999645e-01 -1.615033554808056212e-05 -4.030648886090968026e-04
7.199999999999999734e-01 -1.258329603901904978e-05 -3.140420853047252514e-04
7.299999999999999822e-01 -9.804089648539818762e-06 -2.446812711524739116e-04
7.399999999999999911e-01 -7.638711889453851745e-06 -1.906398100416379217e-04
7.500000000000000000e-01 -5.951589699335000596e-06 -1.485341993892940816e-04
7.600000000000000089e-01 -4.637093306896315973e-06 -1.157282320386025256e-04
7.700000000000000178e-01 -3.612922822499375634e-06 -9.016794545444520835e-05
7.800000000000000266e-01 -2.814955494457719944e-06 -7.025302465918829918e-05
7.900000000000000355e-01 -2.193231022841480336e-06 -5.473660762750350793e-05
8.000000000000000444e-01 -1.708823574777877173e-06 -4.264722007765708709e-05
8.100000000000000533e-01 -1.331404660613780231e-06 -3.322795207950311183e-05
8.200000000000000622e-01 -1.037344284411572382e-06 -2.588906838405805532e-05
8.300000000000000711e-01 -8.082314831220928226e-07 -2.017108544780126704e-05
8.399999999999999689e-01 -6.297216263607019650e-07 -1.571600343302720503e-05
8.499999999999999778e-01 -4.906383069479410947e-07 -1.224489204065496928e-05
8.599999999999999867e-01 -3.822735921248855862e-07 -9.540426839766975430e-06
8.699999999999999956e-01 -2.978428245832777921e-07 -7.433282704782454720e-06
8.800000000000000044e-01 -2.320598387163493386e-07 -5.791532461822747097e-06
8.900000000000000133e-01 -1.808059966196232322e-07 -4.512386999887234979e-06
9.000000000000000222e-01 -1.408723223698946782e-07 -3.515759700030928350e-06
9.100000000000000311e-01 -1.097585897515254975e-07 -2.739252255138370768e-06
9.200000000000000400e-01 -8.551678442216841542e-08 -2.134247945290552630e-06
9.300000000000000488e-01 -6.662913976891497162e-08 -1.662867770864089409e-06
9.400000000000000577e-01 -5.191311034552396786e-08 -1.295598868527484319e-06
9.500000000000000666e-01 -4.044733332860499764e-08 -1.009446726551292993e-06
9.599999999999999645e-01 -3.151394247911668395e-08 -7.864955106324510465e-07
9.699999999999999734e-01 -2.455362291706331984e-08 -6.127863630072483376e-07
9.799999999999999822e-01 -1.913059271275494166e-08 -4.774434457617324103e-07
9.899999999999999911e-01 -1.490531881065997830e-08 -3.719930103780212730e-07
1.000000000000000000e+00 -1.161325904432458662e-08 -2.898328608238316498e-07
1.010000000000000009e+00 -9.048299291179494012e-09 -2.258189935514057098e-07
1.020000000000000018e+00 -7.049848776271008953e-09 -1.759435341557303234e-07
1.030000000000000027e+00 -5.492785568714674576e-09 -1.370838064770800012e-07
1.040000000000000036e+00 -4.279622763724387785e-09 -1.068068234973768512e-07
1.050000000000000044e+00 -3.334404879018300197e-09 -8.321695930895282581e-08
1.060000000000000053e+00 -2.597952322207666580e-09 -6.483726497829995087e-08
1.070000000000000062e+00 -2.024156187786313258e-09 -5.051699755383922650e-08
1.080000000000000071e+00 -1.577091402918866656e-09 -3.935957265779513833e-08
1.090000000000000080e+00 -1.228767477611241182e-09 -3.066642981204850713e-08
1.100000000000000089e+00 0.000000000000000000e+00 -2.389329593570029894e-08
1.110000000000000098e+00 0.000000000000000000e+00 -1.861610869504468121e-08
1.120000000000000107e+00 0.000000000000000000e+00 -1.450446618490494818e-08
1.130000000000000115e+00 0.000000000000000000e+00 -1.130094063991206741e-08
1.140000000000000124e+00 0.000000000000000000e+00 -8.804961018119534492e-09
1.150000000000000133e+00 0.000000000000000000e+00 -6.860255354032446149e-09
1.159999999999999920e+00 0.000000000000000000e+00 -5.345066653408189882e-09
1.169999999999999929e+00 0.000000000000000000e+00 -4.164529752172098754e-09
1.179999999999999938e+00 0.000000000000000000e+00 -3.244731858612685594e-09
1.189999999999999947e+00 0.000000000000000000e+00 -2.528084912540877131e-09
1.199999999999999956e+00 0.000000000000000000e+00 -1.969720027265473272e-09
