0.000000000000000000e+00 1.557858852099734577e+04 9.158826492667585844e+05
1.000000000000000021e-02 8.622722586219957520e+03 5.134849988192447345e+05
2.000000000000000042e-02 4.729733227464890660e+03 2.867095595385719789e+05
2.999999999999999889e-02 2.561211783632506013e+03 1.591930454973419546e+05
4.000000000000000083e-02 1.361113999916575267e+03 8.770634144029587333e+04
5.000000000000000278e-02 7.029719651180307665e+02 4.779466384423814452e+04
5.999999999999999778e-02 3.466848838583387078e+02 2.563683655905024716e+04
7.000000000000000666e-02 1.574250862580666421e+02 1.343127900344124100e+04
8.000000000000000167e-02 5.974527501790156947e+01 6.781653185255000608e+03
8.999999999999999667e-02 1.162779056276782264e+01 3.216131401982905118e+03
1.000000000000000056e-01 -1.017382341522546518e+01 1.349175951388396243e+03
1.100000000000000006e-01 -1.840279529173400164e+01 4.073712411909352795e+02
1.199999999999999956e-01 -1.995358581011141652e+01 -3.855182417727630906e+01
1.300000000000000044e-01 -1.848528057137434288e+01 -2.249704804806611946e+02
1.400000000000000133e-01 -1.588377102317705969e+01 -2.805985751314862569e+02
1.499999999999999944e-01 -1.307588834076901030e+01 -2.744011845526841284e+02
1.600000000000000033e-01 -1.047969214615588918e+01 -2.424486022290927281e+02
1.700000000000000122e-01 -8.251205663436646631e+00 -2.029035992302062539e+02
1.799999999999999933e-01 -6.417825741718546695e+00 -1.643376652901940531e+02
1.900000000000000022e-01 -4.949063408839353251e+00 -1.303087014084547377e+02
2.000000000000000111e-01 -3.792952063413016273e+00 -1.018524182211994287e+02
2.099999999999999922e-01 -2.893897804398142704e+00 -7.881622664863607497e+01
2.200000000000000011e-01 -2.200693966478897146e+00 -6.055609186138749322e+01
2.300000000000000100e-01 -1.669477069948571257e+00 -4.628677151376978571e+01
2.399999999999999911e-01 -1.264205638901483741e+00 -3.524654711335173829e+01
2.500000000000000000e-01 -9.560294456058837653e-01 -2.676509887691841527e+01
2.600000000000000089e-01 -7.222520129975465997e-01 -2.028274668935555525e+01
2.700000000000000178e-01 -5.452301219121855613e-01 -1.534685574923119944e+01
2.800000000000000266e-01 -4.113639280246682017e-01 -1.159886890826072658e+01
2.899999999999999800e-01 -3.102336448178891759e-01 -8.758718822086906997e+00
2.999999999999999889e-01 -2.338910493757323239e-01 -6.609785232955478484e+00
3.099999999999999978e-01 -1.762928047703351542e-01 -4.985691657952615152e+00
3.200000000000000067e-01 -1.328548964581664771e-01 -3.759298066805481842e+00
3.300000000000000155e-01 -1.001064024922183882e-01 -2.833807392272528869e+00
3.400000000000000244e-01 -7.542268291804980762e-02 -2.135725023075958351e+00
3.500000000000000333e-01 -5.682099761864907450e-02 -1.609361933992005111e+00
3.599999999999999867e-01 -4.280462572451528003e-02 -1.212584422819359409e+00
3.699999999999999956e-01 -3.224435615451324427e-02 -9.135504071924837044e-01
3.800000000000000044e-01 -2.428860240011345220e-02 -6.882158081472715683e-01
3.900000000000000133e-01 -1.829534723652937941e-02 -5.184362839281342339e-01
4.000000000000000222e-01 -1.378068294213508939e-02 -3.905260717960206684e-01
4.100000000000000311e-01 -1.037993813400925683e-02 -2.941660525242527080e-01
4.199999999999999845e-01 -7.818334102893502446e-03 -2.215776448554827582e-01
4.299999999999999933e-01 -5.888846692487412562e-03 -1.668985083670238012e-01
4.400000000000000022e-01 -4.435511221834521726e-03 -1.257111473335635887e-01
4.500000000000000111e-01 -3.340836075211676970e-03 -9.468718924917121638e-02
4.600000000000000200e-01 -2.516316019137741951e-03 -7.131907837384038329e-02
4.700000000000000289e-01 -1.895283108645155149e-03 -5.371777397192093600e-02
4.799999999999999822e-01 -1.427519891852085379e-03 -4.046025601252969256e-02
4.899999999999999911e-01 -1.075200896465623853e-03 -3.047459835231696931e-02
5.000000000000000000e-01 -8.098350967756937557e-04 -2.295336745305867968e-02
5.100000000000000089e-01 -6.099626112712457776e-04 -1.728837268675335187e-02
5.200000000000000178e-01 -4.594196509342703800e-04 -1.302150814024568420e-02
5.300000000000000266e-01 -3.460315659163607101e-04 -9.807719884478283481e-03
5.400000000000000355e-01 -2.606283872165998205e-04 -7.387109152319876540e-03
5.500000000000000444e-01 -1.963033000368199273e-04 -5.563918370816086333e-03
5.600000000000000533e-01 -1.478541089146354732e-04 -4.190702302952248499e-03
5.700000000000000622e-01 -1.113625407608287703e-04 -3.156405138572245406e-03
5.799999999999999600e-01 -8.387737194491233918e-05 -2.377379835856632817e-03
5.899999999999999689e-01 -6.317575801619021241e-05 -1.790623724224285227e-03
5.999999999999999778e-01 -4.758346683015815667e-05 -1.348683480610307021e-03
6.099999999999999867e-01 -3.583947826890761869e-05 -1.015817522731154174e-03
6.199999999999999956e-01 -2.699400110092519417e-05 -7.651055117591738569e-04
6.300000000000000044e-01 -2.033165968720160619e-05 -5.762712288781927103e-04
6.400000000000000133e-01 -1.531363859640271763e-05 -4.340427698697159266e-04
6.500000000000000222e-01 -1.153410626750250335e-05 -3.269174492773940159e-04
6.600000000000000311e-01 -8.687393593602886694e-06 -2.462315319272560072e-04
6.700000000000000400e-01 -6.543273057859930385e-06 -1.854595598465450597e-04
6.800000000000000488e-01 -4.928339157756934427e-06 -1.396866096463511195e-04
6.900000000000000577e-01 -3.711984280338524272e-06 -1.052108003275602639e-04
7.000000000000000666e-01 -2.795835839347886669e-06 -7.924390498433399928e-05
7.099999999999999645e-01 -2.105800409734548161e-06 -5.968585375341411102e-05
7.199999999999999734e-01 -1.586071433014542468e-06 -4.495489115275596225e-05
7.299999999999999822e-01 -1.194615869081335739e-06 -3.385965191044496063e-05
7.399999999999999911e-01 -8.997747788844492883e-07 -2.550280949026543506e-05
7.500000000000000000e-01 -6.777029109800209926e-07 -1.920850493184343409e-05
7.600000000000000089e-01 -5.104402190570567849e-07 -1.446768683863536142e-05
7.700000000000000178e-01 -3.844593447586708331e-07 -1.089694190085419436e-05
7.800000000000000266e-01 -2.895715936879065053e-07 -8.207486381381308210e-06
7.900000000000000355e-01 -2.181029255486449685e-07 -6.181810756997567107e-06
8.000000000000000444e-01 -1.642733167178219749e-07 -4.656088654030665888e-06
8.100000000000000533e-01 -1.237293012604215658e-07 -3.506927403503081057e-06
8.200000000000000622e-01 -9.319188468551994490e-08 -2.641388668515639991e-06
8.300000000000000711e-01 -7.019135549905720154e-08 -1.989472063173460654e-06
8.399999999999999689e-01 -5.286754745942565971e-08 -1.498453876464002007e-06
8.499999999999999778e-01 -3.981939876147021375e-08 -1.128623045888906377e-06
8.599999999999999867e-01 -2.999164125928057318e-08 -8.500695280756575350e-07
8.699999999999999956e-01 -2.258945572700215899e-08 -6.402653260989954281e-07
8.800000000000000044e-01 -1.701419090802925922e-08 -4.822425392825347823e-07
8.900000000000000133e-01 -1.281494763523003830e-08 -3.632210853937456059e-07
9.000000000000000222e-01 -9.652112391313265621e-09 -2.735751123645576292e-07
9.100000000000000311e-01 -7.269891088553038704e-09 -2.060545081590867534e-07
9.200000000000000400e-01 -5.475621739195611579e-09 -1.551985484537779834e-07
9.300000000000000488e-01 -4.124192930179488294e-09 -1.168942609268043707e-07
9.400000000000000577e-01 -3.106307947372961608e-09 -8.804378889909091990e-08
9.500000000000000666e-01 -2.339645411171921271e-09 -6.631385238418897201e-08
9.599999999999999645e-01 -1.762201540460352697e-09 -4.994704422649611839e-08
9.699999999999999734e-01 -1.327275600980850954e-09 -3.761969991581225621e-08
9.799999999999999822e-01 -9.996929865902254129e-10 -2.833484630910740504e-08
9.899999999999999911e-01 -7.529604753512649352e-10 -2.134157149461092577e-08
1.000000000000000000e+00 -5.671235919885087628e-10 -1.607429484141929922e-08
1.010000000000000009e+00 -4.271527910408860207e-10 -1.210702570398009738e-08
1.020000000000000018e+00 -3.217279433821127156e-10 -9.118911457254634891e-09
1.030000000000000027e+00 -2.423228215379789251e-10 -6.868288562223771539e-09
1.040000000000000036e+00 -1.825155416120366849e-10 -5.173138043403379768e-09
1.050000000000000044e+00 -1.374691938567903285e-10 -3.896364716428388705e-09
1.060000000000000053e+00 -1.035406579227275438e-10 -2.934709624225680340e-09
1.070000000000000062e+00 -7.798596574472143045e-11 -2.210398975796004405e-09
1.080000000000000071e+00 -5.873838330905012115e-11 -1.664854196090490884e-09
1.090000000000000080e+00 -4.424126367883327183e-11 -1.253954387687689917e-09
1.100000000000000089e+00 0.000000000000000000e+00 -9.444680561778202688e-10
1.110000000000000098e+00 0.000000000000000000e+00 -7.113655152841282402e-10
1.120000000000000107e+00 0.000000000000000000e+00 -5.357946126662375464e-10
1.130000000000000115e+00 0.000000000000000000e+00 -4.035560633656662620e-10
1.140000000000000124e+00 0.000000000000000000e+00 -3.039550835884165717e-10
1.150000000000000133e+00 0.000000000000000000e+00 -2.289364507838521610e-10
1.159999999999999920e+00 0.000000000000000000e+00 -1.724330380618909735e-10
1.169999999999999929e+00 0.000000000000000000e+00 -1.298751357132084215e-10
1.179999999999999938e+00 0.000000000000000000e+00 -9.782087624339056009e-11
1.189999999999999947e+00 0.000000000000000000e+00 -7.367787357046458386e-11
1.199999999999999956e+00 0.000000000000000000e+00 -5.549356397461320940e-11
