0.000000000000000000e+00 1.157162552048587168e+04 6.519906467621932970e+05
1.000000000000000021e-02 6.562458007058889052e+03 3.749589013739027432e+05
2.000000000000000042e-02 3.686872786316255770e+03 2.147360358835011430e+05
2.999999999999999889e-02 2.044051432966881521e+03 1.222802169949125964e+05
4.000000000000000083e-02 1.111663930290856115e+03 6.909042675591981970e+04
5.000000000000000278e-02 5.872749761097480814e+02 3.861468825086652214e+04
5.999999999999999778e-02 2.961022832124972410e+02 2.124930502647496905e+04
7.000000000000000666e-02 1.373907120688661223e+02 1.142886312437643755e+04
8.000000000000000167e-02 5.325454646407565207e+01 5.933365316298992184e+03
8.999999999999999667e-02 1.058824632993964698e+01 2.903798895802044171e+03
1.000000000000000056e-01 -9.424898790751957023e+00 1.269958981084438392e+03
1.100000000000000006e-01 -1.738929196878464722e+01 4.181056161718989870e+02
1.199999999999999956e-01 -1.921021457333529980e+01 -1.905474455536976697e+00
1.300000000000000044e-01 -1.812016663336907030e+01 -1.884220033122093412e+02
1.400000000000000133e-01 -1.584390601666166098e+01 -2.527020212972187494e+02
1.499999999999999944e-01 -1.326542051426197233e+01 -2.562890373000834074e+02
1.600000000000000033e-01 -1.080754753644394839e+01 -2.325418858872164662e+02
1.700000000000000122e-01 -8.646322315477068088e+00 -1.989921458607996669e+02
1.799999999999999933e-01 -6.830664402809750513e+00 -1.644022943859893928e+02
1.900000000000000022e-01 -5.348150271845801385e+00 -1.327703068465781087e+02
2.000000000000000111e-01 -4.160316364571567505e+00 -1.055809072508349828e+02
2.099999999999999922e-01 -3.220926955773810274e+00 -8.305481108415183655e+01
2.200000000000000011e-01 -2.484863160092867673e+00 -6.482902773622417669e+01
2.300000000000000100e-01 -1.911963875249558242e+00 -5.031698756069837941e+01
2.399999999999999911e-01 -1.468242951029441024e+00 -3.889073426221437302e+01
2.500000000000000000e-01 -1.125819675333192382e+00 -2.996600603543867436e+01
2.600000000000000089e-01 -8.622841724814525044e-01 -2.303573568125285931e+01
2.700000000000000178e-01 -6.598743554819820334e-01 -1.767730926278943215e+01
2.800000000000000266e-01 -5.046504918767272807e-01 -1.354744207656572819e+01
2.899999999999999800e-01 -3.857503270709318755e-01 -1.037205688512426427e+01
2.999999999999999889e-01 -2.947536702230560968e-01 -7.934941368467081091e+00
3.099999999999999978e-01 -2.251584681170452351e-01 -6.066984451742196249e+00
3.200000000000000067e-01 -1.719582435179739244e-01 -4.636734260971368649e+00
3.300000000000000155e-01 -1.313063750313070710e-01 -3.542477196116001981e+00
3.400000000000000244e-01 -1.002521758331330753e-01 -2.705776392299895416e+00
3.500000000000000333e-01 -7.653498504474330610e-02 -2.066297825903109064e+00
3.599999999999999867e-01 -5.842440719897874085e-02 -1.577720400195197881e+00
3.699999999999999956e-01 -4.459686263363695641e-02 -1.204532293339214633e+00
3.800000000000000044e-01 -3.404048556084702387e-02 -9.195380458218239683e-01
3.900000000000000133e-01 -2.598202696080805299e-02 -7.019280858018777103e-01
4.000000000000000222e-01 -1.983076693083910338e-02 -5.357891553880375080e-01
4.100000000000000311e-01 -1.513553404709778658e-02 -4.089580158074924143e-01
4.199999999999999845e-01 -1.155180099873232349e-02 -3.121410929868574935e-01
4.299999999999999933e-01 -8.816512924023061498e-03 -2.382393887618568795e-01
4.400000000000000022e-01 -6.728842071887753198e-03 -1.818313898187962629e-01
4.500000000000000111e-01 -5.135479820730377842e-03 -1.387773399651469342e-01
4.600000000000000200e-01 -3.919399974792021901e-03 -1.059165905501979060e-01
4.700000000000000289e-01 -2.991276202818905945e-03 -8.083625210266384697e-02
4.799999999999999822e-01 -2.282927943403307430e-03 -6.169441660920424453e-02
4.899999999999999911e-01 -1.742316076015278971e-03 -4.708511739046755684e-02
5.000000000000000000e-01 -1.329722324073335637e-03 -3.593519499902970288e-02
5.100000000000000089e-01 -1.014832632845748045e-03 -2.742554392629098503e-02
5.200000000000000178e-01 -7.745107790900631435e-04 -2.093098422593009378e-02
5.300000000000000266e-01 -5.910989489412399019e-04 -1.597435780493588336e-02
5.400000000000000355e-01 -4.511206033153662026e-04 -1.219148684233017227e-02
5.500000000000000444e-01 -3.442904293870954042e-04 -9.304425567512744980e-03
5.600000000000000533e-01 -2.627586943928405714e-04 -7.101043478489410879e-03
5.700000000000000622e-01 -2.005345145772506165e-04 -5.419441831925888090e-03
5.799999999999999600e-01 -1.530456829142259380e-04 -4.136059523366915000e-03
5.899999999999999689e-01 -1.168027243590049718e-04 -3.156595070858189862e-03
5.999999999999999778e-01 -8.914250068381649058e-05 -2.409078051023284383e-03
6.099999999999999867e-01 -6.803252915876293835e-05 -1.838581109131603867e-03
6.199999999999999956e-01 -5.192163880436683214e-05 -1.403184115840189249e-03
6.300000000000000044e-01 -3.962599179559079843e-05 -1.070893994095585642e-03
6.400000000000000133e-01 -3.024209563569191415e-05 -8.172939293787555640e-04
6.500000000000000222e-01 -2.308041466082916092e-05 -6.237492525378703296e-04
6.600000000000000311e-01 -1.761470288221984927e-05 -4.760381777986920815e-04
6.700000000000000400e-01 -1.344333526767239575e-05 -3.633067906142600756e-04
6.800000000000000488e-01 -1.025979614894218059e-05 -2.772715023050374575e-04
6.900000000000000577e-01 -7.830156273661020380e-06 -2.116103702657348630e-04
7.000000000000000666e-01 -5.975883528367186453e-06 -1.614985592141760689e-04
7.099999999999999645e-01 -4.560724268130032854e-06 -1.232538098081381974e-04
7.199999999999999734e-01 -3.480691292000080623e-06 -9.406586395340443797e-05
7.299999999999999822e-01 -2.656422777965340608e-06 -7.178996508238342025e-05
7.399999999999999911e-01 -2.027350708632551267e-06 -5.478925982010604285e-05
7.500000000000000000e-01 -1.547250280308434817e-06 -4.181452068615530764e-05
7.600000000000000089e-01 -1.180843263170360887e-06 -3.191235181456637316e-05
7.700000000000000178e-01 -9.012057249860783369e-07 -2.435513260286843691e-05
7.800000000000000266e-01 -6.877896359142631097e-07 -1.858755150756895636e-05
7.900000000000000355e-01 -5.249129802934281116e-07 -1.418580125288922162e-05
8.000000000000000444e-01 -4.006074275544449195e-07 -1.082643708626724426e-05
8.100000000000000533e-01 -3.057388881116970433e-07 -8.262609760532600055e-06
8.200000000000000622e-01 -2.333363318974980076e-07 -6.305926822548625933e-06
8.300000000000000711e-01 -1.780795505193959174e-07 -4.812609360245222345e-06
8.399999999999999689e-01 -1.359082233354065878e-07 -3.672926993635911254e-06
8.499999999999999778e-01 -1.037235612618774727e-07 -2.803134783494120872e-06
8.599999999999999867e-01 -7.916060482395021029e-08 -2.139319574413178924e-06
8.699999999999999956e-01 -6.041444469688104140e-08 -1.632703595889748468e-06
8.800000000000000044e-01 -4.610759526078507781e-08 -1.246060225693269201e-06
8.900000000000000133e-01 -3.518877565299182336e-08 -9.509785424780087117e-07
9.000000000000000222e-01 -2.685566065441868064e-08 -7.257756644062525911e-07
9.100000000000000311e-01 -2.049592507221679785e-08 -5.539034704660134842e-07
9.200000000000000400e-01 -1.564224950424278853e-08 -4.227326288671647282e-07
9.300000000000000488e-01 -1.193798126638344418e-08 -3.226245817764056535e-07
9.400000000000000577e-01 -9.110927215183463895e-09 -2.462232949534909349e-07
9.500000000000000666e-01 -6.953352737568364023e-09 -1.879147293826291297e-07
9.599999999999999645e-01 -5.306717214484380847e-09 -1.434143163633134723e-07
9.699999999999999734e-01 -4.050024305858807953e-09 -1.094521233397734388e-07
9.799999999999999822e-01 -3.090931024779957665e-09 -8.353257615609108077e-08
9.899999999999999911e-01 -2.358962287238202707e-09 -6.375108190063120916e-08
1.000000000000000000e+00 -1.800332336110835203e-09 -4.865407761264537310e-08
1.010000000000000009e+00 -1.373992512714306473e-09 -3.713222109734458537e-08
1.020000000000000018e+00 -1.048614962430068177e-09 -2.833887540928549264e-08
1.030000000000000027e+00 -8.002906342326949285e-10 -2.162789716661531853e-08
1.040000000000000036e+00 -6.107724209426332891e-10 -1.650615732252045992e-08
1.050000000000000044e+00 -4.661343444829556019e-10 -1.259730557513624289e-08
1.060000000000000053e+00 -3.557482618012086248e-10 -9.614115790396768709e-09
1.070000000000000062e+00 -2.715028988368529375e-10 -7.337380353266080728e-09
1.080000000000000071e+00 -2.072078264095247650e-10 -5.599802584262936450e-09
1.090000000000000080e+00 -1.581385816110613093e-10 -4.273703620768041575e-09
1.100000000000000089e+00 0.000000000000000000e+00 -3.261640453091851056e-09
1.110000000000000098e+00 0.000000000000000000e+00 -2.489245719695216434e-09
1.120000000000000107e+00 0.000000000000000000e+00 -1.899763122923637517e-09
1.130000000000000115e+00 0.000000000000000000e+00 -1.449876922420498692e-09
1.140000000000000124e+00 0.000000000000000000e+00 -1.106529053439158918e-09
1.150000000000000133e+00 0.000000000000000000e+00 -8.444899888887001181e-10
1.159999999999999920e+00 0.000000000000000000e+00 -6.445048497521526928e-10
1.169999999999999929e+00 0.000000000000000000e+00 -4.918785383123931154e-10
1.179999999999999938e+00 0.000000000000000000e+00 -3.753959284330749518e-10
1.189999999999999947e+00 0.000000000000000000e+00 -2.864977674521472137e-10
1.199999999999999956e+00 0.000000000000000000e+00 -2.186517341774966695e-10
