0.000000000000000000e+00 1.894075188334521499e+03 7.936984058545499283e+04
1.000000000000000021e-02 1.239795304759174996e+03 5.318505258179984958e+04
2.000000000000000042e-02 8.022535470734919727e+02 3.547807188395002595e+04
2.999999999999999889e-02 5.111293071270623614e+02 2.353085719857411459e+04
4.000000000000000083e-02 3.186723133735758893e+02 1.549223563027557793e+04
5.000000000000000278e-02 1.924999412943732580e+02 1.010221244931195724e+04
5.999999999999999778e-02 1.106859379338791314e+02 6.503823920025651205e+03
7.000000000000000666e-02 5.841281336804046731e+01 4.114757945288703922e+03
8.000000000000000167e-02 2.569107031171792954e+01 2.539775643381887221e+03
8.999999999999999667e-02 5.806126472983117459e+00 1.510982639674394250e+03
1.000000000000000056e-01 -5.738547463245284419e+00 8.471071302533234757e+02
1.100000000000000006e-01 -1.194003931089847725e+01 4.257473357373870044e+02
1.199999999999999956e-01 -1.478413438919616496e+01 1.644668120793581636e+02
1.300000000000000044e-01 -1.557650081243880180e+01 7.924302427152939643e+00
1.400000000000000133e-01 -1.516705624807021913e+01 -8.088193999656323285e+01
1.499999999999999944e-01 -1.410169342467386677e+01 -1.265655699017610516e+02
1.600000000000000033e-01 -1.272465338169573812e+01 -1.453931825697059139e+02
1.700000000000000122e-01 -1.124740791184715150e+01 -1.480246410087574418e+02
1.799999999999999933e-01 -9.794847279621853531e+00 -1.413684122878656524e+02
1.900000000000000022e-01 -8.436116018763332391e+00 -1.298352663487446534e+02
2.000000000000000111e-01 -7.205086315028898625e+00 -1.161833856658507642e+02
2.099999999999999922e-01 -6.113855577323342949e+00 -1.020863376152244939e+02
2.200000000000000011e-01 -5.161563667888994011e+00 -8.851335916373635371e+01
2.300000000000000100e-01 -4.340083046504819464e+00 -7.598277269554657209e+01
2.399999999999999911e-01 -3.637630659840719094e+00 -6.472984413167313278e+01
2.500000000000000000e-01 -3.041007964662204355e+00 -5.481710994117110403e+01
2.600000000000000089e-01 -2.536943307004047909e+00 -4.620615879568688911e+01
2.700000000000000178e-01 -2.112853734831383612e+00 -3.880370567409429583e+01
2.800000000000000266e-01 -1.757237171381286656e+00 -3.249061951365661116e+01
2.899999999999999800e-01 -1.459834351548745524e+00 -2.713973131231152180e+01
2.999999999999999889e-01 -1.211651879461134174e+00 -2.262632915241796638e+01
3.099999999999999978e-01 -1.004905618841720694e+00 -1.883394763934584759e+01
3.200000000000000067e-01 -8.329222238144226020e-01 -1.565718253943044402e+01
3.300000000000000155e-01 -6.900224554659374343e-01 -1.300267129023357171e+01
3.400000000000000244e-01 -5.714006340979167486e-01 -1.078898419015520993e+01
3.500000000000000333e-01 -4.730085404489560164e-01 -8.945906636493054620e+00
3.599999999999999867e-01 -3.914482141420393968e-01 -7.413417080718116559e+00
3.699999999999999956e-01 -3.238756710890514090e-01 -6.140549426959241330e+00
3.800000000000000044e-01 -2.679160805777097698e-01 -5.084252768009037915e+00
3.900000000000000133e-01 -2.215900769767719936e-01 -4.208312335676544613e+00
4.000000000000000222e-01 -1.832504101246964501e-01 -3.482364357886341910e+00
4.100000000000000311e-01 -1.515279164324060679e-01 -2.881018112726277725e+00
4.199999999999999845e-01 -1.252857233801075998e-01 -2.383086785845998090e+00
4.299999999999999933e-01 -1.035806207440162080e-01 -1.970922053587738754e+00
4.400000000000000022e-01 -8.563060221854924825e-02 -1.629843820291403622e+00
4.500000000000000111e-01 -7.078767560249905888e-02 -1.347655037296263458e+00
4.600000000000000200e-01 -5.851514266888194898e-02 -1.114231237883383185e+00
4.700000000000000289e-01 -4.836865189590575098e-02 -9.211748269855225546e-01
4.799999999999999822e-01 -3.998042317646618299e-02 -7.615249407730080300e-01
4.899999999999999911e-01 -3.304613083303883231e-02 -6.295146346375810609e-01
5.000000000000000000e-01 -2.731400874906310047e-02 -5.203681439677940723e-01
5.100000000000000089e-01 -2.257580916029273271e-02 -4.301319177238854818e-01
5.200000000000000178e-01 -1.865930515146642030e-02 -3.555340107926374671e-01
5.300000000000000266e-01 -1.542207697703718190e-02 -2.938672190308874166e-01
5.400000000000000355e-01 -1.274636488592389982e-02 -2.428920452441774014e-01
5.500000000000000444e-01 -1.053480710978398072e-02 -2.007561971115362220e-01
5.600000000000000533e-01 -8.706911959423514064e-03 -1.659278454339061237e-01
5.700000000000000622e-01 -7.196138378745087737e-03 -1.371403212354582457e-01
5.799999999999999600e-01 -5.947480558076391303e-03 -1.133463120505021210e-01
5.899999999999999689e-01 -4.915469948175232341e-03 -9.367993994848920758e-02
5.999999999999999778e-01 -4.062522796813968808e-03 -7.742537471071807287e-02
6.099999999999999867e-01 -3.357573627174824209e-03 -6.399086254273642083e-02
6.199999999999999956e-01 -2.774945296388360485e-03 -5.288724041599347087e-02
6.300000000000000044e-01 -2.293414756383300307e-03 -4.371016437308958974e-02
6.400000000000000133e-01 -1.895440676839769316e-03 -3.612541190359298132e-02
6.500000000000000222e-01 -1.566524924168299308e-03 -2.985672808054512170e-02
6.600000000000000311e-01 -1.294684724287090312e-03 -2.467577617732383960e-02
6.700000000000000400e-01 -1.070016340274546627e-03 -2.039382903346659628e-02
6.800000000000000488e-01 -8.843344102325848477e-04 -1.685490009259094785e-02
6.900000000000000577e-01 -7.308738336864433870e-04 -1.393006496486818083e-02
7.000000000000000666e-01 -6.040433644767172162e-04 -1.151276738504718525e-02
7.099999999999999645e-01 -4.992219456759740487e-04 -9.514939059189479742e-03
7.199999999999999734e-01 -4.125903750478926500e-04 -7.863792380773016941e-03
7.299999999999999822e-01 -3.409921738984586525e-04 -6.499169399332913044e-03
7.399999999999999911e-01 -2.818185941998460424e-04 -5.371350614570739347e-03
7.500000000000000000e-01 -2.329135769930070952e-04 -4.439243869993154609e-03
7.600000000000000089e-01 -1.924952010836964800e-04 -3.668887433278139511e-03
7.700000000000000178e-01 -1.590907612513637812e-04 -3.032212773641351777e-03
7.800000000000000266e-01 -1.314831113641155489e-04 -2.506021992026540111e-03
7.900000000000000355e-01 -1.086663179490771612e-04 -2.071142669628474840e-03
8.000000000000000444e-01 -8.980900880586327212e-05 -1.711729356920029281e-03
8.100000000000000533e-01 -7.422408149435622536e-05 -1.414686263086650190e-03
8.200000000000000622e-01 -6.134366816686985383e-05 -1.169190118262444832e-03
8.300000000000000711e-01 -5.069844467497814928e-05 -9.662958284441037268e-04
8.399999999999999689e-01 -4.190053012928765839e-05 -7.986105579623095467e-04
8.499999999999999778e-01 -3.462935388565854643e-05 -6.600243665182251073e-04
8.599999999999999867e-01 -2.861997503507746938e-05 -5.454875876770128376e-04
8.699999999999999956e-01 -2.365342882243238250e-05 -4.508268382885302085e-04
8.800000000000000044e-01 -1.954874826530234987e-05 -3.725929555332952695e-04
8.900000000000000133e-01 -1.615637027683618603e-05 -3.079353213894797116e-04
9.000000000000000222e-01 -1.335268603973276221e-05 -2.544979956262142986e-04
9.100000000000000311e-01 -1.103553706857500900e-05 -2.103338729514344122e-04
9.200000000000000400e-01 -9.120492853924220921e-06 -1.738337366114134678e-04
9.300000000000000488e-01 -7.537774458821117501e-06 -1.436676234691198562e-04
9.400000000000000577e-01 -6.229711974083556694e-06 -1.187363641469812417e-04
9.500000000000000666e-01 -5.148643190465499982e-06 -9.813153254509246926e-05
9.599999999999999645e-01 -4.255176922015487437e-06 -8.110234544278041601e-05
9.699999999999999734e-01 -3.516757701550131512e-06 -6.702830612134650214e-05
9.799999999999999822e-01 -2.906479550120082351e-06 -5.539659523397869994e-05
9.899999999999999911e-01 -2.402105597774432612e-06 -4.578338511987954819e-05
1.000000000000000000e+00 -1.985257833490189088e-06 -3.783839671542414175e-05
1.010000000000000009e+00 -1.640747461106934441e-06 -3.127213636390124461e-05
1.020000000000000018e+00 -1.356021461360223890e-06 -2.584534747180191198e-05
1.030000000000000027e+00 -1.120705194308835113e-06 -2.136029266136095105e-05
1.040000000000000036e+00 -9.262243758796431134e-07 -1.765354876651670674e-05
1.050000000000000044e+00 -7.654926544157808922e-07 -1.459005214277654595e-05
1.060000000000000053e+00 -6.326534033891384239e-07 -1.205817731911942700e-05
1.070000000000000062e+00 -5.228663219208416162e-07 -9.965669671971740686e-06
1.080000000000000071e+00 -4.321310674231658003e-07 -8.236283919349763653e-06
1.090000000000000080e+00 -3.571414940229641222e-07 -6.807005951305750407e-06
1.100000000000000089e+00 0.000000000000000000e+00 -5.625756767916044080e-06
1.110000000000000098e+00 0.000000000000000000e+00 -4.649494862680073767e-06
1.120000000000000107e+00 0.000000000000000000e+00 -3.842647907426208866e-06
1.130000000000000115e+00 0.000000000000000000e+00 -3.175816593644811131e-06
1.140000000000000124e+00 0.000000000000000000e+00 -2.624703401790434622e-06
1.150000000000000133e+00 0.000000000000000000e+00 -2.169227265846116492e-06
1.159999999999999920e+00 0.000000000000000000e+00 -1.792791873951957956e-06
1.169999999999999929e+00 0.000000000000000000e+00 -1.481680943974739625e-06
1.179999999999999938e+00 0.000000000000000000e+00 -1.224558439513054636e-06
1.189999999999999947e+00 0.000000000000000000e+00 -1.012055515573632425e-06
1.199999999999999956e+00 0.000000000000000000e+00 -8.364291433463188381e-07
