0.000000000000000000e+00 2.180971956819594197e+04 1.344311884522208478e+06
1.000000000000000021e-02 1.173503580102132219e+04 7.317771673938657623e+05
2.000000000000000042e-02 6.260014719844189131e+03 3.967747864026817842e+05
2.999999999999999889e-02 3.298273310596157899e+03 2.139578573138856154e+05
4.000000000000000083e-02 1.706336012600793765e+03 1.144896851900150068e+05
5.000000000000000278e-02 8.583898418853111707e+02 6.059359600509621669e+04
5.999999999999999778e-02 4.125941399864307186e+02 3.155782820137212548e+04
7.000000000000000666e-02 1.827164739788201473e+02 1.604133878050489147e+04
8.000000000000000167e-02 6.766690311582593154e+01 7.845008368187664018e+03
8.999999999999999667e-02 1.284806545670364919e+01 3.588423520513923449e+03
1.000000000000000056e-01 -1.101991562789276813e+01 1.434262236312942832e+03
1.100000000000000006e-01 -1.948268572985496405e+01 3.884214467277382141e+02
1.199999999999999956e-01 -2.067460610942010746e+01 -8.357612700036915498e+01
1.300000000000000044e-01 -1.876029299292179786e+01 -2.665312775641291978e+02
1.400000000000000133e-01 -1.580037366018429168e+01 -3.102592161747230080e+02
1.499999999999999944e-01 -1.275737754439859906e+01 -2.920793702932105589e+02
1.600000000000000033e-01 -1.003383805834489984e+01 -2.507410771594853429e+02
1.700000000000000122e-01 -7.756964856885048221e+00 -2.047503443494678095e+02
1.799999999999999933e-01 -5.926813508819895659e+00 -1.622012341354431726e+02
1.900000000000000022e-01 -4.491531258559697370e+00 -1.259979309154594489e+02
2.000000000000000111e-01 -3.384098748333323581e+00 -9.658896245718797502e+01
2.099999999999999922e-01 -2.539088505070654644e+00 -7.336841920350383361e+01
2.200000000000000011e-01 -1.899320577829122447e+00 -5.537035146367004046e+01
2.300000000000000100e-01 -1.417621501015098096e+00 -4.159401864545902328e+01
2.399999999999999911e-01 -1.056380269574092479e+00 -3.114068986778135439e+01
2.500000000000000000e-01 -7.862566587500496862e-01 -2.325763751392419820e+01
2.600000000000000089e-01 -5.846935430437022463e-01 -1.733913997633319326e+01
2.700000000000000178e-01 -4.345219678872042635e-01 -1.290981993033537378e+01
2.800000000000000266e-01 -3.227660668299874858e-01 -9.602707145698083480e+00
2.899999999999999800e-01 -2.396683304726031360e-01 -7.137695404457498505e+00
2.999999999999999889e-01 -1.779180091241872597e-01 -5.302661969191485802e+00
3.099999999999999978e-01 -1.320520322734523300e-01 -3.937866349510180886e+00
3.200000000000000067e-01 -9.799591417287581430e-02 -2.923499303939617988e+00
3.300000000000000155e-01 -7.271511128069831076e-02 -2.169963576101362701e+00
3.400000000000000244e-01 -5.395195005327951127e-02 -1.610398319222045460e+00
3.500000000000000333e-01 -4.002803210068654749e-02 -1.194987450306107979e+00
3.599999999999999867e-01 -2.969631159294789519e-02 -8.866571109744395551e-01
3.699999999999999956e-01 -2.203062539681088089e-02 -6.578397661717516609e-01
3.800000000000000044e-01 -1.634333898125378895e-02 -4.880494521391235963e-01
3.900000000000000133e-01 -1.212403198714893764e-02 -3.620696936204053085e-01
4.000000000000000222e-01 -8.993891905686442895e-03 -2.686019285150809122e-01
4.100000000000000311e-01 -6.671815527094777758e-03 -1.992588541541716052e-01
4.199999999999999845e-01 -4.949225736612358588e-03 -1.478154613544445106e-01
4.299999999999999933e-01 -3.671370140710115190e-03 -1.096522251462421216e-01
4.400000000000000022e-01 -2.723437144004608578e-03 -8.134138949394037477e-02
4.500000000000000111e-01 -2.020250683907396337e-03 -6.033970281305225253e-02
4.600000000000000200e-01 -1.498622400838405021e-03 -4.476028566464450992e-02
4.700000000000000289e-01 -1.111676624805136475e-03 -3.320329048823433826e-02
4.799999999999999822e-01 -8.246396371622157330e-04 -2.463022370927009722e-02
4.899999999999999911e-01 -6.117155922391946232e-04 -1.827068430130206200e-02
5.000000000000000000e-01 -4.537687754294059172e-04 -1.355316408212182619e-02
5.100000000000000089e-01 -3.366041395010822401e-04 -1.005370534485326012e-02
5.200000000000000178e-01 -2.496917188535945076e-04 -7.457809629189046489e-03
5.300000000000000266e-01 -1.852203532823136327e-04 -5.532178687381076113e-03
5.400000000000000355e-01 -1.373957156372800211e-04 -4.103750336129698487e-03
5.500000000000000444e-01 -1.019195759913900525e-04 -3.044146396936476054e-03
5.600000000000000533e-01 -7.560351338145087708e-05 -2.258135725829492520e-03
5.700000000000000622e-01 -5.608236408801129563e-05 -1.675075853073353322e-03
5.799999999999999600e-01 -4.160165619737316245e-05 -1.242564271589142707e-03
5.899999999999999689e-01 -3.085992804817777276e-05 -9.217289039894794320e-04
5.999999999999999778e-01 -2.289175995419599595e-05 -6.837345441101639037e-04
6.099999999999999867e-01 -1.698100721472596382e-05 -5.071913245288559805e-04
6.199999999999999956e-01 -1.259643650422894419e-05 -3.762323147902290926e-04
6.300000000000000044e-01 -9.343981098292502145e-06 -2.790874843309818073e-04
6.400000000000000133e-01 -6.931323938637538236e-06 -2.070258701196961339e-04
6.500000000000000222e-01 -5.141625467447769765e-06 -1.535708788921323663e-04
6.600000000000000311e-01 -3.814035029180797216e-06 -1.139182005026038888e-04
6.700000000000000400e-01 -2.829234302641478881e-06 -8.450401789944635925e-05
6.800000000000000488e-01 -2.098713476283895467e-06 -6.268470679805412374e-05
6.900000000000000577e-01 -1.556816358910241415e-06 -4.649923809780718670e-05
7.000000000000000666e-01 -1.154839476031262916e-06 -3.449292892705530715e-05
7.099999999999999645e-01 -8.566548045966730308e-07 -2.558670188302002588e-05
7.199999999999999734e-01 -6.354627364150392877e-07 -1.898010207896347107e-05
7.299999999999999822e-01 -4.713834404802074502e-07 -1.407935559963598517e-05
7.399999999999999911e-01 -3.496701460407853054e-07 -1.044400357143885011e-05
7.500000000000000000e-01 -2.593837638025772988e-07 -7.747315546215886452e-06
7.600000000000000089e-01 -1.924097257581655017e-07 -5.746924321542373418e-06
7.700000000000000178e-01 -1.427286813017702721e-07 -4.263042978793775260e-06
7.800000000000000266e-01 -1.058755028246511551e-07 -3.162306377571563789e-06
7.900000000000000355e-01 -7.853797845570545724e-08 -2.345784847369783495e-06
8.000000000000000444e-01 -5.825912411108746998e-08 -1.740092796903812521e-06
8.100000000000000533e-01 -4.321635989003172112e-08 -1.290793119774044665e-06
8.200000000000000622e-01 -3.205770410307365252e-08 -9.575046117453858587e-07
8.300000000000000711e-01 -2.378026272781150085e-08 -7.102726745325578626e-07
8.399999999999999689e-01 -1.764009342562324739e-08 -5.268771199358423353e-07
8.499999999999999778e-01 -1.308534306876514513e-08 -3.908351108734306438e-07
8.599999999999999867e-01 -9.706649454369750752e-09 -2.899197518877364684e-07
8.699999999999999956e-01 -7.200349515782258365e-09 -2.150611861484030664e-07
8.800000000000000044e-01 -5.341187336860361517e-09 -1.595314340802402123e-07
8.900000000000000133e-01 -3.962069077999943645e-09 -1.183397102713000007e-07
9.000000000000000222e-01 -2.939045270036086500e-09 -8.778387223631083609e-08
9.100000000000000311e-01 -2.180170746456169411e-09 -6.511768709831677250e-08
9.200000000000000400e-01 -1.617240990518560308e-09 -4.830401148857435502e-08
9.300000000000000488e-01 -1.199662194192945651e-09 -3.583170149083010269e-08
9.400000000000000577e-01 -8.899040950677967988e-10 -2.657979724993062221e-08
9.500000000000000666e-01 -6.601269109346490155e-10 -1.971677571680096809e-08
9.599999999999999645e-01 -4.896792148221478206e-10 -1.462581678146900451e-08
9.699999999999999734e-01 -3.632418697931943369e-10 -1.084936602198062172e-08
9.799999999999999822e-01 -2.694512080091588638e-10 -8.048011597407186548e-09
9.899999999999999911e-01 -1.998777110659343492e-10 -5.969979309458171597e-09
1.000000000000000000e+00 -1.482683995968225044e-10 -4.428504174475290228e-09
1.010000000000000009e+00 -1.099848412399906356e-10 -3.285044755895261141e-09
1.020000000000000018e+00 -8.158626744119648639e-11 -2.436831630515751013e-09
1.030000000000000027e+00 -6.052033134694912570e-11 -1.807630895994499861e-09
1.040000000000000036e+00 -4.489371338116651685e-11 -1.340892581676594831e-09
1.050000000000000044e+00 -3.330195747931627100e-11 -9.946681701332345550e-10
1.060000000000000053e+00 -2.470324436159022185e-11 -7.378404371803346488e-10
1.070000000000000062e+00 -1.832475710676908462e-11 -5.473267639252147346e-10
1.080000000000000071e+00 -1.359322355019044353e-11 -4.060045660463296166e-10
1.090000000000000080e+00 -1.008339294261062716e-11 -3.011723864338320619e-10
1.100000000000000089e+00 0.000000000000000000e+00 -2.234083405355030078e-10
1.110000000000000098e+00 0.000000000000000000e+00 -1.657233161772353616e-10
1.120000000000000107e+00 0.000000000000000000e+00 -1.229328209454883863e-10
1.130000000000000115e+00 0.000000000000000000e+00 -9.119102136149052794e-11
1.140000000000000124e+00 0.000000000000000000e+00 -6.764509520723690571e-11
1.150000000000000133e+00 0.000000000000000000e+00 -5.017883161388169241e-11
1.159999999999999920e+00 0.000000000000000000e+00 -3.722243474446210988e-11
1.169999999999999929e+00 0.000000000000000000e+00 -2.761143700927529699e-11
1.179999999999999938e+00 0.000000000000000000e+00 -2.048204151477767443e-11
1.189999999999999947e+00 0.000000000000000000e+00 -1.519348755633947982e-11
1.199999999999999956e+00 0.000000000000000000e+00 -1.127046168508602907e-11
