0.000000000000000000e+00 6.643773600000000670e+02 1.365385639999999967e+03
1.000000200000000089e-02 6.231440399999999045e+02 6.881355066666666971e+03
1.999999800000000147e-02 5.267488640000000260e+02 8.274138933333333625e+03
2.999999999999999889e-02 4.576626559999999699e+02 6.455821346666667523e+03
4.000000199999999978e-02 3.976335527999999613e+02 5.609063426666666601e+03
4.999999799999999689e-02 3.454795743999999900e+02 4.873376760000000104e+03
5.999999999999999778e-02 3.001660175999999751e+02 4.234180106666666688e+03
7.000000199999999173e-02 2.607958327999999710e+02 3.678816866666667011e+03
7.999999800000000272e-02 2.265895408000000089e+02 3.196297066666666979e+03
8.999999999999999667e-02 1.968697519999999770e+02 2.777067239999999856e+03
1.000000019999999906e-01 1.710481959999999901e+02 2.412829119999999875e+03
1.099999979999999877e-01 1.486131695999999920e+02 2.096358333333333576e+03
1.199999999999999956e-01 1.291211688000000208e+02 1.821399799999999914e+03
1.300000020000000034e-01 1.121855919999999998e+02 1.582500373333333528e+03
1.399999979999999866e-01 9.747088240000000781e+01 1.374939106666666703e+03
1.499999999999999944e-01 8.468667039999999702e+01 1.194601733333333414e+03
1.600000020000000023e-01 7.357898720000000026e+01 1.037917906666666795e+03
1.699999979999999855e-01 6.392817279999999869e+01 9.017775200000000950e+02
1.799999999999999933e-01 5.554343680000000205e+01 7.835028133333332789e+02
1.900000019999999734e-01 4.825825600000000293e+01 6.807374973333334083e+02
1.999999979999999844e-01 4.192870080000000144e+01 5.914509373333332860e+02
2.099999999999999922e-01 3.642925119999999595e+01 5.138753933333333634e+02
2.200000019999999723e-01 3.165116503999999864e+01 4.464753373333333002e+02
2.299999980000000110e-01 2.749975839999999749e+01 3.879146786666667026e+02
2.399999999999999911e-01 2.389285751999999974e+01 3.370358440000000542e+02
2.500000019999999989e-01 2.075904152000000025e+01 2.928297919999999976e+02
2.599999980000000099e-01 1.803626167999999907e+01 2.544220666666666943e+02
2.700000000000000178e-01 1.567062807999999841e+01 2.210518773333333229e+02
2.800000019999999701e-01 1.361523808000000102e+01 1.920581520000000069e+02
2.899999979999999811e-01 1.182946503999999877e+01 1.668676826666666670e+02
2.999999999999999889e-01 1.027787047999999892e+01 1.449811786666666649e+02
3.100000019999999967e-01 8.929827519999999907e+00 1.259648986666666701e+02
3.199999980000000077e-01 7.758600400000000619e+00 1.094436773333333406e+02
3.300000000000000155e-01 6.740967920000000113e+00 9.508907066666665742e+01
3.400000020000000234e-01 5.856805040000000240e+00 8.261656666666667093e+01
3.499999979999999788e-01 5.088622640000000530e+00 7.178070400000001428e+01
3.599999999999999867e-01 4.421190959999999670e+00 6.236586719999999673e+01
3.700000019999999945e-01 3.841301112000000018e+00 5.418586826666667378e+01
3.799999980000000055e-01 3.337472200000000111e+00 4.707878640000000559e+01
3.900000000000000133e-01 2.899725383999999906e+00 4.090389973333333984e+01
4.000000020000000212e-01 2.519395599999999735e+00 3.553889600000000115e+01
4.099999979999999766e-01 2.188947463999999954e+00 3.087757133333333215e+01
4.199999999999999845e-01 1.901845567999999931e+00 2.675465773333333530e+01
4.300000019999999368e-01 1.653855703999999927e+00 2.346526666666666827e+01
4.399999980000000033e-01 1.432538839999999869e+00 2.108924280000000095e+01
4.499999999999999556e-01 1.232070847999999996e+00 1.899103653333333241e+01
4.600000019999999634e-01 1.052719503999999917e+00 1.678139640000000199e+01
4.699999980000000299e-01 8.964429199999999209e-01 1.497397813333333261e+01
4.799999999999999822e-01 7.532371520000000764e-01 1.396626173333333298e+01
4.900000019999999901e-01 6.171190799999999310e-01 1.325240160000000067e+01
4.999999979999999455e-01 4.881891200000000319e-01 1.244244893333333479e+01
5.100000000000000089e-01 3.682685672000000077e-01 1.151136946666666638e+01
5.200000019999999612e-01 2.579632647999999806e-01 1.056327506666666594e+01
5.299999979999999722e-01 1.570033447999999998e-01 9.635054666666666989e+00
5.400000000000000355e-01 6.526245040000000497e-02 8.718688933333334390e+00
5.500000019999999878e-01 -1.737041991999999785e-02 7.826799600000000190e+00
5.599999979999999988e-01 -9.127312320000000034e-02 6.981143466666667408e+00
5.699999999999999512e-01 -1.569937215999999969e-01 6.192724453333333656e+00
5.800000019999999035e-01 -2.151274728000000247e-01 5.456696093333333941e+00
5.899999980000000255e-01 -2.661279223999999943e-01 4.762249719999999797e+00
5.999999999999999778e-01 -3.103724672000000018e-01 4.097670133333333631e+00
6.100000019999999301e-01 -3.480811855999999538e-01 3.453996599999999972e+00
6.199999980000000521e-01 -3.794523991999999568e-01 2.832407613333333352e+00
6.300000000000000044e-01 -4.047291983999999898e-01 2.247728480000000140e+00
6.400000019999999568e-01 -4.244082239999999451e-01 1.717845800000000089e+00
6.499999980000000788e-01 -4.390856959999999698e-01 1.249035573333333371e+00
6.600000000000000311e-01 -4.493867040000000257e-01 8.353425733333333936e-01
6.700000019999999834e-01 -4.557924079999999822e-01 4.686930746666667091e-01
6.799999979999998834e-01 -4.587630480000000066e-01 1.478548893333333225e-01
6.899999999999999467e-01 -4.587504960000000076e-01 -1.262954346666666783e-01
7.000000019999998990e-01 -4.562359120000000212e-01 -3.595401853333333175e-01
7.099999979999999100e-01 -4.515582000000000207e-01 -5.664243413333333033e-01
7.199999999999999734e-01 -4.449056399999999911e-01 -7.589845733333334676e-01
7.300000019999999257e-01 -4.363786479999999801e-01 -9.389174933333334083e-01
7.399999979999999367e-01 -4.261278479999999758e-01 -1.098857866666666849e+00
7.500000000000000000e-01 -4.144026064000000398e-01 -1.229879826666666620e+00
7.600000019999999523e-01 -4.015313671999999889e-01 -1.325832893333333429e+00
7.699999979999999633e-01 -3.878856695999999826e-01 -1.386340506666666750e+00
7.800000000000000266e-01 -3.738048359999999737e-01 -1.420928239999999843e+00
7.900000019999999790e-01 -3.594675232000000276e-01 -1.450927520000000026e+00
7.999999979999999900e-01 -3.447862855999999643e-01 -1.500396346666666547e+00
8.100000000000000533e-01 -3.294594567999999946e-01 -1.578420973333333421e+00
8.200000020000000056e-01 -3.132175872000000361e-01 -1.669290479999999910e+00
8.299999979999999056e-01 -2.960736471999999564e-01 -1.742287333333333299e+00
8.399999999999999689e-01 -2.783719800000000189e-01 -1.773032760000000208e+00
8.500000019999999212e-01 -2.606129919999999878e-01 -1.756659373333333329e+00
8.599999979999999322e-01 -2.432389319999999910e-01 -1.703829400000000049e+00
8.699999999999999956e-01 -2.265364039999999968e-01 -1.631348573333333496e+00
8.800000019999999479e-01 -2.106116815999999892e-01 -1.555820400000000214e+00
8.899999979999999589e-01 -1.954199960000000125e-01 -1.487356213333333343e+00
8.999999999999999112e-01 -1.808646968000000022e-01 -1.424045319999999837e+00
9.100000019999999745e-01 -1.669390896000000069e-01 -1.356989746666666719e+00
9.199999979999999855e-01 -1.537247623999999924e-01 -1.280290053333333455e+00
9.299999999999999378e-01 -1.413334280000000109e-01 -1.194469240000000099e+00
9.400000020000000012e-01 -1.298353775999999959e-01 -1.103160413333333478e+00
9.499999980000000122e-01 -1.192699407999999878e-01 -1.010038520000000162e+00
9.599999999999999645e-01 -1.096346072000000116e-01 -9.174605466666666542e-01
9.700000020000000278e-01 -1.009205903999999959e-01 -8.265910400000000546e-01
9.799999979999999278e-01 -9.310278639999999828e-02 -7.397939600000000837e-01
9.899999999999998801e-01 -8.612471119999999536e-02 -6.607735413333333252e-01
1.000000001999999943e+00 -7.988720399999998945e-02 -5.910046439999999679e-01
1.009999997999999843e+00 -7.430491120000000393e-02 -5.288840986666666355e-01
1.020000000000000018e+00 -6.930963360000000351e-02 -4.740374373333333669e-01
1.030000001999999970e+00 -6.482396719999999890e-02 -4.283544333333333398e-01
1.039999997999999870e+00 -6.074247519999999984e-02 -3.926460853333333390e-01
1.050000000000000044e+00 -5.697101759999999987e-02 -3.654242840000000436e-01
1.060000001999999997e+00 -5.343386399999999758e-02 -3.445496106666666725e-01
1.069999997999999897e+00 -5.007996959999999609e-02 -3.285995053333333749e-01
1.080000000000000071e+00 -4.686205520000000235e-02 -3.185460506666666913e-01
1.090000002000000023e+00 -4.370941119999999930e-02 -3.170900186666666953e-01
1.099999997999999923e+00 -4.052019904000000311e-02 -3.236324000000000423e-01
1.110000000000000098e+00 -3.723659583999999745e-02 -3.320178333333333454e-01
1.120000002000000050e+00 -3.387985631999999858e-02 -3.296287693333333491e-01
1.129999997999999950e+00 -3.064403439999999895e-02 -3.474832919999999992e-01
1.139999999999999902e+00 -2.693019047999999777e-02 -4.213748239999999812e-01
1.150000001999999855e+00 -2.221653792000000127e-02 -7.154151866666667026e-01
1.159999997999999977e+00 -1.262183096000000018e-02 -9.281855333333334235e-01
1.169999999999999929e+00 -3.652774255999999969e-03 -6.758108373333333585e-01
1.180000001999999881e+00 8.943760239999999076e-04 -1.860262186666666873e-01
1.189999998000000003e+00 6.775067520000000322e-05 4.471887093333333507e-02
1.199999999999999956e+00 0.000000000000000000e+00 -3.116877773333333324e-02
