0.000000000000000000e+00 5.161369872956702851e+21 6.194021923773808988e+24
1.000000000000000021e-02 2.580999999954559173e+21 3.097199999972735485e+24
2.000000000000000042e-02 6.301269524149998080e+17 3.780761716619998659e+20
2.999999999999999889e-02 4.856606785841215000e+15 1.942642726802878208e+18
4.000000000000000083e-02 1.538395770715331562e+14 4.615187478552244800e+16
5.000000000000000278e-02 1.057177309183999414e+13 2.537225891020798500e+15
5.999999999999999778e-02 1.185694057355379639e+12 2.371389088647658750e+14
7.000000000000000666e-02 1.864707101694245605e+11 3.196644056335510938e+13
8.000000000000000167e-02 3.755831986457108307e+10 5.633760980173944336e+12
8.999999999999999667e-02 9.138477099382955551e+09 1.218469313476171875e+12
1.000000000000000056e-01 2.580954559999998569e+09 3.097172735999998169e+11
1.100000000000000006e-01 8.223604908150492907e+08 8.971345261775347900e+10
1.199999999999999956e-01 2.894611082350313067e+08 2.894687171170614624e+10
1.300000000000000044e-01 1.107722225338068008e+08 1.022556273021429062e+10
1.400000000000000133e-01 4.551913511985215545e+07 3.901898791719789982e+09
1.499999999999999944e-01 1.988867240457549319e+07 1.591253362187713146e+09
1.600000000000000033e-01 9.166845569925496355e+06 6.876149840591095686e+08
1.700000000000000122e-01 4.428089118485251442e+06 3.126374392761764526e+08
1.799999999999999933e-01 2.229758395178918261e+06 1.486950926872759759e+08
1.900000000000000022e-01 1.165158293992537772e+06 7.361944590397563577e+07
2.000000000000000111e-01 6.294169531249996508e+05 3.778631718749997765e+07
2.099999999999999922e-01 3.503484527706052177e+05 2.003504909922350198e+07
2.200000000000000011e-01 2.003770898452162510e+05 1.094058971402101964e+07
2.300000000000000100e-01 1.174682804713032965e+05 6.136787309627055191e+06
2.399999999999999911e-01 7.043515358867892064e+04 3.527702118520022370e+06
2.500000000000000000e-01 4.311587225600000238e+04 2.074028802048000041e+06
2.600000000000000089e-01 2.689920289330038941e+04 1.244896174533097306e+06
2.700000000000000178e-01 1.707852920863913459e+04 7.616521555514158681e+05
2.800000000000000266e-01 1.102024814285428329e+04 4.743169629607670940e+05
2.899999999999999800e-01 7.218384729873221659e+03 3.002723149981199531e+05
2.999999999999999889e-01 4.794274886581955798e+03 1.930176346951026935e+05
3.099999999999999978e-01 3.225583187408040430e+03 1.258522483056687634e+05
3.200000000000000067e-01 2.196341347957541529e+03 8.315628738198020437e+04
3.300000000000000155e-01 1.512279844003778635e+03 5.563171736972573126e+04
3.400000000000000244e-01 1.052121323157226016e+03 3.765277717425212904e+04
3.500000000000000333e-01 7.390666587296101397e+02 2.576318176451159525e+04
3.599999999999999867e-01 5.238259298757371880e+02 1.780877845951489508e+04
3.699999999999999956e-01 3.743629590172839698e+02 1.242869679011423614e+04
3.800000000000000044e-01 2.696066305226773920e+02 8.752182816049973553e+03
3.900000000000000133e-01 1.955414941196624454e+02 6.215333659508442906e+03
4.000000000000000222e-01 1.427458381652831179e+02 4.448781394958493365e+03
4.100000000000000311e-01 1.048222252764933842e+02 3.207959362093699383e+03
4.199999999999999845e-01 7.738531203101778999e+01 2.329270730263902806e+03
4.299999999999999933e-01 5.740186326272498007e+01 1.702214645873351856e+03
4.400000000000000022e-01 4.275590111179462838e+01 1.251462748433500110e+03
4.500000000000000111e-01 3.195933631412953702e+01 9.252118498004391540e+02
4.600000000000000200e-01 2.395758474271957539e+01 6.875387445989083517e+02
4.700000000000000289e-01 1.799781188341836113e+01 5.133337528160346892e+02
4.799999999999999822e-01 1.353885915326302225e+01 3.849124091915505801e+02
4.899999999999999911e-01 1.018916047005099657e+01 2.897296237036329671e+02
5.000000000000000000e-01 7.663615999999999318e+00 2.188247040000000254e+02
5.100000000000000089e-01 5.753410374959343265e+00 1.657551012322033159e+02
5.200000000000000178e-01 4.304739007273963303e+00 1.258596819887920049e+02
5.300000000000000266e-01 3.203710745313559372e+00 9.574595701032643547e+01
5.400000000000000355e-01 2.365563600807112365e+00 7.293068115256215833e+01
5.500000000000000444e-01 1.726913127105529355e+00 5.558625554875909813e+01
5.600000000000000533e-01 1.240147226034794770e+00 4.236063014392099291e+01
5.700000000000000622e-01 8.693497631452535845e-01 3.224861158740367273e+01
5.799999999999999600e-01 5.873197081601996272e-01 2.449935686538612600e+01
5.899999999999999689e-01 3.733798984545988464e-01 1.854949812087582117e+01
5.999999999999999778e-01 2.117581314294534889e-01 1.397453162721733122e+01
6.099999999999999867e-01 9.038532286420562778e-02 1.045329653712237672e+01
6.199999999999999956e-01 -8.384108194370298861e-07 7.741887146202735437e+00
6.300000000000000044e-01 -6.652735005943287427e-02 5.654400094393527532e+00
6.400000000000000133e-01 -1.146910187611525633e-01 4.048659285512669292e+00
6.500000000000000222e-01 -1.487399862787941451e-01 2.815583975262930139e+00
6.600000000000000311e-01 -1.719630121141957346e-01 1.871236047832455673e+00
6.700000000000000400e-01 -1.869096205777563413e-01 1.150846664066886404e+00
6.800000000000000488e-01 -1.955582204864164952e-01 6.043117652904541615e-01
6.900000000000000577e-01 -1.994449191979201785e-01 1.927822616644270792e-01
7.000000000000000666e-01 -1.997625307421001806e-01 -1.139265800489866476e-01
7.099999999999999645e-01 -1.974369006748829536e-01 -3.393102659204089711e-01
7.199999999999999734e-01 -1.931859088739447672e-01 -5.016860047455263816e-01
7.299999999999999822e-01 -1.875652008873706644e-01 -6.153522437237989307e-01
7.399999999999999911e-01 -1.810037193356312246e-01 -6.914812566491724821e-01
7.500000000000000000e-01 -1.738313725587600500e-01 -7.388082435190359565e-01
7.600000000000000089e-01 -1.663006249168395567e-01 -7.641648048780975699e-01
7.700000000000000178e-01 -1.586033755072981111e-01 -7.728930201120540744e-01
7.800000000000000266e-01 -1.508841754125827550e-01 -7.691676471258124259e-01
7.900000000000000355e-01 -1.432505927008178581e-01 -7.562474133931564868e-01
8.000000000000000444e-01 -1.357813505455851277e-01 -7.366714300587772213e-01
8.100000000000000533e-01 -1.285327230627045236e-01 -7.124130233193670669e-01
8.200000000000000622e-01 -1.215435653561316304e-01 -6.850004392723518798e-01
8.300000000000000711e-01 -1.148392709999546679e-01 -6.556117164055822455e-01
8.399999999999999689e-01 -1.084348858702515739e-01 -6.251493677404696969e-01
8.499999999999999778e-01 -1.023375574309341868e-01 -5.942992482878954874e-01
8.599999999999999867e-01 -9.654845990041767412e-02 -5.635770100050738751e-01
8.699999999999999956e-01 -9.106430561792089318e-02 -5.333647960037727342e-01
8.800000000000000044e-01 -8.587852943477863876e-02 -5.039402456801388430e-01
8.900000000000000133e-01 -8.098221458220650204e-02 -4.754994328615844146e-01
9.000000000000000222e-01 -7.636481406558175145e-02 -4.481750097521473575e-01
9.100000000000000311e-01 -7.201471032419096141e-02 -4.220505573818609246e-01
9.200000000000000400e-01 -6.791964699397985694e-02 -3.971719308511136304e-01
9.300000000000000488e-01 -6.406705959276721984e-02 -3.735562214503498346e-01
9.400000000000000577e-01 -6.044432640454098365e-02 -3.511988273964670171e-01
9.500000000000000666e-01 -5.703895645461296016e-02 -3.300790225058192751e-01
9.599999999999999645e-01 -5.383872799341107851e-02 -3.101643314803325113e-01
9.699999999999999734e-01 -5.083178815051573457e-02 -2.914139568670137126e-01
9.799999999999999822e-01 -4.800672223113158776e-02 -2.737814524767357982e-01
9.899999999999999911e-01 -4.535259938603253271e-02 -2.572167982498057004e-01
1.000000000000000000e+00 -4.285900000000000820e-02 -2.416679999999999939e-01
1.010000000000000009e+00 -4.051602903954179546e-02 -2.270823124106876867e-01
1.020000000000000018e+00 -3.831431872036430986e-02 -2.134071637305179903e-01
1.030000000000000027e+00 -3.624502315292719296e-02 -2.005908447503832182e-01
1.040000000000000036e+00 -3.429980706421167230e-02 -1.885830119956472817e-01
1.050000000000000044e+00 -3.247083024685207264e-02 -1.773350449744902357e-01
1.060000000000000053e+00 -3.075072903018665968e-02 -1.668002892611004651e-01
1.070000000000000062e+00 -2.913259578342198425e-02 -1.569342107474110959e-01
1.080000000000000071e+00 -2.760995723450297701e-02 -1.476944812413203412e-01
1.090000000000000080e+00 -2.617675220789895951e-02 -1.390410114627872173e-01
1.100000000000000089e+00 0.000000000000000000e+00 -1.309359441852151196e-01
1.110000000000000098e+00 0.000000000000000000e+00 -1.233436176236791804e-01
1.120000000000000107e+00 0.000000000000000000e+00 -1.162305070527500650e-01
1.130000000000000115e+00 0.000000000000000000e+00 -1.095651509403254426e-01
1.140000000000000124e+00 0.000000000000000000e+00 -1.033180665264002152e-01
1.150000000000000133e+00 0.000000000000000000e+00 -9.746165869021322647e-02
1.159999999999999920e+00 0.000000000000000000e+00 -9.197012508211838133e-02
1.169999999999999929e+00 0.000000000000000000e+00 -8.681935980488177107e-02
1.179999999999999938e+00 0.000000000000000000e+00 -8.198685737841809873e-02
1.189999999999999947e+00 0.000000000000000000e+00 -7.745161828453529795e-02
1.199999999999999956e+00 0.000000000000000000e+00 -7.319405704179236805e-02
