0.000000000000000000e+00 5.997833718209048740e+20 4.318703886164417231e+23
1.666666666666666644e-02 2.999282982513335992e+20 2.159483747509772013e+23
3.333333333333333287e-02 7.322468176229382400e+16 2.636088551268372890e+19
5.000000000000000278e-02 5.643679693412796250e+14 1.354483172221618720e+17
6.666666666666666574e-02 1.787711288379208984e+13 3.217880930472787000e+15
8.333333333333334259e-02 1.228504528948374023e+12 1.769047803863861250e+14
1.000000000000000056e-01 1.377845616961716309e+11 1.653418318678107812e+13
1.166666666666666824e-01 2.166886795531854248e+10 2.228810010152965332e+12
1.333333333333333315e-01 4.364425027012881279e+09 3.928030289171786499e+11
1.499999999999999944e-01 1.061905615980453730e+09 8.495454358789314270e+10
1.666666666666666852e-01 2.999004732313573956e+08 2.159383577437857056e+10
1.833333333333333481e-01 9.555069242107789218e+07 6.254741171658830643e+09
2.000000000000000111e-01 3.362963605802304298e+07 2.018057720047671318e+09
2.166666666666666741e-01 1.286775245742091537e+07 7.128351582318577766e+08
2.333333333333333648e-01 5.286613253923862241e+06 2.719779932837271690e+08
2.500000000000000000e-01 2.309208556210801005e+06 1.109006379593291134e+08
2.666666666666666630e-01 1.063900865865678061e+06 4.791285526098153740e+07
2.833333333333333814e-01 5.136375684711739887e+05 2.177847330803097039e+07
2.999999999999999889e-01 2.584489937953980698e+05 1.035432154444738850e+07
3.166666666666667074e-01 1.349194557986712898e+05 5.123943597362717614e+06
3.333333333333333703e-01 7.278991582516726339e+04 2.628262764400094282e+06
3.499999999999999778e-01 4.044981362083699787e+04 1.392412398896920495e+06
3.666666666666666963e-01 2.308622608243268769e+04 7.595650873221217189e+05
3.833333333333333592e-01 1.349825517243315517e+04 4.254960810554602649e+05
4.000000000000000222e-01 8.067033024613225280e+03 2.441950264125309477e+05
4.166666666666666852e-01 4.917990448948375160e+03 1.432793130291395937e+05
4.333333333333333481e-01 3.052875272211894753e+03 8.578832945589875453e+04
4.500000000000000666e-01 1.926439969566125455e+03 5.232935001459714840e+04
4.666666666666667296e-01 1.233837818163766315e+03 3.246964833034976255e+04
4.833333333333333370e-01 8.009199287032971597e+02 2.046560938837660069e+04
5.000000000000000000e-01 5.261992176593873864e+02 1.308680670203348564e+04
5.166666666666667185e-01 3.494305832348768490e+02 8.479895260301120288e+03
5.333333333333333259e-01 2.342322349103521049e+02 5.561758855998759827e+03
5.500000000000000444e-01 1.582797529100868132e+02 3.688415919628198935e+03
5.666666666666667629e-01 1.076692149528732045e+02 2.470769467973148494e+03
5.833333333333333703e-01 7.362007563554884371e+01 1.670160625934539894e+03
5.999999999999999778e-01 5.051497729645571155e+01 1.138126050862436159e+03
6.166666666666666963e-01 3.471646733886598213e+01 7.810816402698909542e+02
6.333333333333334147e-01 2.384238896489654280e+01 5.392999417560637312e+02
6.500000000000000222e-01 1.631612843464484186e+01 3.742146658178671714e+02
6.666666666666667407e-01 1.108389511618969259e+01 2.606491331388569961e+02
6.833333333333334592e-01 7.434861294937991971e+00 1.819975507765725808e+02
6.999999999999999556e-01 4.885440405302036382e+00 1.272007677488849424e+02
7.166666666666666741e-01 3.104034416674965602e+00 8.882637434002570842e+01
7.333333333333333925e-01 1.861603095405887531e+00 6.183658109781502077e+01
7.500000000000000000e-01 9.988847294202373162e-01 4.278931671811642445e+01
7.666666666666667185e-01 4.044630495074943433e-01 2.931514858866243856e+01
7.833333333333334370e-01 -3.342335446141414735e-05 1.977161602777566785e+01
8.000000000000000444e-01 -2.699992203980327021e-01 1.301279039820281014e+01
8.166666666666666519e-01 -4.447522291409423123e-01 8.234367466207654473e+00
8.333333333333333703e-01 -5.522967495219884837e-01 4.868708833652007684e+00
8.500000000000000888e-01 -6.126333125464100693e-01 2.513191968364232309e+00
8.666666666666666963e-01 -6.400731087472281144e-01 8.809498226354620654e-01
8.833333333333334147e-01 -6.448658881745212845e-01 -2.332249082288248010e-01
9.000000000000001332e-01 -6.343512412289155078e-01 -9.766298869547149764e-01
9.166666666666667407e-01 -6.137769314814264243e-01 -1.455296474899600456e+00
9.333333333333334592e-01 -5.868832792762507244e-01 -1.745719123093743441e+00
9.500000000000001776e-01 -5.563222508971484848e-01 -1.903165793145640938e+00
9.666666666666666741e-01 -5.239591554425055975e-01 -1.967595443492249352e+00
9.833333333333332815e-01 -4.910905656687125642e-01 -1.967891266478125178e+00
1.000000000000000000e+00 -4.586021833333944198e-01 -1.924902151499288117e+00
1.016666666666666607e+00 -4.270834739613150188e-01 -1.853636593288246148e+00
1.033333333333333437e+00 -3.969110635508367180e-01 -1.764850974848565235e+00
1.050000000000000044e+00 -3.683094848340710548e-01 -1.666203160820919127e+00
1.066666666666666652e+00 -3.413954492134592122e-01 -1.563092783996448354e+00
1.083333333333333481e+00 -3.162101041887058761e-01 -1.459274831784903581e+00
1.100000000000000089e+00 -2.927425088554250210e-01 -1.357308606910497373e+00
1.116666666666666696e+00 -2.709466786562169105e-01 -1.258886744042690298e+00
1.133333333333333526e+00 -2.507539148987635858e-01 -1.165076574797033304e+00
1.150000000000000133e+00 -2.320816743114473002e-01 -1.076497268222810444e+00
1.166666666666666741e+00 -2.148398994468643242e-01 -9.934498027673579479e-01
1.183333333333333348e+00 -1.989354868560803957e-01 -9.160122282302826102e-01
1.199999999999999956e+00 -1.842753915486995409e-01 -8.441093456954167351e-01
1.216666666666666785e+00 -1.707687353647505957e-01 -7.775635118164917481e-01
1.233333333333333393e+00 -1.583281906034089137e-01 -7.161315069684608403e-01
1.250000000000000000e+00 -1.468708392629076986e-01 -6.595311134276239384e-01
1.266666666666666829e+00 -1.363186557949129796e-01 -6.074601001284283264e-01
1.283333333333333437e+00 -1.265987224563336622e-01 -5.596096113435526931e-01
1.300000000000000044e+00 -1.176432575700802757e-01 -5.156734404801210925e-01
1.316666666666666874e+00 -1.093895156613459430e-01 -4.753542882637079581e-01
1.333333333333333481e+00 -1.017796025917745706e-01 -4.383678213928257072e-01
1.350000000000000089e+00 -9.476023705201523650e-02 -4.044451373833395924e-01
1.366666666666666918e+00 -8.828248104608972524e-02 -3.733340848170144111e-01
1.383333333333333526e+00 -8.230145553311918327e-02 -3.447997716302534932e-01
1.399999999999999911e+00 -7.677605260765278661e-02 -3.186245071660971373e-01
1.416666666666666741e+00 -7.166865207104211599e-02 -2.946073588841788826e-01
1.433333333333333348e+00 -6.694484765404608295e-02 -2.725634562651369497e-01
1.449999999999999956e+00 -6.257318625707868065e-02 -2.523231383893547175e-01
1.466666666666666785e+00 -5.852492220132520656e-02 -2.337310148127562381e-01
1.483333333333333393e+00 -5.477378749823318821e-02 -2.166449893913627300e-01
1.500000000000000000e+00 -5.129577844697182087e-02 -2.009352818930198181e-01
1.516666666666666829e+00 -4.806895838467819398e-02 -1.864834712855483190e-01
1.533333333333333437e+00 -4.507327608673850072e-02 -1.731815765359771275e-01
1.550000000000000044e+00 -4.229039910209597686e-02 -1.609311848678361134e-01
1.566666666666666874e+00 -3.970356118029088471e-02 -1.496426331561062917e-01
1.583333333333333481e+00 -3.729742287920406046e-02 -1.392342450814188781e-01
1.600000000000000089e+00 -3.505794441783539189e-02 -1.296316245074115303e-01
1.616666666666666696e+00 -3.297226984392516436e-02 -1.207670040553565638e-01
1.633333333333333304e+00 -3.102862161221442427e-02 -1.125786468535056317e-01
1.650000000000000133e+00 -2.921620470856651358e-02 -1.050102988037348029e-01
1.666666666666666741e+00 -2.752511950286806730e-02 -9.801068833652007428e-02
1.683333333333333348e+00 -2.594628256584835188e-02 -9.153307044322722685e-02
1.700000000000000178e+00 -2.447135473902463387e-02 -8.553481172706245417e-02
1.716666666666666785e+00 -2.309267580101741560e-02 -7.997701325978061326e-02
1.733333333333333393e+00 -2.180320512619157367e-02 -7.482416814000292238e-02
1.750000000000000222e+00 -2.059646778211404045e-02 -7.004385079838361394e-02
1.766666666666666829e+00 -1.946650556014205280e-02 -6.560643526854630092e-02
1.783333333333333437e+00 -1.840783247826653299e-02 -6.148483982887580773e-02
1.800000000000000266e+00 -1.741539433699956438e-02 -5.765429561048543428e-02
1.816666666666666874e+00 -1.648453194759696636e-02 -5.409213695510355774e-02
1.833333333333333481e+00 0.000000000000000000e+00 -5.077761148923531920e-02
1.850000000000000311e+00 0.000000000000000000e+00 -4.769170805515325628e-02
1.866666666666666918e+00 0.000000000000000000e+00 -4.481700080346079362e-02
1.883333333333333526e+00 0.000000000000000000e+00 -4.213750790531074070e-02
1.900000000000000355e+00 0.000000000000000000e+00 -3.963856348452482470e-02
1.916666666666666963e+00 0.000000000000000000e+00 -3.730670150090311527e-02
1.933333333333333348e+00 0.000000000000000000e+00 -3.512955043624126084e-02
1.949999999999999956e+00 0.000000000000000000e+00 -3.309573774446133293e-02
1.966666666666666563e+00 0.000000000000000000e+00 -3.119480312739138228e-02
1.983333333333333393e+00 0.000000000000000000e+00 -2.941711978872827565e-02
2.000000000000000000e+00 0.000000000000000000e+00 -2.775382290125614354e-02
