0.000000000000000000e+00 1.110667463094606234e+21 7.997293880523453503e+23
1.666666666666666644e-02 5.554015295851863736e+20 3.998891013198831252e+23
3.333333333333333287e-02 1.355960757663868000e+17 4.881458742081290240e+19
5.000000000000000278e-02 1.045085893024985000e+15 2.508206228074542080e+17
6.666666666666666574e-02 3.310449830239406250e+13 5.958810826568893000e+15
8.333333333333334259e-02 2.274921367801145996e+12 3.275889143899041875e+14
1.000000000000000056e-01 2.551468360008789673e+11 3.061768658149512500e+13
1.166666666666666824e-01 4.012599837887410736e+10 4.127268070892727539e+12
1.333333333333333315e-01 8.081959425249129295e+09 7.273851931002523193e+11
1.499999999999999944e-01 1.966416664967897177e+09 1.573172113217463379e+11
1.666666666666666852e-01 5.553500047801144123e+08 3.998705523900570679e+10
1.833333333333333481e-01 1.769389591074298024e+08 1.158241099592153740e+10
2.000000000000000111e-01 6.227472205608889461e+07 3.737000990472021103e+09
2.166666666666666741e-01 2.382825996542882919e+07 1.320014621227052689e+09
2.333333333333333648e-01 9.789650213237278163e+06 5.036436889349465370e+08
2.500000000000000000e-01 4.276148663130247034e+06 2.053636984910643697e+08
2.666666666666666630e-01 1.970111490792524535e+06 8.872411730309078097e+07
2.833333333333333814e-01 9.511443426709792111e+05 4.032896439304089546e+07
2.999999999999999889e-01 4.785909714776466135e+05 1.917393670531348512e+07
3.166666666666667074e-01 2.498413093415731273e+05 9.488421911340462044e+06
3.333333333333333703e-01 1.347910006871414080e+05 4.866967390654872172e+06
3.499999999999999778e-01 7.490420917271866347e+04 2.578443057699062862e+06
3.666666666666666963e-01 4.275064440786700288e+04 1.406548360867881449e+06
3.833333333333333592e-01 2.499581972687005691e+04 7.879256761356793577e+05
4.000000000000000222e-01 1.493838406544043755e+04 4.521957962342132232e+05
4.166666666666666852e-01 9.107045616826004334e+03 2.653219734663097188e+05
4.333333333333333481e-01 5.653259843241240560e+03 1.588612466463258024e+05
4.500000000000000666e-01 3.567347649960428043e+03 9.690253281219373457e+04
4.666666666666667296e-01 2.284799607059359914e+03 6.012670616724749561e+04
4.833333333333333370e-01 1.483130067567473134e+03 3.789784867412622407e+04
5.000000000000000000e-01 9.744071480706616057e+02 2.423391734129355245e+04
5.166666666666667185e-01 6.470700917121049542e+02 1.570292267316282414e+04
5.333333333333333259e-01 4.337477739249155206e+02 1.029917036196035042e+04
5.500000000000000444e-01 2.931002463605736352e+02 6.830147362397799043e+03
5.666666666666667629e-01 1.993804809369354416e+02 4.575331121399000040e+03
5.833333333333333703e-01 1.363288237106310987e+02 3.092777556997453758e+03
5.999999999999999778e-01 9.354315330166978981e+01 2.107564989530437288e+03
6.166666666666666963e-01 6.428770010347049890e+01 1.446396094449071597e+03
6.333333333333334147e-01 4.415122831365849976e+01 9.986686637457002007e+02
6.500000000000000222e-01 3.021419213621030764e+01 6.929663399593343911e+02
6.666666666666667407e-01 2.052520018918563238e+01 4.826673996380134213e+02
6.833333333333334592e-01 1.376795370153529952e+01 3.370215300512775798e+02
6.999999999999999556e-01 9.046955051565886308e+00 2.355495893225597399e+02
7.166666666666666741e-01 5.748156338269742704e+00 1.644883696809209823e+02
7.333333333333333925e-01 3.447424428165222654e+00 1.145089783661254046e+02
7.500000000000000000e-01 1.849840876317468075e+00 7.923744524764624941e+01
7.666666666666667185e-01 7.490866373015809820e-01 5.428609375714813723e+01
7.833333333333334370e-01 3.447401182706936226e-05 3.661344139174425294e+01
8.000000000000000444e-01 -4.998945001856789361e-01 2.409747523940412250e+01
8.166666666666666519e-01 -8.235086880363134965e-01 1.524879674397401530e+01
8.333333333333333703e-01 -1.022666156787762848e+00 9.016261261950287320e+00
8.500000000000000888e-01 -1.134403706631487374e+00 4.654297884652675243e+00
8.666666666666666963e-01 -1.185222692662315280e+00 1.631689901712178425e+00
8.833333333333334147e-01 -1.194103545007273004e+00 -4.315631220801816603e-01
9.000000000000001332e-01 -1.174637693515873105e+00 -1.808225393370627376e+00
9.166666666666667407e-01 -1.136542944741757433e+00 -2.694644760295339836e+00
9.333333333333334592e-01 -1.086745635491718875e+00 -3.232473014304495962e+00
9.500000000000001776e-01 -1.030156696705318176e+00 -3.524055000373700786e+00
9.666666666666666741e-01 -9.702303320609053650e-01 -3.643386530249691280e+00
9.833333333333332815e-01 -9.093675613485487919e-01 -3.643953430311718034e+00
1.000000000000000000e+00 -8.492085539104237135e-01 -3.564363681318302390e+00
1.016666666666666607e+00 -7.908449082774859917e-01 -3.432410069154196108e+00
1.033333333333333437e+00 -7.349740855642151738e-01 -3.268011347647900244e+00
1.050000000000000044e+00 -6.820118990363578382e-01 -3.085348449568207307e+00
1.066666666666666652e+00 -6.321744967074427457e-01 -2.894420520382556372e+00
1.083333333333333481e+00 -5.855380955861938519e-01 -2.702181151916220880e+00
1.100000000000000089e+00 -5.420824536265719251e-01 -2.513369764109392168e+00
1.116666666666666696e+00 -5.017224332676601950e-01 -2.331120875798942560e+00
1.133333333333333526e+00 -4.643308333333114324e-01 -2.157411063195435741e+00
1.150000000000000133e+00 -4.297548137879166896e-01 -1.993386988068118315e+00
1.166666666666666741e+00 -3.978276184959118056e-01 -1.839606079695339957e+00
1.183333333333333348e+00 -3.683768495048406755e-01 -1.696212941099128457e+00
1.199999999999999956e+00 -3.412302159984599292e-01 -1.563068382663962197e+00
1.216666666666666785e+00 -3.162194386874919161e-01 -1.439843501932876357e+00
1.233333333333333393e+00 -2.931828121135217624e-01 -1.326087956519043987e+00
1.250000000000000000e+00 -2.719667958817105213e-01 -1.221279182064401558e+00
1.266666666666666829e+00 -2.524269087095402653e-01 -1.124857548691021281e+00
1.283333333333333437e+00 -2.344281272916597103e-01 -1.036251154618111014e+00
1.300000000000000044e+00 -2.178449387020868488e-01 -9.548929998096040705e-01
1.316666666666666874e+00 -2.025611555285683485e-01 -8.802325752794507574e-01
1.333333333333333481e+00 -1.884695735936324779e-01 -8.117433792749420007e-01
1.350000000000000089e+00 -1.754715303362631706e-01 -7.489274820094374840e-01
1.366666666666666918e+00 -1.634764057673180060e-01 -6.913179708005033897e-01
1.383333333333333526e+00 -1.524010959345664107e-01 -6.384798915907166084e-01
1.399999999999999911e+00 -1.421694799736197001e-01 -5.900101418832454092e-01
1.416666666666666741e+00 -1.327118952863552692e-01 -5.455366500753009440e-01
1.433333333333333348e+00 -1.239646305880549582e-01 -5.047170866228534170e-01
1.449999999999999956e+00 -1.158694430575532702e-01 -4.672372857002806690e-01
1.466666666666666785e+00 -1.083731032817828316e-01 -4.328095062844450336e-01
1.483333333333333393e+00 -1.014269698607213055e-01 -4.011706246102039741e-01
1.500000000000000000e+00 -9.498659424631240855e-02 -3.720803225129465375e-01
1.516666666666666829e+00 -8.901135549120084423e-02 -3.453193158979340205e-01
1.533333333333333437e+00 -8.346412397649947967e-02 -3.206876526605670907e-01
1.550000000000000044e+00 -7.831095279472573278e-02 -2.980030984787448989e-01
1.566666666666666874e+00 -7.352079522646348675e-02 -2.770996209960061019e-01
1.583333333333333481e+00 -6.906524662385758739e-02 -2.578259772511924397e-01
1.600000000000000089e+00 -6.491830896840232457e-02 -2.400444052146634422e-01
1.616666666666666696e+00 -6.105617638061194841e-02 -2.236294175321830169e-01
1.633333333333333304e+00 -5.745703990727268895e-02 -2.084666937318643554e-01
1.650000000000000133e+00 -5.410090998497295994e-02 -1.944520659738433743e-01
1.666666666666666741e+00 -5.096945506692161093e-02 -1.814905927342256309e-01
1.683333333333333348e+00 -4.804585499675687044e-02 -1.694957144776740865e-01
1.700000000000000178e+00 -4.531466781316506598e-02 -1.583884852847255442e-01
1.716666666666666785e+00 -4.276170876918493347e-02 -1.480968744845918283e-01
1.733333333333333393e+00 -4.037394044767941836e-02 -1.385551325455479377e-01
1.750000000000000222e+00 -3.813937294803133871e-02 -1.297032157515996820e-01
1.766666666666666829e+00 -3.604697320767332597e-02 -1.214862645157134546e-01
1.783333333333333437e+00 -3.408658260503826670e-02 -1.138541305245946572e-01
1.800000000000000266e+00 -3.224884206766685801e-02 -1.067609482622502992e-01
1.816666666666666874e+00 -3.052512398050320763e-02 -1.001647468084678333e-01
1.833333333333333481e+00 0.000000000000000000e+00 -9.402709814648213538e-02
1.850000000000000311e+00 0.000000000000000000e+00 -8.831279853666051949e-02
1.866666666666666918e+00 0.000000000000000000e+00 -8.298957981706706066e-02
1.883333333333333526e+00 0.000000000000000000e+00 -7.802784777570342944e-02
1.900000000000000355e+00 0.000000000000000000e+00 -7.340044500246832582e-02
1.916666666666666963e+00 0.000000000000000000e+00 -6.908243587153138632e-02
1.933333333333333348e+00 0.000000000000000000e+00 -6.505091152744640892e-02
1.949999999999999956e+00 0.000000000000000000e+00 -6.128481295181062438e-02
1.966666666666666563e+00 0.000000000000000000e+00 -5.776477037268667319e-02
1.983333333333333393e+00 0.000000000000000000e+00 -5.447295744751053104e-02
2.000000000000000000e+00 0.000000000000000000e+00 -5.139295880304511205e-02
