0.000000000000000000e+00 1.233597005964795236e+22 8.882440617266455987e+24
1.666666666666666644e-02 6.168738049604587618e+21 4.441491395754400525e+24
3.333333333333333287e-02 1.506039561221318656e+18 5.421742423451241021e+20
5.000000000000000278e-02 1.160756879981170000e+16 2.785816529832043008e+18
6.666666666666666574e-02 3.676854136508918750e+14 6.618337684348343200e+16
8.333333333333334259e-02 2.526714410095601172e+13 3.638469250985849000e+15
1.000000000000000056e-01 2.833876810122800781e+12 3.400653568806393750e+14
1.166666666666666824e-01 4.456756935215692749e+11 4.584097595127405469e+13
1.333333333333333315e-01 8.976653887325785828e+10 8.079007141740837891e+12
1.499999999999999944e-01 2.184148446315237808e+10 1.747326931371183594e+12
1.666666666666666852e-01 6.168629445506689072e+09 4.441452298279155273e+11
1.833333333333333481e-01 1.965488744777842522e+09 1.286521787061474152e+11
2.000000000000000111e-01 6.918286525693864822e+08 4.151081029403366852e+10
2.166666666666666741e-01 2.647519659029799700e+08 1.466380888654056740e+10
2.333333333333333648e-01 1.087933439767020941e+08 5.595457158297977448e+09
2.500000000000000000e-01 4.753506788856476545e+07 2.281912087267274857e+09
2.666666666666666630e-01 2.190928673500357568e+07 9.860635526660269499e+08
2.833333333333333814e-01 1.058338699446761794e+07 4.483328479103868604e+08
2.999999999999999889e-01 5.329250466488810256e+06 2.132338805266864002e+08
3.166666666666667074e-01 2.784795157725950703e+06 1.055728191739612222e+08
3.333333333333333703e-01 1.504342622191681759e+06 5.418687933197893202e+07
3.499999999999999778e-01 8.373528985913126962e+05 2.873094995108532533e+07
3.666666666666666963e-01 4.789127386357940850e+05 1.568918219027870707e+07
3.833333333333333592e-01 2.807559284686981118e+05 8.800364210746254772e+06
4.000000000000000222e-01 1.683440573343186406e+05 5.058846250267717987e+06
4.166666666666666852e-01 1.030494078776290553e+05 2.974228683625238948e+06
4.333333333333333481e-01 6.429063789029730833e+04 1.785223959655493265e+06
4.500000000000000666e-01 4.081866445659448800e+04 1.092235404710443458e+06
4.666666666666667296e-01 2.633902519802649113e+04 6.801868493701248663e+05
4.833333333333333370e-01 1.725235356088246044e+04 4.306008341273230617e+05
5.000000000000000000e-01 1.145859198513851879e+04 2.767939312071261811e+05
5.166666666666667185e-01 7.709328841797419955e+03 1.804764555052611104e+05
5.333333333333333259e-01 5.249381806781886553e+03 1.192489780812335521e+05
5.500000000000000444e-01 3.614435573622798529e+03 7.977779737532371655e+04
5.666666666666667629e-01 2.514630313473293427e+03 5.399537835695811373e+04
5.833333333333333703e-01 1.766411708244766260e+03 3.694528933725372190e+04
5.999999999999999778e-01 1.251974019779486525e+03 2.553840123257394225e+04
6.166666666666666963e-01 8.947489460260133001e+02 1.782317895331869295e+04
6.333333333333334147e-01 6.443753119566858913e+02 1.255093138056879616e+04
6.500000000000000222e-01 4.673553874752926731e+02 8.913002379792222200e+03
6.666666666666667407e-01 3.411707413128181656e+02 6.379705633305678930e+03
6.833333333333334592e-01 2.505311311579669677e+02 4.600324133021556918e+03
6.999999999999999556e-01 1.849553346821649029e+02 3.340254393303875986e+03
7.166666666666666741e-01 1.371937458478130338e+02 2.441034387007674468e+03
7.333333333333333925e-01 1.021890561945378266e+02 1.794640652629302167e+03
7.500000000000000000e-01 7.638464702229812531e+01 1.326785635469080944e+03
7.666666666666667185e-01 5.726000177514239908e+01 9.859542226561782172e+02
7.833333333333334370e-01 4.301580278063661922e+01 7.361382688566462775e+02
8.000000000000000444e-01 3.235864998389823910e+01 5.519776422440974102e+02
8.166666666666666519e-01 2.435267798769358549e+01 4.154822519650567756e+02
8.333333333333333703e-01 1.831648183556405129e+01 3.138021567877629536e+02
8.500000000000000888e-01 1.375098081969250075e+01 2.376985199314578949e+02
8.666666666666666963e-01 1.028857315314044740e+01 1.804871156627036441e+02
8.833333333333334147e-01 7.657052450558220258e+00 1.373029976247511001e+02
9.000000000000001332e-01 5.653832697913749428e+00 1.045851068153376957e+02
9.166666666666667407e-01 4.127421431896581616e+00 7.971260355940597719e+01
9.333333333333334592e-01 2.964023006775322155e+00 6.074660154481977514e+01
9.500000000000001776e-01 2.077795801016380395e+00 4.624561891119073920e+01
9.666666666666666741e-01 1.403727791969884287e+00 3.513292093506614577e+01
9.833333333333332815e-01 8.923993748914885726e-01 2.660061872018521356e+01
1.000000000000000000e+00 5.061140808543344027e-01 2.003995931245315276e+01
1.016666666666666607e+00 2.160261062720019720e-01 1.499038700352157072e+01
1.033333333333333437e+00 -2.003849950853322078e-06 1.110213261883757419e+01
1.050000000000000044e+00 -1.590041827424303889e-01 8.108604341864523946e+00
1.066666666666666652e+00 -2.741181136738827795e-01 5.805916757427345587e+00
1.083333333333333481e+00 -3.554970991366973032e-01 4.037644323990817519e+00
1.100000000000000089e+00 -4.110014629880395787e-01 2.683416894597211666e+00
1.116666666666666696e+00 -4.467247145739874359e-01 1.650353724761309371e+00
1.133333333333333526e+00 -4.673953644512822692e-01 8.666038699193893136e-01
1.150000000000000133e+00 -4.766847973181648768e-01 2.764563981803447312e-01
1.166666666666666741e+00 -4.774439071273905433e-01 -1.633746367815296086e-01
1.183333333333333348e+00 -4.718855178653991178e-01 -4.865825993122498971e-01
1.199999999999999956e+00 -4.617254036184148536e-01 -7.194349972450186925e-01
1.216666666666666785e+00 -4.482915891189547253e-01 -8.824362959710309040e-01
1.233333333333333393e+00 -4.326092718346826738e-01 -9.916079206250082434e-01
1.250000000000000000e+00 -4.154669516222754821e-01 -1.059476448641064827e+00
1.266666666666666829e+00 -3.974680327840333649e-01 -1.095838630322319762e+00
1.283333333333333437e+00 -3.790711651704066210e-01 -1.108355191365278269e+00
1.300000000000000044e+00 -3.606218341600926358e-01 -1.103012878287493725e+00
1.316666666666666874e+00 -3.423771336061612325e-01 -1.084484818441428855e+00
1.333333333333333481e+00 -3.245252164091422808e-01 -1.056412184596716708e+00
1.350000000000000089e+00 -3.072005809338062554e-01 -1.021624794435038730e+00
1.366666666666666918e+00 -2.904960931073891639e-01 -9.823142054574834914e-01
1.383333333333333526e+00 -2.744724450285723205e-01 -9.401697653999744331e-01
1.399999999999999911e+00 -2.591655972042341549e-01 -8.964857089968494286e-01
1.416666666666666741e+00 -2.445926324831123044e-01 -8.522455759386646790e-01
1.433333333333333348e+00 -2.307563573145738067e-01 -8.081888288791690966e-01
1.449999999999999956e+00 -2.176489140007669687e-01 -7.648634741927906600e-01
1.466666666666666785e+00 -2.052546114597959548e-01 -7.226676563290710398e-01
1.483333333333333393e+00 -1.935521381027880405e-01 -6.818825519047577721e-01
1.500000000000000000e+00 -1.825162860076045557e-01 -6.426983887459092326e-01
1.516666666666666829e+00 -1.721192885377413051e-01 -6.052350249261867488e-01
1.533333333333333437e+00 -1.623318522800665797e-01 -5.695582182377346703e-01
1.550000000000000044e+00 -1.531239474014512991e-01 -5.356924781792778978e-01
1.566666666666666874e+00 -1.444654072766275721e-01 -5.036312056354689259e-01
1.583333333333333481e+00 -1.363263777595911941e-01 -4.733446785456298933e-01
1.600000000000000089e+00 -1.286776481678084949e-01 -4.447863262146259378e-01
1.616666666666666696e+00 -1.214908894610796652e-01 -4.178976436907462788e-01
1.633333333333333304e+00 -1.147388198640812429e-01 -3.926120255402520964e-01
1.650000000000000133e+00 -1.083953140201542320e-01 -3.688577412760120078e-01
1.666666666666666741e+00 -1.024354684512428365e-01 -3.465602294455066845e-01
1.683333333333333348e+00 -9.683563345970791492e-02 -3.256438514493609215e-01
1.700000000000000178e+00 -9.157341950373880379e-02 -3.060332175867848670e-01
1.716666666666666785e+00 -8.662768439992159231e-02 -2.876541750722512170e-01
1.733333333333333393e+00 -8.197850636761871979e-02 -2.704345296304692670e-01
1.750000000000000222e+00 -7.760714686150113617e-02 -2.543045578028062526e-01
1.766666666666666829e+00 -7.349600628629698873e-02 -2.391973555369509286e-01
1.783333333333333437e+00 -6.962857500817874745e-02 -2.250490593892128521e-01
1.800000000000000266e+00 -6.598938153561896558e-02 -2.117989692753159958e-01
1.816666666666666874e+00 -6.256393931142198439e-02 -1.993895957879357750e-01
1.833333333333333481e+00 0.000000000000000000e+00 -1.877666503612071269e-01
1.850000000000000311e+00 0.000000000000000000e+00 -1.768789927681823915e-01
1.866666666666666918e+00 0.000000000000000000e+00 -1.666785473987811850e-01
1.883333333333333526e+00 0.000000000000000000e+00 -1.571201973331626811e-01
1.900000000000000355e+00 0.000000000000000000e+00 -1.481616632787765842e-01
1.916666666666666963e+00 0.000000000000000000e+00 -1.397633728827149535e-01
1.933333333333333348e+00 0.000000000000000000e+00 -1.318883246875502402e-01
1.949999999999999956e+00 0.000000000000000000e+00 -1.245019500070006224e-01
1.966666666666666563e+00 0.000000000000000000e+00 -1.175719752080565395e-01
1.983333333333333393e+00 0.000000000000000000e+00 -1.110682862588938252e-01
2.000000000000000000e+00 0.000000000000000000e+00 -1.049627969050559717e-01
