0.000000000000000000e+00 2.291880806732727255e+20 1.650254910690958131e+23
1.666666666666666644e-02 1.146080305746041897e+20 8.251778202024181917e+22
3.333333333333333287e-02 2.798047593564770000e+16 1.007297138782384947e+19
5.000000000000000278e-02 2.156552042013137188e+14 5.175725199268056800e+16
6.666666666666666574e-02 6.831166525612824219e+12 1.229610372974986250e+15
8.333333333333334259e-02 4.694333329866154785e+11 6.759848349320071875e+13
1.000000000000000056e-01 5.264981382068795776e+10 6.318000973836360352e+12
1.166666666666666824e-01 8.280002860271158218e+09 8.516653623340532227e+11
1.333333333333333315e-01 1.667697185141178370e+09 1.500958588867524414e+11
1.499999999999999944e-01 4.057592452443525195e+08 3.246210421272941971e+10
1.666666666666666852e-01 1.145899005736137033e+08 8.251125521988522530e+09
1.833333333333333481e-01 3.650741658079162240e+07 2.389911286409284115e+09
2.000000000000000111e-01 1.284798161601328477e+07 7.710610481624155045e+08
2.166666666666666741e-01 4.915447765394642018e+06 2.723441992464908957e+08
2.333333333333333648e-01 2.019114842583454214e+06 1.039021081354738623e+08
2.500000000000000000e-01 8.817321567883462412e+05 4.236134340151828527e+07
2.666666666666666630e-01 4.060888846377470763e+05 1.829831405906115100e+07
2.833333333333333814e-01 1.959595921846334240e+05 8.315370983160169795e+06
2.999999999999999889e-01 9.853760033787549764e+04 3.952164897743266076e+06
3.166666666666667074e-01 5.139579862347865856e+04 1.954931990036062896e+06
3.333333333333333703e-01 2.769719467017206625e+04 1.002198076003823429e+06
3.499999999999999778e-01 1.536918708386150684e+04 5.305673695026631467e+05
3.666666666666666963e-01 8.755536968423939470e+03 2.891614743161437800e+05
3.833333333333333592e-01 5.107280640005551504e+03 1.617970180844565621e+05
4.000000000000000222e-01 3.043326194485920496e+03 9.272284209722251398e+04
4.166666666666666852e-01 1.848543126271510573e+03 5.430739407639005367e+04
4.333333333333333481e-01 1.142288310388840046e+03 3.244521902821963522e+04
4.500000000000000666e-01 7.167750499984563248e+02 1.973795797765225871e+04
4.666666666666667296e-01 4.559131045379967873e+02 1.220720038708617540e+04
4.833333333333333370e-01 2.934413069716658811e+02 7.663807675017763358e+03
5.000000000000000000e-01 1.907855183433715638e+02 4.877288968972751718e+03
5.166666666666667185e-01 1.250758242161329576e+02 3.142216501116417021e+03
5.333333333333333259e-01 8.252172451724842972e+01 2.046693882595392779e+03
5.500000000000000444e-01 5.467609862867598736e+01 1.346078188484626480e+03
5.666666666666667629e-01 3.628894837571808552e+01 8.927367104503224482e+02
5.833333333333333703e-01 2.405295525083840147e+01 5.962472040429246363e+02
5.999999999999999778e-01 1.585835327609860101e+01 4.004552235551457215e+02
6.166666666666666963e-01 1.034359079016389060e+01 2.700332172562426649e+02
6.333333333333334147e-01 6.620497634736138615e+00 1.824857453902999396e+02
6.500000000000000222e-01 4.103937512492498385e+00 1.233257304279409823e+02
6.666666666666667407e-01 2.404896752556238582e+00 8.312460933998933399e+01
6.833333333333334592e-01 1.262594993061376458e+00 5.568543532174413713e+01
6.999999999999999556e-01 5.008976387022207044e-01 3.689785058297602660e+01
7.166666666666666741e-01 3.998152560543825104e-05 2.401229565538352162e+01
7.333333333333333925e-01 -3.218948064728857084e-01 1.517503728965002452e+01
7.500000000000000000e-01 -5.212194870822045578e-01 9.127280926243349413e+00
7.666666666666667185e-01 -6.368057883868893931e-01 5.008608834794983977e+00
7.833333333333334370e-01 -6.955703401237935957e-01 2.227417299902547665e+00
8.000000000000000444e-01 -7.161889913629830851e-01 3.747921814687548703e-01
8.166666666666666519e-01 -7.116290569316605641e-01 -8.331976494251369658e-01
8.333333333333333703e-01 -6.908867304015298139e-01 -1.594456107074570639e+00
8.500000000000000888e-01 -6.601861464413182334e-01 -2.047342955897323957e+00
8.666666666666666963e-01 -6.238113181193030155e-01 -2.288796359733095365e+00
8.833333333333334147e-01 -5.846861155694949019e-01 -2.386810556756871371e+00
9.000000000000001332e-01 -5.447802965339278991e-01 -2.389076003055835784e+00
9.166666666666667407e-01 -5.053947848079117788e-01 -2.328993741886612678e+00
9.333333333333334592e-01 -4.673627002921571516e-01 -2.229882159153830923e+00
9.500000000000001776e-01 -4.311913384333105892e-01 -2.107932229593720397e+00
9.666666666666666741e-01 -3.971625891878847181e-01 -1.974291636277494932e+00
9.833333333333332815e-01 -3.654039985472985475e-01 -1.836539513418040448e+00
1.000000000000000000e+00 -3.359390277096570565e-01 -1.699732951798433866e+00
1.016666666666666607e+00 -3.087225340753270708e-01 -1.567151292570104770e+00
1.033333333333333437e+00 -2.836657331805859106e-01 -1.440826332149239608e+00
1.050000000000000044e+00 -2.606536637059357342e-01 -1.321920348168406312e+00
1.066666666666666652e+00 -2.395573068465942645e-01 -1.210995632045253290e+00
1.083333333333333481e+00 -2.202418956411270889e-01 -1.108206479481060214e+00
1.100000000000000089e+00 -2.025725128556801757e-01 -1.013435649868321020e+00
1.116666666666666696e+00 -1.864177647448412578e-01 -9.263910007361053633e-01
1.133333333333333526e+00 -1.716520955720756969e-01 -8.466735384116049756e-01
1.150000000000000133e+00 -1.581571483655294097e-01 -7.738249517026460911e-01
1.166666666666666741e+00 -1.458224628677823043e-01 -7.073604303680123273e-01
1.183333333333333348e+00 -1.345457192029168858e-01 -6.467909485491185606e-01
1.199999999999999956e+00 -1.242326763508045939e-01 -5.916380288738766202e-01
1.216666666666666785e+00 -1.147969116242246596e-01 -5.414431644724642112e-01
1.233333333333333393e+00 -1.061594363728899648e-01 -4.957734709670166828e-01
1.250000000000000000e+00 -9.824824078081181855e-02 -4.542247028215573024e-01
1.266666666666666829e+00 -9.099780450048952640e-02 -4.164224513900450231e-01
1.283333333333333437e+00 -8.434859826354731971e-02 -3.820221120608941479e-01
1.300000000000000044e+00 -7.824659328226318822e-02 -3.507080410159429951e-01
1.316666666666666874e+00 -7.264278931107036319e-02 -3.221922009893464223e-01
1.333333333333333481e+00 -6.749276801886792965e-02 -2.962125075293657872e-01
1.350000000000000089e+00 -6.275627535711858496e-02 -2.725310235858688368e-01
1.366666666666666918e+00 -5.839683454949204378e-02 -2.509321042022245041e-01
1.383333333333333526e+00 -5.438138992420296636e-02 -2.312205599059714844e-01
1.399999999999999911e+00 -5.067998087638957844e-02 -2.132198835871721432e-01
1.416666666666666741e+00 -4.726544465085658064e-02 -1.967705686854203939e-01
1.433333333333333348e+00 -4.411314627759010953e-02 -1.817285345182225176e-01
1.449999999999999956e+00 -4.120073380256491363e-02 -1.679636662153257687e-01
1.466666666666666785e+00 -3.850791688290079035e-02 -1.553584709799342711e-01
1.483333333333333393e+00 -3.601626682103072769e-02 -1.438068485494017612e-01
1.500000000000000000e+00 -3.370903617031405231e-02 -1.332129712409606537e-01
1.516666666666666829e+00 -3.157099613519886300e-02 -1.234902674516812904e-01
1.533333333333333437e+00 -2.958829009893421819e-02 -1.145605016507742768e-01
1.550000000000000044e+00 -2.774830173135793554e-02 -1.063529435485631169e-01
1.566666666666666874e+00 -2.603953625181158055e-02 -9.880361909889071037e-02
1.583333333333333481e+00 -2.445151354328342630e-02 -9.185463618113370865e-02
1.600000000000000089e+00 -2.297467193052646697e-02 -8.545357813587425855e-02
1.616666666666666696e+00 -2.160028154532865272e-02 -7.955295873866154166e-02
1.633333333333333304e+00 -2.032036630529793220e-02 -7.410973264973928776e-02
1.650000000000000133e+00 -1.912763362799096284e-02 -6.908485584672434399e-02
1.666666666666666741e+00 -1.801541108986616166e-02 -6.444289101338432357e-02
1.683333333333333348e+00 -1.697758931953727637e-02 -6.015165330859695292e-02
1.700000000000000178e+00 -1.600857048746674727e-02 -5.618189236756773730e-02
1.716666666666666785e+00 -1.510322181999167179e-02 -5.250700678797222409e-02
1.733333333333333393e+00 -1.425683362489753997e-02 -4.910278772468470998e-02
1.750000000000000222e+00 -1.346508136914519906e-02 -4.594718855755722253e-02
1.766666666666666829e+00 -1.272399139731588552e-02 -4.302011790778209610e-02
1.783333333333333437e+00 -1.202990992235426770e-02 -4.030325356086525423e-02
1.800000000000000266e+00 -1.137947495872343624e-02 -3.777987510974579327e-02
1.816666666666666874e+00 -1.076959090257363291e-02 -3.543471336194477933e-02
1.833333333333333481e+00 0.000000000000000000e+00 -3.325381476174877476e-02
1.850000000000000311e+00 0.000000000000000000e+00 -3.122441926428055209e-02
1.866666666666666918e+00 0.000000000000000000e+00 -2.933485026478390226e-02
1.883333333333333526e+00 0.000000000000000000e+00 -2.757441533537211692e-02
1.900000000000000355e+00 0.000000000000000000e+00 -2.593331665456832802e-02
1.916666666666666963e+00 0.000000000000000000e+00 -2.440257013379064713e-02
1.933333333333333348e+00 0.000000000000000000e+00 -2.297393235096599484e-02
1.949999999999999956e+00 0.000000000000000000e+00 -2.163983449602993603e-02
1.966666666666666563e+00 0.000000000000000000e+00 -2.039332261739909558e-02
1.983333333333333393e+00 0.000000000000000000e+00 -1.922800353368229673e-02
2.000000000000000000e+00 0.000000000000000000e+00 -1.813799584191868111e-02
