0.000000000000000000e+00 2.578365907574317384e+20 1.856536774527327268e+23
1.666666666666666644e-02 1.289340343964296806e+20 9.283250477277201931e+22
3.333333333333333287e-02 3.147803542760365600e+16 1.133209281130183066e+19
5.000000000000000278e-02 2.426121047264778750e+14 5.822690849176564800e+16
6.666666666666666574e-02 7.685062341314426758e+12 1.383311669596859500e+15
8.333333333333334259e-02 5.281124996099423218e+11 7.604829392985079688e+13
1.000000000000000056e-01 5.923104054827394104e+10 7.107751095565906250e+12
1.166666666666666824e-01 9.315003217805055618e+09 9.581235326258098145e+11
1.333333333333333315e-01 1.876159333283825397e+09 1.688578412475964661e+11
1.499999999999999944e-01 4.564791508998965621e+08 3.651986723932059479e+10
1.666666666666666852e-01 1.289136381453154087e+08 9.282516212237087250e+09
1.833333333333333481e-01 4.107084365339057893e+07 2.688650197210443974e+09
2.000000000000000111e-01 1.445397931801494397e+07 8.674436791827175617e+08
2.166666666666666741e-01 5.529878736068971455e+06 3.063872241523022056e+08
2.333333333333333648e-01 2.271504197906385642e+06 1.168898716524080783e+08
2.500000000000000000e-01 9.919486763868895359e+05 4.765651132670807838e+07
2.666666666666666630e-01 4.568499952174654463e+05 2.058560331644379348e+07
2.833333333333333814e-01 2.204545412077126093e+05 9.354792356055190787e+06
2.999999999999999889e-01 1.108548003801099258e+05 4.446185509961174801e+06
3.166666666666667074e-01 5.782027345141349360e+04 2.199298488790571224e+06
3.333333333333333703e-01 3.115934400394357726e+04 1.127472835504301358e+06
3.499999999999999778e-01 1.729033546934419064e+04 5.968882906904959818e+05
3.666666666666666963e-01 9.849979089476932131e+03 3.253066586056617089e+05
3.833333333333333592e-01 5.745690720006246011e+03 1.820216453450136178e+05
4.000000000000000222e-01 3.423741968796659421e+03 1.043131973593753355e+05
4.166666666666666852e-01 2.079611017055448883e+03 6.109581833593882038e+04
4.333333333333333481e-01 1.285074349187445250e+03 3.650087140674709372e+04
4.500000000000000666e-01 8.063719312482634223e+02 2.220520272485878741e+04
4.666666666666667296e-01 5.129022426052464425e+02 1.373310043547194800e+04
4.833333333333333370e-01 3.301214703431241446e+02 8.621783634394983892e+03
5.000000000000000000e-01 2.146337081362930519e+02 5.486950090094345796e+03
5.166666666666667185e-01 1.407103022431495845e+02 3.534993563755969262e+03
5.333333333333333259e-01 9.283694008190447278e+01 2.302530617919816905e+03
5.500000000000000444e-01 6.151061095726047512e+01 1.514337962045204449e+03
5.666666666666667629e-01 4.082506692268285065e+01 1.004328799256612797e+03
5.833333333333333703e-01 2.705957465719320254e+01 6.707781045482902300e+02
5.999999999999999778e-01 1.784064743561092925e+01 4.505121264995389652e+02
6.166666666666666963e-01 1.163653963893437826e+01 3.037873694132730407e+02
6.333333333333334147e-01 7.448059839078155164e+00 2.052964635640873894e+02
6.500000000000000222e-01 4.616929701554059129e+00 1.387414467314335695e+02
6.666666666666667407e-01 2.705508846625768182e+00 9.351518550748801317e+01
6.833333333333334592e-01 1.420419367194049265e+00 6.264611473696217558e+01
6.999999999999999556e-01 5.635098435399986672e-01 4.151008190584802549e+01
7.166666666666666741e-01 4.497921630648952243e-05 2.701383261230645871e+01
7.333333333333333925e-01 -3.621316572819957558e-01 1.707191695085627714e+01
7.500000000000000000e-01 -5.863719229674798639e-01 1.026819104202377453e+01
7.666666666666667185e-01 -7.164065119352502897e-01 5.634684939144358751e+00
7.833333333333334370e-01 -7.825166326392678506e-01 2.505844462390369731e+00
8.000000000000000444e-01 -8.057126152833560262e-01 4.216412041523510124e-01
8.166666666666666519e-01 -8.005826890481180236e-01 -9.373473556032769771e-01
8.333333333333333703e-01 -7.772475717017208741e-01 -1.793763120458889748e+00
8.500000000000000888e-01 -7.427094147464828877e-01 -2.303260825384487287e+00
8.666666666666666963e-01 -7.017877328842158091e-01 -2.574895904699731286e+00
8.833333333333334147e-01 -6.577718800156816537e-01 -2.685161876351479293e+00
9.000000000000001332e-01 -6.128778336006689420e-01 -2.687710503437814147e+00
9.166666666666667407e-01 -5.685691329089007651e-01 -2.620117959622437542e+00
9.333333333333334592e-01 -5.257830378286767470e-01 -2.508617429048058511e+00
9.500000000000001776e-01 -4.850902557374743296e-01 -2.371423758292934725e+00
9.666666666666666741e-01 -4.468079128363703356e-01 -2.221078090812180772e+00
9.833333333333332815e-01 -4.110794983657108381e-01 -2.066106952595294199e+00
1.000000000000000000e+00 -3.779314061733641816e-01 -1.912199570773237545e+00
1.016666666666666607e+00 -3.473128508347429477e-01 -1.763045204141367339e+00
1.033333333333333437e+00 -3.191239498281591147e-01 -1.620929623667894282e+00
1.050000000000000044e+00 -2.932353716691777357e-01 -1.487160391689456462e+00
1.066666666666666652e+00 -2.695019702024185615e-01 -1.362370086050909590e+00
1.083333333333333481e+00 -2.477721325962679577e-01 -1.246732289416192518e+00
1.100000000000000089e+00 -2.278940769626401908e-01 -1.140115106101860842e+00
1.116666666666666696e+00 -2.097199853379464463e-01 -1.042189875828118062e+00
1.133333333333333526e+00 -1.931086075185851625e-01 -9.525077307130551674e-01
1.150000000000000133e+00 -1.779267919112205443e-01 -8.705530706654767137e-01
1.166666666666666741e+00 -1.640502707262550541e-01 -7.957804841640135907e-01
1.183333333333333348e+00 -1.513639341032814445e-01 -7.276398171177581586e-01
1.199999999999999956e+00 -1.397617608946551404e-01 -6.655927824831108230e-01
1.216666666666666785e+00 -1.291465255772527021e-01 -6.091235600315221266e-01
1.233333333333333393e+00 -1.194293659195012069e-01 -5.577451548378935531e-01
1.250000000000000000e+00 -1.105292708784132993e-01 -5.110027906742518056e-01
1.266666666666666829e+00 -1.023725300630507207e-01 -4.684752578138005052e-01
1.283333333333333437e+00 -9.489217304649072426e-02 -4.297748760685057845e-01
1.300000000000000044e+00 -8.802741744254606593e-02 -3.945465461429358278e-01
1.316666666666666874e+00 -8.172313797495414645e-02 -3.624662261130146557e-01
1.333333333333333481e+00 -7.592936402122642259e-02 -3.332390709705363996e-01
1.350000000000000089e+00 -7.060080977675840808e-02 -3.065974015341024206e-01
1.366666666666666918e+00 -6.569643886817853884e-02 -2.822986172275025463e-01
1.383333333333333526e+00 -6.117906366472831980e-02 -2.601231298942178749e-01
1.399999999999999911e+00 -5.701497848593826273e-02 -2.398723690355686333e-01
1.416666666666666741e+00 -5.317362523221363935e-02 -2.213668897710978634e-01
1.433333333333333348e+00 -4.962728956228886629e-02 -2.044446013330002698e-01
1.449999999999999956e+00 -4.635082552788551136e-02 -1.889591244922414204e-01
1.466666666666666785e+00 -4.332140649326338133e-02 -1.747782798524259995e-01
1.483333333333333393e+00 -4.051830017365956604e-02 -1.617827046180769501e-01
1.500000000000000000e+00 -3.792266569160329670e-02 -1.498645926460806799e-01
1.516666666666666829e+00 -3.551737065209870786e-02 -1.389265508831414031e-01
1.533333333333333437e+00 -3.328682636130099459e-02 -1.288805643571210580e-01
1.550000000000000044e+00 -3.121683944777766881e-02 -1.196470614921334996e-01
1.566666666666666874e+00 -2.929447828328803072e-02 -1.111540714862520318e-01
1.583333333333333481e+00 -2.750795273619385459e-02 -1.033364657037754014e-01
1.600000000000000089e+00 -2.584650592184227491e-02 -9.613527540285851658e-02
1.616666666666666696e+00 -2.430031673849472953e-02 -8.949707858099423263e-02
1.633333333333333304e+00 -2.286041209346017025e-02 -8.337344923095670046e-02
1.650000000000000133e+00 -2.151858783148983059e-02 -7.772046282756485402e-02
1.666666666666666741e+00 -2.026733747609942710e-02 -7.249825239005734667e-02
1.683333333333333348e+00 -1.909978798447943549e-02 -6.767060997217154428e-02
1.700000000000000178e+00 -1.800964179840008547e-02 -6.320462891351368018e-02
1.716666666666666785e+00 -1.699112454749062556e-02 -5.907038263646873649e-02
1.733333333333333393e+00 -1.603893782800972986e-02 -5.524063619027028832e-02
1.750000000000000222e+00 -1.514821654028834785e-02 -5.169058712725187882e-02
1.766666666666666829e+00 -1.431449032198036687e-02 -4.839763264625485811e-02
1.783333333333333437e+00 -1.353364866264854943e-02 -4.534116025597340754e-02
1.800000000000000266e+00 -1.280190932856386382e-02 -4.250235949846400962e-02
1.816666666666666874e+00 -1.211578976539533746e-02 -3.986405253218786721e-02
1.833333333333333481e+00 0.000000000000000000e+00 -3.741054160696736380e-02
1.850000000000000311e+00 0.000000000000000000e+00 -3.512747167231560635e-02
1.866666666666666918e+00 0.000000000000000000e+00 -3.300170654788188440e-02
1.883333333333333526e+00 0.000000000000000000e+00 -3.102121725229362026e-02
1.900000000000000355e+00 0.000000000000000000e+00 -2.917498123638936555e-02
1.916666666666666963e+00 0.000000000000000000e+00 -2.745289140051447585e-02
1.933333333333333348e+00 0.000000000000000000e+00 -2.584567389483673552e-02
1.949999999999999956e+00 0.000000000000000000e+00 -2.434481380803367456e-02
1.966666666666666563e+00 0.000000000000000000e+00 -2.294248794457397558e-02
1.983333333333333393e+00 0.000000000000000000e+00 -2.163150397539257558e-02
2.000000000000000000e+00 0.000000000000000000e+00 -2.040524532215851061e-02
