0.000000000000000000e+00 1.198633664362622484e+20 1.438448198617128763e+23
1.000000000000000021e-02 5.993899999051798938e+19 7.192679999431078052e+22
2.000000000000000042e-02 1.463354477371874600e+16 8.780126908678121472e+18
2.999999999999999889e-02 1.127857901208639062e+14 4.511431864971729600e+16
4.000000000000000083e-02 3.572640488250731445e+12 1.071792493716430250e+15
5.000000000000000278e-02 2.455095371519998779e+11 5.892236173823996875e+13
5.999999999999999778e-02 2.753539323456179810e+10 5.507098970129094727e+12
7.000000000000000666e-02 4.330369248306007385e+09 7.423559221956158447e+11
8.000000000000000167e-02 8.721910759136078358e+08 1.308313742090016174e+11
8.999999999999999667e-02 2.122085445566348732e+08 2.829566207794094849e+10
1.000000000000000056e-01 5.992951799999997020e+07 7.192111079999996185e+09
1.100000000000000006e-01 1.909306024093630537e+07 2.083171244927857399e+09
1.199999999999999956e-01 6.719382228520162404e+06 6.720969979827604294e+08
1.300000000000000044e-01 2.570736259318979457e+06 2.373893983140449524e+08
1.400000000000000133e-01 1.055979424093068112e+06 9.056649237996704876e+07
1.499999999999999944e-01 4.611382106536758365e+05 3.692435441059310734e+07
1.600000000000000033e-01 2.123809339518629131e+05 1.594976396795572713e+07
1.700000000000000122e-01 1.024851503345466335e+05 7.248110550892654806e+06
1.799999999999999933e-01 5.153430054649367958e+04 3.444912773851867300e+06
1.900000000000000022e-01 2.687955086909149759e+04 1.704020515883957269e+06
2.000000000000000111e-01 1.448538867187499272e+04 8.735680078124995343e+05
2.099999999999999922e-01 8.037948898224271034e+03 4.624701220373282558e+05
2.200000000000000011e-01 4.579068043758740714e+03 2.520481753150094009e+05
2.300000000000000100e-01 2.671062143094440216e+03 1.410306866496691655e+05
2.399999999999999911e-01 1.591632217720339213e+03 8.082204159495577915e+04
2.500000000000000000e-01 9.667712778240000944e+02 4.733713986355200177e+04
2.600000000000000089e-01 5.974063073337496235e+02 2.828093227346210188e+04
2.700000000000000178e-01 3.748666886858873113e+02 1.720462392770664519e+04
2.800000000000000266e-01 2.384382473798961826e+02 1.064042511530875709e+04
2.899999999999999800e-01 1.534669772086525086e+02 6.680168738159409259e+03
2.999999999999999889e-01 9.977894441716019003e+01 4.251294950897656236e+03
3.099999999999999978e-01 6.541338648620180152e+01 2.738916238485953727e+03
3.200000000000000067e-01 4.315799456078293872e+01 1.784002308263809482e+03
3.300000000000000155e-01 2.859500002270015884e+01 1.173309685443739909e+03
3.400000000000000244e-01 1.897870096289883790e+01 7.781540430467839542e+02
3.500000000000000333e-01 1.257939966995413172e+01 5.197186668150951618e+02
3.599999999999999867e-01 8.293707720866558830e+00 3.490564351144684565e+02
3.699999999999999956e-01 5.409546075722572844e+00 2.353740276442202912e+02
3.800000000000000044e-01 3.462409957550046880e+00 1.590632580695883007e+02
3.900000000000000133e-01 2.146278553751225449e+00 1.074964432707444075e+02
4.000000000000000222e-01 1.257701396942137340e+00 7.245516300201410331e+01
4.100000000000000311e-01 6.602928619867012294e-01 4.853784063607287180e+01
4.199999999999999845e-01 2.619362749447535776e-01 3.216167813635577488e+01
4.299999999999999933e-01 -4.114918349351625978e-06 2.093001933369869505e+01
4.400000000000000022e-01 -1.683699756620232191e-01 1.322705621053785308e+01
4.500000000000000111e-01 -2.726122944764302614e-01 7.955559801177125578e+00
4.600000000000000200e-01 -3.330605678606358144e-01 4.365546745029234899e+00
4.700000000000000289e-01 -3.637918943675364503e-01 1.941345673095533186e+00
4.799999999999999822e-01 -3.745735275404078468e-01 3.265267250744074423e-01
4.899999999999999911e-01 -3.721872164932484850e-01 -7.263984475772389260e-01
5.000000000000000000e-01 -3.613378560000000128e-01 -1.389932543999999881e+00
5.100000000000000089e-01 -3.452805842568565375e-01 -1.784676602079845686e+00
5.200000000000000178e-01 -3.262558777259105813e-01 -1.995126532402310637e+00
5.300000000000000266e-01 -3.057928740293589520e-01 -2.080549290724314826e+00
5.400000000000000355e-01 -2.849217216651997453e-01 -2.082514062173790759e+00
5.500000000000000444e-01 -2.643227775663671841e-01 -2.030134686845015413e+00
5.600000000000000533e-01 -2.444317435939788730e-01 -1.943736477468675394e+00
5.700000000000000622e-01 -2.255139201627049672e-01 -1.837432158278320404e+00
5.799999999999999600e-01 -2.077167241690744126e-01 -1.720938485976587273e+00
5.899999999999999689e-01 -1.911068532914124152e-01 -1.600861707412053025e+00
5.999999999999999778e-01 -1.756965708858086173e-01 -1.481609744190794720e+00
6.099999999999999867e-01 -1.614622620616098236e-01 -1.366040954639834881e+00
6.199999999999999956e-01 -1.483574884092168644e-01 -1.255926285334030945e+00
6.300000000000000044e-01 -1.363221219257828298e-01 -1.152278776012097827e+00
6.400000000000000133e-01 -1.252886832390056049e-01 -1.055588496399719523e+00
6.500000000000000222e-01 -1.151866872287494598e-01 -9.659898936419341053e-01
6.600000000000000311e-01 -1.059455706004976405e-01 -8.833807362014663989e-01
6.700000000000000400e-01 -9.749661317032043417e-02 -8.075063444554019254e-01
6.800000000000000488e-01 -8.977414828829757831e-02 -7.380189063486211065e-01
6.900000000000000577e-01 -8.271627445913132259e-02 -6.745189095203907303e-01
7.000000000000000666e-01 -7.626522032746595181e-02 -6.165837470013407762e-01
7.099999999999999645e-01 -7.036747208275583032e-02 -5.637871401175645891e-01
7.199999999999999734e-01 -6.497374125552671242e-02 -5.157120072359940854e-01
7.299999999999999822e-01 -6.003882844368668009e-02 -4.719586761331184821e-01
7.399999999999999911e-01 -5.552142230982153731e-02 -4.321498102671517683e-01
7.500000000000000000e-01 -5.138386149765638428e-02 -3.959330377347927143e-01
7.600000000000000089e-01 -4.759187868378945280e-02 -3.629819953393767507e-01
7.700000000000000178e-01 -4.411433991215214789e-02 -3.329962997712648254e-01
7.800000000000000266e-01 -4.092298800471014936e-02 -3.057008124407407101e-01
7.900000000000000355e-01 -3.799219573259433186e-02 -2.808444589191580465e-01
8.000000000000000444e-01 -3.529873222578316233e-02 -2.581987873418256085e-01
8.100000000000000533e-01 -3.282154454837313273e-02 -2.375563946197582210e-01
8.200000000000000622e-01 -3.054155528954654794e-02 -2.187293091734428541e-01
8.300000000000000711e-01 -2.844147628576957493e-02 -2.015473899769988364e-01
8.399999999999999689e-01 -2.650563810140264820e-02 -1.858567809513551605e-01
8.499999999999999778e-01 -2.471983458268234637e-02 -1.715184449551980239e-01
8.599999999999999867e-01 -2.307118161286132382e-02 -1.584067911730898393e-01
8.699999999999999956e-01 -2.154798909699413845e-02 -1.464084024062351497e-01
8.800000000000000044e-01 -2.013964516644575764e-02 -1.354208637650818337e-01
8.900000000000000133e-01 -1.883651159613936726e-02 -1.253516909086520303e-01
9.000000000000000222e-01 -1.762982945778040697e-02 -1.161173538077861639e-01
9.100000000000000311e-01 -1.651163407971989461e-02 -1.076423906878335446e-01
9.200000000000000400e-01 -1.547467844159959929e-02 -9.985860608198729449e-02
9.300000000000000488e-01 -1.451236419443675645e-02 -9.270434661815207811e-02
9.400000000000000577e-01 -1.361867956088954647e-02 -8.612384813826184926e-02
9.500000000000000666e-01 -1.278814343375503718e-02 -8.006664791411313709e-02
9.599999999999999645e-01 -1.201575505175947467e-02 -7.448705600961370854e-02
9.699999999999999734e-01 -1.129694868945644616e-02 -6.934368019709148678e-02
9.799999999999999822e-01 -1.062755285201603082e-02 -6.459899923058318172e-02
9.899999999999999911e-01 -1.000375351561737236e-02 -6.021897968794742706e-02
1.000000000000000000e+00 -9.422061000000000672e-03 -5.617273200000000299e-02
1.010000000000000009e+00 -8.879280101567219724e-03 -5.243220167794485770e-02
1.020000000000000018e+00 -8.372483153438282921e-03 -4.897189212345350040e-02
1.030000000000000027e+00 -7.898985713235523454e-03 -4.576861575493185869e-02
1.040000000000000036e+00 -7.456324610418462590e-03 -4.280127050690586687e-02
1.050000000000000044e+00 -7.042238112900356742e-03 -4.005063905652692102e-02
1.060000000000000053e+00 -6.654647997765570332e-03 -3.749920840235166503e-02
1.070000000000000062e+00 -6.291643333403239453e-03 -3.513100766679425752e-02
1.080000000000000071e+00 -5.951465800526116283e-03 -3.293146221637018728e-02
1.090000000000000080e+00 -5.632496397580734684e-03 -3.088726239463895906e-02
1.100000000000000089e+00 0.000000000000000000e+00 -2.898624534329690208e-02
1.110000000000000098e+00 0.000000000000000000e+00 -2.721728854886894602e-02
1.120000000000000107e+00 0.000000000000000000e+00 -2.557021389756024624e-02
1.130000000000000115e+00 0.000000000000000000e+00 -2.403570115064005905e-02
1.140000000000000124e+00 0.000000000000000000e+00 -2.260520986873138308e-02
1.150000000000000133e+00 0.000000000000000000e+00 -2.127090891695632840e-02
1.159999999999999920e+00 0.000000000000000000e+00 -2.002561277531110517e-02
1.169999999999999929e+00 0.000000000000000000e+00 -1.886272396108176416e-02
1.179999999999999938e+00 0.000000000000000000e+00 -1.777618094361900838e-02
1.189999999999999947e+00 0.000000000000000000e+00 -1.676041099732245021e-02
1.199999999999999956e+00 0.000000000000000000e+00 -1.581028749710566492e-02
