0.000000000000000000e+00 3.322479431385698728e+06 3.675508216555533409e+08
1.000000000000000021e-02 1.098751654545804719e+06 1.216181657667925507e+08
2.000000000000000042e-02 3.630580027398671373e+05 4.022533125032874942e+07
2.999999999999999889e-02 1.197906273390181741e+05 1.329497557262220420e+07
4.000000000000000083e-02 3.942460013742342562e+04 4.388630547716906294e+06
5.000000000000000278e-02 1.291728152425085500e+04 1.445488836114151636e+06
5.999999999999999778e-02 4.198801073610870844e+03 4.742646867986424477e+05
7.000000000000000666e-02 1.345364706005287189e+03 1.545432540950017865e+05
8.000000000000000167e-02 4.196676513224508653e+02 4.974211875688976579e+04
8.999999999999999667e-02 1.241263222898578391e+02 1.564948661822213944e+04
1.000000000000000056e-01 3.257082008726787592e+01 4.709995584795024115e+03
1.100000000000000006e-01 5.878647789614239727e+00 1.288268810296571019e+03
1.199999999999999956e-01 -8.758422106880381364e-01 2.705316584786655199e+02
1.300000000000000044e-01 -1.913779420256384922e+00 -1.834216635729475908e-01
1.400000000000000133e-01 -1.567926065493176369e+00 -5.170154352370941808e+01
1.499999999999999944e-01 -1.056699508305070756e+00 -4.683060932863617865e+01
1.600000000000000033e-01 -6.591751914717932648e-01 -3.260127504389871689e+01
1.700000000000000122e-01 -3.962207621232058941e-01 -2.063080099967593029e+01
1.799999999999999933e-01 -2.335891382492447654e-01 -1.249064134810953419e+01
1.900000000000000022e-01 -1.362613882686861955e-01 -7.392216520075889363e+00
2.000000000000000111e-01 -7.901807899106669253e-02 -4.321351903411070339e+00
2.099999999999999922e-01 -4.566969711594342368e-02 -2.508956943481680302e+00
2.200000000000000011e-01 -2.634525196853733375e-02 -1.451075802932524805e+00
2.300000000000000100e-01 -1.518109530791105811e-02 -8.373999237704212728e-01
2.399999999999999911e-01 -8.742432492833948632e-03 -4.826477138673695433e-01
2.500000000000000000e-01 -5.032751586088093226e-03 -2.779808448783502861e-01
2.600000000000000089e-01 -2.896603490056110907e-03 -1.600368259879462463e-01
2.700000000000000178e-01 -1.666944157609249934e-03 -9.211318451021929810e-02
2.800000000000000266e-01 -9.592314288141242425e-04 -5.301079656519407102e-02
2.899999999999999800e-01 -5.519613772580287542e-04 -3.050511993968551064e-02
2.999999999999999889e-01 -3.176026849315349908e-04 -1.755341060984477036e-02
3.099999999999999978e-01 -1.827485728488558272e-04 -1.010040975657810862e-02
3.200000000000000067e-01 -1.051527352387196507e-04 -5.811790829516397250e-03
3.300000000000000155e-01 -6.050416680411024672e-05 -3.344084317228461153e-03
3.400000000000000244e-01 -3.481359877132090327e-05 -1.924165004552685085e-03
3.500000000000000333e-01 -2.003142917789497971e-05 -1.107149240689910908e-03
3.599999999999999867e-01 -1.152589333086124552e-05 -6.370438232270696352e-04
3.699999999999999956e-01 -6.631885983767103168e-06 -3.665490024945509289e-04
3.800000000000000044e-01 -3.815921117769419757e-06 -2.109087214808519979e-04
3.900000000000000133e-01 -2.195642648002194989e-06 -1.213547836662622851e-04
4.000000000000000222e-01 -1.263350592341628899e-06 -6.982632471606571405e-05
4.100000000000000311e-01 -7.269191268839489786e-07 -4.017736237326179402e-05
4.199999999999999845e-01 -4.182618859011208150e-07 -2.311764735972619090e-05
4.299999999999999933e-01 -2.406636388182293808e-07 -1.330165968050496834e-05
4.400000000000000022e-01 -1.384754108156247067e-07 -7.653639836996695156e-06
4.500000000000000111e-01 -7.967734297556403206e-08 -4.403826552280450757e-06
4.600000000000000200e-01 -4.584553261512723977e-08 -2.533917010612837735e-06
4.700000000000000289e-01 -2.637905304479224163e-08 -1.457990072122703566e-06
4.799999999999999822e-01 -1.517823873113882404e-08 -8.389126545638946929e-07
4.899999999999999911e-01 -8.733404131115819131e-09 -4.827018061160885532e-07
5.000000000000000000e-01 -5.025111875045774529e-09 -2.777417079043510273e-07
5.100000000000000089e-01 -2.891398242016961824e-09 -1.598097527303213098e-07
5.200000000000000178e-01 -1.663681128069050109e-09 -9.195290564885716407e-08
5.300000000000000266e-01 -9.572651928341269751e-10 -5.290876627776531642e-08
5.400000000000000355e-01 -5.508006515884572650e-10 -3.044316576037002826e-08
5.500000000000000444e-01 -3.169250904080438605e-10 -1.751668781324530271e-08
5.600000000000000533e-01 -1.823554722369697982e-10 -1.007892393169449159e-08
5.700000000000000622e-01 -1.049254832165728964e-10 -5.799310275002664751e-09
5.799999999999999600e-01 -6.037305540180074009e-11 -3.336864122935049961e-09
5.899999999999999689e-01 -3.473804176833334986e-11 -1.919997662975684549e-09
5.999999999999999778e-01 -1.998791576582627287e-11 -1.104747118854548337e-09
6.099999999999999867e-01 -1.150084334994475460e-11 -6.356602511296313785e-10
6.199999999999999956e-01 -6.617468239787649436e-12 -3.657524405085186553e-10
6.300000000000000044e-01 -3.807623890885945605e-12 -2.104502326520083537e-10
6.400000000000000133e-01 -2.190868043351334301e-12 -1.210909224876084384e-10
6.500000000000000222e-01 -1.260603179549030620e-12 -6.967448467088891404e-11
6.600000000000000311e-01 -7.253382425799583884e-13 -4.008998952543472242e-11
6.700000000000000400e-01 -4.173522442940198025e-13 -2.306737204790380564e-11
6.800000000000000488e-01 -2.401402347099476732e-13 -1.327273116045109704e-11
6.900000000000000577e-01 -1.381742475689725593e-13 -7.636994456575503349e-12
7.000000000000000666e-01 -7.950405609585560316e-14 -4.394248902106299060e-12
7.099999999999999645e-01 -4.574582490516383754e-14 -2.528406105760216687e-12
7.199999999999999734e-01 -2.632168217594845948e-14 -1.454819146130113223e-12
7.299999999999999822e-01 -1.514522809475962987e-14 -8.370881335577139034e-13
7.399999999999999911e-01 -8.714410139481556976e-15 -4.816519944812898740e-13
7.500000000000000000e-01 -5.014182923093455746e-15 -2.771376567026793144e-13
7.600000000000000089e-01 -2.885109833462324011e-15 -1.594621877261543649e-13
7.700000000000000178e-01 -1.660062841505923124e-15 -9.175292025252032534e-14
7.800000000000000266e-01 -9.551832674742802508e-16 -5.279369670584650865e-14
7.900000000000000355e-01 -5.496027328912339861e-16 -3.037695589631489745e-14
8.000000000000000444e-01 -3.162358201690823268e-16 -1.747859133009853943e-14
8.100000000000000533e-01 -1.819588731517518345e-16 -1.005700360257812688e-14
8.200000000000000622e-01 -1.046972841373657607e-16 -5.786697540556272749e-15
8.300000000000000711e-01 -6.024175197325223015e-17 -3.329606883833259191e-15
8.399999999999999689e-01 -3.466249111147359096e-17 -1.915821921427776005e-15
8.499999999999999778e-01 -1.994444468657628819e-17 -1.102344439652773081e-15
8.599999999999999867e-01 -1.147583053325997502e-17 -6.342777739633440108e-16
8.699999999999999956e-01 -6.603076119574274245e-18 -3.649569772135991870e-16
8.800000000000000044e-01 -3.799342811356965464e-18 -2.099925311659825411e-16
8.900000000000000133e-01 -2.186103194451820307e-18 -1.208275657097178459e-16
9.000000000000000222e-01 -1.257861533975550652e-18 -6.952295186059063431e-17
9.100000000000000311e-01 -7.237607276138157327e-19 -4.000279908826547102e-17
9.200000000000000400e-01 -4.164445582340687491e-19 -2.301720355753787674e-17
9.300000000000000488e-01 -2.396179613869645671e-19 -1.324386472157006845e-17
9.400000000000000577e-01 -1.378737368131796378e-19 -7.620385001365933758e-18
9.500000000000000666e-01 -7.933114526473904792e-20 -4.384691990583742079e-18
9.599999999999999645e-01 -4.564633377234737227e-20 -2.522907156113927943e-18
9.699999999999999734e-01 -2.626443599047138283e-20 -1.451655106456731936e-18
9.799999999999999822e-01 -1.511228922212944237e-20 -8.352675773244926672e-19
9.899999999999999911e-01 -8.695457447330885795e-21 -4.806044649492794762e-19
1.000000000000000000e+00 -5.003277736878037908e-21 -2.765349188688186971e-19
1.010000000000000009e+00 -2.878835100276795731e-21 -1.591153785095494966e-19
1.020000000000000018e+00 -1.656452423877849826e-21 -9.155336975815085723e-20
1.030000000000000027e+00 -9.531058699079318399e-22 -5.267887738185932578e-20
1.040000000000000036e+00 -5.484074194695637498e-22 -3.031089002560618902e-20
1.050000000000000044e+00 -3.155480489888472934e-22 -1.744057770032845097e-20
1.060000000000000053e+00 -1.815631366128774476e-22 -1.003513094680600406e-20
1.070000000000000062e+00 -1.044695813596094141e-22 -5.774112236984389313e-21
1.080000000000000071e+00 -6.011073411186032746e-23 -3.322365428216408533e-21
1.090000000000000080e+00 -3.458710476716586272e-23 -1.911655261549333711e-21
1.100000000000000089e+00 0.000000000000000000e+00 -1.099946985955457665e-21
1.110000000000000098e+00 0.000000000000000000e+00 -6.328983035005614862e-22
1.120000000000000107e+00 0.000000000000000000e+00 -3.641632439457491655e-22
1.130000000000000115e+00 0.000000000000000000e+00 -2.095358251200850507e-22
1.140000000000000124e+00 0.000000000000000000e+00 -1.205647816979976894e-22
1.150000000000000133e+00 0.000000000000000000e+00 -6.937174861413672087e-23
1.159999999999999920e+00 0.000000000000000000e+00 -3.991579827878461990e-23
1.169999999999999929e+00 0.000000000000000000e+00 -2.296714417701588607e-23
1.179999999999999938e+00 0.000000000000000000e+00 -1.321506106338382363e-23
1.189999999999999947e+00 0.000000000000000000e+00 -7.603811669529426525e-24
1.199999999999999956e+00 0.000000000000000000e+00 -4.375155864082612148e-24
