0.000000000000000000e+00 6.644714571794396266e+06 7.350743460608459711e+08
1.000000000000000021e-02 2.197423423191024456e+06 2.432273988977826536e+08
2.000000000000000042e-02 7.260899076798919123e+05 8.044774103996491432e+07
2.999999999999999889e-02 2.395727428131413180e+05 2.658899650713518262e+07
4.000000000000000083e-02 7.884643186190618144e+04 8.776949602706911042e+06
5.000000000000000278e-02 2.583366700914865578e+04 2.890876283355733380e+06
5.999999999999999778e-02 8.397314613069456755e+03 9.484965120497184107e+05
7.000000000000000666e-02 2.690638570049915870e+03 3.090759366878545843e+05
8.000000000000000167e-02 8.393074311513757948e+02 9.948088217202531814e+04
8.999999999999999667e-02 2.482445829945280593e+02 3.129793461704445144e+04
1.000000000000000056e-01 6.513960675653613919e+01 9.419685169835405759e+03
1.100000000000000006e-01 1.175697552191587469e+01 2.576456820927277477e+03
1.199999999999999956e-01 -1.751591825492929244e+00 5.410479175205847469e+02
1.300000000000000044e-01 -3.827415755325860758e+00 -3.655746770840390125e-01
1.400000000000000133e-01 -3.135740833450701537e+00 -1.033990669211068507e+02
1.499999999999999944e-01 -2.113325733332854561e+00 -9.365784238734353551e+01
1.600000000000000033e-01 -1.318305324657096822e+00 -6.520026707339796701e+01
1.700000000000000122e-01 -7.924147275008217584e-01 -4.126018125854507446e+01
1.799999999999999933e-01 -4.671626161920208187e-01 -2.498043257778534709e+01
1.900000000000000022e-01 -2.725137113722010396e-01 -1.478393458641555114e+01
2.000000000000000111e-01 -1.580309383586408767e-01 -8.642414744142049798e+00
2.099999999999999922e-01 -9.133639786953524908e-02 -5.017747275752692637e+00
2.200000000000000011e-01 -5.268878681475598624e-02 -2.902055904414081233e+00
2.300000000000000100e-01 -3.036120756618838207e-02 -1.674744984690762273e+00
2.399999999999999911e-01 -1.748430252038024948e-02 -9.652640121170990017e-01
2.500000000000000000e-01 -1.006518146288703196e-02 -5.559437124347991199e-01
2.600000000000000089e-01 -5.793023014439402374e-03 -3.200633686694023261e-01
2.700000000000000178e-01 -3.333783131601688633e-03 -1.842204882391382248e-01
2.800000000000000266e-01 -1.918402724178103810e-03 -1.060182305761965815e-01
2.899999999999999800e-01 -1.103888378831026579e-03 -6.100831742129288887e-02
2.999999999999999889e-01 -6.351857199921984816e-04 -3.510572218896435004e-02
3.099999999999999978e-01 -3.654859140264148055e-04 -2.020019125964527332e-02
3.200000000000000067e-01 -2.102990508894987784e-04 -1.162322254208719360e-02
3.300000000000000155e-01 -1.210046645983512282e-04 -6.687963369513154344e-03
3.400000000000000244e-01 -6.962510068015472257e-05 -3.848212688951022694e-03
3.500000000000000333e-01 -4.006166004226166560e-05 -2.214231429663085591e-03
3.599999999999999867e-01 -2.305110188285269631e-05 -1.274049326342227735e-03
3.699999999999999956e-01 -1.326338066788886811e-05 -7.330761060439391864e-04
3.800000000000000044e-01 -7.631618648021562713e-06 -4.218049288783362973e-04
3.900000000000000133e-01 -4.391157544979128297e-06 -2.427024165411498203e-04
4.000000000000000222e-01 -2.526628195299174132e-06 -1.396485635282741767e-04
4.100000000000000311e-01 -1.453796554044502213e-06 -8.035239020887716534e-05
4.199999999999999845e-01 -8.364999494569679022e-07 -4.623396091538791190e-05
4.299999999999999933e-01 -4.813136690378172499e-07 -2.660255734989067994e-05
4.400000000000000022e-01 -2.769430480789887166e-07 -1.530684435422541187e-05
4.500000000000000111e-01 -1.593502457511153296e-07 -8.807404429083864333e-06
4.600000000000000200e-01 -9.168852915521859575e-08 -5.067691973365854906e-06
4.700000000000000289e-01 -5.275665765838671946e-08 -2.915899008307640361e-06
4.799999999999999822e-01 -3.035565026424611395e-08 -1.677778967816981162e-06
4.899999999999999911e-01 -1.746633587668612808e-08 -9.653771455497009827e-07
5.000000000000000000e-01 -1.004995400172595790e-08 -5.554683008668120245e-07
5.100000000000000089e-01 -5.782642457417103306e-09 -3.196108739090190085e-07
5.200000000000000178e-01 -3.327274311964260923e-09 -1.839008824397346091e-07
5.300000000000000266e-01 -1.914480175426284059e-09 -1.058147182036559111e-07
5.400000000000000355e-01 -1.101572638233380363e-09 -6.088472463589649577e-08
5.500000000000000444e-01 -6.338338170604990562e-10 -3.503245821330106700e-08
5.600000000000000533e-01 -3.647016035987963227e-10 -2.015732411987071352e-08
5.700000000000000622e-01 -2.098456347491550995e-10 -1.159832156777352539e-08
5.799999999999999600e-01 -1.207430677259361947e-10 -6.673557580776189719e-09
5.899999999999999689e-01 -6.947434680383616206e-11 -3.839897913113691813e-09
5.999999999999999778e-01 -3.997484041707879928e-11 -2.209438639679498856e-09
6.099999999999999867e-01 -2.300112113153926814e-11 -1.271288771982583144e-09
6.199999999999999956e-01 -1.323461376674974343e-11 -7.314867734918906452e-10
6.300000000000000044e-01 -7.615063655085065910e-12 -4.208901325847745896e-10
6.400000000000000133e-01 -4.381631039107392446e-12 -2.421759492130289850e-10
6.500000000000000222e-01 -2.521146431920808111e-12 -1.393456055076508797e-10
6.600000000000000311e-01 -1.450642300653770034e-12 -8.017805994934563645e-11
6.700000000000000400e-01 -8.346849900514229333e-13 -4.613364930900184777e-11
6.800000000000000488e-01 -4.802693484831815439e-13 -2.654483782608981345e-11
6.900000000000000577e-01 -2.763421528380998896e-13 -1.527363271207565692e-11
7.000000000000000666e-01 -1.590044954490142340e-13 -8.788294648916602379e-12
7.099999999999999645e-01 -9.148958750353206333e-14 -5.056696353259403386e-12
7.199999999999999734e-01 -5.264218849869170639e-14 -2.909572224256146286e-12
7.299999999999999822e-01 -3.028978581660761436e-14 -1.674138594995146908e-12
7.399999999999999911e-01 -1.742843812123751608e-14 -9.632825100153281111e-13
7.500000000000000000e-01 -1.002814800952674482e-14 -5.542630681088381481e-13
7.600000000000000089e-01 -5.770095507206275575e-15 -3.189173949234624066e-13
7.700000000000000178e-01 -3.320054922469481616e-15 -1.835018615470784079e-13
7.800000000000000266e-01 -1.910326211142879112e-15 -1.055851255756199965e-13
7.900000000000000355e-01 -1.099182488904459942e-15 -6.075261934037276364e-14
8.000000000000000444e-01 -6.324585491560518441e-16 -3.495644615275690574e-14
8.100000000000000533e-01 -3.639102882718377092e-16 -2.011358754401148073e-14
8.200000000000000622e-01 -2.093903198665045233e-16 -1.157315598166734078e-14
8.300000000000000711e-01 -1.204810841210570360e-16 -6.659077555554306301e-15
8.399999999999999689e-01 -6.932360407224036366e-17 -3.831566252207283243e-15
8.499999999999999778e-01 -3.988810456532720295e-17 -2.204644685780598584e-15
8.599999999999999867e-01 -2.295121419475625531e-17 -1.268530379121225968e-15
8.699999999999999956e-01 -1.320589781725227102e-17 -7.298996219808972371e-16
8.800000000000000044e-01 -7.598540786550327560e-18 -4.199769015677191417e-16
8.900000000000000133e-01 -4.372123946729303765e-18 -2.416504852704771858e-16
9.000000000000000222e-01 -2.515676146583131070e-18 -1.390432588398931577e-16
9.100000000000000311e-01 -1.447494753487423930e-18 -8.000409271753947178e-17
9.200000000000000400e-01 -8.328739230681340244e-19 -4.603355031348149807e-17
9.300000000000000488e-01 -4.792272787556811743e-19 -2.648724187080568251e-17
9.400000000000000577e-01 -2.757425563974440928e-19 -1.524049257867250307e-17
9.500000000000000666e-01 -1.586594936874630338e-19 -8.769226149461094540e-18
9.599999999999999645e-01 -9.129107695976886542e-20 -5.045724530452907151e-18
9.699999999999999734e-01 -5.252796752831768978e-20 -2.903259147761700029e-18
9.799999999999999822e-01 -3.022406421902488764e-20 -1.670506114273624063e-18
9.899999999999999911e-01 -1.739062257497916172e-20 -9.611924171416043753e-19
1.000000000000000000e+00 -1.000638932453718911e-20 -5.530604496902762587e-19
1.010000000000000009e+00 -5.757575778699905716e-21 -3.182254203806816997e-19
1.020000000000000018e+00 -3.312851196603331403e-21 -1.831037063546546464e-19
1.030000000000000027e+00 -1.906181259730507762e-21 -1.053560310823196911e-19
1.040000000000000036e+00 -1.096797525549372335e-21 -6.062080067303139468e-20
1.050000000000000044e+00 -6.310862652281552333e-22 -3.488059901732673346e-20
1.060000000000000053e+00 -3.631206899013863263e-22 -2.006994586511281003e-20
1.070000000000000062e+00 -2.089359929054848282e-22 -1.154804499855260134e-20
1.080000000000000071e+00 -1.202196689570506242e-22 -6.644628948422190182e-21
1.090000000000000080e+00 -6.917318841603733926e-23 -3.823252668979404315e-21
1.100000000000000089e+00 0.000000000000000000e+00 -2.199861133604624072e-21
1.110000000000000098e+00 0.000000000000000000e+00 -1.265777971309457922e-21
1.120000000000000107e+00 0.000000000000000000e+00 -7.283159142081711900e-22
1.130000000000000115e+00 0.000000000000000000e+00 -4.190656520433350999e-22
1.140000000000000124e+00 0.000000000000000000e+00 -2.411261614589820601e-22
1.150000000000000133e+00 0.000000000000000000e+00 -1.387415681921139850e-22
1.159999999999999920e+00 0.000000000000000000e+00 -7.983050295304284816e-23
1.169999999999999929e+00 0.000000000000000000e+00 -4.593366850885841055e-23
1.179999999999999938e+00 0.000000000000000000e+00 -2.642977088498060876e-23
1.189999999999999947e+00 0.000000000000000000e+00 -1.520742435143962172e-23
1.199999999999999956e+00 0.000000000000000000e+00 -8.750199024092932737e-24
