0.000000000000000000e+00 3.380016531952722929e+06 2.838383865199183226e+08
1.000000000000000021e-02 1.459322571121686837e+06 1.225955365228312612e+08
2.000000000000000042e-02 6.298035284739731578e+05 5.294062439526058733e+07
2.999999999999999889e-02 2.716353982170906384e+05 2.285428818185633421e+07
4.000000000000000083e-02 1.170446262554114364e+05 9.861419061124522239e+06
5.000000000000000278e-02 5.035931282493893377e+04 4.252021208451407962e+06
5.999999999999999778e-02 2.161875604303431828e+04 1.831340153741513845e+06
7.000000000000000666e-02 9.248563866085261907e+03 7.874151324180999072e+05
8.000000000000000167e-02 3.935286975846138830e+03 3.376780490061684395e+05
8.999999999999999667e-02 1.660349898697332264e+03 1.442270485759807925e+05
1.000000000000000056e-01 6.910954088373290460e+02 6.121456770455570222e+04
1.100000000000000006e-01 2.813109218601761654e+02 2.572417550126021524e+04
1.199999999999999956e-01 1.101767699804654512e+02 1.063791496887192261e+04
1.300000000000000044e-01 4.012917324728911694e+01 4.282826942809219872e+03
1.400000000000000133e-01 1.242444455908925605e+01 1.644354012239101166e+03
1.499999999999999944e-01 2.137693141838205690e+00 5.749579461578741757e+02
1.600000000000000033e-01 -1.200034375413312260e+00 1.593310782911289039e+02
1.700000000000000122e-01 -1.914513207896202607e+00 1.027511385297351154e+01
1.799999999999999933e-01 -1.744876165879598151e+00 -3.406053950819955389e+01
1.900000000000000022e-01 -1.357137126553030093e+00 -4.002484548029056555e+01
2.000000000000000111e-01 -9.829059842251951506e-01 -3.392993945766220776e+01
2.099999999999999922e-01 -6.853377978997383657e-01 -2.559596197173256726e+01
2.200000000000000011e-01 -4.674515758416079581e-01 -1.824783839182364886e+01
2.300000000000000100e-01 -3.145984882926768922e-01 -1.260968862944680602e+01
2.399999999999999911e-01 -2.099622416831729010e-01 -8.554417866506552670e+00
2.500000000000000000e-01 -1.393834152418528538e-01 -5.737895313887213966e+00
2.600000000000000089e-01 -9.221267419528562936e-02 -3.821314584442662365e+00
2.700000000000000178e-01 -6.087003466477378805e-02 -2.533314156523154725e+00
2.800000000000000266e-01 -4.012237899188609430e-02 -1.674496391878702140e+00
2.899999999999999800e-01 -2.642154361094458184e-02 -1.104706709050699454e+00
2.999999999999999889e-01 -1.738842101511620455e-02 -7.278916608366914343e-01
3.099999999999999978e-01 -1.143892890633661959e-02 -4.792160090270184414e-01
3.200000000000000067e-01 -7.523060974819295414e-03 -3.153284680134461060e-01
3.300000000000000155e-01 -4.946837427396764617e-03 -2.074160700717000427e-01
3.400000000000000244e-01 -3.252450258731331544e-03 -1.364022159009361523e-01
3.500000000000000333e-01 -2.138261503109340888e-03 -8.968806371359079599e-02
3.599999999999999867e-01 -1.405689398505271213e-03 -5.896640389946118666e-02
3.699999999999999956e-01 -9.240675623517134686e-04 -3.876557534058359955e-02
3.800000000000000044e-01 -6.074475024549753042e-04 -2.548409169861343831e-02
3.900000000000000133e-01 -3.993076617449758232e-04 -1.675250733066503683e-02
4.000000000000000222e-01 -2.624838000330671252e-04 -1.101241098921024522e-02
4.100000000000000311e-01 -1.725419558129390098e-04 -7.239018822886754238e-03
4.199999999999999845e-01 -1.134188362116863246e-04 -4.758537729544030405e-03
4.299999999999999933e-01 -7.455461158090163551e-05 -3.127987713691655295e-03
4.400000000000000022e-01 -4.900756049064214614e-05 -2.056151234691851442e-03
4.500000000000000111e-01 -3.221448276213610760e-05 -1.351587236192491144e-03
4.600000000000000200e-01 -2.117575558231005365e-05 -8.884489091579603030e-04
4.700000000000000289e-01 -1.391959036262428708e-05 -5.840101667761981447e-04
4.799999999999999822e-01 -9.149847448335730196e-06 -3.838911283508254389e-04
4.899999999999999911e-01 -6.014522578853565399e-06 -2.523454969300630273e-04
5.000000000000000000e-01 -3.953560646680163547e-06 -1.658757582958577802e-04
5.100000000000000089e-01 -2.598816472266061559e-06 -1.090360734330917650e-04
5.200000000000000178e-01 -1.708294687286728820e-06 -7.167330534415706643e-05
5.300000000000000266e-01 -1.122922935840607731e-06 -4.711341970870948598e-05
5.400000000000000355e-01 -7.381372173737681975e-07 -3.096932937767675925e-05
5.500000000000000444e-01 -4.852038594415511282e-07 -2.035724290713097882e-05
5.600000000000000533e-01 -3.189417590943102340e-07 -1.338154030975165970e-05
5.700000000000000622e-01 -2.096517638116320696e-07 -8.796162585656015019e-06
5.799999999999999600e-01 -1.378115615213716613e-07 -5.782030595005858075e-06
5.899999999999999689e-01 -9.058844095961320626e-08 -3.800734384098598965e-06
5.999999999999999778e-01 -5.954700409474206954e-08 -2.498357896985061019e-06
6.099999999999999867e-01 -3.914236357520248592e-08 -1.642259503917234919e-06
6.199999999999999956e-01 -2.572966764913745928e-08 -1.079515579634971762e-06
6.300000000000000044e-01 -1.691302559354360934e-08 -7.096039831105847012e-07
6.400000000000000133e-01 -1.111753321170515404e-08 -4.664479345641437632e-07
6.500000000000000222e-01 -7.307949958321693970e-09 -3.066128160568866417e-07
6.600000000000000311e-01 -4.803775402985446941e-09 -2.015475082470772223e-07
6.700000000000000400e-01 -3.157692410506226536e-09 -1.324843448944377690e-07
6.800000000000000488e-01 -2.075663519247814281e-09 -8.708667148598506273e-08
6.900000000000000577e-01 -1.364407448487891775e-09 -5.724516625582504058e-08
7.000000000000000666e-01 -8.968735385901153933e-10 -3.762928360370941873e-08
7.099999999999999645e-01 -5.895468725986874777e-10 -2.473506633104217174e-08
7.199999999999999734e-01 -3.875301255208214444e-10 -1.625923875744414844e-08
7.299999999999999822e-01 -2.547373333062522181e-10 -1.068777586559528111e-08
7.399999999999999911e-01 -1.674479084494043397e-10 -7.025455167730424896e-09
7.500000000000000000e-01 -1.100694652018746780e-10 -4.618081529225326571e-09
7.600000000000000089e-01 -7.235257389587805922e-11 -3.035629222775707561e-09
7.700000000000000178e-01 -4.755991990829199199e-11 -1.995427044720161049e-09
7.800000000000000266e-01 -3.126282673696981370e-11 -1.311665160197338440e-09
7.900000000000000355e-01 -2.055016781924155493e-11 -8.622041567619891909e-10
8.000000000000000444e-01 -1.350835613656739768e-11 -5.667574549476483083e-10
8.100000000000000533e-01 -8.879522888442028425e-12 -3.725498308252806183e-10
8.200000000000000622e-01 -5.836826178494975507e-12 -2.448902528520049591e-10
8.300000000000000711e-01 -3.836753423126439691e-12 -1.609750722716819353e-10
8.399999999999999689e-01 -2.522034472108791377e-12 -1.058146397869457626e-10
8.499999999999999778e-01 -1.657822950040277380e-12 -6.955572583525590922e-11
8.599999999999999867e-01 -1.089745982489329390e-12 -4.572145221313496542e-11
8.699999999999999956e-01 -7.163287891042572687e-13 -3.005433653915344536e-11
8.800000000000000044e-01 -4.708683879957219802e-13 -1.975578423445560505e-11
8.900000000000000133e-01 -3.095185369988218406e-13 -1.298617955548286496e-11
9.000000000000000222e-01 -2.034575418275061590e-13 -8.536277651439189566e-12
9.100000000000000311e-01 -1.337398778369417722e-13 -5.611198877324494165e-12
9.200000000000000400e-01 -8.791197791529562318e-14 -3.688440574045656031e-12
9.300000000000000488e-01 -5.778766951172286967e-14 -2.424543161933519711e-12
9.400000000000000577e-01 -3.798589028236484012e-14 -1.593738444762540098e-12
9.500000000000000666e-01 -2.496947658100582550e-14 -1.047620958122493034e-12
9.599999999999999645e-01 -1.641332495026041771e-14 -6.886385124887953293e-13
9.699999999999999734e-01 -1.078906219955649356e-14 -4.526665844225423633e-13
9.799999999999999822e-01 -7.092034276945982798e-15 -2.975538441964586458e-13
9.899999999999999911e-01 -4.661846345407473162e-15 -1.955927237461899657e-13
1.000000000000000000e+00 -3.064397392837719966e-15 -1.285700532142837638e-13
1.010000000000000009e+00 -2.014337385976176704e-15 -8.451366833550663886e-14
1.020000000000000018e+00 -1.324095600010902810e-15 -5.555383977028989250e-14
1.030000000000000027e+00 -8.703751269147956114e-16 -3.651751455126968071e-14
1.040000000000000036e+00 -5.721285242135908344e-16 -2.400426099287131161e-14
1.050000000000000044e+00 -3.760804256655502230e-16 -1.577885441806041941e-14
1.060000000000000053e+00 -2.472110383994391259e-16 -1.037200215496248426e-14
1.070000000000000062e+00 -1.625006071464013250e-16 -6.817885877659945877e-15
1.080000000000000071e+00 -1.068174281129072779e-16 -4.481638852972586647e-15
1.090000000000000080e+00 -7.021489426421944202e-17 -2.945940599311843690e-15
1.100000000000000089e+00 0.000000000000000000e+00 -1.936471522893348738e-15
1.110000000000000098e+00 0.000000000000000000e+00 -1.272911599050189301e-15
1.120000000000000107e+00 0.000000000000000000e+00 -8.367300628183505167e-16
1.130000000000000115e+00 0.000000000000000000e+00 -5.500124270580992451e-16
1.140000000000000124e+00 0.000000000000000000e+00 -3.615427284868777678e-16
1.150000000000000133e+00 0.000000000000000000e+00 -2.376548930374035369e-16
1.159999999999999920e+00 0.000000000000000000e+00 -1.562190129531814430e-16
1.169999999999999929e+00 0.000000000000000000e+00 -1.026883128563457335e-16
1.179999999999999938e+00 0.000000000000000000e+00 -6.750067996168268456e-17
1.189999999999999947e+00 0.000000000000000000e+00 -4.437059747649702092e-17
1.199999999999999956e+00 0.000000000000000000e+00 -2.916637168009144107e-17
