0.000000000000000000e+00 5.814430614056535996e+06 6.432241743682432175e+08
1.000000000000000021e-02 1.922845352671355940e+06 2.128351398308426738e+08
2.000000000000000042e-02 6.353612914704104187e+05 7.039542523595425487e+07
2.999999999999999889e-02 2.096367897927227896e+05 2.326656524140310660e+07
4.000000000000000083e-02 6.899408839534374420e+04 7.680220268280324526e+06
5.000000000000000278e-02 2.260557868218709700e+04 2.529643484026760329e+06
5.999999999999999778e-02 7.348009704120761853e+03 8.299755249775579432e+05
7.000000000000000666e-02 2.354422301242225330e+03 2.704546589793437161e+05
8.000000000000000167e-02 7.344288416235363002e+02 8.704996607762615895e+04
8.999999999999999667e-02 2.172240871014331844e+02 2.738699106413175105e+04
1.000000000000000056e-01 5.699969768439780182e+01 8.242607023289030622e+03
1.100000000000000006e-01 1.028775365330493052e+01 2.254500717890862234e+03
1.199999999999999956e-01 -1.532758592157793975e+00 4.734361771258825797e+02
1.300000000000000044e-01 -3.349167642389362154e+00 -3.214636549959797307e-01
1.400000000000000133e-01 -2.743912351185504139e+00 -9.047920871373044349e+01
1.499999999999999944e-01 -1.849251620760643089e+00 -8.195483242622975695e+01
1.600000000000000033e-01 -1.153573481931743361e+00 -5.705308745715166907e+01
1.700000000000000122e-01 -6.933963824944396892e-01 -3.610443452719226087e+01
1.799999999999999933e-01 -4.087868645506719800e-01 -2.185894115357908163e+01
1.900000000000000022e-01 -2.384608289069016784e-01 -1.293656583026947260e+01
2.000000000000000111e-01 -1.382835955930476479e-01 -7.562474229466313425e+00
2.099999999999999922e-01 -7.992309358871513281e-02 -4.390737130292479584e+00
2.200000000000000011e-01 -4.610483486577551804e-02 -2.539418543173623810e+00
2.300000000000000100e-01 -2.656728543244048224e-02 -1.465470440165751898e+00
2.399999999999999911e-01 -1.529946778693497267e-02 -8.446452801238696351e-01
2.500000000000000000e-01 -8.807435916634871048e-03 -4.864732200325173062e-01
2.600000000000000089e-01 -5.069125094724910921e-03 -2.800683017187037827e-01
2.700000000000000178e-01 -2.917191719672780105e-03 -1.612002781858206391e-01
2.800000000000000266e-01 -1.678677550469095383e-03 -9.277015494690056541e-02
2.899999999999999800e-01 -9.659453010840244203e-04 -5.338468081623445882e-02
2.999999999999999889e-01 -5.558120673322618742e-04 -3.071888070376094931e-02
3.099999999999999978e-01 -3.198142143626225668e-04 -1.767595266908921631e-02
3.200000000000000067e-01 -1.840196940135237344e-04 -1.017076862051759754e-02
3.300000000000000155e-01 -1.058836677860978650e-04 -5.852224529510957271e-03
3.400000000000000244e-01 -6.092458417338561717e-05 -3.367332753030415592e-03
3.500000000000000333e-01 -3.505545042898540616e-05 -1.937536315604915368e-03
3.599999999999999867e-01 -2.017057012114761326e-05 -1.114841060691966522e-03
3.699999999999999956e-01 -1.160594720900188186e-05 -6.414689664716850901e-04
3.800000000000000044e-01 -6.677945801443205398e-06 -3.690949553739470953e-04
3.900000000000000133e-01 -3.842422540656283531e-06 -2.123735529635122402e-04
4.000000000000000222e-01 -2.210890907628432406e-06 -1.221976004675758855e-04
4.100000000000000311e-01 -1.272124109450560080e-06 -7.031125960515865732e-05
4.199999999999999845e-01 -7.319672337111181238e-07 -4.045638305625883191e-05
4.299999999999999933e-01 -4.211664711593469768e-07 -2.327819019518988897e-05
4.400000000000000022e-01 -2.423348840112992162e-07 -1.339403295974383873e-05
4.500000000000000111e-01 -1.394370152834051618e-07 -7.706789719849373437e-06
4.600000000000000200e-01 -8.023063310533688932e-08 -4.434408036554279922e-06
4.700000000000000289e-01 -4.616388599053690725e-08 -2.551513052212921599e-06
4.799999999999999822e-01 -2.656222797903452812e-08 -1.468114523491797101e-06
4.899999999999999911e-01 -1.528363437420511276e-08 -8.447380857174278214e-07
5.000000000000000000e-01 -8.794046937073703270e-09 -4.860536569409908334e-07
5.100000000000000089e-01 -5.060004683576465577e-09 -2.796703041131135274e-07
5.200000000000000178e-01 -2.911474953226196712e-09 -1.609194332092097485e-07
5.300000000000000266e-01 -1.675232916325048498e-09 -9.259139636925153839e-08
5.400000000000000355e-01 -9.639118896486485998e-10 -5.327614266320554810e-08
5.500000000000000444e-01 -5.546250446315835046e-10 -3.065454770357925877e-08
5.600000000000000533e-01 -3.191255792484537019e-10 -1.763831328456200840e-08
5.700000000000000622e-01 -1.836215950138887549e-10 -1.014890509976063538e-08
5.799999999999999600e-01 -1.056539881093329786e-10 -5.839576214649453269e-09
5.899999999999999689e-01 -6.079222437064137829e-11 -3.360032440084103733e-09
5.999999999999999778e-01 -3.497922425891561244e-11 -1.933328307294503666e-09
6.099999999999999867e-01 -2.012668795099059904e-11 -1.112417338353597194e-09
6.199999999999999956e-01 -1.158069043721322708e-11 -6.400735612257482651e-10
6.300000000000000044e-01 -6.663410856723911955e-12 -3.682917819191356343e-10
6.400000000000000133e-01 -3.834058468813020063e-12 -2.119113252692088035e-10
6.500000000000000222e-01 -2.206078036962405611e-12 -1.219316096149115698e-10
6.600000000000000311e-01 -1.269354743740871075e-12 -7.015820133442376624e-11
6.700000000000000400e-01 -7.303737394874651853e-13 -4.036831162999161717e-11
6.800000000000000488e-01 -4.202495811066944043e-13 -2.322751371700983795e-11
6.900000000000000577e-01 -2.418073116159467017e-13 -1.336487387481010348e-11
7.000000000000000666e-01 -1.391334544509317812e-13 -7.690011762161799122e-12
7.099999999999999645e-01 -8.005596695188138007e-14 -4.424754132071964957e-12
7.199999999999999734e-01 -4.606338475453391121e-14 -2.545958281315285276e-12
7.299999999999999822e-01 -2.650440055667031320e-14 -1.464918360822595298e-12
7.399999999999999911e-01 -1.525036105383628835e-14 -8.428990449782581221e-13
7.500000000000000000e-01 -8.774901804517020236e-15 -4.849954912342753447e-13
7.600000000000000089e-01 -5.048988768665686992e-15 -2.790614462300682200e-13
7.700000000000000178e-01 -2.905136507965216073e-15 -1.605691025576974869e-13
7.800000000000000266e-01 -1.671585839582425523e-15 -9.238981967766419450e-14
7.900000000000000355e-01 -9.618133989337337146e-16 -5.316015749047459692e-14
8.000000000000000444e-01 -5.534175945158487154e-16 -3.058781101934833636e-14
8.100000000000000533e-01 -3.184308247932920443e-16 -1.759991367826578888e-14
8.200000000000000622e-01 -1.832218404028924761e-16 -1.012681035875591281e-14
8.300000000000000711e-01 -1.054239733933271861e-16 -5.826863126541869279e-15
8.399999999999999689e-01 -6.065987625491385767e-17 -3.352717459164959415e-15
8.499999999999999778e-01 -3.490307250641284049e-17 -1.929119342067095024e-15
8.599999999999999867e-01 -2.008287101128431007e-17 -1.109995542798958665e-15
8.699999999999999956e-01 -1.155547861815842017e-17 -6.386800848273860333e-16
8.800000000000000044e-01 -6.648904233846254080e-18 -3.674899898485428316e-16
8.900000000000000133e-01 -3.825711506349010792e-18 -2.114499823105981379e-16
9.000000000000000222e-01 -2.201275280114005986e-18 -1.216661575940589816e-16
9.100000000000000311e-01 -1.266591286561840680e-18 -7.000546295605236527e-17
9.200000000000000400e-01 -7.287836744849524464e-19 -4.028042752893286797e-17
9.300000000000000488e-01 -4.193346739637919275e-19 -2.317694610393741414e-17
9.400000000000000577e-01 -2.412808834014971140e-19 -1.333577778733787366e-17
9.500000000000000666e-01 -1.388305530394417906e-19 -7.673270170958487041e-18
9.599999999999999645e-01 -7.988168057709378665e-20 -4.415121191688311440e-18
9.699999999999999734e-01 -4.596310215668397471e-20 -2.540415585922230327e-18
9.799999999999999822e-01 -2.644669897532859755e-20 -1.461729150571445787e-18
9.899999999999999911e-01 -1.521716015397234050e-20 -8.410640060117092851e-19
1.000000000000000000e+00 -8.755798346238271109e-21 -4.839396285775100065e-19
1.010000000000000009e+00 -5.037996834118631633e-21 -2.784539136543168934e-19
1.020000000000000018e+00 -2.898811861227220134e-21 -1.602195345260645373e-19
1.030000000000000027e+00 -1.667946702523435348e-21 -9.218868180684663984e-20
1.040000000000000036e+00 -9.597194766827725060e-22 -5.304442481638490393e-20
1.050000000000000044e+00 -5.522127730644998785e-22 -3.052121962212657299e-20
1.060000000000000053e+00 -3.177375828503455706e-22 -1.756159766924897729e-20
1.070000000000000062e+00 -1.828229560778175962e-22 -1.010476371897633601e-20
1.080000000000000071e+00 -1.051944594315568976e-22 -5.814177715455376505e-21
1.090000000000000080e+00 -6.052781626825538732e-23 -3.345418403343178906e-21
1.100000000000000089e+00 0.000000000000000000e+00 -1.924919539985313881e-21
1.110000000000000098e+00 0.000000000000000000e+00 -1.107579019627084853e-21
1.120000000000000107e+00 0.000000000000000000e+00 -6.372896421049694483e-22
1.130000000000000115e+00 0.000000000000000000e+00 -3.666899433243366805e-22
1.140000000000000124e+00 0.000000000000000000e+00 -2.109896437216184447e-22
1.150000000000000133e+00 0.000000000000000000e+00 -1.214012834772517143e-22
1.159999999999999920e+00 0.000000000000000000e+00 -6.985305709776990597e-23
1.169999999999999929e+00 0.000000000000000000e+00 -4.019273475653617211e-23
1.179999999999999938e+00 0.000000000000000000e+00 -2.312648857942157409e-23
1.189999999999999947e+00 0.000000000000000000e+00 -1.330674504369586600e-23
1.199999999999999956e+00 0.000000000000000000e+00 -7.656565027147466903e-24
