0.000000000000000000e+00 4.485625235828616656e+06 4.962257763890523911e+08
1.000000000000000021e-02 1.483401993933238322e+06 1.641946504878837168e+08
2.000000000000000042e-02 4.901555878112290520e+05 5.430737537880115211e+07
2.999999999999999889e-02 1.617258354665494699e+05 1.794921071495148540e+07
4.000000000000000083e-02 5.322583300971618883e+04 5.924960427403113805e+06
5.000000000000000278e-02 1.743913227655427909e+04 1.951505502489845734e+06
5.999999999999999778e-02 5.668622890006112357e+03 6.402865891702917870e+05
7.000000000000000666e-02 1.816313031725128212e+03 2.086422193094739050e+05
8.000000000000000167e-02 5.665709631181638315e+02 6.715445612288787379e+04
8.999999999999999667e-02 1.675753981901177667e+02 2.112753538174651476e+04
1.000000000000000056e-01 4.397145824151088789e+01 6.358679096742184811e+03
1.100000000000000006e-01 7.936084659199344138e+00 1.739198488332825036e+03
1.199999999999999956e-01 -1.182606497242450372e+00 3.652170813731348176e+02
1.300000000000000044e-01 -2.583774645753875721e+00 -2.541435715154207742e-01
1.400000000000000133e-01 -2.116810706207211012e+00 -6.980254380754269050e+01
1.499999999999999944e-01 -1.426609871899634285e+00 -6.322489344196347361e+01
1.600000000000000033e-01 -8.899239869195344488e-01 -4.401385771655508705e+01
1.700000000000000122e-01 -5.349190675530569594e-01 -2.785280885301543918e+01
1.799999999999999933e-01 -3.153570266760316598e-01 -1.686305687856053837e+01
1.900000000000000022e-01 -1.839593299648781821e-01 -9.979877099863793788e+00
2.000000000000000111e-01 -1.066779570770999414e-01 -5.834037963113123837e+00
2.099999999999999922e-01 -6.165603735698400173e-02 -3.387209166360471979e+00
2.200000000000000011e-01 -3.556715389689204393e-02 -1.959016751093572095e+00
2.300000000000000100e-01 -2.049505834453915071e-02 -1.130525176606929083e+00
2.399999999999999911e-01 -1.180259876250742967e-02 -6.515936824921416681e-01
2.500000000000000000e-01 -6.794385106700387249e-03 -3.752846343137953844e-01
2.600000000000000089e-01 -3.910506629714450948e-03 -2.160554118649178346e-01
2.700000000000000178e-01 -2.250423955876506080e-03 -1.243558807901379432e-01
2.800000000000000266e-01 -1.294988781283376925e-03 -7.156623575172652019e-02
2.899999999999999800e-01 -7.451618493180129895e-04 -4.118280242816303033e-02
2.999999999999999889e-01 -4.287709996839398794e-04 -2.369757940880300867e-02
3.099999999999999978e-01 -2.467144287191673003e-04 -1.363580507240619126e-02
3.200000000000000067e-01 -1.419581876075624860e-04 -7.846050216707074407e-03
3.300000000000000155e-01 -8.168164462954437103e-05 -4.514583021234588704e-03
3.400000000000000244e-01 -4.699887099709476737e-05 -2.597658483072745085e-03
3.500000000000000333e-01 -2.704268183454202934e-05 -1.494669680927499834e-03
3.599999999999999867e-01 -1.556007677829713973e-05 -8.600182842590102560e-04
3.699999999999999956e-01 -8.953101493688703116e-06 -4.948456243145690596e-04
3.800000000000000044e-01 -5.151517292617068775e-06 -2.847288987299579016e-04
3.900000000000000133e-01 -2.964126597912101116e-06 -1.638299228372103145e-04
4.000000000000000222e-01 -1.705525809155399567e-06 -9.426594529893830799e-05
4.100000000000000311e-01 -9.813407218613880841e-07 -5.423958804494720236e-05
4.199999999999999845e-01 -5.646526007176755301e-07 -3.120886049458503417e-05
4.299999999999999933e-01 -3.248948575518893288e-07 -1.795723336274347078e-05
4.400000000000000022e-01 -1.869409036454202842e-07 -1.033239338383673788e-05
4.500000000000000111e-01 -1.075637254495930624e-07 -5.945144759865389311e-06
4.600000000000000200e-01 -6.189097607449897011e-08 -3.420770451937675630e-06
4.700000000000000289e-01 -3.561138196223603170e-08 -1.968273425389230610e-06
4.799999999999999822e-01 -2.049039463143290321e-08 -1.132522723509094446e-06
4.899999999999999911e-01 -1.178994604411191684e-08 -6.516410276774477367e-07
5.000000000000000000e-01 -6.783804322643360591e-09 -3.749470274055251971e-07
5.100000000000000089e-01 -3.903325842736396267e-09 -2.157403652183763687e-07
5.200000000000000178e-01 -2.245930440817001549e-09 -1.241346157498731058e-07
5.300000000000000266e-01 -1.292283490508902651e-09 -7.142568248492799517e-08
5.400000000000000355e-01 -7.435656017774745390e-10 -4.109754629858916185e-08
5.500000000000000444e-01 -4.278394084540251824e-10 -2.364707277448738414e-08
5.600000000000000533e-01 -2.461740551019954630e-10 -1.360626366169685007e-08
5.700000000000000622e-01 -1.416458236605381207e-10 -7.828893351594180602e-09
5.799999999999999600e-01 -8.150143747712784445e-11 -4.504658489211287554e-09
5.899999999999999689e-01 -4.689502407597113445e-11 -2.591930582397168858e-09
5.999999999999999778e-01 -2.698287724925035006e-11 -1.491368138125584306e-09
6.099999999999999867e-01 -1.552564859478508404e-11 -8.581167020898664541e-10
6.199999999999999956e-01 -8.933286174858773055e-12 -4.937508423174389183e-10
6.300000000000000044e-01 -5.140113882823970836e-12 -2.840987638340099933e-10
6.400000000000000133e-01 -2.957564574921186396e-12 -1.634672808519406992e-10
6.500000000000000222e-01 -1.701749886137210479e-12 -9.405726215949025029e-11
6.600000000000000311e-01 -9.791680288316345173e-13 -5.411950647757470616e-11
6.700000000000000400e-01 -5.634024344566334916e-13 -3.113976437470185216e-11
6.800000000000000488e-01 -3.241755182002931719e-13 -1.791747538780159767e-11
6.900000000000000577e-01 -1.865270012576010441e-13 -1.030951680974447524e-11
7.000000000000000666e-01 -1.073255697756186614e-13 -5.931981741287246967e-12
7.099999999999999645e-01 -6.175394366498859417e-14 -3.413196566662099880e-12
7.199999999999999734e-01 -3.553253494159340659e-14 -1.963915485711845337e-12
7.299999999999999822e-01 -2.044502689941331448e-14 -1.130015209991446887e-12
7.399999999999999911e-01 -1.176384194386410845e-14 -6.501982310858817776e-13
7.500000000000000000e-01 -6.768784309312336860e-15 -3.741168578699150676e-13
7.600000000000000089e-01 -3.894683492401893485e-15 -2.152626947457352712e-13
7.700000000000000178e-01 -2.240957727832936425e-15 -1.238597694127642861e-13
7.800000000000000266e-01 -1.289422246437062139e-15 -7.126753893471446804e-14
7.900000000000000355e-01 -7.419192736020839127e-16 -4.100655224768719324e-14
8.000000000000000444e-01 -4.268921294504060127e-16 -2.359471580438175640e-14
8.100000000000000533e-01 -2.456290012549828321e-16 -1.357613804074301558e-14
8.200000000000000622e-01 -1.413322057148163187e-16 -7.811559402935575838e-15
8.300000000000000711e-01 -8.132098518561967674e-17 -4.494684727163480848e-15
8.399999999999999689e-01 -4.679119382671991455e-17 -2.586191790208346050e-15
8.499999999999999778e-01 -2.692313447423433043e-17 -1.488066100681088554e-15
8.599999999999999867e-01 -1.549127326398294908e-17 -8.562167463294922626e-16
8.699999999999999956e-01 -8.913506990393473029e-18 -4.926576288240915275e-16
8.800000000000000044e-01 -5.128733159237153117e-18 -2.834697409027027504e-16
8.900000000000000133e-01 -2.951016232668904731e-18 -1.631053480268700187e-16
9.000000000000000222e-01 -1.697982042561679029e-18 -9.384901002219300392e-17
9.100000000000000311e-01 -9.770000533864944473e-19 -5.399968050523217733e-17
9.200000000000000400e-01 -5.621550054069784027e-19 -3.107081783790363786e-17
9.300000000000000488e-01 -3.234577613468231332e-19 -1.787780431446549320e-17
9.400000000000000577e-01 -1.861140119169680878e-19 -1.028669051370819324e-17
9.500000000000000666e-01 -1.070879402850029922e-19 -5.918847743466746272e-18
9.599999999999999645e-01 -6.161721428905976545e-20 -3.405639409842891142e-18
9.699999999999999734e-01 -3.545386237366649253e-20 -1.959567181412528808e-18
9.799999999999999822e-01 -2.039975957553234418e-20 -1.127513243877500343e-18
9.899999999999999911e-01 -1.173779562727193983e-20 -6.487586275060872033e-19
1.000000000000000000e+00 -6.753797547342412167e-21 -3.732885259211311802e-19
1.010000000000000009e+00 -3.886060275620036581e-21 -2.147860817204508811e-19
1.020000000000000018e+00 -2.235996024443230846e-21 -1.235855315589616262e-19
1.030000000000000027e+00 -1.286567337283066044e-21 -7.110974551223421083e-20
1.040000000000000036e+00 -7.402765905077091600e-22 -4.091575966076756214e-20
1.050000000000000044e+00 -4.259469477990853290e-22 -2.354247475586408927e-20
1.060000000000000053e+00 -2.450851542055717065e-22 -1.354607912026484627e-20
1.070000000000000062e+00 -1.410192821484945211e-22 -7.794263833149921432e-21
1.080000000000000071e+00 -8.114093243279960726e-23 -4.484733047946401283e-21
1.090000000000000080e+00 -4.668759346775924736e-23 -2.580465704252964526e-21
1.100000000000000089e+00 0.000000000000000000e+00 -1.484771374268289753e-21
1.110000000000000098e+00 0.000000000000000000e+00 -8.543209972576398669e-22
1.120000000000000107e+00 0.000000000000000000e+00 -4.915668358133402938e-22
1.130000000000000115e+00 0.000000000000000000e+00 -2.828421106904717278e-22
1.140000000000000124e+00 0.000000000000000000e+00 -1.627442165569920343e-22
1.150000000000000133e+00 0.000000000000000000e+00 -9.364121897581771158e-23
1.159999999999999920e+00 0.000000000000000000e+00 -5.388011983950551591e-23
1.169999999999999929e+00 0.000000000000000000e+00 -3.100202395559517678e-23
1.179999999999999938e+00 0.000000000000000000e+00 -1.783822107683205098e-23
1.189999999999999947e+00 0.000000000000000000e+00 -1.026391475736230368e-23
1.199999999999999956e+00 0.000000000000000000e+00 -5.905742825624222257e-24
