0.000000000000000000e+00 5.149684089751437306e+06 5.696837980292558670e+08
1.000000000000000021e-02 1.703020359738007886e+06 1.885024192471562326e+08
2.000000000000000042e-02 5.627277451926822541e+05 6.234765447103502601e+07
2.999999999999999889e-02 1.856723270770973759e+05 2.060677604886379838e+07
4.000000000000000083e-02 6.110738323682464397e+04 6.802265149854238145e+06
5.000000000000000278e-02 2.002163798620578018e+04 2.240481305394658353e+06
5.999999999999999778e-02 6.508126024175077873e+03 7.351051404483953957e+05
7.000000000000000666e-02 2.085321554545671461e+03 2.395415699089324917e+05
8.000000000000000167e-02 6.504908828013898301e+02 7.710054487341026834e+04
8.999999999999999667e-02 1.923991733449434491e+02 2.425693511038917131e+04
1.000000000000000056e-01 5.048637317026959437e+01 7.300620288270352830e+03
1.100000000000000006e-01 9.112603877105463823e+00 1.996876765672026522e+03
1.199999999999999956e-01 -1.357266868248834468e+00 4.193504097075517052e+02
1.300000000000000044e-01 -2.966245756493446351e+00 -2.733164664793609755e-01
1.400000000000000133e-01 -2.430245223277298194e+00 -8.013300502118886470e+01
1.499999999999999944e-01 -1.637872251087572284e+00 -7.258578916532536596e+01
1.600000000000000033e-01 -1.021719809193320172e+00 -5.053141337823657864e+01
1.700000000000000122e-01 -6.141436483772378940e-01 -3.197759523212090116e+01
1.799999999999999933e-01 -3.620652320639285993e-01 -1.936049340648643380e+01
1.900000000000000022e-01 -2.112069710278972057e-01 -1.145797599318560245e+01
2.000000000000000111e-01 -1.224794034042678836e-01 -6.698139387480842366e+00
2.099999999999999922e-01 -7.078900709579985517e-02 -3.888919418840956155e+00
2.200000000000000011e-01 -4.083580338529708281e-02 -2.249194174353208897e+00
2.300000000000000100e-01 -2.353113581998698273e-02 -1.297988474533764425e+00
2.399999999999999911e-01 -1.355105457337257673e-02 -7.481164691254825749e-01
2.500000000000000000e-01 -7.800946804274873705e-03 -4.308785351560229238e-01
2.600000000000000089e-01 -4.489850517400396923e-03 -2.480623970499380160e-01
2.700000000000000178e-01 -2.583835681603743970e-03 -1.427788288429454322e-01
2.800000000000000266e-01 -1.486853726967315992e-03 -8.216887804680658713e-02
2.899999999999999800e-01 -8.555680154109120399e-04 -4.728427888433270332e-02
2.999999999999999889e-01 -4.923013428081400578e-04 -2.720862220322166347e-02
3.099999999999999978e-01 -2.832708287711569167e-04 -1.565615223655437288e-02
3.200000000000000067e-01 -1.629931814793746353e-04 -9.008594160361024783e-03
3.300000000000000155e-01 -9.378538186984822656e-05 -5.183525863816860514e-03
3.400000000000000244e-01 -5.396346023408608953e-05 -2.982574950305788043e-03
3.500000000000000333e-01 -3.105015762938846029e-05 -1.716153871426118324e-03
3.599999999999999867e-01 -1.786600588720756245e-05 -9.874619512821893302e-04
3.699999999999999956e-01 -1.027994832004449504e-05 -5.681775983701548623e-04
3.800000000000000044e-01 -5.914993504455150885e-06 -3.269246046270684941e-04
3.900000000000000133e-01 -3.403435659716806890e-06 -1.881096052119295874e-04
4.000000000000000222e-01 -1.958307010817200206e-06 -1.082366292144555750e-04
4.100000000000000311e-01 -1.126792610089817930e-06 -6.227840773348807468e-05
4.199999999999999845e-01 -6.483465265447192682e-07 -3.583444779402155175e-05
4.299999999999999933e-01 -3.730528648495486170e-07 -2.061882523112338009e-05
4.400000000000000022e-01 -2.146513213282242684e-07 -1.186388996360602427e-05
4.500000000000000111e-01 -1.235084724663611353e-07 -6.826377443674154371e-06
4.600000000000000200e-01 -7.106568283310630328e-08 -3.927837230660938600e-06
4.700000000000000289e-01 -4.089056536937530123e-08 -2.260042808935814946e-06
4.799999999999999822e-01 -2.352806963592062217e-08 -1.300408644054609366e-06
4.899999999999999911e-01 -1.353784315399472880e-08 -7.482436318216232009e-07
5.000000000000000000e-01 -7.789555200773161844e-09 -4.305327673120082487e-07
5.100000000000000089e-01 -4.482041158491753365e-09 -2.477247460186380152e-07
5.200000000000000178e-01 -2.578926835519744431e-09 -1.425386275674528091e-07
5.300000000000000266e-01 -1.483891688479940866e-09 -8.201546544129647889e-08
5.400000000000000355e-01 -8.538181513047048293e-10 -4.719097332294810970e-08
5.500000000000000444e-01 -4.912794115234381190e-10 -2.715326860713560865e-08
5.600000000000000533e-01 -2.826778276086929699e-10 -1.562375056319487464e-08
5.700000000000000622e-01 -1.626503214803683901e-10 -8.989767868798678039e-09
5.799999999999999600e-01 -9.358755619904936404e-11 -5.172632909576197002e-09
5.899999999999999689e-01 -5.384945197508058352e-11 -2.976287219824925869e-09
5.999999999999999778e-01 -3.098449832203056109e-11 -1.712529338486106488e-09
6.099999999999999867e-01 -1.782820625010998097e-11 -9.853742325794003070e-10
6.199999999999999956e-01 -1.025819217057702930e-11 -5.669756169484770260e-10
6.300000000000000044e-01 -5.902473032462846630e-12 -3.262327546078085861e-10
6.400000000000000133e-01 -3.396230770454154225e-12 -1.877114411934870727e-10
6.500000000000000222e-01 -1.954161142751682140e-12 -1.080075027944058970e-10
6.600000000000000311e-01 -1.124407035311593077e-12 -6.214656168910793356e-11
6.700000000000000400e-01 -6.469738617757501876e-13 -3.575858185638844668e-11
6.800000000000000488e-01 -3.722630370282463432e-13 -2.057517168490586954e-11
6.900000000000000577e-01 -2.141968585208868589e-13 -1.183877178249205659e-11
7.000000000000000666e-01 -1.232469776383822798e-13 -6.811924559577240636e-12
7.099999999999999645e-01 -7.091522070812588076e-14 -3.919521134277983379e-12
7.199999999999999734e-01 -4.080399068963494643e-14 -2.255257789144562043e-12
7.299999999999999822e-01 -2.347825529659559175e-14 -1.297655382188441964e-12
7.399999999999999911e-01 -1.350918041239887540e-14 -7.466594280387617200e-13
7.500000000000000000e-01 -7.773062909031578973e-15 -4.296212300518255959e-13
7.600000000000000089e-01 -4.472551638462642006e-15 -2.472002554043426680e-13
7.700000000000000178e-01 -2.573466649224276584e-15 -1.422368402618305289e-13
7.800000000000000266e-01 -1.480749945448594294e-15 -8.184181968006952900e-14
7.900000000000000355e-01 -8.520104201105365088e-16 -4.709105908297164832e-14
8.000000000000000444e-01 -4.902392589702302333e-16 -2.709577883562067230e-14
8.100000000000000533e-01 -2.820793330256478620e-16 -1.559067145666209473e-14
8.200000000000000622e-01 -1.623059529898351008e-16 -8.970734443330812644e-15
8.300000000000000711e-01 -9.338940961528544937e-17 -5.161681244868689037e-15
8.399999999999999689e-01 -5.373544018337878515e-17 -2.969985728809147753e-15
8.499999999999999778e-01 -3.091889694555762391e-17 -1.708903516291115015e-15
8.599999999999999867e-01 -1.779045979836794350e-17 -9.832879665597137144e-16
8.699999999999999956e-01 -1.023647319613782439e-17 -5.657751979348364724e-16
8.800000000000000044e-01 -5.889976126691236658e-18 -3.255420441258515332e-16
8.900000000000000133e-01 -3.389040161418291868e-18 -1.873140124920157150e-16
9.000000000000000222e-01 -1.950023729919293346e-18 -1.077788258351496855e-16
9.100000000000000311e-01 -1.122026404566719648e-18 -6.201498298958683493e-17
9.200000000000000400e-01 -6.456040679038379834e-19 -3.568287263660721724e-17
9.300000000000000488e-01 -3.714748697513399621e-19 -2.053160926955571848e-17
9.400000000000000577e-01 -2.137433540417654119e-19 -1.181370635404606742e-17
9.500000000000000666e-01 -1.229860351727305449e-19 -6.797502133774506167e-18
9.599999999999999645e-01 -7.076507672164901706e-20 -3.911222598049755439e-18
9.699999999999999734e-01 -4.071759916796811529e-20 -2.250482884806483762e-18
9.799999999999999822e-01 -2.342854637923541331e-20 -1.294907944470423315e-18
9.899999999999999911e-01 -1.348057834106773389e-20 -7.450785766792504898e-19
1.000000000000000000e+00 -7.756605530197437047e-21 -4.287116221635457346e-19
1.010000000000000009e+00 -4.463082208261076335e-21 -2.466768750716865584e-19
1.020000000000000018e+00 -2.568018022851510054e-21 -1.419356918481671239e-19
1.030000000000000027e+00 -1.477614854031467639e-21 -8.166854154676304528e-20
1.040000000000000036e+00 -8.502065162416885902e-22 -4.699135637786050277e-20
1.050000000000000044e+00 -4.892013086411687243e-22 -2.703841078105547288e-20
1.060000000000000053e+00 -2.814821055878648680e-22 -1.555766238553481854e-20
1.070000000000000062e+00 -1.619623136051225992e-22 -8.951741315797662049e-21
1.080000000000000071e+00 -9.319168255310636656e-23 -5.150752767296584357e-21
1.090000000000000080e+00 -5.362166978086564093e-23 -2.963697579485874225e-21
1.100000000000000089e+00 0.000000000000000000e+00 -1.705285370794565942e-21
1.110000000000000098e+00 0.000000000000000000e+00 -9.812061176465930464e-22
1.120000000000000107e+00 0.000000000000000000e+00 -5.645773204859622669e-22
1.130000000000000115e+00 0.000000000000000000e+00 -3.248527960380205572e-22
1.140000000000000124e+00 0.000000000000000000e+00 -1.869174252392670198e-22
1.150000000000000133e+00 0.000000000000000000e+00 -1.075506330380717679e-22
1.159999999999999920e+00 0.000000000000000000e+00 -6.188368287270967248e-23
1.169999999999999929e+00 0.000000000000000000e+00 -3.560732371081800346e-23
1.179999999999999938e+00 0.000000000000000000e+00 -2.048813908595151437e-23
1.189999999999999947e+00 0.000000000000000000e+00 -1.178869399493118684e-23
1.199999999999999956e+00 0.000000000000000000e+00 -6.783110243595527294e-24
