0.000000000000000000e+00 8.306096790549021214e+06 9.188656802834520340e+08
1.000000000000000021e-02 2.746845850570701063e+06 3.040416924851123691e+08
2.000000000000000042e-02 9.076341327660005772e+05 1.005621108504677862e+08
2.999999999999999889e-02 2.994730217371050967e+05 3.323704116566325724e+07
4.000000000000000083e-02 9.856034683816233883e+04 1.097144658065397851e+07
5.000000000000000278e-02 3.229283046089997879e+04 3.613679844921759795e+06
5.999999999999999778e-02 1.049688287813263196e+04 1.185648024685272248e+06
7.000000000000000666e-02 3.363373914197264639e+03 3.863537304450338124e+05
8.000000000000000167e-02 1.049157515184187559e+03 1.243538988331992441e+05
8.999999999999999667e-02 3.103124467309311854e+02 3.912328378748625983e+04
1.000000000000000056e-01 8.142620296069924279e+01 1.177486146209428807e+04
1.100000000000000006e-01 1.469648611682603878e+01 3.220638359215180571e+03
1.199999999999999956e-01 -2.189566945104051143e+00 6.763227297648891181e+02
1.300000000000000044e-01 -4.784388931815509061e+00 -4.580255547817390638e-01
1.400000000000000133e-01 -3.919768789761525429e+00 -1.292521837567164198e+02
1.499999999999999944e-01 -2.641718236064922731e+00 -1.170751165425095195e+02
1.600000000000000033e-01 -1.647919204394103554e+00 -8.150223635378303300e+01
1.700000000000000122e-01 -9.905407399977277372e-01 -5.157641052387521086e+01
1.799999999999999933e-01 -5.839663204956258014e-01 -3.122624915427222092e+01
1.900000000000000022e-01 -3.406496935196750009e-01 -1.848033361114000073e+01
2.000000000000000111e-01 -1.975430226346057971e-01 -1.080325931574821752e+01
2.099999999999999922e-01 -1.141729943055769386e-01 -6.272322937368558726e+00
2.200000000000000011e-01 -6.586241445372617576e-02 -3.627649631727880575e+00
2.300000000000000100e-01 -3.795232866577084863e-02 -2.093476949905776596e+00
2.399999999999999911e-01 -2.185584687155135014e-02 -1.206606194828032885e+00
2.500000000000000000e-01 -1.258174491968403093e-02 -6.949446216452195291e-01
2.600000000000000089e-01 -7.241432072776628377e-03 -4.000877802588841958e-01
2.700000000000000178e-01 -4.167316567515802483e-03 -2.302805109500240532e-01
2.800000000000000266e-01 -2.398053516430689695e-03 -1.325255903487393971e-01
2.899999999999999800e-01 -1.379889119942613812e-03 -7.626199882500873939e-02
2.999999999999999889e-01 -7.939985248823462150e-04 -4.388306859513570191e-02
3.099999999999999978e-01 -4.568667522588762842e-04 -2.525076261914226475e-02
3.200000000000000067e-01 -2.628791632683296167e-04 -1.452932744172486142e-02
3.300000000000000155e-01 -1.512588882560503181e-04 -8.360125266007113407e-03
3.400000000000000244e-01 -8.703312323552164602e-05 -4.810363627981073184e-03
3.500000000000000333e-01 -5.007807364738155935e-05 -2.767845163507365747e-03
3.599999999999999867e-01 -2.881444800258918431e-05 -1.592593591352934506e-03
3.699999999999999956e-01 -1.657955191787597311e-05 -9.163633816749209519e-04
3.800000000000000044e-01 -9.539709632943110741e-06 -5.272665895000804535e-04
3.900000000000000133e-01 -5.489053390402000357e-06 -3.033839796688248013e-04
4.000000000000000222e-01 -3.158346068604530947e-06 -1.745641093299472944e-04
4.100000000000000311e-01 -1.817280442321194410e-06 -1.004424332089568644e-04
4.199999999999999845e-01 -1.045644788773111789e-06 -5.779356264750754447e-05
4.299999999999999933e-01 -6.016534267945683926e-07 -3.325383169655656988e-05
4.400000000000000022e-01 -3.461852880579664997e-07 -1.913391820920892764e-05
4.500000000000000111e-01 -1.991915073549547015e-07 -1.100946276588995352e-05
4.600000000000000200e-01 -1.146127748395025028e-07 -6.334733339905603174e-06
4.700000000000000289e-01 -6.594702909874293282e-08 -3.644941373654616791e-06
4.799999999999999822e-01 -3.794525216185304830e-08 -2.097262327523138611e-06
4.899999999999999911e-01 -2.183331350038776576e-08 -1.206743487501448496e-06
5.000000000000000000e-01 -1.256266729240596868e-08 -6.943479718656949017e-07
5.100000000000000089e-01 -7.228431427250886729e-09 -3.995207853442748561e-07
5.200000000000000178e-01 -4.159166176745713233e-09 -2.298802104302810229e-07
5.300000000000000266e-01 -2.393142061138229830e-09 -1.322707430471620280e-07
5.400000000000000355e-01 -1.376989685236771311e-09 -7.610724486518316216e-08
5.500000000000000444e-01 -7.923059077838008552e-10 -4.379133727737887490e-08
5.600000000000000533e-01 -4.558847885581863159e-10 -2.519709160262456135e-08
5.700000000000000622e-01 -2.623114865046566766e-10 -1.449815111148791781e-08
5.799999999999999600e-01 -1.509313705543955671e-10 -8.342089196827810162e-09
5.899999999999999689e-01 -8.684438078150009553e-11 -4.799953568724020691e-09
5.999999999999999778e-01 -4.996937644976444421e-11 -2.761844631270799845e-09
6.099999999999999867e-01 -2.875187272114372791e-11 -1.589137406863409902e-09
6.199999999999999956e-01 -1.654353613564760798e-11 -9.143735564618599941e-10
6.300000000000000044e-01 -9.518983007675122149e-12 -5.261212763259327115e-10
6.400000000000000133e-01 -5.477126338494654812e-12 -3.027248496487859467e-10
6.500000000000000222e-01 -3.151482979183916614e-12 -1.741848100780679209e-10
6.600000000000000311e-01 -1.813331362886754887e-12 -1.002241741869876119e-10
6.700000000000000400e-01 -1.043372486333436076e-12 -5.766797395801038611e-11
6.800000000000000488e-01 -6.003459530444284967e-13 -3.318156769460748582e-11
6.900000000000000577e-01 -3.454329762934153548e-13 -1.909233772411490393e-11
7.000000000000000666e-01 -1.987586332610717528e-13 -1.098553760710032278e-11
7.099999999999999645e-01 -1.143637029669492276e-13 -6.320966990049941104e-12
7.199999999999999734e-01 -6.580371550016158190e-14 -3.637020336945248958e-12
7.299999999999999822e-01 -3.786279091433053705e-14 -2.092704637150588095e-12
7.399999999999999911e-01 -2.178586611600662581e-14 -1.204121036625783503e-12
7.500000000000000000e-01 -1.253536654227268996e-14 -6.928390395402065022e-13
7.600000000000000089e-01 -7.212722850328961767e-15 -3.986525607559622160e-13
7.700000000000000178e-01 -4.150127620139453929e-15 -2.293806427287280968e-13
7.800000000000000266e-01 -2.387941367060683023e-15 -1.319832968308795461e-13
7.900000000000000355e-01 -1.373997258505519130e-15 -7.594185121779844126e-14
8.000000000000000444e-01 -7.905840957495784643e-16 -4.369617144642290624e-14
8.100000000000000533e-01 -4.548940753579152035e-16 -2.514233414720458786e-14
8.200000000000000622e-01 -2.617414401684054110e-16 -1.446664422636582545e-14
8.300000000000000711e-01 -1.506033716696094690e-16 -8.323960454384229761e-15
8.399999999999999689e-01 -8.665565354749101719e-17 -4.789522474042270916e-15
8.499999999999999778e-01 -4.986078471215285718e-17 -2.755842685109537418e-15
8.599999999999999867e-01 -2.868939013597269663e-17 -1.585683947874239401e-15
8.699999999999999956e-01 -1.650758428945117141e-17 -9.123864711624769331e-16
8.800000000000000044e-01 -9.498296679777019119e-18 -5.249779275853177538e-16
8.900000000000000133e-01 -5.465223635096922150e-18 -3.020669783722563688e-16
9.000000000000000222e-01 -3.144634284293929079e-18 -1.738062776136743514e-16
9.100000000000000311e-01 -1.809390693265092946e-18 -1.000063704437551244e-16
9.200000000000000400e-01 -1.041105064975593745e-18 -5.754265189180168711e-17
9.300000000000000488e-01 -5.990413017776262632e-19 -3.310945864797012551e-17
9.400000000000000577e-01 -3.446822931783983597e-19 -1.905084690957436639e-17
9.500000000000000666e-01 -1.983266978055913868e-19 -1.096166421296320248e-17
9.599999999999999645e-01 -1.141151716839503899e-19 -6.307230481043407800e-18
9.699999999999999734e-01 -6.566071311902896241e-20 -3.629116488895684060e-18
9.799999999999999822e-01 -3.778050879369456476e-20 -2.088156843096025853e-18
9.899999999999999911e-01 -2.173852181780174527e-20 -1.201504282023088695e-18
1.000000000000000000e+00 -1.250812511296596643e-20 -6.913333854651606102e-19
1.010000000000000009e+00 -7.197048408024221959e-21 -3.977862226624474305e-19
1.020000000000000018e+00 -4.141108704912977736e-21 -2.288821605708962330e-19
1.030000000000000027e+00 -2.382751974654802282e-21 -1.316964752498621173e-19
1.040000000000000036e+00 -1.371011334714699145e-21 -7.577681698729586383e-20
1.050000000000000044e+00 -7.888660254655734662e-22 -4.360121242297366171e-20
1.060000000000000053e+00 -4.539055151308069850e-22 -2.508769568761366438e-20
1.070000000000000062e+00 -2.611726326337456258e-22 -1.443520581053108036e-20
1.080000000000000071e+00 -1.502760855795810608e-22 -8.305871108571686326e-21
1.090000000000000080e+00 -8.646733644864993101e-23 -4.779114047814760722e-21
1.100000000000000089e+00 0.000000000000000000e+00 -2.749853782157719390e-21
1.110000000000000098e+00 0.000000000000000000e+00 -1.582237993819102143e-21
1.120000000000000107e+00 0.000000000000000000e+00 -9.104037041272431836e-22
1.130000000000000115e+00 0.000000000000000000e+00 -5.238370635305107865e-22
1.140000000000000124e+00 0.000000000000000000e+00 -3.014105367588816266e-22
1.150000000000000133e+00 0.000000000000000000e+00 -1.734285677630107970e-22
1.159999999999999920e+00 0.000000000000000000e+00 -9.978904002414030120e-23
1.169999999999999929e+00 0.000000000000000000e+00 -5.741760217121027565e-23
1.179999999999999938e+00 0.000000000000000000e+00 -3.303750630624175719e-23
1.189999999999999947e+00 0.000000000000000000e+00 -1.900944626145061472e-23
1.199999999999999956e+00 0.000000000000000000e+00 -1.093784269966850839e-23
