0.000000000000000000e+00 7.475405681168163195e+06 8.269700131716420650e+08
1.000000000000000021e-02 2.472134636880048551e+06 2.736345456913239956e+08
2.000000000000000042e-02 8.168620202227794798e+05 9.050492594518829882e+07
2.999999999999999889e-02 2.695228822750970721e+05 2.991301883639364317e+07
4.000000000000000083e-02 8.870338935003367078e+04 9.874198091679653153e+06
5.000000000000000278e-02 2.906324873502628907e+04 3.252278064138777088e+06
5.999999999999999778e-02 9.447098745602230338e+03 1.067072268367582234e+06
7.000000000000000666e-02 3.027006242124097298e+03 3.477148335664917831e+05
8.000000000000000167e-02 9.442324731679667593e+02 1.119173905026321736e+05
8.999999999999999667e-02 2.792785148627888816e+02 3.521060920227254974e+04
1.000000000000000056e-01 7.328290485863357162e+01 1.059727331596715521e+04
1.100000000000000006e-01 1.322673081937363904e+01 2.898547590071865670e+03
1.199999999999999956e-01 -1.970579385299089381e+00 6.086853236428615901e+02
1.300000000000000044e-01 -4.305902343571704982e+00 -4.118001159409657164e-01
1.400000000000000133e-01 -3.527754811606901963e+00 -1.163256253389413644e+02
1.499999999999999944e-01 -2.377521984699397795e+00 -1.053664794649511691e+02
1.600000000000000033e-01 -1.483112264525905610e+00 -7.335125171360679985e+01
1.700000000000000122e-01 -8.914777337494508291e-01 -4.641829589122006183e+01
1.799999999999999933e-01 -5.255644683439224529e-01 -2.810334086603457848e+01
1.900000000000000022e-01 -3.065817024459926987e-01 -1.663213409878107996e+01
2.000000000000000111e-01 -1.777869804966528966e-01 -9.722837029946989063e+00
2.099999999999999922e-01 -1.027546960875716092e-01 -5.645035106561649307e+00
2.200000000000000011e-01 -5.927560063424897052e-02 -3.264852768071533795e+00
2.300000000000000100e-01 -3.415676811598340745e-02 -1.884110967298559869e+00
2.399999999999999911e-01 -1.967007469596748423e-02 -1.085935103472714047e+00
2.500000000000000000e-01 -1.132346319128616115e-02 -6.254441670400804343e-01
2.600000000000000089e-01 -6.517227543608154587e-03 -3.600755744641746525e-01
2.700000000000000178e-01 -3.750549849558679205e-03 -2.072504995945928241e-01
2.800000000000000266e-01 -2.158228120304265564e-03 -1.192719104624705151e-01
2.899999999999999800e-01 -1.241888749386685972e-03 -6.863515812314958942e-02
2.999999999999999889e-01 -7.145921224371580734e-04 -3.949439539204760430e-02
3.099999999999999978e-01 -4.111763331425565861e-04 -2.272547693939127797e-02
3.200000000000000067e-01 -2.365891070788483865e-04 -1.307627499190389467e-02
3.300000000000000155e-01 -1.361317764271539356e-04 -7.524044317758474612e-03
3.400000000000000244e-01 -7.832911195780576665e-05 -4.329288158464826911e-03
3.500000000000000333e-01 -4.506986684479955912e-05 -2.491038296584355272e-03
3.599999999999999867e-01 -2.593277494270616128e-05 -1.433321458846976895e-03
3.699999999999999956e-01 -1.492146629287264077e-05 -8.247197438590186686e-04
3.800000000000000044e-01 -8.585664140475917912e-06 -4.745357591889319310e-04
3.900000000000000133e-01 -4.940105467686410901e-06 -2.730431981048050700e-04
4.000000000000000222e-01 -2.842487131949185868e-06 -1.571063364289918528e-04
4.100000000000000311e-01 -1.635538498181147469e-06 -9.039741170884017882e-05
4.199999999999999845e-01 -9.410723691139639548e-07 -5.201376178139857995e-05
4.299999999999999933e-01 -5.414835479155124421e-07 -2.992819452319220677e-05
4.400000000000000022e-01 -3.115641680680504124e-07 -1.722038128169725940e-05
4.500000000000000111e-01 -1.792708765527672605e-07 -9.908433597474323711e-06
4.600000000000000200e-01 -1.031506519971935448e-07 -5.701212656627818176e-06
4.700000000000000289e-01 -5.935184337846103814e-08 -3.280420190976178939e-06
4.799999999999999822e-01 -3.415045121298501803e-08 -1.887520647666959640e-06
4.899999999999999911e-01 -1.964982468849707020e-08 -1.086060316523649222e-06
5.000000000000000000e-01 -1.130631064704139272e-08 -6.249081363650609466e-07
5.100000000000000089e-01 -6.505536942318891940e-09 -3.595658296259104901e-07
5.200000000000000178e-01 -3.743220244345724103e-09 -2.068905464345540710e-07
5.300000000000000266e-01 -2.153811118276591585e-09 -1.190427306251303288e-07
5.400000000000000355e-01 -1.239281161731617498e-09 -6.849598475036911212e-08
5.500000000000000444e-01 -7.130698624200398180e-10 -3.941189774523541532e-08
5.600000000000000533e-01 -4.102931960772061392e-10 -2.267720786118374270e-08
5.700000000000000622e-01 -2.360785606261252880e-10 -1.304823633959179531e-08
5.799999999999999600e-01 -1.358372191396916996e-10 -7.507823388778280950e-09
5.899999999999999689e-01 -7.815936379238083217e-11 -4.319925740904445525e-09
5.999999999999999778e-01 -4.497210843324771349e-11 -2.485641635466402950e-09
6.099999999999999867e-01 -2.587649692623640085e-11 -1.430213089417697397e-09
6.199999999999999956e-01 -1.488907495113524129e-11 -8.229301649736694778e-10
6.300000000000000044e-01 -8.567023331341850659e-12 -4.735057044534165745e-10
6.400000000000000133e-01 -4.929378688777984953e-12 -2.724503994297379617e-10
6.500000000000000222e-01 -2.836314705538507693e-12 -1.567652077921547329e-10
6.600000000000000311e-01 -1.631986831761932897e-12 -9.020111706774215129e-11
6.700000000000000400e-01 -9.390287381874284547e-13 -5.190081163325079924e-11
6.800000000000000488e-01 -5.403076507608051274e-13 -2.986320276019522379e-11
6.900000000000000577e-01 -3.108875645639590698e-13 -1.718298521800314026e-11
7.000000000000000666e-01 -1.788815643539662677e-13 -9.886916127953214346e-12
7.099999999999999645e-01 -1.029266452345960262e-13 -5.688831671621544227e-12
7.199999999999999734e-01 -5.922295199904113413e-14 -3.273296280580856798e-12
7.299999999999999822e-01 -3.407628836523879774e-14 -1.883421616060999802e-12
7.399999999999999911e-01 -1.960715211848455356e-14 -1.083701773313458634e-12
7.500000000000000000e-01 -1.128175727581765613e-14 -6.235510538202815604e-13
7.600000000000000089e-01 -6.491409178718704167e-15 -3.587849778371814436e-13
7.700000000000000178e-01 -3.735091271275328040e-15 -2.064412521363937512e-13
7.800000000000000266e-01 -2.149133789084440130e-15 -1.187842112023504510e-13
7.900000000000000355e-01 -1.236589873694666995e-15 -6.834723527854966928e-14
8.000000000000000444e-01 -7.115213224466739214e-16 -3.932630879927070447e-14
8.100000000000000533e-01 -4.094021818112248932e-16 -2.262796084541803715e-14
8.200000000000000622e-01 -2.355658800152866474e-16 -1.301990010390365452e-14
8.300000000000000711e-01 -1.355422278940453384e-16 -7.491519004902124530e-15
8.399999999999999689e-01 -7.798962880910052616e-17 -4.310544363084847702e-15
8.499999999999999778e-01 -4.487444463828600980e-17 -2.480243685421353067e-15
8.599999999999999867e-01 -2.582030216509529106e-17 -1.427107163483659998e-15
8.699999999999999956e-01 -1.485674105319219952e-17 -8.211430465633406902e-16
8.800000000000000044e-01 -8.548418733069151009e-18 -4.724774145715686660e-16
8.900000000000000133e-01 -4.918673790857126945e-18 -2.718587318184326338e-16
9.000000000000000222e-01 -2.830155215405392909e-18 -1.564247682250457214e-16
9.100000000000000311e-01 -1.628442723356647464e-18 -9.000523157961792705e-17
9.200000000000000400e-01 -9.369894940102664159e-19 -5.178810110203240708e-17
9.300000000000000488e-01 -5.391342902597955785e-19 -2.979835025902740844e-17
9.400000000000000577e-01 -3.102124247838671678e-19 -1.714566974391018498e-17
9.500000000000000666e-01 -1.784930957441322081e-19 -9.865445181086083301e-18
9.599999999999999645e-01 -1.027031243204448937e-19 -5.676477505673640934e-18
9.699999999999999734e-01 -5.909434032283817065e-20 -3.266187818284674916e-18
9.799999999999999822e-01 -3.400228650586673327e-20 -1.879331478658825096e-18
9.899999999999999911e-01 -1.956457219609959594e-20 -1.081348349566997933e-18
1.000000000000000000e+00 -1.125725721857999246e-20 -6.221969175686585711e-19
1.010000000000000009e+00 -6.477312093260873522e-21 -3.580058215162184484e-19
1.020000000000000018e+00 -3.726979950698497197e-21 -2.059929334596218377e-19
1.030000000000000027e+00 -2.144466617157509245e-21 -1.185262531642320267e-19
1.040000000000000036e+00 -1.233904430111327197e-21 -6.819880882906776308e-20
1.050000000000000044e+00 -7.099761453346660098e-22 -3.924090571950433698e-20
1.060000000000000053e+00 -4.085131025089131861e-22 -2.257882077598270354e-20
1.070000000000000062e+00 -2.350543127653861510e-22 -1.299162540431770022e-20
1.080000000000000071e+00 -1.352478772658276501e-22 -7.475250028365002649e-21
1.090000000000000080e+00 -7.782026243087952166e-23 -4.301183358319409989e-21
1.100000000000000089e+00 0.000000000000000000e+00 -2.474857457835457414e-21
1.110000000000000098e+00 0.000000000000000000e+00 -1.424007982537381807e-21
1.120000000000000107e+00 0.000000000000000000e+00 -8.193598091518866785e-22
1.130000000000000115e+00 0.000000000000000000e+00 -4.714513577776186703e-22
1.140000000000000124e+00 0.000000000000000000e+00 -2.712683491034623387e-22
1.150000000000000133e+00 0.000000000000000000e+00 -1.560850679743471906e-22
1.159999999999999920e+00 0.000000000000000000e+00 -8.980977148670229665e-23
1.169999999999999929e+00 0.000000000000000000e+00 -5.167563533892424444e-23
1.179999999999999938e+00 0.000000000000000000e+00 -2.973363859495918328e-23
1.189999999999999947e+00 0.000000000000000000e+00 -1.710843530606218624e-23
1.199999999999999956e+00 0.000000000000000000e+00 -9.844020861655899187e-24
