0.000000000000000000e+00 3.820672410961191170e+06 4.226606937192639112e+08
1.000000000000000021e-02 1.263515012988847913e+06 1.398544443761537075e+08
2.000000000000000042e-02 4.175036248908393900e+05 4.625735711645918339e+07
2.999999999999999889e-02 1.377559814235501981e+05 1.528875436569777317e+07
4.000000000000000083e-02 4.533758137189991976e+04 5.046810190310625359e+06
5.000000000000000278e-02 1.485476108438615665e+04 1.662287411136500770e+06
5.999999999999999778e-02 4.828625046150851631e+03 5.454006546530176420e+05
7.000000000000000666e-02 1.547184617789799177e+03 1.777250086906486831e+05
8.000000000000000167e-02 4.826275925266539275e+02 5.720403517958458542e+04
8.999999999999999667e-02 1.427501428443157749e+02 1.799728255939852170e+04
1.000000000000000056e-01 3.745861084944161945e+01 5.416678698332400927e+03
1.100000000000000006e-01 6.761345715139374768e+00 1.481590833556262851e+03
1.199999999999999956e-01 -1.006865367356251539e+00 3.111455822119954178e+02
1.300000000000000044e-01 -2.200717527149376629e+00 -1.973040931260692243e-01
1.400000000000000133e-01 -1.803073794925012852e+00 -5.945161736656486795e+01
1.499999999999999944e-01 -1.215195405002629681e+00 -5.385340591595003445e+01
1.600000000000000033e-01 -7.580529589949877023e-01 -3.749094810995167393e+01
1.700000000000000122e-01 -4.556578874210915897e-01 -2.372535368163158154e+01
1.799999999999999933e-01 -2.686313660445642237e-01 -1.436430576483148513e+01
1.900000000000000022e-01 -1.567036070327941233e-01 -8.501139979146818959e+00
2.000000000000000111e-01 -9.087294112538399360e-02 -4.969633095560228142e+00
2.099999999999999922e-01 -5.252161583551168827e-02 -2.885359217062707593e+00
2.200000000000000011e-01 -3.029800781762088599e-02 -1.668778298521643721e+00
2.300000000000000100e-01 -1.745888709042763692e-02 -9.630376106198620390e-01
2.399999999999999911e-01 -1.005419832789558425e-02 -5.550630641623406358e-01
2.500000000000000000e-01 -5.787917769819828605e-03 -3.196897142166162942e-01
2.600000000000000089e-01 -3.331252845484587114e-03 -1.840498313465372682e-01
2.700000000000000178e-01 -1.917084624119757066e-03 -1.059348810586567408e-01
2.800000000000000266e-01 -1.103177294459368237e-03 -6.096536846987161973e-02
2.899999999999999800e-01 -6.347932277934094933e-04 -3.508272285381869304e-02
2.999999999999999889e-01 -3.652661607586672244e-04 -2.018755619685897590e-02
3.099999999999999978e-01 -2.101749474803416180e-04 -1.161616865977616216e-02
3.200000000000000067e-01 -1.209342194853142596e-04 -6.683986601950392577e-03
3.300000000000000155e-01 -6.958499411801345725e-05 -3.845957608876509649e-03
3.400000000000000244e-01 -4.003878665228251737e-05 -2.212948279897848994e-03
3.500000000000000333e-01 -2.303804393702894052e-05 -1.273317760784119235e-03
3.599999999999999867e-01 -1.325592200918998367e-05 -7.326585422294875109e-04
3.699999999999999956e-01 -7.627356987494623994e-06 -4.215664380644135829e-04
3.800000000000000044e-01 -4.388722171091449139e-06 -2.425661545716115543e-04
3.900000000000000133e-01 -2.525236371883926622e-06 -1.395706955012067233e-04
4.000000000000000222e-01 -1.453001104217841292e-06 -8.030788786321629955e-05
4.100000000000000311e-01 -8.360453394279543491e-07 -4.620852653041664717e-05
4.199999999999999845e-01 -4.810538593188408357e-07 -2.658802085126030397e-05
4.299999999999999933e-01 -2.767945716453516399e-07 -1.529853647491534203e-05
4.400000000000000022e-01 -1.592653975294345832e-07 -8.802656465923848207e-06
4.500000000000000111e-01 -9.164004393449945122e-08 -5.064978607958567498e-06
4.600000000000000200e-01 -5.272895277438845011e-08 -2.914348439135981236e-06
4.700000000000000289e-01 -3.033982019315254392e-08 -1.676892924970373168e-06
4.799999999999999822e-01 -1.745729129681949779e-08 -9.648708568889708373e-07
4.899999999999999911e-01 -1.004478659703512967e-08 -5.551790191571710006e-07
5.000000000000000000e-01 -5.779690332731283739e-09 -3.194455930462211253e-07
5.100000000000000089e-01 -3.325587857212925221e-09 -1.838064540507712118e-07
5.200000000000000178e-01 -1.913516807656810201e-09 -1.057607720317851066e-07
5.300000000000000266e-01 -1.101022354587363055e-09 -6.085390720907924726e-08
5.400000000000000355e-01 -6.335195073295662883e-10 -3.501485429028449677e-08
5.500000000000000444e-01 -3.645220866641376535e-10 -2.014726871525584388e-08
5.600000000000000533e-01 -2.097431099230993349e-10 -1.159257820435428820e-08
5.700000000000000622e-01 -1.206845175349231557e-10 -6.670277312591894408e-09
5.799999999999999600e-01 -6.944091168436813565e-11 -3.838024522429719201e-09
5.899999999999999689e-01 -3.995574837633086488e-11 -2.208368789539147574e-09
5.999999999999999778e-01 -2.299021988027521641e-11 -1.270677840148175856e-09
6.099999999999999867e-01 -1.322838969663933983e-11 -7.311379245573999324e-10
6.199999999999999956e-01 -7.611510236846706528e-12 -4.206909476467006927e-10
6.300000000000000044e-01 -4.379602462144342878e-12 -2.420622258637724726e-10
6.400000000000000133e-01 -2.519988429308617353e-12 -1.392806798384296942e-10
6.500000000000000222e-01 -1.449981302809727352e-12 -8.014099559329464151e-11
6.600000000000000311e-01 -8.343077111169561348e-13 -4.611249156835116509e-11
6.700000000000000400e-01 -4.800540224073047177e-13 -2.653276095335959433e-11
6.800000000000000488e-01 -2.762192670146886106e-13 -1.526673965913547259e-11
6.900000000000000577e-01 -1.589343696934939075e-13 -8.784360595926005717e-12
7.000000000000000666e-01 -9.144957244609871428e-14 -5.054451232033803148e-12
7.099999999999999645e-01 -5.261935676155102968e-14 -2.908291044980114018e-12
7.199999999999999734e-01 -3.027675944172780837e-14 -1.673407540012635052e-12
7.299999999999999822e-01 -1.742100661637264565e-14 -9.628653912766426080e-13
7.399999999999999911e-01 -1.002390867199029080e-14 -5.540250892566916100e-13
7.500000000000000000e-01 -5.767677337885285940e-15 -3.187816306481996121e-13
7.600000000000000089e-01 -3.318675674580976917e-15 -1.834244152644170464e-13
7.700000000000000178e-01 -1.909539592430395980e-15 -1.055409499182299130e-13
7.800000000000000266e-01 -1.098733896472013164e-15 -6.072742330177226479e-14
7.900000000000000355e-01 -6.322027466945943113e-16 -3.494207645212450087e-14
8.000000000000000444e-01 -3.637644330547575165e-16 -2.010539292468997546e-14
8.100000000000000533e-01 -2.093071620575759513e-16 -1.156848320705906817e-14
8.200000000000000622e-01 -1.204336765986181644e-16 -6.656413242621137709e-15
8.300000000000000711e-01 -6.929657980394735639e-17 -3.830047246773500213e-15
8.399999999999999689e-01 -3.987270095995731874e-17 -2.203778728548570402e-15
8.499999999999999778e-01 -2.294243505725800392e-17 -1.268036755550314480e-15
8.599999999999999867e-01 -1.320089468945432719e-17 -7.296182654805628498e-16
8.699999999999999956e-01 -7.595689828352981127e-18 -4.198165478979621499e-16
8.800000000000000044e-01 -4.370499524902232026e-18 -2.415591032015575589e-16
8.900000000000000133e-01 -2.514750671607217235e-18 -1.389911870594569539e-16
9.000000000000000222e-01 -1.446967538679784934e-18 -7.997442375035443334e-17
9.100000000000000311e-01 -8.325736152025392589e-19 -4.601664745452705577e-17
9.200000000000000400e-01 -4.790562374079817084e-19 -2.647761301243320573e-17
9.300000000000000488e-01 -2.756451494606438310e-19 -1.523500797247241383e-17
9.400000000000000577e-01 -1.586040270183835104e-19 -8.766102435756096406e-18
9.500000000000000666e-01 -9.125949589778561737e-20 -5.043945631864230849e-18
9.599999999999999645e-01 -5.250998822717553489e-20 -2.902246206185003636e-18
9.699999999999999734e-01 -3.021382965676691268e-20 -1.669929387839597908e-18
9.799999999999999822e-01 -1.738479731853530262e-20 -9.608640901751777955e-19
9.899999999999999911e-01 -1.000307412995771454e-20 -5.528735565176245643e-19
1.000000000000000000e+00 -5.755689308079874666e-21 -3.181190478673417451e-19
1.010000000000000009e+00 -3.311777857561975282e-21 -1.830431704012922946e-19
1.020000000000000018e+00 -1.905570643370380832e-21 -1.053215846557176434e-19
1.030000000000000027e+00 -1.096450194744698097e-21 -6.060120227415588431e-20
1.040000000000000036e+00 -6.308887228811161755e-22 -3.486944987656702439e-20
1.050000000000000044e+00 -3.630083542018454522e-22 -2.006360417065431323e-20
1.060000000000000053e+00 -2.088721202980893770e-22 -1.154443829029886114e-20
1.070000000000000062e+00 -1.201833570297422343e-22 -6.642577988726945297e-21
1.080000000000000071e+00 -6.915254791460321155e-23 -3.822086551703255090e-21
1.090000000000000080e+00 -3.978982615619638850e-23 -2.199198207910041361e-21
1.100000000000000089e+00 0.000000000000000000e+00 -1.265401160400053148e-21
1.110000000000000098e+00 0.000000000000000000e+00 -7.281017649898432154e-22
1.120000000000000107e+00 0.000000000000000000e+00 -4.189439655750947613e-22
1.130000000000000115e+00 0.000000000000000000e+00 -2.410570262719175304e-22
1.140000000000000124e+00 0.000000000000000000e+00 -1.387022959867508405e-22
1.150000000000000133e+00 0.000000000000000000e+00 -7.980819812443463687e-23
1.159999999999999920e+00 0.000000000000000000e+00 -4.592100255123009363e-23
1.169999999999999929e+00 0.000000000000000000e+00 -2.642257969566211684e-23
1.179999999999999938e+00 0.000000000000000000e+00 -1.520334223963745262e-23
1.189999999999999947e+00 0.000000000000000000e+00 -8.747882224894631435e-24
1.199999999999999956e+00 0.000000000000000000e+00 -5.033461867425034631e-24
