0.000000000000000000e+00 3.870382190527428407e+06 4.629985286826500893e+08
1.000000000000000021e-02 1.169684125532324193e+06 1.400179586207609475e+08
2.000000000000000042e-02 3.531088199291210040e+05 4.232054497710523009e+07
2.999999999999999889e-02 1.063851204217274499e+05 1.277872389788912237e+07
4.000000000000000083e-02 3.193453823914650275e+04 3.851553653391819447e+06
5.000000000000000278e-02 9.521241011543997956e+03 1.157017008562167175e+06
5.999999999999999778e-02 2.802795637248734693e+03 3.454416917397596408e+05
7.000000000000000666e-02 8.049945077735139876e+02 1.019558969164515001e+05
8.000000000000000167e-02 2.198521777495866445e+02 2.943399520315420887e+04
8.999999999999999667e-02 5.346449476556018254e+01 8.126309564418155787e+03
1.000000000000000056e-01 8.991319652087145897e+00 2.029574446320724974e+03
1.100000000000000006e-01 -1.233199486141238976e+00 3.778672246920535827e+02
1.199999999999999956e-01 -2.548373608342177743e+00 -1.564985582423226873e+01
1.300000000000000044e-01 -1.967763830121061597e+00 -7.624902334895796230e+01
1.400000000000000133e-01 -1.253725970717632032e+00 -6.241402433365296787e+01
1.499999999999999944e-01 -7.415045002527983486e-01 -4.052858597525836615e+01
1.600000000000000033e-01 -4.235883944050156114e-01 -2.416950495309216507e+01
1.700000000000000122e-01 -2.377642604156094130e-01 -1.386304130192238304e+01
1.799999999999999933e-01 -1.322316936523268704e-01 -7.797802377717194311e+00
1.900000000000000022e-01 -7.317605374732605306e-02 -4.341565318158226106e+00
2.000000000000000111e-01 -4.038610708681843187e-02 -2.404041409367395854e+00
2.099999999999999922e-01 -2.225644129804686677e-02 -1.327234885672822440e+00
2.200000000000000011e-01 -1.225544707270000318e-02 -7.315595419772983332e-01
2.300000000000000100e-01 -6.745440361167999270e-03 -4.028709802153099262e-01
2.399999999999999911e-01 -3.711810549777946975e-03 -2.217536001468370932e-01
2.500000000000000000e-01 -2.042223239349006021e-03 -1.220278938357836906e-01
2.600000000000000089e-01 -1.123540380468120463e-03 -6.714035656473688052e-02
2.700000000000000178e-01 -6.180969356428692250e-04 -3.693797036335236955e-02
2.800000000000000266e-01 -3.400281186174258633e-04 -2.032090687885083208e-02
2.899999999999999800e-01 -1.870543271817647285e-04 -1.117898855880269243e-02
2.999999999999999889e-01 -1.029005656926222152e-04 -6.149730580485501634e-03
3.099999999999999978e-01 -5.660648093723351918e-05 -3.383034689182532265e-03
3.200000000000000067e-01 -3.113964568145739185e-05 -1.861037150349455823e-03
3.300000000000000155e-01 -1.713013122147999512e-05 -1.023770617236883802e-03
3.400000000000000244e-01 -9.423396070664209138e-06 -5.631832680971757309e-04
3.500000000000000333e-01 -5.183869419352490816e-06 -3.098107847481100714e-04
3.599999999999999867e-01 -2.851678624343467321e-06 -1.704288674209151002e-04
3.699999999999999956e-01 -1.568725884873020332e-06 -9.375397603406427521e-05
3.800000000000000044e-01 -8.629656728940519854e-07 -5.157463734112926551e-05
3.900000000000000133e-01 -4.747226629238854907e-07 -2.837152261872444680e-05
4.000000000000000222e-01 -2.611478184149161826e-07 -1.560734713219124556e-05
4.100000000000000311e-01 -1.436589987127699886e-07 -8.585696411132259559e-06
4.199999999999999845e-01 -7.902768604279012966e-08 -4.723043671518923778e-06
4.299999999999999933e-01 -4.347360902884916842e-08 -2.598174956112007146e-06
4.400000000000000022e-01 -2.391509575533955606e-08 -1.429271789746784339e-06
4.500000000000000111e-01 -1.315583907734153495e-08 -7.862510723705996391e-07
4.600000000000000200e-01 -7.237106784668302323e-09 -4.325214788770496500e-07
4.700000000000000289e-01 -3.981176289185353153e-09 -2.379326860928738437e-07
4.799999999999999822e-01 -2.190069196834041293e-09 -1.308882121695511163e-07
4.899999999999999911e-01 -1.204770333725843566e-09 -7.200239850843218795e-08
5.000000000000000000e-01 -6.627514596621831619e-10 -3.960895564683671321e-08
5.100000000000000089e-01 -3.645835932193783757e-10 -2.178912647159255284e-08
5.200000000000000178e-01 -2.005596434457669963e-10 -1.198633048080662391e-08
5.300000000000000266e-01 -1.103290749416665101e-10 -6.593753016228142138e-09
5.400000000000000355e-01 -6.069269254922202796e-11 -3.627263482205157155e-09
5.500000000000000444e-01 -3.338741787524230930e-11 -1.995379617177092048e-09
5.600000000000000533e-01 -1.836662084930023714e-11 -1.097670416325999559e-09
5.700000000000000622e-01 -1.010358940251766821e-11 -6.038351462065508069e-10
5.799999999999999600e-01 -5.558045742449147311e-12 -3.321733722353827831e-10
5.899999999999999689e-01 -3.057514636081004189e-12 -1.827305845235416346e-10
5.999999999999999778e-01 -1.681957325117155013e-12 -1.005212016110882151e-10
6.099999999999999867e-01 -9.252549146064412075e-13 -5.529732200924468446e-11
6.199999999999999956e-01 -5.089883341384501574e-13 -3.041939185351516819e-11
6.300000000000000044e-01 -2.799975662914748047e-13 -1.673389175307570561e-11
6.400000000000000133e-01 -1.540283575690415830e-13 -9.205415234864099964e-12
6.500000000000000222e-01 -8.473193267229750668e-14 -5.063954691274486048e-12
6.600000000000000311e-01 -4.661154950746392259e-14 -2.785712155401677495e-12
6.700000000000000400e-01 -2.564129577793855689e-14 -1.532437133792673071e-12
6.800000000000000488e-01 -1.410543215402970319e-14 -8.430029514977233166e-13
6.900000000000000577e-01 -7.759483685029693263e-15 -4.637410309126705467e-13
7.000000000000000666e-01 -4.268538985602154018e-15 -2.551067506583066746e-13
7.099999999999999645e-01 -2.348149156722644886e-15 -1.403357690893979677e-13
7.199999999999999734e-01 -1.291731077264462889e-15 -7.719955679374106978e-14
7.299999999999999822e-01 -7.105890914952194256e-16 -4.246794390212448650e-14
7.399999999999999911e-01 -3.908993643021433387e-16 -2.336187323060141782e-14
7.500000000000000000e-01 -2.150361085480408848e-16 -1.285150800096512874e-14
7.600000000000000089e-01 -1.182926660984372473e-16 -7.069692411588299909e-15
7.700000000000000178e-01 -6.507351229130978007e-17 -3.889080627014022994e-15
7.800000000000000266e-01 -3.579733335626618232e-17 -2.139406814732660532e-15
7.900000000000000355e-01 -1.969232995574419637e-17 -1.176900650280101567e-15
8.000000000000000444e-01 -1.083287001371065480e-17 -6.474201779163757192e-16
8.100000000000000533e-01 -5.959227424976215897e-18 -3.561497622365265440e-16
8.200000000000000622e-01 -3.278207110178770573e-18 -1.959201419229136469e-16
8.300000000000000711e-01 -1.803361592173101517e-18 -1.077768570447699143e-16
8.399999999999999689e-01 -9.920401374358966834e-19 -5.928870202135233234e-17
8.499999999999999778e-01 -5.457272898320513299e-19 -3.261507417976160970e-17
8.599999999999999867e-01 -3.002078883997553356e-19 -1.794174990318133009e-17
8.699999999999999956e-01 -1.651461782040917182e-19 -9.869865320988824583e-18
8.800000000000000044e-01 -9.084791316043194752e-20 -5.429472709191254794e-18
8.900000000000000133e-01 -4.997598742736692226e-20 -2.986785831531409412e-18
9.000000000000000222e-01 -2.749209346096619599e-20 -1.643048981227051215e-18
9.100000000000000311e-01 -1.512356717243399622e-20 -9.038511989080533436e-19
9.200000000000000400e-01 -8.319565926977059077e-21 -4.972140204593404633e-19
9.300000000000000488e-01 -4.576643620129345664e-21 -2.735204450024640153e-19
9.400000000000000577e-01 -2.517639382813487453e-21 -1.504652539066198842e-19
9.500000000000000666e-01 -1.384968677485606487e-21 -8.277184776070261360e-20
9.599999999999999645e-01 -7.618796602524960825e-22 -4.553329492251338422e-20
9.699999999999999734e-01 -4.191146169170220378e-22 -2.504814139820247183e-20
9.799999999999999822e-01 -2.305574899522678982e-22 -1.377913433613892758e-20
9.899999999999999911e-01 -1.268310720444624727e-22 -7.579985278547973434e-21
1.000000000000000000e+00 -6.977054113174951021e-23 -4.169795824713897987e-21
1.010000000000000009e+00 -3.838119737812060782e-23 -2.293829945687197151e-21
1.020000000000000018e+00 -2.111372920838508765e-23 -1.261849750183475373e-21
1.030000000000000027e+00 -1.161479035406899492e-23 -6.941511924333519517e-22
1.040000000000000036e+00 -6.389366541434981661e-24 -3.818567764399708419e-22
1.050000000000000044e+00 -3.514829244120364017e-24 -2.100617261809661117e-22
1.060000000000000053e+00 -1.933528861618440143e-24 -1.155562282212475763e-22
1.070000000000000062e+00 -1.063645940970063312e-24 -6.356818123648744363e-23
1.080000000000000071e+00 -5.851180761765886525e-25 -3.496924162303095175e-23
1.090000000000000080e+00 -3.218769986151135902e-25 -1.923679167633663283e-23
1.100000000000000089e+00 0.000000000000000000e+00 -1.058227564635129470e-23
1.110000000000000098e+00 0.000000000000000000e+00 -5.821373945277631794e-24
1.120000000000000107e+00 0.000000000000000000e+00 -3.202373075817772350e-24
1.130000000000000115e+00 0.000000000000000000e+00 -1.761644830434169535e-24
1.140000000000000124e+00 0.000000000000000000e+00 -9.690914940642692413e-25
1.150000000000000133e+00 0.000000000000000000e+00 -5.331031020800375299e-25
1.159999999999999920e+00 0.000000000000000000e+00 -2.932632462343284114e-25
1.169999999999999929e+00 0.000000000000000000e+00 -1.613258884751021324e-25
1.179999999999999938e+00 0.000000000000000000e+00 -8.874634863546893881e-26
1.189999999999999947e+00 0.000000000000000000e+00 -4.881990404995483887e-26
1.199999999999999956e+00 0.000000000000000000e+00 -2.685612499097518627e-26
