0.000000000000000000e+00 3.428017274766910356e+06 4.100797334067065120e+08
1.000000000000000021e-02 1.035996499904639320e+06 1.240146464875430465e+08
2.000000000000000042e-02 3.127510688690890674e+05 3.748357740698270500e+07
2.999999999999999889e-02 9.422619963111188554e+04 1.131821170900483616e+07
4.000000000000000083e-02 2.828472647629704079e+04 3.411354304638118017e+06
5.000000000000000278e-02 8.433065522363895070e+03 1.024781263052211842e+06
5.999999999999999778e-02 2.482469712472648553e+03 3.059614842892306624e+05
7.000000000000000666e-02 7.129944234336823001e+02 9.030357979042394436e+04
8.000000000000000167e-02 1.947264172407525677e+02 2.607008939429304883e+04
8.999999999999999667e-02 4.735447636598255627e+01 7.197597254265297124e+03
1.000000000000000056e-01 7.963858701705168741e+00 1.797631072803985717e+03
1.100000000000000006e-01 -1.092205306728023073e+00 3.346868050508872443e+02
1.199999999999999956e-01 -2.257105208157791587e+00 -1.385919292072713382e+01
1.300000000000000044e-01 -1.742865409496693996e+00 -6.753389947248422231e+01
1.400000000000000133e-01 -1.110438346961312384e+00 -5.528057834475929155e+01
1.499999999999999944e-01 -6.567592682132689097e-01 -3.589657091839641367e+01
1.600000000000000033e-01 -3.751776080338519170e-01 -2.140720284672283924e+01
1.700000000000000122e-01 -2.105909942020750270e-01 -1.227866515574342898e+01
1.799999999999999933e-01 -1.171194716076510850e-01 -6.906614928951979593e+00
1.900000000000000022e-01 -6.481310529239041329e-02 -3.845383776408789256e+00
2.000000000000000111e-01 -3.577059178387771016e-02 -2.129293851551968153e+00
2.099999999999999922e-01 -1.971288267964758575e-02 -1.175551703306888518e+00
2.200000000000000011e-01 -1.085485055498989874e-02 -6.479536018048109858e-01
2.300000000000000100e-01 -5.974550975896781267e-03 -3.568292865674647651e-01
2.399999999999999911e-01 -3.287615645954780359e-03 -1.964108433182141789e-01
2.500000000000000000e-01 -1.808834041637345964e-03 -1.080821983891119970e-01
2.600000000000000089e-01 -9.951406480247519584e-04 -5.946740254858982888e-02
2.700000000000000178e-01 -5.474603137696893145e-04 -3.271663480729891660e-02
2.800000000000000266e-01 -3.011696159089841899e-04 -1.799860950817601737e-02
2.899999999999999800e-01 -1.656778129197708114e-04 -9.901446651415513056e-03
2.999999999999999889e-01 -9.114117574829735816e-05 -5.446938865755735458e-03
3.099999999999999978e-01 -5.013757126798764474e-05 -2.996423077098291955e-03
3.200000000000000067e-01 -2.758106762046127884e-05 -1.648359728966430470e-03
3.300000000000000155e-01 -1.517254265194552067e-05 -9.067757242170895824e-04
3.400000000000000244e-01 -8.346519132855853093e-06 -4.988238827493053119e-04
3.500000000000000333e-01 -4.591475509841119802e-06 -2.744064387445452943e-04
3.599999999999999867e-01 -2.525800646800094656e-06 -1.509528074570059219e-04
3.699999999999999956e-01 -1.389459279253518636e-06 -8.304012655853686186e-05
3.800000000000000044e-01 -7.643504969999690186e-07 -4.568091151388341189e-05
3.900000000000000133e-01 -4.204741174082503041e-07 -2.512936376182513170e-05
4.000000000000000222e-01 -2.313055085114732041e-07 -1.382382445026008577e-05
4.100000000000000311e-01 -1.272426424120381928e-07 -7.604574499006312866e-06
4.199999999999999845e-01 -6.999699258560240760e-08 -4.183325165985678638e-06
4.299999999999999933e-01 -3.850579384564697407e-08 -2.301273969648986702e-06
4.400000000000000022e-01 -2.118228373240947916e-08 -1.265945547305801311e-06
4.500000000000000111e-01 -1.165250989325679995e-08 -6.964047510731841675e-07
4.600000000000000200e-01 -6.410120290306958905e-09 -3.830967120901688477e-07
4.700000000000000289e-01 -3.526248207631274830e-09 -2.107439538740609341e-07
4.799999999999999822e-01 -1.939811712869701005e-09 -1.159315981581478338e-07
4.899999999999999911e-01 -1.067102841185858122e-09 -6.377471430290805625e-08
5.000000000000000000e-01 -5.870201040971077092e-10 -3.508287859981511014e-08
5.100000000000000089e-01 -3.229235171213833677e-10 -1.929931610425921863e-08
5.200000000000000178e-01 -1.776422939876444931e-10 -1.061667733514625381e-08
5.300000000000000266e-01 -9.772216311239757407e-11 -5.840302165531444324e-09
5.400000000000000355e-01 -5.375758750330228951e-11 -3.212787608371882662e-09
5.500000000000000444e-01 -2.957239301840887816e-11 -1.767375030247862333e-09
5.600000000000000533e-01 -1.626796270908671073e-11 -9.722443181107306032e-10
5.700000000000000622e-01 -8.949110426718520901e-12 -5.348378232800898970e-10
5.799999999999999600e-01 -4.922962934064285067e-12 -2.942177103864552950e-10
5.899999999999999689e-01 -2.708153424703294479e-12 -1.618510459378630826e-10
5.999999999999999778e-01 -1.489772535353321587e-12 -8.903529647065208997e-11
6.099999999999999867e-01 -8.195334085756566523e-13 -4.897888655387096652e-11
6.199999999999999956e-01 -4.508305743549794997e-13 -2.694359903487871621e-11
6.300000000000000044e-01 -2.480047849745148390e-13 -1.482184631032441905e-11
6.400000000000000133e-01 -1.364290198335688323e-13 -8.153592538342273878e-12
6.500000000000000222e-01 -7.505047716986945970e-14 -4.485343451105783689e-12
6.600000000000000311e-01 -4.128574793175482460e-14 -2.467416145677030729e-12
6.700000000000000400e-01 -2.271155423071305577e-14 -1.357341417065108784e-12
6.800000000000000488e-01 -1.249377137183666701e-14 -7.466822026386640102e-13
6.900000000000000577e-01 -6.872903611353797586e-15 -4.107546596071947632e-13
7.000000000000000666e-01 -3.780828273954208538e-15 -2.259587677231249160e-13
7.099999999999999645e-01 -2.079857836725307660e-15 -1.243013646145376068e-13
7.199999999999999734e-01 -1.144143110330531459e-15 -6.837897639789008355e-14
7.299999999999999822e-01 -6.294004493008641830e-16 -3.761571264903393760e-14
7.399999999999999911e-01 -3.462372163091445899e-16 -2.069264432771403585e-14
7.500000000000000000e-01 -1.904673091521733522e-16 -1.138315611001110329e-14
7.600000000000000089e-01 -1.047772860537282949e-16 -6.261947046146259524e-15
7.700000000000000178e-01 -5.763865579690496317e-17 -3.444737156354576096e-15
7.800000000000000266e-01 -3.170739353155680644e-17 -1.894971961424115749e-15
7.900000000000000355e-01 -1.744244015869298918e-17 -1.042436206768155325e-15
8.000000000000000444e-01 -9.595197990234988797e-18 -5.734508305677051588e-16
8.100000000000000533e-01 -5.278379838724879129e-18 -3.154589728788370785e-16
8.200000000000000622e-01 -2.903670539181332912e-18 -1.735360004121949702e-16
8.300000000000000711e-01 -1.597327751643265152e-18 -9.546326472896914179e-17
8.399999999999999689e-01 -8.787002215785507471e-19 -5.251495304182941849e-17
8.499999999999999778e-01 -4.833786169481341047e-19 -2.888881184626681783e-17
8.599999999999999867e-01 -2.659096715634569869e-19 -1.589192033027717190e-17
8.699999999999999956e-01 -1.462786125654642619e-19 -8.742247106867954180e-18
8.800000000000000044e-01 -8.046880118450577222e-20 -4.809166097562961239e-18
8.900000000000000133e-01 -4.426640265796679818e-20 -2.645553056465263669e-18
9.000000000000000222e-01 -2.435123147646138456e-20 -1.455335672044974450e-18
9.100000000000000311e-01 -1.339576832122540032e-20 -8.005894696198059970e-19
9.200000000000000400e-01 -7.369097907405859356e-21 -4.404093922644670732e-19
9.300000000000000488e-01 -4.053787932633183449e-21 -2.422720259946306361e-19
9.400000000000000577e-01 -2.230014692333932202e-21 -1.332753924200954051e-19
9.500000000000000666e-01 -1.226745357839918649e-21 -7.331564654156236402e-20
9.599999999999999645e-01 -6.748404744395512825e-22 -4.033140649748983271e-20
9.699999999999999734e-01 -3.712340650252723780e-22 -2.218656489844398518e-20
9.799999999999999822e-01 -2.042182356499022928e-22 -1.220497137940139173e-20
9.899999999999999911e-01 -1.123417587475965573e-22 -6.714032886742786377e-21
1.000000000000000000e+00 -6.179992065027577725e-23 -3.693432471324231497e-21
1.010000000000000009e+00 -3.399653196600915279e-23 -2.031780846228482769e-21
1.020000000000000018e+00 -1.870170986555680659e-23 -1.117695650090191595e-21
1.030000000000000027e+00 -1.028793031727943041e-23 -6.148515321174815822e-22
1.040000000000000036e+00 -5.659456326403941504e-24 -3.382337638307046603e-22
1.050000000000000044e+00 -3.113303154540006715e-24 -1.860645587091528075e-22
1.060000000000000053e+00 -1.712647995329180051e-24 -1.023553048505235879e-22
1.070000000000000062e+00 -9.421386258603578771e-25 -5.630630843254827618e-23
1.080000000000000071e+00 -5.182764892487106101e-25 -3.097446071731436045e-23
1.090000000000000080e+00 -2.851072145170490647e-25 -1.703924912566005578e-23
1.100000000000000089e+00 0.000000000000000000e+00 -9.373400021909489387e-24
1.110000000000000098e+00 0.000000000000000000e+00 -5.156367356494608862e-24
1.120000000000000107e+00 0.000000000000000000e+00 -2.836550691635440534e-24
1.130000000000000115e+00 0.000000000000000000e+00 -1.560404693836123729e-24
1.140000000000000124e+00 0.000000000000000000e+00 -8.583886111134376970e-25
1.150000000000000133e+00 0.000000000000000000e+00 -4.722050700051499683e-25
1.159999999999999920e+00 0.000000000000000000e+00 -2.597630318619247947e-25
1.169999999999999929e+00 0.000000000000000000e+00 -1.428973067175284892e-25
1.179999999999999938e+00 0.000000000000000000e+00 -7.860872319190313617e-26
1.189999999999999947e+00 0.000000000000000000e+00 -4.324316184682308416e-26
1.199999999999999956e+00 0.000000000000000000e+00 -2.378834015590727885e-26
