0.000000000000000000e+00 4.423095184840930626e+06 5.291144007278179526e+08
1.000000000000000021e-02 1.336730867203935981e+06 1.600135118003554046e+08
2.000000000000000042e-02 4.035402919748125132e+05 4.836454605171012878e+07
2.999999999999999889e-02 1.215800187672828761e+05 1.460381457990266010e+07
4.000000000000000083e-02 3.649597572175734967e+04 4.401672802921168506e+06
5.000000000000000278e-02 1.088130566460555565e+04 1.322283481154680718e+06
5.999999999999999778e-02 3.203186265865107544e+03 3.947868682060842984e+05
7.000000000000000666e-02 9.199991448723907297e+02 1.165208401630048174e+05
8.000000000000000167e-02 2.512638938388186602e+02 3.363908766390751407e+04
8.999999999999999667e-02 6.110443886222100218e+01 9.287377518852266803e+03
1.000000000000000056e-01 1.027673967738122052e+01 2.319595868985453308e+03
1.100000000000000006e-01 -1.408986896632948405e+00 4.318840020882706199e+02
1.199999999999999956e-01 -2.912279916480482456e+00 -1.787098796629593167e+01
1.300000000000000044e-01 -2.248820468225728675e+00 -8.713607470438194014e+01
1.400000000000000133e-01 -1.432813283644564173e+00 -7.132821646374380009e+01
1.499999999999999944e-01 -8.474302709263159539e-01 -4.631767069972980266e+01
1.600000000000000033e-01 -4.841017074576151602e-01 -2.762209282054908499e+01
1.700000000000000122e-01 -2.717322016700016718e-01 -1.584345493018050277e+01
1.799999999999999933e-01 -1.511234458703736849e-01 -8.911804693683109235e+00
1.900000000000000022e-01 -8.363092581440209616e-02 -4.961826523769107489e+00
2.000000000000000111e-01 -4.615635185980459382e-02 -2.747507203833649658e+00
2.099999999999999922e-01 -2.543646353759965173e-02 -1.516862665781232300e+00
2.200000000000000011e-01 -1.400656582785301044e-02 -8.360835629132032931e-01
2.300000000000000100e-01 -7.709288581879808998e-03 -4.604341179838794540e-01
2.399999999999999911e-01 -4.242201354918768118e-03 -2.534391375314309913e-01
2.500000000000000000e-01 -2.334050061064527840e-03 -1.394644762664800364e-01
2.600000000000000089e-01 -1.284094873464543696e-03 -7.673431226160346008e-02
2.700000000000000178e-01 -7.064256975150309771e-04 -4.221632887009212770e-02
2.800000000000000266e-01 -3.886209441399713391e-04 -2.322480060472944044e-02
2.899999999999999800e-01 -2.137866590027735639e-04 -1.277652919354217362e-02
2.999999999999999889e-01 -1.176067026966896802e-04 -7.028585638119325130e-03
3.099999999999999978e-01 -6.469667169714607023e-05 -3.866515653356063752e-03
3.200000000000000067e-01 -3.559024022066755935e-05 -2.127011485182852060e-03
3.300000000000000155e-01 -1.957849988307720741e-05 -1.170089072964454165e-03
3.400000000000000244e-01 -1.077029598429839941e-05 -6.436762377146663461e-04
3.500000000000000333e-01 -5.924827588296305811e-06 -3.540916905500657600e-04
3.599999999999999867e-01 -3.259295329709394083e-06 -1.947887325670812075e-04
3.699999999999999956e-01 -1.792964402353395344e-06 -1.071548515784374162e-04
3.800000000000000044e-01 -9.863239876688831422e-07 -5.894674075246256439e-05
3.900000000000000133e-01 -5.425846587676093557e-07 -3.242707146054858529e-05
4.000000000000000222e-01 -2.984801247664391220e-07 -1.783838960644853439e-05
4.100000000000000311e-01 -1.641962827432569461e-07 -9.813039643632991770e-06
4.199999999999999845e-01 -9.032567628545007701e-08 -5.398230904029157967e-06
4.299999999999999933e-01 -4.968887015532077634e-08 -2.969609599645066519e-06
4.400000000000000022e-01 -2.733424110378404777e-08 -1.633605768905383858e-06
4.500000000000000111e-01 -1.503678255796734766e-08 -8.986594749442708731e-07
4.600000000000000200e-01 -8.271853194315352527e-09 -4.943596959034967919e-07
4.700000000000000289e-01 -4.550411963909522599e-09 -2.719511846482512587e-07
4.799999999999999822e-01 -2.503217665003258064e-09 -1.496025008171952115e-07
4.899999999999999911e-01 -1.377039865310740273e-09 -8.229752069724621439e-08
5.000000000000000000e-01 -7.575205373002679888e-10 -4.527251800825361115e-08
5.100000000000000089e-01 -4.167180478021281554e-10 -2.490477075548691653e-08
5.200000000000000178e-01 -2.292398988687814714e-10 -1.370031166046479213e-08
5.300000000000000266e-01 -1.261066841480850946e-10 -7.536649962931451837e-09
5.400000000000000355e-01 -6.937228582474933101e-11 -4.145970841467448520e-09
5.500000000000000444e-01 -3.816224392109893486e-11 -2.280731399596186011e-09
5.600000000000000533e-01 -2.099335265916999333e-11 -1.254648408296654540e-09
5.700000000000000622e-01 -1.154860958341935221e-11 -6.901920273110467780e-10
5.799999999999999600e-01 -6.352981606867850376e-12 -3.796801011449209588e-10
5.899999999999999689e-01 -3.494825503075221430e-12 -2.088650310363436593e-10
5.999999999999999778e-01 -1.922531191297637252e-12 -1.148983079657156297e-10
6.099999999999999867e-01 -1.057599636451015076e-12 -6.320646930641865798e-11
6.199999999999999956e-01 -5.817939371201172420e-13 -3.477037941563993599e-11
6.300000000000000044e-01 -3.200494531234642045e-13 -1.912746112817196947e-11
6.400000000000000133e-01 -1.760617392330767726e-13 -1.052216787272545503e-11
6.500000000000000222e-01 -9.685295731412442791e-14 -5.788327891501810772e-12
6.600000000000000311e-01 -5.327957897810693386e-14 -3.184205021703306985e-12
6.700000000000000400e-01 -2.930951841643299041e-14 -1.751656404110490859e-12
6.800000000000000488e-01 -1.612339823774160677e-14 -9.636000625424500461e-13
6.900000000000000577e-01 -8.869609081910223864e-15 -5.300840269546624218e-13
7.000000000000000666e-01 -4.879242210972241460e-15 -2.916034219540044785e-13
7.099999999999999645e-01 -2.684109788095216639e-15 -1.604133521694637534e-13
7.199999999999999734e-01 -1.476550054913748997e-15 -8.824465564160373454e-14
7.299999999999999822e-01 -8.122618807679111911e-16 -4.854408404282147522e-14
7.399999999999999911e-01 -4.468316944305445797e-16 -2.670448514329640939e-14
7.500000000000000000e-01 -2.458056544016502241e-16 -1.469034880006132801e-14
7.600000000000000089e-01 -1.352196374807858603e-16 -8.081277235245138474e-15
7.700000000000000178e-01 -7.438539363524255807e-17 -4.445574617848329946e-15
7.800000000000000266e-01 -4.091999423572058185e-17 -2.445545810093449680e-15
7.900000000000000355e-01 -2.251041295099204846e-17 -1.345314120980900229e-15
8.000000000000000444e-01 -1.238315646637743180e-17 -7.400679540087832434e-16
8.100000000000000533e-01 -6.812072457516925632e-18 -4.071172434816973129e-16
8.200000000000000622e-01 -3.747375016415029540e-18 -2.239584203617194803e-16
8.300000000000000711e-01 -2.061460678997270050e-18 -1.232013009863366507e-16
8.399999999999999689e-01 -1.134025848076813224e-18 -6.777401153397510504e-17
8.499999999999999778e-01 -6.238366014974712276e-19 -3.728302057392047720e-17
8.599999999999999867e-01 -3.431774558118838715e-19 -2.050968493164313870e-17
8.699999999999999956e-01 -1.887846367058584664e-19 -1.128254013542864382e-17
8.800000000000000044e-01 -1.038519239903077609e-19 -6.206614696023995896e-18
8.900000000000000133e-01 -5.712976598457477106e-20 -3.414307906066004402e-18
9.000000000000000222e-01 -3.142753678551858933e-20 -1.878237823413254566e-18
9.100000000000000311e-01 -1.728853691912204795e-20 -1.033233503935764024e-18
9.200000000000000400e-01 -9.510561099448698891e-21 -5.683899346225053335e-19
9.300000000000000488e-01 -5.231834992717288256e-21 -3.126758051781712749e-19
9.400000000000000577e-01 -2.878073870174453131e-21 -1.720054370926679815e-19
9.500000000000000666e-01 -1.583251232829650850e-21 -9.462155337724618479e-20
9.599999999999999645e-01 -8.709590439055289170e-22 -5.205206599777165480e-20
9.699999999999999734e-01 -4.791214688051000642e-22 -2.863425380298074122e-20
9.799999999999999822e-01 -2.635685150481726248e-22 -1.575192982519882321e-20
9.899999999999999911e-01 -1.449911278197336783e-22 -8.665261365817724002e-21
1.000000000000000000e+00 -7.976076786939465736e-23 -4.766828913738224662e-21
1.010000000000000009e+00 -4.387703017956388385e-23 -2.622270342875739225e-21
1.020000000000000018e+00 -2.413710184599519481e-23 -1.442531686276347183e-21
1.030000000000000027e+00 -1.327801091230863263e-23 -7.935481067254275818e-22
1.040000000000000036e+00 -7.304338976248752445e-24 -4.365370991004211447e-22
1.050000000000000044e+00 -4.018174727548089696e-24 -2.401425159684061687e-22
1.060000000000000053e+00 -2.210429745060658615e-24 -1.321043001716794833e-22
1.070000000000000062e+00 -1.215974911282763169e-24 -7.267162190532380448e-23
1.080000000000000071e+00 -6.689174302748751704e-25 -3.997723483253054841e-23
1.090000000000000080e+00 -3.679767768016821013e-25 -2.199179353582329168e-23
1.100000000000000089e+00 0.000000000000000000e+00 -1.209785981817654509e-23
1.110000000000000098e+00 0.000000000000000000e+00 -6.655128511544182323e-24
1.120000000000000107e+00 0.000000000000000000e+00 -3.661038908602928319e-24
1.130000000000000115e+00 0.000000000000000000e+00 -2.013966502232815626e-24
1.140000000000000124e+00 0.000000000000000000e+00 -1.107898925243516780e-24
1.150000000000000133e+00 0.000000000000000000e+00 -6.094639742989406487e-25
1.159999999999999920e+00 0.000000000000000000e+00 -3.352709597462767950e-25
1.169999999999999929e+00 0.000000000000000000e+00 -1.844352105938468344e-25
1.179999999999999938e+00 0.000000000000000000e+00 -1.014592702348548123e-25
1.189999999999999947e+00 0.000000000000000000e+00 -5.581354820180227807e-26
1.199999999999999956e+00 0.000000000000000000e+00 -3.070347495762674691e-26
