0.000000000000000000e+00 2.211547592420495115e+06 2.645572003639136255e+08
1.000000000000000021e-02 6.683654336019733455e+05 8.000675590017867088e+07
2.000000000000000042e-02 2.017701459874068096e+05 2.418227302585523203e+07
2.999999999999999889e-02 6.079000938364139438e+04 7.301907289951354265e+06
4.000000000000000083e-02 1.824798786087856206e+04 2.200836401460579131e+06
5.000000000000000278e-02 5.440652832302713250e+03 6.611417405773353530e+05
5.999999999999999778e-02 1.601593132932526714e+03 1.973934341030396754e+05
7.000000000000000666e-02 4.599995724361851330e+02 5.826042008150141191e+04
8.000000000000000167e-02 1.256319469194055500e+02 1.681954383195336413e+04
8.999999999999999667e-02 3.055221943110921501e+01 4.643688759425988792e+03
1.000000000000000056e-01 5.138369838690207025e+00 1.159797934492676632e+03
1.100000000000000006e-01 -7.044934483165765648e-01 2.159420010441197348e+02
1.199999999999999956e-01 -1.456139958240254106e+00 -8.935493983152282382e+00
1.300000000000000044e-01 -1.124410234112855234e+00 -4.356803735219178009e+01
1.400000000000000133e-01 -7.164066418222705401e-01 -3.566410823187174373e+01
1.499999999999999944e-01 -4.237151354631490952e-01 -2.315883534986458514e+01
1.600000000000000033e-01 -2.420508537288016404e-01 -1.381104641027428492e+01
1.700000000000000122e-01 -1.358661008349970889e-01 -7.921727465090072862e+00
1.799999999999999933e-01 -7.556172293518455263e-02 -4.455902346841440043e+00
1.900000000000000022e-01 -4.181546290719965336e-02 -2.480913261884481802e+00
2.000000000000000111e-01 -2.307817592990146771e-02 -1.373753601916781086e+00
2.099999999999999922e-01 -1.271823176879934188e-02 -7.584313328905903928e-01
2.200000000000000011e-01 -7.003282913926221591e-03 -4.180417814565863810e-01
2.300000000000000100e-01 -3.854644290939737965e-03 -2.302170589919307064e-01
2.399999999999999911e-01 -2.121100677459288649e-03 -1.267195687657102776e-01
2.500000000000000000e-01 -1.167025030532207975e-03 -6.973223813323696507e-02
2.600000000000000089e-01 -6.420474367322394306e-04 -3.836715613079994674e-02
2.700000000000000178e-01 -3.532128487574970029e-04 -2.110816443504504383e-02
2.800000000000000266e-01 -1.943104720699748004e-04 -1.161240030236411654e-02
2.899999999999999800e-01 -1.068933295013806291e-04 -6.388264596770744201e-03
2.999999999999999889e-01 -5.880335134834135708e-05 -3.514292819059467842e-03
3.099999999999999978e-01 -3.234833584857100901e-05 -1.933257826677918251e-03
3.200000000000000067e-01 -1.779512011033263110e-05 -1.063505742591361412e-03
3.300000000000000155e-01 -9.789249941537953183e-06 -5.850445364821905449e-04
3.400000000000000244e-01 -5.385147992148821927e-06 -3.218381188573119227e-04
3.500000000000000333e-01 -2.962413794147940300e-06 -1.770458452750208725e-04
3.599999999999999867e-01 -1.629647664854574222e-06 -9.739436628353365132e-05
3.699999999999999956e-01 -8.964822011766268386e-07 -5.357742578921469655e-05
3.800000000000000044e-01 -4.931619938344017605e-07 -2.947337037622902231e-05
3.900000000000000133e-01 -2.712923293837818609e-07 -1.621353573027299160e-05
4.000000000000000222e-01 -1.492400623832070143e-07 -8.919194803223552299e-06
4.100000000000000311e-01 -8.209814137162098208e-08 -4.906519821816068133e-06
4.199999999999999845e-01 -4.516283814272107465e-08 -2.699115452014352825e-06
4.299999999999999933e-01 -2.484443507765811839e-08 -1.484804799822403452e-06
4.400000000000000022e-01 -1.366712055189077650e-08 -8.168028844526206725e-07
4.500000000000000111e-01 -7.518391278982960801e-09 -4.493297374720946201e-07
4.600000000000000200e-01 -4.135926597157269291e-09 -2.471798479517251025e-07
4.700000000000000289e-01 -2.275205981954529689e-09 -1.359755923241123150e-07
4.799999999999999822e-01 -1.251608832501496890e-09 -7.480125040859000894e-08
4.899999999999999911e-01 -6.885199326552951733e-10 -4.114876034861878600e-08
5.000000000000000000e-01 -3.787602686500926354e-10 -2.263625900412442660e-08
5.100000000000000089e-01 -2.083590239010406323e-10 -1.245238537774210665e-08
5.200000000000000178e-01 -1.146199494343774362e-10 -6.850155830231627616e-09
5.300000000000000266e-01 -6.305334207403499929e-11 -3.768324981465290822e-09
5.400000000000000355e-01 -3.468614291237051668e-11 -2.072985420733484377e-09
5.500000000000000444e-01 -1.908112196054718299e-11 -1.140365699797961070e-09
5.600000000000000533e-01 -1.049667632958370258e-11 -6.273242041482525134e-10
5.700000000000000622e-01 -5.774304791708944242e-12 -3.450960136554810477e-10
5.799999999999999600e-01 -3.176490803433511194e-12 -1.898400505724364912e-10
5.899999999999999689e-01 -1.747412751537376657e-12 -1.044325155181582587e-10
5.999999999999999778e-01 -9.612655956486899848e-13 -5.744915398285036376e-11
6.099999999999999867e-01 -5.287998182254348367e-13 -3.160323465320511554e-11
6.199999999999999956e-01 -2.908969685600176255e-13 -1.738518970781758662e-11
6.300000000000000044e-01 -1.600247265617089791e-13 -9.563730564084638951e-12
6.400000000000000133e-01 -8.803086961652533538e-14 -5.261083936361968998e-12
6.500000000000000222e-01 -4.842647865705503848e-14 -2.894163945750488564e-12
6.600000000000000311e-01 -2.663978948904942165e-14 -1.592102510851418223e-12
6.700000000000000400e-01 -1.465475920821427377e-14 -8.758282020551159804e-13
6.800000000000000488e-01 -8.061699118869580652e-15 -4.818000312711538363e-13
6.900000000000000577e-01 -4.434804540954407479e-15 -2.650420134772902154e-13
7.000000000000000666e-01 -2.439621105485733399e-15 -1.458017109769796967e-13
7.099999999999999645e-01 -1.342054894047404596e-15 -8.020667608472002484e-14
7.199999999999999734e-01 -7.382750274567519294e-16 -4.412232782079471073e-14
7.299999999999999822e-01 -4.061309403838881972e-16 -2.427204202140680593e-14
7.399999999999999911e-01 -2.234158472152352627e-16 -1.335224257164604479e-14
7.500000000000000000e-01 -1.229028272008047496e-16 -7.345174400029475979e-15
7.600000000000000089e-01 -6.760981874038123284e-17 -4.040638617621886872e-15
7.700000000000000178e-01 -3.719269681761484489e-17 -2.222787308923789475e-15
7.800000000000000266e-01 -2.045999711785675030e-17 -1.222772905046518159e-15
7.900000000000000355e-01 -1.125520647549407673e-17 -6.726570604903364197e-16
8.000000000000000444e-01 -6.191578233187601944e-18 -3.700339770043265407e-16
8.100000000000000533e-01 -3.406036228757849215e-18 -2.035586217408128126e-16
8.200000000000000622e-01 -1.873687508207163866e-18 -1.119792101808392298e-16
8.300000000000000711e-01 -1.030730339498442047e-18 -6.160065049315703478e-17
8.399999999999999689e-01 -5.670129240382924043e-19 -3.388700576698085953e-17
8.499999999999999778e-01 -3.119183007486727803e-19 -1.864151028695655930e-17
8.599999999999999867e-01 -1.715887279059073412e-19 -1.025484246581954327e-17
8.699999999999999956e-01 -9.439231835291021466e-20 -5.641270067713207955e-18
8.800000000000000044e-01 -5.192596199514341421e-20 -3.103307348011384732e-18
8.900000000000000133e-01 -2.856488299228143320e-20 -1.707153953032653415e-18
9.000000000000000222e-01 -1.571376839275601457e-20 -9.391189117064350752e-19
9.100000000000000311e-01 -8.644268459559221423e-21 -5.166167519677762784e-19
9.200000000000000400e-01 -4.755280549723357140e-21 -2.841949673111945518e-19
9.300000000000000488e-01 -2.615917496358061835e-21 -1.563379025890514281e-19
9.400000000000000577e-01 -1.439036935086906079e-21 -8.600271854631518884e-20
9.500000000000000666e-01 -7.916256164146491951e-22 -4.731077668861275858e-20
9.599999999999999645e-01 -4.354795219526675037e-22 -2.602603299888013387e-20
9.699999999999999734e-01 -2.395607344024966646e-22 -1.431712690148723797e-20
9.799999999999999822e-01 -1.317842575240569720e-22 -7.875964912597688800e-21
9.899999999999999911e-01 -7.249556390985069960e-23 -4.332630682907914083e-21
1.000000000000000000e+00 -3.988038393468816570e-23 -2.383414456868574425e-21
1.010000000000000009e+00 -2.193851508977689612e-23 -1.311135171437573576e-21
1.020000000000000018e+00 -1.206855092299482177e-23 -7.212658431380107151e-22
1.030000000000000027e+00 -6.639005456152791110e-24 -3.967740533626243123e-22
1.040000000000000036e+00 -3.652169488123485051e-24 -2.182685495501581923e-22
1.050000000000000044e+00 -2.009087363773554446e-24 -1.200712579841742612e-22
1.060000000000000053e+00 -1.105214872530059495e-24 -6.605215008582388425e-23
1.070000000000000062e+00 -6.079874556412330864e-25 -3.633581095265317420e-23
1.080000000000000071e+00 -3.344587151373535557e-25 -1.998861741626033713e-23
1.090000000000000080e+00 -1.839883884007948574e-25 -1.099589676790892898e-23
1.100000000000000089e+00 0.000000000000000000e+00 -6.048929909086776727e-24
1.110000000000000098e+00 0.000000000000000000e+00 -3.327564255771269050e-24
1.120000000000000107e+00 0.000000000000000000e+00 -1.830519454301011594e-24
1.130000000000000115e+00 0.000000000000000000e+00 -1.006983251116151776e-24
1.140000000000000124e+00 0.000000000000000000e+00 -5.539494626216175144e-25
1.150000000000000133e+00 0.000000000000000000e+00 -3.047319871493907030e-25
1.159999999999999920e+00 0.000000000000000000e+00 -1.676354798730934211e-25
1.169999999999999929e+00 0.000000000000000000e+00 -9.221760529689865607e-26
1.179999999999999938e+00 0.000000000000000000e+00 -5.072963511741379153e-26
1.189999999999999947e+00 0.000000000000000000e+00 -2.790677410089364870e-26
1.199999999999999956e+00 0.000000000000000000e+00 -1.535173747880925234e-26
