0.000000000000000000e+00 5.528939803476331756e+06 6.614030811748685837e+08
1.000000000000000021e-02 1.670930123175001470e+06 2.000193566164927781e+08
2.000000000000000042e-02 5.044288846016308526e+05 6.045625211172350496e+07
2.999999999999999889e-02 1.519756368954817590e+05 1.825488685269802809e+07
4.000000000000000083e-02 4.562001766360884358e+04 5.502110563138046302e+06
5.000000000000000278e-02 1.360160457659522581e+04 1.652855289542754879e+06
5.999999999999999778e-02 4.003961650341340828e+03 4.934823462013942190e+05
7.000000000000000666e-02 1.149988593748641506e+03 1.456502081917845062e+05
8.000000000000000167e-02 3.140755529246009701e+02 4.204846135816461174e+04
8.999999999999999667e-02 7.637889752549168065e+01 1.160905757690870996e+04
1.000000000000000056e-01 1.284533455099000143e+01 2.899432024759091746e+03
1.100000000000000006e-01 -1.761428074998967253e+00 5.398323511251543323e+02
1.199999999999999956e-01 -3.640405215377127135e+00 -2.234639712640549192e+01
1.300000000000000044e-01 -2.811035556836230409e+00 -1.089224273033735955e+02
1.400000000000000133e-01 -1.791013822479667894e+00 -8.916081871350804988e+01
1.499999999999999944e-01 -1.059282840208938037e+00 -5.789709666040386793e+01
1.600000000000000033e-01 -6.051228568999764690e-01 -3.452749937099739697e+01
1.700000000000000122e-01 -3.396621897346052688e-01 -1.980420187109769259e+01
1.799999999999999933e-01 -1.889022770662037443e-01 -1.113966751060509175e+01
1.900000000000000022e-01 -1.045373652123459951e-01 -6.202222927037015943e+00
2.000000000000000111e-01 -5.769463765521525012e-02 -3.434345029381692616e+00
2.099999999999999922e-01 -3.179508950238180837e-02 -1.896053859377002659e+00
2.200000000000000011e-01 -1.750791155612598307e-02 -1.045089383024897289e+00
2.300000000000000100e-01 -9.636433795725332652e-03 -5.755334921606970466e-01
2.399999999999999911e-01 -5.302646580391560602e-03 -3.167934161378653246e-01
2.500000000000000000e-01 -2.917500490170490957e-03 -1.743273104339439772e-01
2.600000000000000089e-01 -1.605082098771900027e-03 -9.591594304811981719e-02
2.700000000000000178e-01 -8.830107619704880527e-04 -5.276926294717731308e-02
2.800000000000000266e-01 -4.857637237336964037e-04 -2.903032690540089181e-02
2.899999999999999800e-01 -2.672260830840728985e-04 -1.597026758166648214e-02
2.999999999999999889e-01 -1.470041816851378857e-04 -8.785502588116334000e-03
3.099999999999999978e-01 -8.086841354288302846e-05 -4.833011318528133461e-03
3.200000000000000067e-01 -4.448640106764757235e-05 -2.658687194192963215e-03
3.300000000000000155e-01 -2.447231960160455594e-05 -1.462566769651879551e-03
3.400000000000000244e-01 -1.346240745633115939e-05 -8.045696096380538934e-04
3.500000000000000333e-01 -7.405769293705148778e-06 -4.425998395970690154e-04
3.599999999999999867e-01 -4.073967362569684142e-06 -2.434774350980686310e-04
3.699999999999999956e-01 -2.241118742640330686e-06 -1.339387047382974540e-04
3.800000000000000044e-01 -1.232855466927928306e-06 -7.368064557587887336e-05
3.900000000000000133e-01 -6.782025986425738307e-07 -4.053225097142914923e-05
4.000000000000000222e-01 -3.730840875392498728e-07 -2.229708086607864467e-05
4.100000000000000311e-01 -2.052362160588727222e-07 -1.226578326856387007e-05
4.199999999999999845e-01 -1.129019048820672060e-07 -6.747494819577032866e-06
4.299999999999999933e-01 -6.210814219107344238e-08 -3.711844982448248661e-06
4.400000000000000022e-01 -3.416613142550741307e-08 -2.041912368815025119e-06
4.500000000000000111e-01 -1.879503225179440794e-08 -1.123270539167835207e-06
4.600000000000000200e-01 -1.033928110792767524e-08 -6.179191243646395996e-07
4.700000000000000289e-01 -5.687712176748108776e-09 -3.399217114155932764e-07
4.799999999999999822e-01 -3.128850977471590758e-09 -1.869933544740173184e-07
4.899999999999999911e-01 -1.721203206884220986e-09 -1.028663761026505235e-07
5.000000000000000000e-01 -9.468461427504856166e-10 -5.658752612539797160e-08
5.100000000000000089e-01 -5.208668066817008021e-10 -3.112920114580881558e-08
5.200000000000000178e-01 -2.865325400292897780e-10 -1.712439525635788169e-08
5.300000000000000266e-01 -1.576235909868894000e-10 -9.420251792462705617e-09
5.400000000000000355e-01 -8.670986001437713601e-11 -5.182147603124546135e-09
5.500000000000000444e-01 -4.769971155093037524e-11 -2.850736304303350558e-09
5.600000000000000533e-01 -2.623995104665110808e-11 -1.568210344250643943e-09
5.700000000000000622e-01 -1.443478395451139244e-11 -8.626836793354198494e-10
5.799999999999999600e-01 -7.940677459454977111e-12 -4.745684361282411686e-10
5.899999999999999689e-01 -4.368223224801140191e-12 -2.610634766414164663e-10
5.999999999999999778e-01 -2.402990706916291809e-12 -1.436128778224755920e-10
6.099999999999999867e-01 -1.321902302231494152e-12 -7.900246691642656392e-11
6.199999999999999956e-01 -7.271878711871097946e-13 -4.345981971474617496e-11
6.300000000000000044e-01 -4.000312270498066332e-13 -2.390755635056561814e-11
6.400000000000000133e-01 -2.200600270652720172e-13 -1.315171702061901189e-11
6.500000000000000222e-01 -1.210565881796486945e-13 -7.234853200977430866e-12
6.600000000000000311e-01 -6.659409133558948056e-14 -3.979944273255767446e-12
6.700000000000000400e-01 -3.663388393394649803e-14 -2.189395690306651158e-12
6.800000000000000488e-01 -2.015256046250235924e-14 -1.204402162347893717e-12
6.900000000000000577e-01 -1.108606703911285614e-14 -6.625502073885506580e-13
7.000000000000000666e-01 -6.098524434370788306e-15 -3.644735878378606307e-13
7.099999999999999645e-01 -3.354841725690463903e-15 -2.004995164894703094e-13
7.199999999999999734e-01 -1.845522326843790035e-15 -1.102962119998512347e-13
7.299999999999999822e-01 -1.015234976004109120e-15 -6.067473176253319194e-14
7.399999999999999911e-01 -5.584879909119071297e-16 -3.337760207449639661e-14
7.500000000000000000e-01 -3.072282214118242534e-16 -1.836125662003113586e-14
7.600000000000000089e-01 -1.690084327108870933e-16 -1.010065803751201069e-14
7.700000000000000178e-01 -9.297274253038693124e-17 -5.556443924401850264e-15
7.800000000000000266e-01 -5.114496782777904301e-17 -3.056639376401196848e-15
7.900000000000000355e-01 -2.813521106199047755e-17 -1.681479090670749324e-15
8.000000000000000444e-01 -1.547737998718243809e-17 -9.249936234518512112e-16
8.100000000000000533e-01 -8.514216962504151478e-18 -5.088455801643487983e-16
8.200000000000000622e-01 -4.683731390237070118e-18 -2.799195777010353325e-16
8.300000000000000711e-01 -2.576553995805170456e-18 -1.539857533105016910e-16
8.399999999999999689e-01 -1.417380703585474511e-18 -8.470865959910661419e-17
8.499999999999999778e-01 -7.797112197792850844e-19 -4.659883694959916303e-17
8.599999999999999867e-01 -4.289246951872608480e-19 -2.563435208787372925e-17
8.699999999999999956e-01 -2.359545296700513687e-19 -1.410163965413570225e-17
8.800000000000000044e-01 -1.298002672648844639e-19 -7.757412407125449744e-18
8.900000000000000133e-01 -7.140405147379448821e-20 -4.267407814280286745e-18
9.000000000000000222e-01 -3.927987726302366424e-20 -2.347531431570322078e-18
9.100000000000000311e-01 -2.160814023787493864e-20 -1.291393759876684989e-18
9.200000000000000400e-01 -1.188679184034009486e-20 -7.104049047525965492e-19
9.300000000000000488e-01 -6.539008850373540440e-21 -3.907987976840933843e-19
9.400000000000000577e-01 -3.597155340110660005e-21 -2.149812019168406171e-19
9.500000000000000666e-01 -1.978820771919823406e-21 -1.182626902935604160e-19
9.599999999999999645e-01 -1.088563400006213425e-21 -6.505714821001282005e-20
9.699999999999999734e-01 -5.988264792083407530e-22 -3.578840057429343889e-20
9.799999999999999822e-01 -3.294187111187212750e-22 -1.968745404473430220e-20
9.899999999999999911e-01 -1.812155791416901897e-22 -1.083020868616100378e-20
1.000000000000000000e+00 -9.968798072257378217e-23 -5.957774932161384314e-21
1.010000000000000009e+00 -5.483906818394544961e-23 -3.277414422092065100e-21
1.020000000000000018e+00 -3.016736197769532381e-23 -1.802929015688776475e-21
1.030000000000000027e+00 -1.659528067910777872e-23 -9.918040921836196921e-22
1.040000000000000036e+00 -9.129182094940531149e-24 -5.455984948449961597e-22
1.050000000000000044e+00 -5.022028089437783761e-24 -3.001376178250495279e-22
1.060000000000000053e+00 -2.762653419420726623e-24 -1.651078411777642525e-22
1.070000000000000062e+00 -1.519755321936374398e-24 -9.082699934758611259e-23
1.080000000000000071e+00 -8.360282264570986459e-25 -4.996457922070793755e-23
1.090000000000000080e+00 -4.599050816564659701e-25 -2.748587088238680080e-23
1.100000000000000089e+00 0.000000000000000000e+00 -1.512017332971226845e-23
1.110000000000000098e+00 0.000000000000000000e+00 -8.317715036165802359e-24
1.120000000000000107e+00 0.000000000000000000e+00 -4.575634281050647055e-24
1.130000000000000115e+00 0.000000000000000000e+00 -2.517089006162549849e-24
1.140000000000000124e+00 0.000000000000000000e+00 -1.384668589267044731e-24
1.150000000000000133e+00 0.000000000000000000e+00 -7.617160527135465090e-25
1.159999999999999920e+00 0.000000000000000000e+00 -4.190254256208970534e-25
1.169999999999999929e+00 0.000000000000000000e+00 -2.305088709779384334e-25
1.179999999999999938e+00 0.000000000000000000e+00 -1.268045716337896665e-25
1.189999999999999947e+00 0.000000000000000000e+00 -6.975609797146465563e-26
1.199999999999999956e+00 0.000000000000000000e+00 -3.837332630449096838e-26
