0.000000000000000000e+00 2.543287444310336839e+06 3.042421430194233656e+08
1.000000000000000021e-02 7.686212488656148780e+05 9.200802225681412220e+07
2.000000000000000042e-02 2.320355667868988530e+05 2.780964227380413562e+07
2.999999999999999889e-02 6.990835805432114284e+04 8.397187332402730361e+06
4.000000000000000083e-02 2.098510295021858474e+04 2.530955607237641234e+06
5.000000000000000278e-02 6.256714543488790696e+03 7.603097720046601025e+05
5.999999999999999778e-02 1.841817862680764847e+03 2.270010693660195102e+05
7.000000000000000666e-02 5.289942546677397104e+02 6.699894552882119024e+04
8.000000000000000167e-02 1.444748961966494960e+02 1.934227777323355622e+04
8.999999999999999667e-02 3.513443956009678715e+01 5.340172632948067985e+03
1.000000000000000056e-01 5.908936799833134579e+00 1.333744325510815997e+03
1.100000000000000006e-01 -8.102169477124994135e-01 2.483259657223653960e+02
1.199999999999999956e-01 -1.674568407453973728e+00 -1.027786710977432527e+01
1.300000000000000044e-01 -1.293068568000952601e+00 -5.010365170895088482e+01
1.400000000000000133e-01 -8.238630992973690059e-01 -4.101368635885930303e+01
1.499999999999999944e-01 -4.872688040481120142e-01 -2.663254079962630527e+01
1.600000000000000033e-01 -2.783560352443617547e-01 -1.588259863107955105e+01
1.700000000000000122e-01 -1.562444617498389421e-01 -9.109912861774793313e+00
1.799999999999999933e-01 -8.689502750519377539e-02 -5.124240030549162661e+00
1.900000000000000022e-01 -4.808720837588587732e-02 -2.853020692447075124e+00
2.000000000000000111e-01 -2.653956117476303361e-02 -1.579798735681138711e+00
2.099999999999999922e-01 -1.462576544135714765e-02 -8.721853384541689014e-01
2.200000000000000011e-01 -8.053657518940497001e-03 -4.807417214013438578e-01
2.300000000000000100e-01 -4.432772205132938168e-03 -2.647458992450796300e-01
2.399999999999999911e-01 -2.439225838266245207e-03 -1.457253296499283757e-01
2.500000000000000000e-01 -1.342055646240775720e-03 -8.019080749205916014e-02
2.600000000000000089e-01 -7.383411831836594278e-04 -4.412149451575724662e-02
2.700000000000000178e-01 -4.061870700673666959e-04 -2.427396369583505187e-02
2.800000000000000266e-01 -2.234526105277961667e-04 -1.335401476775953042e-02
2.899999999999999800e-01 -1.229247844223144614e-04 -7.346362837508019043e-03
2.999999999999999889e-01 -6.762239587835776171e-05 -4.041355436986725398e-03
3.099999999999999978e-01 -3.719975194223029084e-05 -2.223199853437833346e-03
3.200000000000000067e-01 -2.046391150691515375e-05 -1.223004886556170899e-03
3.300000000000000155e-01 -1.125736551836934835e-05 -6.727859384184305992e-04
3.400000000000000244e-01 -6.192765260756024342e-06 -3.701051122127371165e-04
3.500000000000000333e-01 -3.406687693041816815e-06 -2.035977468406060099e-04
3.599999999999999867e-01 -1.874044693104289868e-06 -1.120006875950853596e-04
3.699999999999999956e-01 -1.030926068876935816e-06 -6.161242764905168815e-05
3.800000000000000044e-01 -5.671201457424394746e-07 -3.389345988534751142e-05
3.900000000000000133e-01 -3.119770267013054583e-07 -1.864504606409309021e-05
4.000000000000000222e-01 -1.716208889016567150e-07 -1.025677909626890011e-05
4.100000000000000311e-01 -9.440992992969686809e-08 -5.642330680779655366e-06
4.199999999999999845e-01 -5.193560574290010552e-08 -3.103888158575993069e-06
4.299999999999999933e-01 -2.857016352218648080e-08 -1.707471998931033652e-06
4.400000000000000022e-01 -1.571665971218257719e-08 -9.392930637510920489e-07
4.500000000000000111e-01 -8.645851540334980143e-09 -5.167121092728749991e-07
4.600000000000000200e-01 -4.756147310625725087e-09 -2.842471789902654258e-07
4.700000000000000289e-01 -2.616392049868960251e-09 -1.563664897180920457e-07
4.799999999999999822e-01 -1.439296748093360249e-09 -8.601837030223713342e-08
4.899999999999999911e-01 -7.917678579601919726e-10 -4.731934599047380377e-08
5.000000000000000000e-01 -4.355573940552111791e-10 -2.603072456388693378e-08
5.100000000000000089e-01 -2.396033655627115601e-10 -1.431969540375791530e-08
5.200000000000000178e-01 -1.318075954438922548e-10 -7.877371063865836688e-09
5.300000000000000266e-01 -7.250833967116448206e-11 -4.333400475868369755e-09
5.400000000000000355e-01 -3.988737753801204360e-11 -2.383835867558020471e-09
5.500000000000000444e-01 -2.194234337831840660e-11 -1.311365860385322810e-09
5.600000000000000533e-01 -1.207064647137113528e-11 -7.213921240062655194e-10
5.700000000000000622e-01 -6.640152499878257395e-12 -3.968431787790100168e-10
5.799999999999999600e-01 -3.652797331625887167e-12 -2.183063874730474108e-10
5.899999999999999689e-01 -2.009431010232825199e-12 -1.200919692210505139e-10
5.999999999999999778e-01 -1.105402960609262230e-12 -6.606348645280550303e-11
6.099999999999999867e-01 -6.080903992728139474e-13 -3.634201579512848889e-11
6.199999999999999956e-01 -3.345150563772229894e-13 -1.999201348534320869e-11
6.300000000000000044e-01 -1.840192232550799556e-13 -1.099775547540501961e-11
6.400000000000000133e-01 -1.012303448883219043e-13 -6.049947174429022901e-12
6.500000000000000222e-01 -5.568756646692138357e-14 -3.328120987526615510e-12
6.600000000000000311e-01 -3.063414495356051852e-14 -1.830824135858743240e-12
6.700000000000000400e-01 -1.685207123556390844e-14 -1.007149989139663015e-12
6.800000000000000488e-01 -9.270449864327372839e-15 -5.540407080925022374e-13
6.900000000000000577e-01 -5.099743496552515807e-15 -3.047819188141518720e-13
7.000000000000000666e-01 -2.805406869272449103e-15 -1.676628028937680232e-13
7.099999999999999645e-01 -1.543275207367099399e-15 -9.223255626045176398e-14
7.199999999999999734e-01 -8.489671825361987389e-16 -5.073781594673240926e-14
7.299999999999999822e-01 -4.670231683777790046e-16 -2.791125033740773368e-14
7.399999999999999911e-01 -2.569129222993485291e-16 -1.535418663301005748e-14
7.500000000000000000e-01 -1.413297114866028035e-16 -8.446452391469555748e-15
7.600000000000000089e-01 -7.774652660566922030e-17 -4.646456351389040519e-15
7.700000000000000178e-01 -4.276894317313466124e-17 -2.556050235619370736e-15
7.800000000000000266e-01 -2.352751408978605272e-17 -1.406102266527621942e-15
7.900000000000000355e-01 -1.294266068264212090e-17 -7.735073264141232102e-16
8.000000000000000444e-01 -7.119854010361937084e-18 -4.255121396638269205e-16
8.100000000000000533e-01 -3.916684704316782499e-18 -2.340773963197731445e-16
8.200000000000000622e-01 -2.154597418809901137e-18 -1.287677186158138346e-16
8.300000000000000711e-01 -1.185260082851647147e-18 -7.083608079299521339e-17
8.399999999999999689e-01 -6.520203968207953678e-19 -3.896745547758364323e-17
8.499999999999999778e-01 -3.586812751236125672e-19 -2.143628740323561547e-17
8.599999999999999867e-01 -1.973132401250019549e-19 -1.179226131145405262e-17
8.699999999999999956e-01 -1.085434825534426708e-19 -6.487010750594135507e-18
8.800000000000000044e-01 -5.971057794887790306e-20 -3.568552915075735700e-18
8.900000000000000133e-01 -3.284723352444105951e-20 -1.963087529418568262e-18
9.000000000000000222e-01 -1.806950773668457725e-20 -1.079909066747545503e-18
9.100000000000000311e-01 -9.940170748418062170e-21 -5.940660184362598476e-19
9.200000000000000400e-01 -5.468161941518134289e-21 -3.268001400558781873e-19
9.300000000000000488e-01 -3.008076599028819304e-21 -1.797751903427543802e-19
9.400000000000000577e-01 -1.654765334750254168e-21 -9.889567078290631566e-20
9.500000000000000666e-01 -9.102987317461212336e-22 -5.440324485794751078e-20
9.599999999999999645e-01 -5.007621102623956706e-22 -2.992763007362467724e-20
9.699999999999999734e-01 -2.754729654444739534e-22 -1.646341213952206483e-20
9.799999999999999822e-01 -1.515397294156480223e-22 -9.056645601705508100e-21
9.899999999999999911e-01 -8.336313349048578066e-23 -4.982128179734209187e-21
1.000000000000000000e+00 -4.585868044076765735e-23 -2.740705807747141233e-21
1.010000000000000009e+00 -2.522720156636702048e-23 -1.507682671668964465e-21
1.020000000000000018e+00 -1.387767141909181273e-23 -8.293874636327140138e-22
1.030000000000000027e+00 -7.634210378413132417e-24 -4.562522192217296334e-22
1.040000000000000036e+00 -4.199635972191424697e-24 -2.509877429699583247e-22
1.050000000000000044e+00 -2.310251018074530425e-24 -1.380702262196321569e-22
1.060000000000000053e+00 -1.270886286777230284e-24 -7.595345949073818807e-23
1.070000000000000062e+00 -6.991240091583459301e-25 -4.178256360233965834e-23
1.080000000000000071e+00 -3.845933229959474316e-25 -2.298489934347794301e-23
1.090000000000000080e+00 -2.115676505962553697e-25 -1.264416427048132075e-23
1.100000000000000089e+00 0.000000000000000000e+00 -6.955648911478985893e-24
1.110000000000000098e+00 0.000000000000000000e+00 -3.826354256778156674e-24
1.120000000000000107e+00 0.000000000000000000e+00 -2.104905967033836490e-24
1.130000000000000115e+00 0.000000000000000000e+00 -1.157924445235555941e-24
1.140000000000000124e+00 0.000000000000000000e+00 -6.369828590317000428e-25
1.150000000000000133e+00 0.000000000000000000e+00 -3.504090136188886682e-25
1.159999999999999920e+00 0.000000000000000000e+00 -1.927626074774100268e-25
1.169999999999999929e+00 0.000000000000000000e+00 -1.060401456507705398e-25
1.179999999999999938e+00 0.000000000000000000e+00 -5.833347367929819746e-26
1.189999999999999947e+00 0.000000000000000000e+00 -3.208967821206256975e-26
1.199999999999999956e+00 0.000000000000000000e+00 -1.765277091871760183e-26
