0.000000000000000000e+00 9.302732483831081539e+06 1.029116638000448704e+09
1.000000000000000021e-02 3.076443284747477155e+06 3.405232654480047822e+08
2.000000000000000042e-02 1.016544811518956907e+06 1.126287098867877573e+08
2.999999999999999889e-02 3.354088379366717418e+05 3.722529662980535626e+07
4.000000000000000083e-02 1.103875566556319973e+05 1.228798843990839086e+07
5.000000000000000278e-02 3.616805321727772389e+04 4.047321227862083819e+06
5.999999999999999778e-02 1.175656746362306512e+04 1.327929152818684466e+06
7.000000000000000666e-02 3.767008511808533967e+03 4.327184351468588575e+05
8.000000000000000167e-02 1.175069640453333704e+03 1.392774942964506336e+05
8.999999999999999667e-02 3.475553967294576978e+02 4.381857700645709701e+04
1.000000000000000056e-01 9.119947465565417133e+01 1.318805102006090601e+04
1.100000000000000006e-01 1.646084693632243656e+01 3.607195945482385923e+03
1.199999999999999956e-01 -2.452050341031680514e+00 7.575117746280692472e+02
1.300000000000000044e-01 -5.358440222751023718e+00 -5.023292478005834116e-01
1.400000000000000133e-01 -4.390129618423137536e+00 -1.447590969098651215e+02
1.499999999999999944e-01 -2.958731369289561375e+00 -1.311233474449000767e+02
1.600000000000000033e-01 -1.845679411491418787e+00 -9.128253156057424178e+01
1.700000000000000122e-01 -1.109414018434168536e+00 -5.776580049735125044e+01
1.799999999999999933e-01 -6.540483923443212166e-01 -3.497361798553908585e+01
1.900000000000000022e-01 -3.815318178056411602e-01 -2.069814279984629124e+01
2.000000000000000111e-01 -2.212509147311945701e-01 -1.209976904596479308e+01
2.099999999999999922e-01 -1.278755042536175723e-01 -7.025080887860137402e+00
2.200000000000000011e-01 -7.376701061468962650e-02 -4.063018990397150532e+00
2.300000000000000100e-01 -4.250730015407401530e-02 -2.344726949580732356e+00
2.399999999999999911e-01 -2.447897800966690116e-02 -1.351419566586815835e+00
2.500000000000000000e-01 -1.409181926429990336e-02 -7.783508460011052676e-01
2.600000000000000089e-01 -8.110566553818143731e-03 -4.481062871890753030e-01
2.700000000000000178e-01 -4.667493965329360707e-03 -2.579190843213761131e-01
2.800000000000000266e-01 -2.685880485132518657e-03 -1.484316732217249579e-01
2.899999999999999800e-01 -1.545512575333318501e-03 -8.541527829623384027e-02
2.999999999999999889e-01 -8.893006052085490609e-04 -4.915015649985392948e-02
3.099999999999999978e-01 -5.117042048692431845e-04 -2.828153354521390633e-02
3.200000000000000067e-01 -2.944327630905926841e-04 -1.627325788046414187e-02
3.300000000000000155e-01 -1.694148259816363332e-04 -9.363588496236831954e-03
3.400000000000000244e-01 -9.748002184063792226e-05 -5.387756763869474240e-03
3.500000000000000333e-01 -5.608919444548634176e-05 -3.100076452877962782e-03
3.599999999999999867e-01 -3.227322988343527297e-05 -1.783758746750409643e-03
3.699999999999999956e-01 -1.856972427564235117e-05 -1.026359289066625146e-03
3.800000000000000044e-01 -1.068484831874722018e-05 -5.905578992830732643e-04
3.900000000000000133e-01 -6.147962353507890658e-06 -3.398015949843840081e-04
4.000000000000000222e-01 -3.537480044214130819e-06 -1.955186838390186627e-04
4.100000000000000311e-01 -2.035432830672829509e-06 -1.124996243118356489e-04
4.199999999999999845e-01 -1.171168920564876132e-06 -6.473122910100275026e-05
4.299999999999999933e-01 -6.738795780155747663e-07 -3.724574106870512629e-05
4.400000000000000022e-01 -3.877439652119056601e-07 -2.143084906142756006e-05
4.500000000000000111e-01 -2.231042260529139197e-07 -1.233110882233947175e-05
4.600000000000000200e-01 -1.283720701961690409e-07 -7.095203897925606590e-06
4.700000000000000289e-01 -7.386407988352208196e-08 -4.082513494081501843e-06
4.799999999999999822e-01 -4.250069569502650889e-08 -2.349039806768052267e-06
4.899999999999999911e-01 -2.445449989070947199e-08 -1.351615374921246775e-06
5.000000000000000000e-01 -1.407088883867135541e-08 -7.777067528416221180e-07
5.100000000000000089e-01 -8.096256867012721418e-09 -4.474851384417475186e-07
5.200000000000000178e-01 -4.658509920762191855e-09 -2.574787326291975728e-07
5.300000000000000266e-01 -2.680462717133270120e-09 -1.481508368706152990e-07
5.400000000000000355e-01 -1.542312992752919845e-09 -8.524459569774384684e-08
5.500000000000000444e-01 -8.874323647018944411e-10 -4.904893721046161576e-08
5.600000000000000533e-01 -5.106202214535472997e-10 -2.822229634291124466e-08
5.700000000000000622e-01 -2.938060644688203227e-10 -1.623884341137819067e-08
5.799999999999999600e-01 -1.690532413161387662e-10 -9.343677499978965384e-09
5.899999999999999689e-01 -9.727164226882257905e-11 -5.376263999319591250e-09
5.999999999999999778e-01 -5.596918648821609540e-11 -3.093451651168702407e-09
6.099999999999999867e-01 -3.220414257521166818e-11 -1.779942934222314879e-09
6.199999999999999956e-01 -1.852996021699233113e-11 -1.024162394097224309e-09
6.300000000000000044e-01 -1.066196452339392476e-11 -5.892933921169099158e-10
6.400000000000000133e-01 -6.134793931929140731e-12 -3.390738656232867439e-10
6.500000000000000222e-01 -3.529902627667989110e-12 -1.950999075955844989e-10
6.600000000000000311e-01 -2.031072713945022430e-12 -1.122586486393827125e-10
6.700000000000000400e-01 -1.168660103255370762e-12 -6.459256874924756107e-11
6.800000000000000488e-01 -6.724360125384435327e-13 -3.716595548044410042e-11
6.900000000000000577e-01 -3.869133460610596063e-13 -2.138494061347299210e-11
7.000000000000000666e-01 -2.226262939057058579e-13 -1.230469334448809538e-11
7.099999999999999645e-01 -1.280970719742718521e-13 -7.080004618133048636e-12
7.199999999999999734e-01 -7.370584830977580601e-14 -4.073767950928952046e-12
7.299999999999999822e-01 -4.240965067612813721e-14 -2.344007696762223747e-12
7.399999999999999911e-01 -2.440211342405328113e-14 -1.348719943959410688e-12
7.500000000000000000e-01 -1.404074615251523323e-14 -7.760407483928147492e-13
7.600000000000000089e-01 -8.078913047139877905e-15 -4.465265349291847424e-13
7.700000000000000178e-01 -4.648530449470081644e-15 -2.569271611172402015e-13
7.800000000000000266e-01 -2.674720623128922996e-15 -1.478334677920824872e-13
7.900000000000000355e-01 -1.539009045881752935e-15 -8.506198451108935079e-14
8.000000000000000444e-01 -8.855313047742175331e-16 -4.894386445118835988e-14
8.100000000000000533e-01 -5.095263694735800832e-16 -2.816183846620698516e-14
8.200000000000000622e-01 -2.931766723426241435e-16 -1.620405651841574475e-14
8.300000000000000711e-01 -1.686910950157432832e-16 -9.323661449414479296e-15
8.399999999999999689e-01 -9.706326669931741935e-17 -5.364746952375898385e-15
8.499999999999999778e-01 -5.584928914868666801e-17 -3.086824850856623514e-15
8.599999999999999867e-01 -3.213515477565876249e-17 -1.776129935755144933e-15
8.699999999999999956e-01 -1.849026528710666706e-17 -1.021968430703197716e-15
8.800000000000000044e-01 -1.063912443473124978e-17 -5.880310062506252002e-16
8.900000000000000133e-01 -6.121651960105907219e-18 -3.383475006896204995e-16
9.000000000000000222e-01 -3.522340860901435538e-18 -1.946819640563669580e-16
9.100000000000000311e-01 -2.026721744592813729e-18 -1.120181678646791834e-16
9.200000000000000400e-01 -1.166156596483999458e-18 -6.445419837723823801e-17
9.300000000000000488e-01 -6.709955183297083470e-19 -3.708633847208548829e-17
9.400000000000000577e-01 -3.860844992653878887e-19 -2.133912973699792645e-17
9.500000000000000666e-01 -2.221493832686967919e-19 -1.227833419778470756e-17
9.599999999999999645e-01 -1.278226620870900538e-19 -7.064837813470304002e-18
9.699999999999999734e-01 -7.354795544612514601e-20 -4.065041114424525783e-18
9.799999999999999822e-01 -4.231880061001752049e-20 -2.338986357260026190e-18
9.899999999999999911e-01 -2.434983915198381354e-20 -1.345830712519869863e-18
1.000000000000000000e+00 -1.401066802888377345e-20 -7.743783118442401053e-19
1.010000000000000009e+00 -8.061606378192220660e-21 -4.455699846022693184e-19
1.020000000000000018e+00 -4.638572355217468114e-21 -2.563767710715530837e-19
1.030000000000000027e+00 -2.668990829519099719e-21 -1.475167785454567612e-19
1.040000000000000036e+00 -1.535712176623595252e-21 -8.487976450236172279e-20
1.050000000000000044e+00 -8.836343172654963895e-22 -4.883901677500585031e-20
1.060000000000000053e+00 -5.084348607340838713e-22 -2.810151010118457719e-20
1.070000000000000062e+00 -2.925486284978884965e-22 -1.616934414558327529e-20
1.080000000000000071e+00 -1.683297245047820849e-22 -9.303688277139501109e-21
1.090000000000000080e+00 -9.685533751206885135e-23 -5.353254577231990597e-21
1.100000000000000089e+00 0.000000000000000000e+00 -3.080212246477609747e-21
1.110000000000000098e+00 0.000000000000000000e+00 -1.772325105498056331e-21
1.120000000000000107e+00 0.000000000000000000e+00 -1.019779167221588381e-21
1.130000000000000115e+00 0.000000000000000000e+00 -5.867713246700968508e-22
1.140000000000000124e+00 0.000000000000000000e+00 -3.376226917766471302e-22
1.150000000000000133e+00 0.000000000000000000e+00 -1.942649158368423208e-22
1.159999999999999920e+00 0.000000000000000000e+00 -1.117782022485078706e-22
1.169999999999999929e+00 0.000000000000000000e+00 -6.431612442259988047e-23
1.179999999999999938e+00 0.000000000000000000e+00 -3.700689201949092985e-23
1.189999999999999947e+00 0.000000000000000000e+00 -2.129341699670312116e-23
1.199999999999999956e+00 0.000000000000000000e+00 -1.225203151771518604e-23
