0.000000000000000000e+00 2.985652359308648389e+06 3.571609381775026321e+08
1.000000000000000021e-02 9.023088743383846013e+05 1.080113343644639850e+08
2.000000000000000042e-02 2.723933178198109963e+05 3.264660983886666223e+07
2.999999999999999889e-02 8.206727884175690997e+04 9.857699520451739430e+06
4.000000000000000083e-02 2.463491471333980371e+04 2.971154955914779101e+06
5.000000000000000278e-02 7.344890033037570902e+03 8.925455175344060408e+05
5.999999999999999778e-02 2.162143787628493101e+03 2.664812768324109493e+05
7.000000000000000666e-02 6.209943390693506444e+02 7.865126266168522125e+04
8.000000000000000167e-02 1.696006567244119196e+02 2.270618358448424624e+04
8.999999999999999667e-02 4.124445796449367663e+01 6.268884943825202754e+03
1.000000000000000056e-01 6.936397751008525958e+00 1.565687699213502583e+03
1.100000000000000006e-01 -9.512111272611167845e-01 2.915063853966043439e+02
1.199999999999999956e-01 -1.965836807878265535e+00 -1.206853001610262766e+01
1.300000000000000044e-01 -1.517966988802185391e+00 -5.881877559300455260e+01
1.400000000000000133e-01 -9.671507231620274370e-01 -4.814713235356192200e+01
1.499999999999999944e-01 -5.720140361492903613e-01 -3.126455586010151677e+01
1.600000000000000033e-01 -3.267668216492953803e-01 -1.864490073952869409e+01
1.700000000000000122e-01 -1.834177279813938299e-01 -1.069428900910707902e+01
1.799999999999999933e-01 -1.020072495592536238e-01 -6.015427479939033262e+00
1.900000000000000022e-01 -5.645015683557107200e-02 -3.349202234527917987e+00
2.000000000000000111e-01 -3.115507648001881319e-02 -1.854546293668394075e+00
2.099999999999999922e-01 -1.716932406082462628e-02 -1.023868520906635382e+00
2.200000000000000011e-01 -9.454254037101102182e-03 -5.643476616157129255e-01
2.300000000000000100e-01 -5.203661590562677804e-03 -3.107875929120386127e-01
2.399999999999999911e-01 -2.863420742119619430e-03 -1.710680864864558559e-01
2.500000000000000000e-01 -1.575444843933277274e-03 -9.413650294138678487e-02
2.600000000000000089e-01 -8.667409155943417301e-04 -5.179444853228973994e-02
2.700000000000000178e-01 -4.768236919090122609e-04 -2.849529925142797390e-02
2.800000000000000266e-01 -2.623111132106771505e-04 -1.567631213776611229e-02
2.899999999999999800e-01 -1.443012986653100394e-04 -8.623904744274454512e-03
2.999999999999999889e-01 -7.938178580928491562e-05 -4.744147151222024260e-03
3.099999999999999978e-01 -4.366866160235761843e-05 -2.609811465158299974e-03
3.200000000000000067e-01 -2.402248956186331261e-05 -1.435682307684425004e-03
3.300000000000000155e-01 -1.321495408397067105e-05 -7.897808312657047256e-04
3.400000000000000244e-01 -7.269642196046078590e-06 -4.344644974466298063e-04
3.500000000000000333e-01 -3.999081600961076326e-06 -2.390020927702804845e-04
3.599999999999999867e-01 -2.199922669651667619e-06 -1.314767475118077962e-04
3.699999999999999956e-01 -1.210192673878892895e-06 -7.232627709481268322e-05
3.800000000000000044e-01 -6.657353212565544726e-07 -3.978718569400738864e-05
3.900000000000000133e-01 -3.662255719847047513e-07 -2.188720490948777681e-05
4.000000000000000222e-01 -2.014631986639863868e-07 -1.204030177113173767e-05
4.100000000000000311e-01 -1.108262861451300241e-07 -6.623452588591167745e-06
4.199999999999999845e-01 -6.096629914876573735e-08 -3.643606661490753166e-06
4.299999999999999933e-01 -3.353797867463847411e-08 -2.004372983812941316e-06
4.400000000000000022e-01 -1.844947171675786372e-08 -1.102619305241687593e-06
4.500000000000000111e-01 -1.014918071350152663e-08 -6.065584300013670274e-07
4.600000000000000200e-01 -5.583133798512886324e-09 -3.336719454378375350e-07
4.700000000000000289e-01 -3.071320127595118841e-09 -1.835552217352229430e-07
4.799999999999999822e-01 -1.689554229800452445e-09 -1.009749841941338477e-07
4.899999999999999911e-01 -9.294353491723927838e-10 -5.554703012538484854e-08
5.000000000000000000e-01 -5.112887488410336394e-10 -3.055680156929481400e-08
5.100000000000000089e-01 -2.812634412043510759e-10 -1.680950574662693953e-08
5.200000000000000178e-01 -1.547249446352889478e-10 -9.247024195176206383e-09
5.300000000000000266e-01 -8.511525134483125816e-11 -5.086851318165513324e-09
5.400000000000000355e-01 -4.682248249331534148e-11 -2.798311736484381815e-09
5.500000000000000444e-01 -2.575736818246694030e-11 -1.539370444453245658e-09
5.600000000000000533e-01 -1.416930458100085731e-11 -8.468182205559362083e-10
5.700000000000000622e-01 -7.794631457949268197e-12 -4.658405007374764634e-10
5.799999999999999600e-01 -4.287880129748706343e-12 -2.562620487602662976e-10
5.899999999999999689e-01 -2.358792215678040792e-12 -1.409715074812494440e-10
5.999999999999999778e-01 -1.297587746947763560e-12 -7.754939140490048675e-11
6.099999999999999867e-01 -7.138119033281969910e-13 -4.266045114165822108e-11
6.199999999999999956e-01 -3.926728150227473773e-13 -2.346780624115472446e-11
6.300000000000000044e-01 -2.160120039172175911e-13 -1.290980088193593799e-11
6.400000000000000133e-01 -1.188296822473649732e-13 -7.101769850091850020e-12
6.500000000000000222e-01 -6.536902175316633407e-14 -3.906732215695481424e-12
6.600000000000000311e-01 -3.595994640523139338e-14 -2.149120138687039433e-12
6.700000000000000400e-01 -1.978181271168374055e-14 -1.182245701907666989e-12
6.800000000000000488e-01 -1.088211060579343110e-14 -6.503614546802621183e-13
6.900000000000000577e-01 -5.986323546920410056e-15 -3.577682888179027041e-13
7.000000000000000666e-01 -3.293117567591624418e-15 -1.968107850835303484e-13
7.099999999999999645e-01 -1.811566519748103900e-15 -1.082669603088026625e-13
7.199999999999999734e-01 -9.965551451211357575e-16 -5.955839609873428443e-14
7.299999999999999822e-01 -5.482118080905435000e-16 -3.276348145118557609e-14
7.399999999999999911e-01 -3.015750688772705409e-16 -1.802341545636420531e-14
7.500000000000000000e-01 -1.658985100760716477e-16 -9.914804237049519925e-15
7.600000000000000089e-01 -9.126190619112741399e-17 -5.454201690962117489e-15
7.700000000000000178e-01 -5.020379940614965298e-17 -3.000393691539676188e-15
7.800000000000000266e-01 -2.761745376580739073e-17 -1.650537111443540044e-15
7.900000000000000355e-01 -1.519255039516152647e-17 -9.079717651500601960e-16
8.000000000000000444e-01 -8.357525985805635961e-18 -4.994814842961567168e-16
8.100000000000000533e-01 -4.597532263290170441e-18 -2.747681841334149542e-16
8.200000000000000622e-01 -2.529133974323680180e-18 -1.511518592493202201e-16
8.300000000000000711e-01 -1.391293914596839597e-18 -8.314967261068604984e-17
8.399999999999999689e-01 -7.653603076965716435e-19 -4.574120417440689949e-17
8.499999999999999778e-01 -4.210299451838898120e-19 -2.516254957636328991e-17
8.599999999999999867e-01 -2.316114553615255360e-19 -1.384209079342947911e-17
8.699999999999999956e-01 -1.274110472860896664e-19 -7.614628913181807541e-18
8.800000000000000044e-01 -7.008968941194624347e-20 -4.188859497510833231e-18
8.900000000000000133e-01 -3.855681800364125309e-20 -2.304320287954099454e-18
9.000000000000000222e-01 -2.121036955704528347e-20 -1.267622366573085012e-18
9.100000000000000311e-01 -1.166796950681849545e-20 -6.973277424307291710e-19
9.200000000000000400e-01 -6.418629908634722595e-21 -3.836047652567998787e-19
9.300000000000000488e-01 -3.530932256888762131e-21 -2.110236076579748148e-19
9.400000000000000577e-01 -1.942390008491634463e-21 -1.160855313128773156e-19
9.500000000000000666e-01 -1.068522041941568563e-21 -6.385944553670296988e-20
9.599999999999999645e-01 -5.878012907416047251e-22 -3.512951819347671470e-20
9.699999999999999734e-01 -3.233535143268392091e-22 -1.932498846700018066e-20
9.799999999999999822e-01 -1.778789820206102940e-22 -1.063080846121703576e-20
9.899999999999999911e-01 -9.785244583025185293e-23 -5.848080516687983070e-21
1.000000000000000000e+00 -5.382930038273362310e-23 -3.217069130201415428e-21
1.010000000000000009e+00 -2.961186667445334797e-23 -1.769731753685967888e-21
1.020000000000000018e+00 -1.628969059064465708e-23 -9.735415538951521491e-22
1.030000000000000027e+00 -8.961070318740175827e-24 -5.355518739981659116e-22
1.040000000000000036e+00 -4.929546132909628525e-24 -2.946107524587889879e-22
1.050000000000000044e+00 -2.711777077082531836e-24 -1.620673919341585191e-22
1.060000000000000053e+00 -1.491767135862007036e-24 -8.915438187210801440e-23
1.070000000000000062e+00 -8.206313145887776898e-25 -4.904443584942046220e-23
1.080000000000000071e+00 -4.514349044796227083e-25 -2.697967993584884447e-23
1.090000000000000080e+00 -2.483374316329227439e-25 -1.484170664488224902e-23
1.100000000000000089e+00 0.000000000000000000e+00 -8.164524436779976751e-24
1.110000000000000098e+00 0.000000000000000000e+00 -4.491360789816145940e-24
1.120000000000000107e+00 0.000000000000000000e+00 -2.470728319879180890e-24
1.130000000000000115e+00 0.000000000000000000e+00 -1.359164564221714657e-24
1.140000000000000124e+00 0.000000000000000000e+00 -7.476857320866225683e-25
1.150000000000000133e+00 0.000000000000000000e+00 -4.113070401346307336e-25
1.159999999999999920e+00 0.000000000000000000e+00 -2.262628187275780932e-25
1.169999999999999929e+00 0.000000000000000000e+00 -1.244687256551484499e-25
1.179999999999999938e+00 0.000000000000000000e+00 -6.847109813861922816e-26
1.189999999999999947e+00 0.000000000000000000e+00 -3.766641986275129092e-26
1.199999999999999956e+00 0.000000000000000000e+00 -2.072055544376983280e-26
