0.000000000000000000e+00 1.170037762585741840e+07 1.089360938337316036e+09
1.000000000000000021e-02 4.610813479636450298e+06 4.294577993094367385e+08
2.000000000000000042e-02 1.816152187484435970e+06 1.692652942824086845e+08
2.999999999999999889e-02 7.148300981041091727e+05 6.668894953749457002e+07
4.000000000000000083e-02 2.810186660607455997e+05 2.625924117692526057e+07
5.000000000000000278e-02 1.102647437310462847e+05 1.032996378246652149e+07
5.999999999999999778e-02 4.313212281236521812e+04 4.057479904773708433e+06
7.000000000000000666e-02 1.678797238867894339e+04 1.589847546326094773e+06
8.000000000000000167e-02 6.481084272745089947e+03 6.205057384782471927e+05
8.999999999999999667e-02 2.468226315845377940e+03 2.406325391050895851e+05
1.000000000000000056e-01 9.182843191493872155e+02 9.233622716242083698e+04
1.100000000000000006e-01 3.275257212691074642e+02 3.480485440297090827e+04
1.199999999999999956e-01 1.074226514340555809e+02 1.271471884851599680e+04
1.300000000000000044e-01 2.870785818898345099e+01 4.379095904379898457e+03
1.400000000000000133e-01 2.744742143925487099e+00 1.328022590542056832e+03
1.499999999999999944e-01 -4.303987975554994350e+00 2.731643500155529409e+02
1.600000000000000033e-01 -5.080128641549763735e+00 -4.963677303587609657e+01
1.700000000000000122e-01 -4.127860592737956580e+00 -1.184033604950842147e+02
1.799999999999999933e-01 -2.962047472351594823e+00 -1.087600255630266588e+02
1.900000000000000022e-01 -2.005989873973304860e+00 -8.186918671872321340e+01
2.000000000000000111e-01 -1.317272416816321456e+00 -5.676481370276690086e+01
2.099999999999999922e-01 -8.499284658583000640e-01 -3.775864080239865928e+01
2.200000000000000011e-01 -5.427002880494183890e-01 -2.454471163948488410e+01
2.300000000000000100e-01 -3.443436504699162737e-01 -1.574231992319866968e+01
2.399999999999999911e-01 -2.176391609219972822e-01 -1.001563054574889478e+01
2.500000000000000000e-01 -1.372261267509023164e-01 -6.340870811026329434e+00
2.600000000000000089e-01 -8.639442445626852041e-02 -4.002202315635035035e+00
2.700000000000000178e-01 -5.434105307141281344e-02 -2.521324300652838080e+00
2.800000000000000266e-01 -3.415984576591538785e-02 -1.586523654074625478e+00
2.899999999999999800e-01 -2.146566109914412393e-02 -9.975721207988829109e-01
2.999999999999999889e-01 -1.348567256402694037e-02 -6.269624973634365661e-01
3.099999999999999978e-01 -8.471068403669476318e-03 -3.939246171849742351e-01
3.200000000000000067e-01 -5.320646075086620137e-03 -2.474604622040367519e-01
3.300000000000000155e-01 -3.341687397250307605e-03 -1.554350745736867712e-01
3.400000000000000244e-01 -2.098706664889391036e-03 -9.762502624591694322e-02
3.500000000000000333e-01 -1.318037940199659431e-03 -6.131317351869489118e-02
3.599999999999999867e-01 -8.277476543603151616e-04 -3.850651185079449063e-02
3.699999999999999956e-01 -5.198333767197975365e-04 -2.418281606188480218e-02
3.800000000000000044e-01 -3.264584752283137430e-04 -1.518709592958327956e-02
3.900000000000000133e-01 -2.050171626295978233e-04 -9.537610156432077546e-03
4.000000000000000222e-01 -1.287512746630892842e-04 -5.989664448861499631e-03
4.100000000000000311e-01 -8.085600097362412157e-05 -3.761527344735581847e-03
4.199999999999999845e-01 -5.077765060671623223e-05 -2.362246435523508020e-03
4.299999999999999933e-01 -3.188839875687275358e-05 -1.483493711448967455e-03
4.400000000000000022e-01 -2.002592905213200830e-05 -9.316352679040075654e-04
4.500000000000000111e-01 -1.257628994065329164e-05 -5.850674619805911391e-04
4.600000000000000200e-01 -7.897913099893314395e-06 -3.674225899136701655e-04
4.700000000000000289e-01 -4.959890902568558129e-06 -2.307414880261154694e-04
4.799999999999999822e-01 -3.114812248413411138e-06 -1.449057028873144558e-04
4.899999999999999911e-01 -1.956102505126784613e-06 -9.100080574991904596e-05
5.000000000000000000e-01 -1.228432606962177203e-06 -5.714851890329408112e-05
5.100000000000000089e-01 -7.714558138273863947e-07 -3.588927702465229678e-05
5.200000000000000178e-01 -4.844743329058723434e-07 -2.253847009189891996e-05
5.300000000000000266e-01 -3.042499308728648570e-07 -1.415416165866024734e-05
5.400000000000000355e-01 -1.910689872458589439e-07 -8.888814996707863848e-06
5.500000000000000444e-01 -1.199913429982439740e-07 -5.582176721462561561e-06
5.600000000000000533e-01 -7.535457524312443161e-08 -3.505607539498089971e-06
5.700000000000000622e-01 -4.732268065020873861e-08 -2.201521881943961551e-06
5.799999999999999600e-01 -2.971864807893799467e-08 -1.382555958464810404e-06
5.899999999999999689e-01 -1.866331389566269722e-08 -8.682452773913152745e-07
5.999999999999999778e-01 -1.172056294664932958e-08 -5.452581190626529156e-07
6.099999999999999867e-01 -7.360514672642069647e-09 -3.424221519781597744e-07
6.199999999999999956e-01 -4.622403931323331003e-09 -2.150411448223128922e-07
6.300000000000000044e-01 -2.902870118943409575e-09 -1.350458598977220939e-07
6.400000000000000133e-01 -1.823002717285343084e-09 -8.480881316667177009e-08
6.500000000000000222e-01 -1.144845883898720273e-09 -5.325994292536103180e-08
6.600000000000000311e-01 -7.189633265141441768e-10 -3.344724934151053377e-08
6.700000000000000400e-01 -4.515090390227914571e-10 -2.100487584193913100e-08
6.800000000000000488e-01 -2.835477204473093883e-10 -1.319106407304618347e-08
6.900000000000000577e-01 -1.780679960353209404e-10 -8.283989521648668136e-09
7.000000000000000666e-01 -1.118267188392607796e-10 -5.202346225786774459e-09
7.099999999999999645e-01 -7.022719031363546124e-11 -3.267073936074575675e-09
7.199999999999999734e-01 -4.410268235119105020e-11 -2.051722749795943302e-09
7.299999999999999822e-01 -2.769648880843066133e-11 -1.288482086537679711e-09
7.399999999999999911e-01 -1.739339766699204354e-11 -8.091668757353429317e-10
7.500000000000000000e-01 -1.092305542751611691e-11 -5.081568767063373954e-10
7.600000000000000089e-01 -6.859679871460616577e-12 -3.191225680230853845e-10
7.700000000000000178e-01 -4.307879626828821010e-12 -2.004090037740192224e-10
7.800000000000000266e-01 -2.705348824870806048e-12 -1.258568738729426383e-10
7.900000000000000355e-01 -1.698959325290466084e-12 -7.903812904000046888e-11
8.000000000000000444e-01 -1.066946621616984052e-12 -4.963595272873336167e-11
8.100000000000000533e-01 -6.700425822055849699e-13 -3.117138314397759463e-11
8.200000000000000622e-01 -4.207868068304293051e-13 -1.957563164786727191e-11
8.300000000000000711e-01 -2.642541556384578465e-13 -1.229349857986706091e-11
8.399999999999999689e-01 -1.659516354568945335e-13 -7.720318304500684657e-12
8.499999999999999778e-01 -1.042176432165442983e-13 -4.848360646530668927e-12
8.599999999999999867e-01 -6.544869008194877408e-14 -3.044770957840366311e-12
8.699999999999999956e-01 -4.110178374061530559e-14 -1.912116457826205894e-12
8.800000000000000044e-01 -2.581192418893414951e-14 -1.200809321592826925e-12
8.900000000000000133e-01 -1.620989090254273402e-14 -7.541083708172728557e-13
9.000000000000000222e-01 -1.017981306426538303e-14 -4.735801302594437066e-13
9.100000000000000311e-01 -6.392923595009013425e-15 -2.974083678894669132e-13
9.200000000000000400e-01 -4.014756639794207879e-15 -1.867724839769358306e-13
9.300000000000000488e-01 -2.521267560487532695e-15 -1.172931381133138495e-13
9.400000000000000577e-01 -1.583356273343791495e-15 -7.366010214956461266e-14
9.500000000000000666e-01 -9.943478937445107708e-16 -4.625855131817309795e-14
9.599999999999999645e-01 -6.244505740367026365e-16 -2.905037472947222079e-14
9.699999999999999734e-01 -3.921550212635728502e-16 -1.824363815715116561e-14
9.799999999999999822e-01 -2.462733915161606706e-16 -1.145700653807388428e-14
9.899999999999999911e-01 -1.546597138382897167e-16 -7.195001220851117159e-15
1.000000000000000000e+00 -9.712631534118402810e-17 -4.518461466877349519e-15
1.010000000000000009e+00 -6.099533548612898230e-17 -2.837594240913891860e-15
1.020000000000000018e+00 -3.830507662106140286e-17 -1.782009459434934632e-15
1.030000000000000027e+00 -2.405559184569202859e-17 -1.119102113941712325e-15
1.040000000000000036e+00 -1.510691402006898216e-17 -7.027962364610255070e-16
1.050000000000000044e+00 -9.487143474735397256e-18 -4.413561048902671291e-16
1.060000000000000053e+00 -5.957927025376956985e-18 -2.771716768217389903e-16
1.070000000000000062e+00 -3.741578751733477314e-18 -1.740638400170640585e-16
1.080000000000000071e+00 -2.349711820201054306e-18 -1.093121084697711265e-16
1.090000000000000080e+00 -1.475619251748904349e-18 -6.864801475674440205e-17
1.100000000000000089e+00 0.000000000000000000e+00 -4.311095994772947774e-17
1.110000000000000098e+00 0.000000000000000000e+00 -2.707368704252518302e-17
1.120000000000000107e+00 0.000000000000000000e+00 -1.700227809738657587e-17
1.130000000000000115e+00 0.000000000000000000e+00 -1.067743229973862142e-17
1.140000000000000124e+00 0.000000000000000000e+00 -6.705428523312160663e-18
1.150000000000000133e+00 0.000000000000000000e+00 -4.211009765180027700e-18
1.159999999999999920e+00 0.000000000000000000e+00 -2.644514542328273512e-18
1.169999999999999929e+00 0.000000000000000000e+00 -1.660755389933579590e-18
1.179999999999999938e+00 0.000000000000000000e+00 -1.042954546494999553e-18
1.189999999999999947e+00 0.000000000000000000e+00 -6.549755566941750495e-19
1.199999999999999956e+00 0.000000000000000000e+00 -4.113247133430098902e-19
