0.000000000000000000e+00 3.253002856145849680e+21 3.903841713686801816e+24
1.000000000000000021e-02 1.626699999849089597e+21 1.952039999909453304e+24
2.000000000000000042e-02 3.971435523295311360e+17 2.382861321051092746e+20
2.999999999999999889e-02 3.060922830543016000e+15 1.224369173619126528e+18
4.000000000000000083e-02 9.695883881286618750e+13 2.908765717034911200e+16
5.000000000000000278e-02 6.662953541759996094e+12 1.599110009011199000e+15
5.999999999999999778e-02 7.472924289399603271e+11 1.494588092404954688e+14
7.000000000000000666e-02 1.175239139226793976e+11 2.014706661935948828e+13
8.000000000000000167e-02 2.367102482601999664e+10 3.550696899600325684e+12
8.999999999999999667e-02 5.759382749077729225e+09 7.679366307962985840e+11
1.000000000000000056e-01 1.626549089999999046e+09 1.951949453999998779e+11
1.100000000000000006e-01 5.182315664086530209e+08 5.653899914062311554e+10
1.199999999999999956e-01 1.823946908844726086e+08 1.824199606113030243e+10
1.300000000000000044e-01 6.978992383733983338e+07 6.443589814000923157e+09
1.400000000000000133e-01 2.867263255641123652e+07 2.458513179278477669e+09
1.499999999999999944e-01 1.252429214727505483e+07 1.002473316363623142e+09
1.600000000000000033e-01 5.770204404361719266e+06 4.331026404624934196e+08
1.700000000000000122e-01 2.785780040218658745e+06 1.968639585855481327e+08
1.799999999999999933e-01 1.401731696867562830e+06 9.359667759795156121e+07
1.900000000000000022e-01 7.317532142157292692e+05 4.631728888884005696e+07
2.000000000000000111e-01 3.947855859374997672e+05 2.375787421874998510e+07
2.099999999999999922e-01 2.193848390520079993e+05 1.258654944828725979e+07
2.200000000000000011e-01 1.252111636912194372e+05 6.866000161900782958e+06
2.300000000000000100e-01 7.320955506072081334e+04 3.846222393452965654e+06
2.399999999999999911e-01 4.375261359957028617e+04 2.207372654064778704e+06
2.500000000000000000e-01 2.667336990720000176e+04 1.295156812185599934e+06
2.600000000000000089e-01 1.655767364035630453e+04 7.754737456631963141e+05
2.700000000000000178e-01 1.044830397103715040e+04 4.730251784420385957e+05
2.800000000000000266e-01 6.691885040250209386e+03 2.935056993841627846e+05
2.899999999999999800e-01 4.343897670706865028e+03 1.849965709391120181e+05
2.999999999999999889e-01 2.853913435357830167e+03 1.182967294582089671e+05
3.099999999999999978e-01 1.895185160736282342e+03 7.665307844203901186e+04
3.200000000000000067e-01 1.270391449450513846e+03 5.027491478692967212e+04
3.300000000000000155e-01 8.584528866940981970e+02 3.334104176541739434e+04
3.400000000000000244e-01 5.839597247476150415e+02 2.233426220245621153e+04
3.500000000000000333e-01 3.992895199689739911e+02 1.509724672100807584e+04
3.599999999999999867e-01 2.739757915166188127e+02 1.028797799936138654e+04
3.699999999999999956e-01 1.882903333516920554e+02 7.060513256982915664e+03
3.800000000000000044e-01 1.293132012113481437e+02 4.874952994291817959e+03
3.900000000000000133e-01 8.849341977049328989e+01 3.382681608786952893e+03
4.000000000000000222e-01 6.011561393737788705e+01 2.356117343902586072e+03
4.100000000000000311e-01 4.032451348964936244e+01 1.645153991577650686e+03
4.199999999999999845e-01 2.649732083291321416e+01 1.149823583181007962e+03
4.299999999999999933e-01 1.683556851885369454e+01 8.029416676213995743e+02
4.400000000000000022e-01 1.009702509620614919e+01 5.589696945108408954e+02
4.500000000000000111e-01 5.417912358691772567e+00 3.867934295279194430e+02
4.600000000000000200e-01 2.193948369782702912e+00 2.649946370083416696e+02
4.700000000000000289e-01 7.414227255786443038e-05 1.787264642637601355e+02
4.799999999999999822e-01 -1.464150658646461878e+00 1.176304060827787623e+02
4.899999999999999911e-01 -2.411972447264387753e+00 7.443603437398479628e+01
5.000000000000000000e-01 -2.995276799999999184e+00 4.401223680000001082e+01
5.100000000000000089e-01 -3.322539709934251739e+00 2.271954473432306543e+01
5.200000000000000178e-01 -3.471380208807372192e+00 7.964849392767433756e+00
5.300000000000000266e-01 -3.497389509055124357e+00 -2.106802958650746405e+00
5.400000000000000355e-01 -3.440375137075553980e+00 -8.826897522262591167e+00
5.500000000000000444e-01 -3.328799277412578306e+00 -1.315389670497343388e+01
5.600000000000000533e-01 -3.182948261147938940e+00 -1.577926674103106564e+01
5.700000000000000622e-01 -3.017205556983400427e+00 -1.720259890171386274e+01
5.799999999999999600e-01 -2.841688068804745448e+00 -1.778510002645311161e+01
5.899999999999999689e-01 -2.663428062104647331e+00 -1.778785846022380568e+01
5.999999999999999778e-01 -2.487229370828559105e+00 -1.739933707363564253e+01
6.099999999999999867e-01 -2.316289136941951377e+00 -1.675520489705396443e+01
6.199999999999999956e-01 -2.152650125812783255e+00 -1.595269426480616737e+01
6.300000000000000044e-01 -1.997530193537330856e+00 -1.506102862550664057e+01
6.400000000000000133e-01 -1.851562403288198766e+00 -1.412901824497084036e+01
6.500000000000000222e-01 -1.714969979125269495e+00 -1.319060667510595053e+01
6.600000000000000311e-01 -1.587693629643755600e+00 -1.226892910293182837e+01
6.700000000000000400e-01 -1.469483993433512214e+00 -1.137928647561986040e+01
6.800000000000000488e-01 -1.359968510698624122e+00 -1.053132730590100685e+01
6.900000000000000577e-01 -1.258699529186779520e+00 -9.730648925058119403e+00
7.000000000000000666e-01 -1.165188638585203273e+00 -8.979972359560187911e+00
7.099999999999999645e-01 -1.078930904780351696e+00 -8.280003448962446555e+00
7.199999999999999734e-01 -9.994217077576776909e-01 -7.630062716736620843e+00
7.299999999999999822e-01 -9.261681770213385789e-01 -7.028544615766083581e+00
7.399999999999999911e-01 -8.586966962191734387e-01 -6.473250798837652198e+00
7.500000000000000000e-01 -7.965575636294526252e-01 -5.961630373352450718e+00
7.600000000000000089e-01 -7.393276106892429089e-01 -5.490951515514503889e+00
7.700000000000000178e-01 -6.866113701960938620e-01 -5.058422498884914020e+00
7.800000000000000266e-01 -6.380412297680475575e-01 -4.661275526459706775e+00
7.900000000000000355e-01 -5.932768903791029169e-01 -4.296823303082367040e+00
8.000000000000000444e-01 -5.520043638534841701e-01 -3.962495725136248481e+00
8.100000000000000533e-01 -5.139346794094885595e-01 -3.655862162897889789e+00
8.200000000000000622e-01 -4.788024220108195173e-01 -3.374643396213128366e+00
8.300000000000000711e-01 -4.463641902035228592e-01 -3.116716210356438754e+00
8.399999999999999689e-01 -4.163970351680336690e-01 -2.880112873288414921e+00
8.499999999999999778e-01 -3.886969235766616348e-01 -2.663017129513052694e+00
8.599999999999999867e-01 -3.630772527871582445e-01 -2.463757908604288449e+00
8.699999999999999956e-01 -3.393674366316971613e-01 -2.280801620538263297e+00
8.800000000000000044e-01 -3.174115726127695325e-01 -2.112743667193018648e+00
8.900000000000000133e-01 -2.970671959711878585e-01 -1.958299618849304480e+00
9.000000000000000222e-01 -2.782041223060459090e-01 -1.816296370621194534e+00
9.100000000000000311e-01 -2.607033777971444199e-01 -1.685663494769940041e+00
9.200000000000000400e-01 -2.444562143036833612e-01 -1.565424932044566342e+00
9.300000000000000488e-01 -2.293632054617496252e-01 -1.454691111970554784e+00
9.400000000000000577e-01 -2.153334192072855202e-01 -1.352651553432491438e+00
9.500000000000000666e-01 -2.022836617838098261e-01 -1.258567969253235663e+00
9.599999999999999645e-01 -1.901377881604750519e-01 -1.171767878967341581e+00
9.699999999999999734e-01 -1.788260738157081420e-01 -1.091638720519057415e+00
9.799999999999999822e-01 -1.682846429825998191e-01 -1.017622442605412569e+00
9.899999999999999911e-01 -1.584549486660074835e-01 -9.492105536457433601e-01
1.000000000000000000e+00 -1.492832999999999799e-01 -8.859395999999999383e-01
1.010000000000000009e+00 -1.407204327974734825e-01 -8.273870444122851664e-01
1.020000000000000018e+00 -1.327211194369995462e-01 -7.731675152251815675e-01
1.030000000000000027e+00 -1.252438145250203694e-01 -7.229293973237500559e-01
1.040000000000000036e+00 -1.182503330573843880e-01 -6.763517367509568334e-01
1.050000000000000044e+00 -1.117055580782840007e-01 -6.331414322864832300e-01
1.060000000000000053e+00 -1.055771750940208559e-01 -5.930306888506988727e-01
1.070000000000000062e+00 -9.983543074205296353e-02 -5.557747092782582277e-01
1.080000000000000071e+00 -9.445291344173986636e-02 -5.211496027252801033e-01
1.090000000000000080e+00 -8.940435396201629192e-02 -4.889504896771932896e-01
1.100000000000000089e+00 0.000000000000000000e+00 -4.589897851749633606e-01
1.110000000000000098e+00 0.000000000000000000e+00 -4.310956434519709335e-01
1.120000000000000107e+00 0.000000000000000000e+00 -4.051105486579334447e-01
1.130000000000000115e+00 0.000000000000000000e+00 -3.808900377322890218e-01
1.140000000000000124e+00 0.000000000000000000e+00 -3.583015427744830617e-01
1.150000000000000133e+00 0.000000000000000000e+00 -3.372233414431075049e-01
1.159999999999999920e+00 0.000000000000000000e+00 -3.175436050025958190e-01
1.169999999999999929e+00 0.000000000000000000e+00 -2.991595346294728675e-01
1.179999999999999938e+00 0.000000000000000000e+00 -2.819765774952260884e-01
1.189999999999999947e+00 0.000000000000000000e+00 -2.659077149654275884e-01
1.199999999999999956e+00 0.000000000000000000e+00 -2.508728160008025232e-01
