0.000000000000000000e+00 4.458447343022262430e+02 1.174052397016016357e+03
1.000000000000000021e-02 4.341042103320660317e+02 1.174052397016016357e+03
2.000000000000000042e-02 4.223636863619058772e+02 1.174052397016021132e+03
2.999999999999999889e-02 4.106231623917456091e+02 1.174052397016021132e+03
4.000000000000000083e-02 3.988826384215854546e+02 1.174052397016021132e+03
4.999999999999999584e-02 3.871421144514252433e+02 1.174052397016021132e+03
5.999999999999999778e-02 3.754015904812650319e+02 1.174052397016021132e+03
6.999999999999999278e-02 3.636610665111048206e+02 1.174052397016021132e+03
8.000000000000000167e-02 3.519205425409446093e+02 1.174052397016018631e+03
8.999999999999999667e-02 3.401800185707843980e+02 1.174052397016021132e+03
9.999999999999999167e-02 3.284394946006241867e+02 1.174052397016021132e+03
1.099999999999999867e-01 3.166989706304639753e+02 1.174052397016021132e+03
1.199999999999999956e-01 3.049584466603037640e+02 1.174052397016021132e+03
1.300000000000000044e-01 2.932179226901436095e+02 1.174052397016021132e+03
1.399999999999999856e-01 2.814773987199833982e+02 1.174052397016021132e+03
1.499999999999999944e-01 2.697368747498231869e+02 1.174052397016021132e+03
1.600000000000000033e-01 2.579963507796629756e+02 1.174052397016018631e+03
1.699999999999999845e-01 2.462558268095027927e+02 1.174052397016021132e+03
1.799999999999999933e-01 2.345153028393425245e+02 1.174052397016021132e+03
1.899999999999999745e-01 2.227747788691823700e+02 1.174052397016018631e+03
1.999999999999999833e-01 2.110342548990221587e+02 1.174052397016021132e+03
2.099999999999999922e-01 1.992937309288619474e+02 1.174052397016021132e+03
2.199999999999999734e-01 1.875532069587017361e+02 1.174052397016021132e+03
2.299999999999999822e-01 1.758126829885415248e+02 1.174052397016023406e+03
2.399999999999999911e-01 1.640721590183812566e+02 1.174052397016023406e+03
2.500000000000000000e-01 1.523316350482210737e+02 1.174052397016018631e+03
2.600000000000000089e-01 1.405911110780608908e+02 1.174052397016018631e+03
2.700000000000000178e-01 1.288505871079006795e+02 1.174052397016021132e+03
2.799999999999999711e-01 1.171100631377404824e+02 1.174052397016021132e+03
2.899999999999999800e-01 1.053695391675802711e+02 1.174052397016021132e+03
2.999999999999999889e-01 9.362901519742005974e+01 1.174052397016018631e+03
3.099999999999999423e-01 8.188849122725989105e+01 1.174052397016020450e+03
3.200000000000000067e-01 7.014796725709965131e+01 1.174052397016024770e+03
3.300000000000000155e-01 5.840744328693940446e+01 1.174052397016020450e+03
3.399999999999999689e-01 4.666691931677924288e+01 1.174052397016020450e+03
3.500000000000000333e-01 3.492639534661899603e+01 1.174052397016020450e+03
3.599999999999999867e-01 2.318587137645883089e+01 1.154644256000958421e+03
3.699999999999999956e-01 1.183351022659982910e+01 6.524380110161886250e+02
3.799999999999999489e-01 1.013711115613506131e+01 2.136027701280786744e+02
3.900000000000000133e-01 7.561454824038256639e+00 2.405006225537832165e+02
3.999999999999999667e-01 5.327098705059396977e+00 2.018847245851054311e+02
4.099999999999999756e-01 3.523760332336147716e+00 1.605608634627596985e+02
4.199999999999999845e-01 2.115881435804203292e+00 1.260228612060979287e+02
4.299999999999999933e-01 1.003303108214188777e+00 9.794837547980669967e+01
4.399999999999999467e-01 1.569139262080693209e-01 7.368577739379693980e+01
4.499999999999999556e-01 -4.704124396617499482e-01 5.314480289185494399e+01
4.599999999999999645e-01 -9.059821316290294080e-01 3.771478277504078136e+01
4.699999999999999734e-01 -1.224708095162565513e+00 2.861209746609477023e+01
4.799999999999999822e-01 -1.478224080950924835e+00 2.432965519670197452e+01
4.899999999999999911e-01 -1.711301199096604941e+00 2.207001319350974100e+01
5.000000000000000000e-01 -1.919624344821119655e+00 1.905786704827841405e+01
5.100000000000000089e-01 -2.092458540062173356e+00 1.429151934125933643e+01
5.200000000000000178e-01 -2.205454731646306232e+00 7.929359391975663307e+00
5.299999999999999156e-01 -2.251045727901686444e+00 9.103665087239962705e-01
5.400000000000000355e-01 -2.223662061820786295e+00 -5.775192695793889719e+00
5.499999999999999334e-01 -2.135541873985808525e+00 -1.064905106240727228e+01
5.599999999999999423e-01 -2.010681040572640743e+00 -1.220780846046781853e+01
5.699999999999999512e-01 -1.891385704776452403e+00 -1.076456160536425877e+01
5.799999999999999600e-01 -1.795389808465355674e+00 -9.536755074535916421e+00
5.899999999999999689e-01 -1.700650603285734030e+00 -8.484971662307053464e+00
5.999999999999999778e-01 -1.625690375219214667e+00 -1.005473162105338858e+01
6.099999999999999867e-01 -1.499555970864666188e+00 -1.554332912912623499e+01
6.199999999999998845e-01 -1.314823792636689914e+00 -2.166299060901375739e+01
6.300000000000000044e-01 -1.066296158684391093e+00 -2.212137867959345527e+01
6.400000000000000133e-01 -8.723962190448207865e-01 -1.730032897408126402e+01
6.499999999999999112e-01 -7.202895792027659283e-01 -1.206718343204288146e+01
6.600000000000000311e-01 -6.310525504039631306e-01 -7.164739924269608373e+00
6.700000000000000400e-01 -5.769947807173737564e-01 -4.865165083257853240e+00
6.799999999999999378e-01 -5.337492487388061368e-01 -4.565639204347202273e+00
6.899999999999999467e-01 -4.856819966304297131e-01 -5.152569438389206447e+00
7.000000000000000666e-01 -4.306978599710220013e-01 -5.546928599264749238e+00
7.099999999999999645e-01 -3.747434246451347151e-01 -5.215313352229603794e+00
7.199999999999999734e-01 -3.263915929264299409e-01 -3.789802564365428506e+00
7.299999999999998712e-01 -2.989473733578261738e-01 -1.169190951803145806e+00
7.399999999999999911e-01 -3.030077738903669826e-01 1.852869432012602458e+00
7.500000000000000000e-01 -3.360047619980782163e-01 3.680029922750906568e+00
7.599999999999998979e-01 -3.766083723453851340e-01 3.455540335929781381e+00
7.699999999999999067e-01 -4.051155687166738129e-01 2.117265808041501884e+00
7.800000000000000266e-01 -4.189536885062151716e-01 1.057639000581708011e+00
7.899999999999999245e-01 -4.262683487283079886e-01 2.884742991212000396e-01
7.999999999999999334e-01 -4.247231744886391658e-01 -8.581232676231049794e-01
8.100000000000000533e-01 -4.091058833758458579e-01 -2.232111097352229567e+00
8.199999999999999512e-01 -3.800809525415945744e-01 -2.982177935704571681e+00
8.299999999999999600e-01 -3.494623246617544754e-01 -2.637082836035052669e+00
8.399999999999999689e-01 -3.273392958208935499e-01 -1.563128957104190642e+00
8.499999999999999778e-01 -3.181997455196706182e-01 -6.298971605549931185e-01
8.599999999999999867e-01 -3.147413526097936898e-01 -2.602635949318062858e-01
8.699999999999999956e-01 -3.129944736210344969e-01 -2.832274462156610384e-01
8.799999999999998934e-01 -3.090768036854804612e-01 -7.660604170179620143e-01
8.900000000000000133e-01 -2.976732652806752810e-01 -1.681274499701740144e+00
8.999999999999999112e-01 -2.754513136914456539e-01 -2.777358851941541751e+00
9.099999999999999201e-01 -2.421260882418444504e-01 -3.652348947287113567e+00
9.199999999999999289e-01 -2.024043347457033792e-01 -4.172960701110767445e+00
9.299999999999999378e-01 -1.586668742196291060e-01 -3.996208033750451527e+00
9.399999999999999467e-01 -1.224801740706943504e-01 -2.804896214857057757e+00
9.499999999999999556e-01 -1.025689499224879536e-01 -1.274891971375728961e+00
9.599999999999999645e-01 -9.698233464317977670e-02 3.487286553034852354e-01
9.699999999999999734e-01 -1.095435230285576600e-01 2.992464521120651866e-01
9.799999999999999822e-01 -1.029672636854210704e-01 -1.793650397807724950e+00
9.899999999999998801e-01 -7.367051507240315877e-02 -3.713542231326913967e+00
1.000000000000000000e+00 -2.869641905888280220e-02 -3.945046513261269094e+00
1.010000000000000009e+00 5.230415192822216071e-03 -3.395849411341826496e+00
1.020000000000000018e+00 3.922056916795372411e-02 -3.245790889975240567e+00
1.029999999999999805e+00 7.014623299232702891e-02 -2.752654964928094028e+00
1.040000000000000036e+00 9.427366846651560883e-02 -1.925343583128616309e+00
1.050000000000000044e+00 1.086531046548993434e-01 -9.668172132475963965e-01
1.059999999999999831e+00 1.136100127314675357e-01 -2.721794336498137845e-01
1.069999999999999840e+00 1.140966933278956263e-01 -5.341345088011099224e-02
1.080000000000000071e+00 1.146782817490697576e-01 -5.511508912564018481e-02
1.089999999999999858e+00 1.151989951104084309e-01 2.069337208784052251e-01
1.099999999999999867e+00 1.105396073315016436e-01 9.993174220243336014e-01
1.109999999999999876e+00 9.521264666992175496e-02 2.107239476412682944e+00
1.119999999999999885e+00 6.839481780324799254e-02 3.126620059059024292e+00
1.129999999999999893e+00 3.268024548874128021e-02 3.581545953466655607e+00
1.139999999999999902e+00 -3.236101266085118257e-03 2.815381141565125311e+00
1.149999999999999911e+00 -2.362737734256121352e-02 1.013707255490866821e+00
1.159999999999999920e+00 -2.351024637590245353e-02 -9.733903412585799275e-01
1.169999999999999929e+00 -4.159570517389613378e-03 -1.152803025360672917e+00
1.179999999999999938e+00 -4.541858686889968370e-04 -2.053239622162023326e-01
1.189999999999999947e+00 -5.309127306556735393e-05 -2.270929343444984261e-02
1.199999999999999956e+00 0.000000000000000000e+00 -5.309127306556736016e-03
