0.000000000000000000e+00 4.647032665587832062e+21 5.576779599351688183e+24
1.000000000000000021e-02 2.323799999784419328e+21 2.788559999870651402e+24
2.000000000000000042e-02 5.673339810065623040e+17 3.404003896144686612e+20
2.999999999999999889e-02 4.372639376416537500e+15 1.749055809710647552e+18
4.000000000000000083e-02 1.385092208972167500e+14 4.155277416394041600e+16
5.000000000000000278e-02 9.518271002879994141e+12 2.284386696345598500e+15
5.999999999999999778e-02 1.067534361827677490e+12 2.135073344282926875e+14
7.000000000000000666e-02 1.678871772172092590e+11 2.878081601435861719e+13
8.000000000000000167e-02 3.381491823524235535e+10 5.072299413219092773e+12
8.999999999999999667e-02 8.227487326225680351e+09 1.097025353616977783e+12
1.000000000000000056e-01 2.323584419999998569e+09 2.788430651999998169e+11
1.100000000000000006e-01 7.403126049054862261e+08 8.076801267822618103e+10
1.199999999999999956e-01 2.605574370826759040e+08 2.605935357355822372e+10
1.300000000000000044e-01 9.969743969535422325e+07 9.204901958689981461e+09
1.400000000000000133e-01 4.095989649218477309e+07 3.512075324173027039e+09
1.499999999999999944e-01 1.789140600653695315e+07 1.432069524144355536e+09
1.600000000000000033e-01 8.242946477475922555e+06 6.187028446602196693e+08
1.700000000000000122e-01 3.979587929735376500e+06 2.812273117008051872e+08
1.799999999999999933e-01 2.002424624662473332e+06 1.337062519583860338e+08
1.900000000000000022e-01 1.045336038285141811e+06 6.616592879508081824e+07
2.000000000000000111e-01 5.639655468749996508e+05 3.393898593749997765e+07
2.099999999999999922e-01 3.133992111786548630e+05 1.798034292235479876e+07
2.200000000000000011e-01 1.788686962025155372e+05 9.808330569785360247e+06
2.300000000000000100e-01 1.045825097372243035e+05 5.494468381586137228e+06
2.399999999999999911e-01 6.250219892980278382e+04 3.153312019073246978e+06
2.500000000000000000e-01 3.810387886080000317e+04 1.850178561638399959e+06
2.600000000000000089e-01 2.365323918412134663e+04 1.107792426613711752e+06
2.700000000000000178e-01 1.492578256743443126e+04 6.757336621436976129e+05
2.800000000000000266e-01 9.559601555936362274e+03 4.192835643396058585e+05
2.899999999999999800e-01 6.205416202702307601e+03 2.642743314209068776e+05
2.999999999999999889e-01 4.076919507527648420e+03 1.689911835932870454e+05
3.099999999999999978e-01 2.707341263723446900e+03 1.095017141075221007e+05
3.200000000000000067e-01 1.814800686101846622e+03 7.181954799073684262e+04
3.300000000000000155e-01 1.226331430772640033e+03 4.762889427378731489e+04
3.400000000000000244e-01 8.342079322401378931e+02 3.190530901988902406e+04
3.500000000000000333e-01 5.703997984052805350e+02 2.156696883079557665e+04
3.599999999999999867e-01 3.913845534141863709e+02 1.469675319365891664e+04
3.699999999999999956e-01 2.689797372329205700e+02 1.008620209862485899e+04
3.800000000000000044e-01 1.847287392643471549e+02 6.964049481853348880e+03
3.900000000000000133e-01 1.264161798979039304e+02 4.832285277316424981e+03
4.000000000000000222e-01 8.587743759155267753e+01 3.365800666809079758e+03
4.100000000000000311e-01 5.760511828722368932e+01 2.350163469557575809e+03
4.199999999999999845e-01 3.785245993575166779e+01 1.642565802875983081e+03
4.299999999999999933e-01 2.405028611932060301e+01 1.147032231241622412e+03
4.400000000000000022e-01 1.442402380744329093e+01 7.985092758064477039e+02
4.500000000000000111e-01 7.739734226512286597e+00 5.525491181935865370e+02
4.600000000000000200e-01 3.134178490469814449e+00 3.785550271331796921e+02
4.700000000000000289e-01 1.442392654844582012e-04 2.553177313050966006e+02
4.799999999999999822e-01 -2.091558588776880612e+00 1.680397273361114117e+02
4.899999999999999911e-01 -3.445560350743935629e+00 1.063349426279787906e+02
5.000000000000000000e-01 -4.278835199999999617e+00 6.287339520000000448e+01
5.100000000000000089e-01 -4.746345108546143443e+00 3.245597058231132337e+01
5.200000000000000178e-01 -4.958971746099127387e+00 1.137831758127292403e+01
5.300000000000000266e-01 -4.996129232310429380e+00 -3.009433504639133616e+00
5.400000000000000355e-01 -4.914684109670412582e+00 -1.260935840977117550e+01
5.500000000000000444e-01 -4.755295680799513036e+00 -1.879065612845950284e+01
5.600000000000000533e-01 -4.546943738897351039e+00 -2.254111181975002154e+01
5.700000000000000622e-01 -4.310175619015050863e+00 -2.457441020260593945e+01
5.799999999999999600e-01 -4.059443709342827944e+00 -2.540654873760784938e+01
5.899999999999999689e-01 -3.804793876682327713e+00 -2.541050192070704838e+01
5.999999999999999778e-01 -3.553088589561212096e+00 -2.485549607105962622e+01
6.099999999999999867e-01 -3.308895096233001265e+00 -2.393533954890192561e+01
6.199999999999999956e-01 -3.075131574000676160e+00 -2.278893246426468977e+01
6.300000000000000044e-01 -2.853537785568120988e+00 -2.151516318832229757e+01
6.400000000000000133e-01 -2.645018094223940075e+00 -2.018375909546769265e+01
6.500000000000000222e-01 -2.449891391932634832e+00 -1.884320989936244573e+01
6.600000000000000311e-01 -2.268072985973576650e+00 -1.752656515505616142e+01
6.700000000000000400e-01 -2.099206660791890222e+00 -1.625568290723796139e+01
6.800000000000000488e-01 -1.942760206666575007e+00 -1.504434648068284019e+01
6.900000000000000577e-01 -1.798094140888643278e+00 -1.390055193012834422e+01
7.000000000000000666e-01 -1.664510755786895002e+00 -1.282818639574217201e+01
7.099999999999999645e-01 -1.541288738328253194e+00 -1.182825824259792391e+01
7.199999999999999734e-01 -1.427707223737556097e+00 -1.089979685511002927e+01
7.299999999999999822e-01 -1.323062131468466074e+00 -1.004050868681192377e+01
7.399999999999999911e-01 -1.226676885882974855e+00 -9.247253350126133142e+00
7.500000000000000000e-01 -1.137909073969076701e+00 -8.516386829595759878e+00
7.600000000000000089e-01 -1.056154186040716425e+00 -7.844006639538721792e+00
7.700000000000000178e-01 -9.808472845883040581e-01 -7.226124718203626784e+00
7.800000000000000266e-01 -9.114632235295312412e-01 -6.658787185338972847e+00
7.900000000000000355e-01 -8.475158747315298946e-01 -6.138155158282036616e+00
8.000000000000000444e-01 -7.885566959157582767e-01 -5.660557164810595232e+00
8.100000000000000533e-01 -7.341728829269250634e-01 -5.222520974545810546e+00
8.200000000000000622e-01 -6.839852817304584720e-01 -4.820790649715510412e+00
8.300000000000000711e-01 -6.376461853902258836e-01 -4.452333110692596740e+00
8.399999999999999689e-01 -5.948371042096248784e-01 -4.114337389399164380e+00
8.499999999999999778e-01 -5.552665698781104053e-01 -3.804208906525098577e+00
8.599999999999999867e-01 -5.186680143804219822e-01 -3.519560484050030968e+00
8.699999999999999956e-01 -4.847977497528028201e-01 -3.258201338949957560e+00
8.800000000000000044e-01 -4.534330641309792798e-01 -3.018124957156863353e+00
8.900000000000000133e-01 -4.243704418972579773e-01 -2.797496488948489013e+00
9.000000000000000222e-01 -3.974239103265710948e-01 -2.594640115656947188e+00
9.100000000000000311e-01 -3.724235113751843129e-01 -2.408026696194926597e+00
9.200000000000000400e-01 -3.492138947176737784e-01 -2.236261897886354433e+00
9.300000000000000488e-01 -3.276530264931324377e-01 -2.078074940058447506e+00
9.400000000000000577e-01 -3.076110072275232143e-01 -1.932308023745482606e+00
9.500000000000000666e-01 -2.889689918742201491e-01 -1.797906481364981879e+00
9.599999999999999645e-01 -2.716182047237953312e-01 -1.673909652363586353e+00
9.699999999999999734e-01 -2.554590419764803944e-01 -1.559442471591089507e+00
9.799999999999999822e-01 -2.404002549720289372e-01 -1.453707744290200887e+00
9.899999999999999911e-01 -2.263582073771268632e-01 -1.355979073390934486e+00
1.000000000000000000e+00 -2.132562000000000069e-01 -1.265594399999999897e+00
1.010000000000000009e+00 -2.010238573064307144e-01 -1.181950115624313957e+00
1.020000000000000018e+00 -1.895965701302826101e-01 -1.104495704052152805e+00
1.030000000000000027e+00 -1.789149894902697380e-01 -1.032728871405887094e+00
1.040000000000000036e+00 -1.689245668330906502e-01 -9.661911242842875502e-01
1.050000000000000044e+00 -1.595751364145631124e-01 -9.044637578411549583e-01
1.060000000000000053e+00 -1.508205359009051894e-01 -8.471642178895750774e-01
1.070000000000000062e+00 -1.426182616194801023e-01 -7.939428035248401461e-01
1.080000000000000071e+00 -1.349291552111181181e-01 -7.444796792154253495e-01
1.090000000000000080e+00 -1.277171187344254000e-01 -6.984821677443823207e-01
1.100000000000000089e+00 0.000000000000000000e+00 -6.556822977414688003e-01
1.110000000000000098e+00 0.000000000000000000e+00 -6.158345817956459856e-01
1.120000000000000107e+00 0.000000000000000000e+00 -5.787140032576809645e-01
1.130000000000000115e+00 0.000000000000000000e+00 -5.441141918225719243e-01
1.140000000000000124e+00 0.000000000000000000e+00 -5.118457698172124148e-01
1.150000000000000133e+00 0.000000000000000000e+00 -4.817348528108122419e-01
1.159999999999999920e+00 0.000000000000000000e+00 -4.536216897180596619e-01
1.169999999999999929e+00 0.000000000000000000e+00 -4.273594289839593996e-01
1.179999999999999938e+00 0.000000000000000000e+00 -4.028129987322017214e-01
1.189999999999999947e+00 0.000000000000000000e+00 -3.798580899339734085e-01
1.199999999999999956e+00 0.000000000000000000e+00 -3.583802327199012150e-01
