0.000000000000000000e+00 1.233597005964795068e+23 8.882440617266455987e+25
1.666666666666666644e-02 6.168738049604586989e+22 4.441491395754400203e+25
3.333333333333333287e-02 1.506039561221318656e+19 5.421742423451240497e+21
5.000000000000000278e-02 1.160756879981169920e+17 2.785816529832042906e+19
6.666666666666666574e-02 3.676854136508918500e+15 6.618337684348343040e+17
8.333333333333334259e-02 2.526714410095600938e+14 3.638469250985848800e+16
1.000000000000000056e-01 2.833876810122800391e+13 3.400653568806393500e+15
1.166666666666666824e-01 4.456756935215692383e+12 4.584097595127405000e+14
1.333333333333333315e-01 8.976653887325784912e+11 8.079007141740837500e+13
1.499999999999999944e-01 2.184148446315237732e+11 1.747326931371183398e+13
1.666666666666666852e-01 6.168629445506688690e+10 4.441452298279155273e+12
1.833333333333333481e-01 1.965488744777842331e+10 1.286521787061474121e+12
2.000000000000000111e-01 6.918286525693864822e+09 4.151081029403366699e+11
2.166666666666666741e-01 2.647519659029799461e+09 1.466380888654056702e+11
2.333333333333333648e-01 1.087933439767020941e+09 5.595457158297977448e+10
2.500000000000000000e-01 4.753506788856475949e+08 2.281912087267274857e+10
2.666666666666666630e-01 2.190928673500357568e+08 9.860635526660268784e+09
2.833333333333333814e-01 1.058338699446761757e+08 4.483328479103868484e+09
2.999999999999999889e-01 5.329250466488809884e+07 2.132338805266863823e+09
3.166666666666667074e-01 2.784795157725950703e+07 1.055728191739612222e+09
3.333333333333333703e-01 1.504342622191681713e+07 5.418687933197892904e+08
3.499999999999999778e-01 8.373528985913126729e+06 2.873094995108532310e+08
3.666666666666666963e-01 4.789127386357940733e+06 1.568918219027870595e+08
3.833333333333333592e-01 2.807559284686981235e+06 8.800364210746254027e+07
4.000000000000000222e-01 1.683440573343186406e+06 5.058846250267717987e+07
4.166666666666666852e-01 1.030494078776290524e+06 2.974228683625238761e+07
4.333333333333333481e-01 6.429063789029730251e+05 1.785223959655493125e+07
4.500000000000000666e-01 4.081866445659448509e+05 1.092235404710443318e+07
4.666666666666667296e-01 2.633902519802649040e+05 6.801868493701248430e+06
4.833333333333333370e-01 1.725235356088246044e+05 4.306008341273230501e+06
5.000000000000000000e-01 1.145859198513851734e+05 2.767939312071261927e+06
5.166666666666667185e-01 7.709328841797419591e+04 1.804764555052611046e+06
5.333333333333333259e-01 5.249381806781886553e+04 1.192489780812335433e+06
5.500000000000000444e-01 3.614435573622798256e+04 7.977779737532370491e+05
5.666666666666667629e-01 2.514630313473293427e+04 5.399537835695811082e+05
5.833333333333333703e-01 1.766411708244766123e+04 3.694528933725372190e+05
5.999999999999999778e-01 1.251974019779486480e+04 2.553840123257394007e+05
6.166666666666666963e-01 8.947489460260132546e+03 1.782317895331869368e+05
6.333333333333334147e-01 6.443753119566858913e+03 1.255093138056879543e+05
6.500000000000000222e-01 4.673553874752926276e+03 8.913002379792221473e+04
6.666666666666667407e-01 3.411707413128181543e+03 6.379705633305678202e+04
6.833333333333334592e-01 2.505311311579669564e+03 4.600324133021556918e+04
6.999999999999999556e-01 1.849553346821648802e+03 3.340254393303875986e+04
7.166666666666666741e-01 1.371937458478130338e+03 2.441034387007674377e+04
7.333333333333333925e-01 1.021890561945378181e+03 1.794640652629301985e+04
7.500000000000000000e-01 7.638464702229812247e+02 1.326785635469080808e+04
7.666666666666667185e-01 5.726000177514239340e+02 9.859542226561781717e+03
7.833333333333334370e-01 4.301580278063661353e+02 7.361382688566462093e+03
8.000000000000000444e-01 3.235864998389823768e+02 5.519776422440973874e+03
8.166666666666666519e-01 2.435267798769358478e+02 4.154822519650567301e+03
8.333333333333333703e-01 1.831648183556405058e+02 3.138021567877629423e+03
8.500000000000000888e-01 1.375098081969250075e+02 2.376985199314578949e+03
8.666666666666666963e-01 1.028857315314044740e+02 1.804871156627036271e+03
8.833333333333334147e-01 7.657052450558219903e+01 1.373029976247510831e+03
9.000000000000001332e-01 5.653832697913748717e+01 1.045851068153376900e+03
9.166666666666667407e-01 4.127421431896581083e+01 7.971260355940596583e+02
9.333333333333334592e-01 2.964023006775321889e+01 6.074660154481977088e+02
9.500000000000001776e-01 2.077795801016380395e+01 4.624561891119073493e+02
9.666666666666666741e-01 1.403727791969884287e+01 3.513292093506614151e+02
9.833333333333332815e-01 8.923993748914885060e+00 2.660061872018521285e+02
1.000000000000000000e+00 5.061140808543343361e+00 2.003995931245315205e+02
1.016666666666666607e+00 2.160261062720019609e+00 1.499038700352157036e+02
1.033333333333333437e+00 -2.003849950853321994e-05 1.110213261883757383e+02
1.050000000000000044e+00 -1.590041827424303778e+00 8.108604341864523235e+01
1.066666666666666652e+00 -2.741181136738827906e+00 5.805916757427345232e+01
1.083333333333333481e+00 -3.554970991366972921e+00 4.037644323990816986e+01
1.100000000000000089e+00 -4.110014629880395454e+00 2.683416894597211311e+01
1.116666666666666696e+00 -4.467247145739873915e+00 1.650353724761309238e+01
1.133333333333333526e+00 -4.673953644512822692e+00 8.666038699193892469e+00
1.150000000000000133e+00 -4.766847973181648435e+00 2.764563981803447312e+00
1.166666666666666741e+00 -4.774439071273905100e+00 -1.633746367815295919e+00
1.183333333333333348e+00 -4.718855178653990734e+00 -4.865825993122498971e+00
1.199999999999999956e+00 -4.617254036184148092e+00 -7.194349972450186925e+00
1.216666666666666785e+00 -4.482915891189547253e+00 -8.824362959710308374e+00
1.233333333333333393e+00 -4.326092718346826516e+00 -9.916079206250081768e+00
1.250000000000000000e+00 -4.154669516222754488e+00 -1.059476448641064827e+01
1.266666666666666829e+00 -3.974680327840333316e+00 -1.095838630322319673e+01
1.283333333333333437e+00 -3.790711651704065766e+00 -1.108355191365278181e+01
1.300000000000000044e+00 -3.606218341600925914e+00 -1.103012878287493770e+01
1.316666666666666874e+00 -3.423771336061612214e+00 -1.084484818441428899e+01
1.333333333333333481e+00 -3.245252164091422475e+00 -1.056412184596716664e+01
1.350000000000000089e+00 -3.072005809338062221e+00 -1.021624794435038730e+01
1.366666666666666918e+00 -2.904960931073891750e+00 -9.823142054574834248e+00
1.383333333333333526e+00 -2.744724450285723094e+00 -9.401697653999743665e+00
1.399999999999999911e+00 -2.591655972042341549e+00 -8.964857089968493398e+00
1.416666666666666741e+00 -2.445926324831122933e+00 -8.522455759386646790e+00
1.433333333333333348e+00 -2.307563573145738012e+00 -8.081888288791690300e+00
1.449999999999999956e+00 -2.176489140007669576e+00 -7.648634741927906155e+00
1.466666666666666785e+00 -2.052546114597959548e+00 -7.226676563290710398e+00
1.483333333333333393e+00 -1.935521381027880183e+00 -6.818825519047576833e+00
1.500000000000000000e+00 -1.825162860076045446e+00 -6.426983887459091882e+00
1.516666666666666829e+00 -1.721192885377412995e+00 -6.052350249261866821e+00
1.533333333333333437e+00 -1.623318522800665686e+00 -5.695582182377346037e+00
1.550000000000000044e+00 -1.531239474014512769e+00 -5.356924781792779200e+00
1.566666666666666874e+00 -1.444654072766275776e+00 -5.036312056354688593e+00
1.583333333333333481e+00 -1.363263777595911996e+00 -4.733446785456298933e+00
1.600000000000000089e+00 -1.286776481678084894e+00 -4.447863262146259267e+00
1.616666666666666696e+00 -1.214908894610796652e+00 -4.178976436907462677e+00
1.633333333333333304e+00 -1.147388198640812318e+00 -3.926120255402520520e+00
1.650000000000000133e+00 -1.083953140201542320e+00 -3.688577412760119856e+00
1.666666666666666741e+00 -1.024354684512428282e+00 -3.465602294455066623e+00
1.683333333333333348e+00 -9.683563345970791492e-01 -3.256438514493609215e+00
1.700000000000000178e+00 -9.157341950373879547e-01 -3.060332175867848559e+00
1.716666666666666785e+00 -8.662768439992158953e-01 -2.876541750722512170e+00
1.733333333333333393e+00 -8.197850636761871979e-01 -2.704345296304692781e+00
1.750000000000000222e+00 -7.760714686150113062e-01 -2.543045578028062526e+00
1.766666666666666829e+00 -7.349600628629698873e-01 -2.391973555369509175e+00
1.783333333333333437e+00 -6.962857500817873913e-01 -2.250490593892128466e+00
1.800000000000000266e+00 -6.598938153561896280e-01 -2.117989692753159847e+00
1.816666666666666874e+00 -6.256393931142197884e-01 -1.993895957879357583e+00
1.833333333333333481e+00 0.000000000000000000e+00 -1.877666503612071214e+00
1.850000000000000311e+00 0.000000000000000000e+00 -1.768789927681823748e+00
1.866666666666666918e+00 0.000000000000000000e+00 -1.666785473987811628e+00
1.883333333333333526e+00 0.000000000000000000e+00 -1.571201973331626700e+00
1.900000000000000355e+00 0.000000000000000000e+00 -1.481616632787765786e+00
1.916666666666666963e+00 0.000000000000000000e+00 -1.397633728827149424e+00
1.933333333333333348e+00 0.000000000000000000e+00 -1.318883246875502291e+00
1.949999999999999956e+00 0.000000000000000000e+00 -1.245019500070006169e+00
1.966666666666666563e+00 0.000000000000000000e+00 -1.175719752080565339e+00
1.983333333333333393e+00 0.000000000000000000e+00 -1.110682862588938224e+00
2.000000000000000000e+00 0.000000000000000000e+00 -1.049627969050559662e+00
