0.000000000000000000e+00 2.729015720782041399e+02 7.538319004345721623e+02
1.000000000000000021e-02 2.653632530738584023e+02 7.538319004345721623e+02
2.000000000000000042e-02 2.578249340695127216e+02 7.538319004345721623e+02
2.999999999999999889e-02 2.502866150651669841e+02 7.538319004345721623e+02
4.000000000000000083e-02 2.427482960608212466e+02 7.538319004345721623e+02
4.999999999999999584e-02 2.352099770564755374e+02 7.538319004345744361e+02
5.999999999999999778e-02 2.276716580521297715e+02 7.538319004345744361e+02
6.999999999999999278e-02 2.201333390477840624e+02 7.538319004345721623e+02
8.000000000000000167e-02 2.125950200434383248e+02 7.538319004345734129e+02
8.999999999999999667e-02 2.050567010390925873e+02 7.538319004345734129e+02
9.999999999999999167e-02 1.975183820347468497e+02 7.538319004345734129e+02
1.099999999999999867e-01 1.899800630304011122e+02 7.538319004345744361e+02
1.199999999999999956e-01 1.824417440260553747e+02 7.538319004345734129e+02
1.300000000000000044e-01 1.749034250217096655e+02 7.538319004345734129e+02
1.399999999999999856e-01 1.673651060173638996e+02 7.538319004345734129e+02
1.499999999999999944e-01 1.598267870130181905e+02 7.538319004345734129e+02
1.600000000000000033e-01 1.522884680086724529e+02 7.538319004345734129e+02
1.699999999999999845e-01 1.447501490043267154e+02 7.538319004345734129e+02
1.799999999999999933e-01 1.372118299999809778e+02 7.538319004345734129e+02
1.899999999999999745e-01 1.296735109956352687e+02 7.538319004345734129e+02
1.999999999999999833e-01 1.221351919912895170e+02 7.538319004345734129e+02
2.099999999999999922e-01 1.145968729869437936e+02 7.538319004345734129e+02
2.199999999999999734e-01 1.070585539825980419e+02 7.538319004345734129e+02
2.299999999999999822e-01 9.952023497825233278e+01 7.538319004345744361e+02
2.399999999999999911e-01 9.198191597390655261e+01 7.538319004345744361e+02
2.500000000000000000e-01 8.444359696956084349e+01 7.538319004345727308e+02
2.600000000000000089e-01 7.690527796521510595e+01 7.538319004345734129e+02
2.700000000000000178e-01 6.936695896086936841e+01 7.538319004345734129e+02
2.799999999999999711e-01 6.182863995652363798e+01 7.538319004345734129e+02
2.899999999999999800e-01 5.429032095217790754e+01 7.538319004345734129e+02
2.999999999999999889e-01 4.675200194783217711e+01 7.538319004345718213e+02
3.099999999999999423e-01 3.921368294348647510e+01 7.538319004345730718e+02
3.200000000000000067e-01 3.167536393914071624e+01 4.328381645498811281e+02
3.300000000000000155e-01 3.055691965248885111e+01 2.120239259811209536e+02
3.399999999999999689e-01 2.743488541951829873e+01 4.382076407208502928e+02
3.500000000000000333e-01 2.179276683807184511e+01 5.087568940702591931e+02
3.599999999999999867e-01 1.725974753811311402e+01 4.109936262687702992e+02
3.699999999999999956e-01 1.357289431269643920e+01 3.417717469523698810e+02
3.799999999999999489e-01 1.042431259906571839e+01 2.890449082909814820e+02
3.900000000000000133e-01 7.791996146876809526e+00 2.371738534348712619e+02
3.999999999999999667e-01 5.680835530368292474e+00 1.902782099069456478e+02
4.099999999999999756e-01 3.986431948737897635e+00 1.533813446149272011e+02
4.199999999999999845e-01 2.613208638069749234e+00 1.249693020964258778e+02
4.299999999999999933e-01 1.487045906809379980e+00 1.029894149009870148e+02
4.399999999999999467e-01 5.534203400500087300e-01 8.505071626851680833e+01
4.499999999999999556e-01 -2.139684185609558031e-01 6.742361098787711171e+01
4.599999999999999645e-01 -7.950518797075334376e-01 5.157849029402753871e+01
4.699999999999999734e-01 -1.245538224441506303e+00 3.869445319484210444e+01
4.799999999999999822e-01 -1.568940943604375526e+00 2.708818207279773560e+01
4.899999999999999911e-01 -1.787301865897461095e+00 1.729684146485352159e+01
5.000000000000000000e-01 -1.914877772901445896e+00 1.096766179326100143e+01
5.100000000000000089e-01 -2.006655101762681248e+00 6.029674546396781132e+00
5.200000000000000178e-01 -2.035471263829381705e+00 7.920294797784375174e-01
5.299999999999999156e-01 -2.022495691358249914e+00 -3.015330484147413337e+00
5.400000000000000355e-01 -1.975164654146433163e+00 -5.169340552532678323e+00
5.499999999999999334e-01 -1.919108880307596188e+00 -6.486655983826253191e+00
5.599999999999999423e-01 -1.845431534469908152e+00 -7.278733555433722913e+00
5.699999999999999512e-01 -1.773534209198921907e+00 -7.546593548435931886e+00
5.799999999999999600e-01 -1.694499663501189524e+00 -8.663361246695586715e+00
5.899999999999999689e-01 -1.600266984265010128e+00 -9.745260897407824530e+00
5.999999999999999778e-01 -1.499594445553033006e+00 -9.881924242077342768e+00
6.099999999999999867e-01 -1.402628499423463238e+00 -9.436874662725957208e+00
6.199999999999998845e-01 -1.310856952298513844e+00 -9.547327440655152486e+00
6.300000000000000044e-01 -1.211681950610360214e+00 -1.018050374602243835e+01
6.400000000000000133e-01 -1.107246877378065264e+00 -1.030682423333220221e+01
6.499999999999999112e-01 -1.005545465943716188e+00 -1.035326297203552670e+01
6.600000000000000311e-01 -9.001816179373546278e-01 -1.025144487050651776e+01
6.700000000000000400e-01 -8.005165685335857706e-01 -9.960634290726900986e+00
6.799999999999999378e-01 -7.009689321228166348e-01 -9.467545769312385673e+00
6.899999999999999467e-01 -6.111656531473380616e-01 -9.116176089541257355e+00
7.000000000000000666e-01 -5.186454103319915188e-01 -8.946787258878140747e+00
7.099999999999999645e-01 -4.322299079697752844e-01 -8.236112297492232059e+00
7.199999999999999734e-01 -3.539231643821469375e-01 -7.237834717962665643e+00
7.299999999999998712e-01 -2.874732136105220270e-01 -6.428114807863057223e+00
7.399999999999999911e-01 -2.253608682248857686e-01 -5.878581778687308024e+00
7.500000000000000000e-01 -1.699015780367758577e-01 -4.985834937760064811e+00
7.599999999999998979e-01 -1.256441694696844857e-01 -4.086524630098962163e+00
7.699999999999999067e-01 -8.817108543479661165e-02 -3.492224761690360779e+00
7.800000000000000266e-01 -5.579967423587728348e-02 -2.916121575623203732e+00
7.899999999999999245e-01 -2.984865392233253603e-02 -2.449455246950481779e+00
7.999999999999999334e-01 -6.810569296867651813e-03 -1.756777088714317259e+00
8.100000000000000533e-01 5.286887851953804909e-03 -6.572608664185639604e-01
8.199999999999999512e-01 6.334648031503625244e-03 5.346701892142238788e-02
8.299999999999999600e-01 4.217547473525357256e-03 3.371663845448171631e-02
8.399999999999999689e-01 5.660315262413990675e-03 3.471593096434036352e-01
8.499999999999999778e-01 -2.725638719342714147e-03 1.219594993469061972e+00
8.599999999999999867e-01 -1.873158460696724981e-02 1.510530581280101758e+00
8.699999999999999956e-01 -3.293625034494474663e-02 1.213668315168643153e+00
8.799999999999998934e-01 -4.300495091034010897e-02 1.110024264397470706e+00
8.900000000000000133e-01 -5.513673563289415991e-02 1.228466886239677036e+00
8.999999999999999112e-01 -6.757428863513365025e-02 1.199826778397729665e+00
9.099999999999999201e-01 -7.913327120084875932e-02 1.163850032631379650e+00
9.199999999999999289e-01 -9.085128928776123325e-02 9.687938940600678839e-01
9.299999999999999378e-01 -9.850914908205010700e-02 5.406580837635419634e-01
9.399999999999999467e-01 -1.016644509630320742e-01 1.640754705723389550e-01
9.499999999999999556e-01 -1.017906584934968883e-01 -3.712372368296742997e-02
9.599999999999999645e-01 -1.009219764893727195e-01 -2.828496338684938216e-01
9.699999999999999734e-01 -9.613366581612700634e-02 -5.005432840880316148e-01
9.799999999999999822e-01 -9.091111080761209162e-02 -5.225191508595541379e-01
9.899999999999998801e-01 -8.568328279893593080e-02 -6.147050416623437430e-01
1.000000000000000000e+00 -7.861700997436521510e-02 -8.164721449568452805e-01
1.010000000000000009e+00 -6.935383989979902741e-02 -8.544753264671887116e-01
1.020000000000000018e+00 -6.152750344502144753e-02 -7.555222045822612698e-01
1.029999999999999805e+00 -5.424339580815380063e-02 -7.285413754762286587e-01
1.040000000000000036e+00 -4.695667593549687768e-02 -6.088687433275734584e-01
1.050000000000000044e+00 -4.206602094160233341e-02 -3.627131199617907864e-01
1.059999999999999831e+00 -3.970241353626106223e-02 -2.270797280963080811e-01
1.069999999999999840e+00 -3.752442637967617206e-02 -2.763060213527533948e-01
1.080000000000000071e+00 -3.417629310920599489e-02 -2.488058517464394881e-01
1.089999999999999858e+00 -3.254830934474738785e-02 -2.310884528086044332e-01
1.099999999999999867e+00 -2.955452405303390234e-02 -3.508273608077111527e-01
1.109999999999999876e+00 -2.553176212859316341e-02 -3.465153776357827731e-01
1.119999999999999885e+00 -2.262421650031824771e-02 -2.487235492385715951e-01
1.129999999999999893e+00 -2.055729114382173067e-02 -2.658123398709265617e-01
1.139999999999999902e+00 -1.730796970289971703e-02 -3.631574729246611066e-01
1.149999999999999911e+00 -1.329414168532850986e-02 -3.859012538619198684e-01
1.159999999999999920e+00 -9.589944625661320915e-03 -6.115466860220711842e-01
1.169999999999999929e+00 -1.063207964887085853e-03 -4.741073815357498833e-01
1.179999999999999938e+00 -1.077969949463239468e-04 -5.276297389228957330e-02
1.189999999999999947e+00 -7.948487041294380483e-06 -5.389849747316197148e-03
1.199999999999999956e+00 0.000000000000000000e+00 -7.948487041294379331e-04
