0.000000000000000000e+00 3.700893062708548736e+06 1.566779381085483432e+08
1.000000000000000021e-02 2.423439978435356636e+06 1.026140515277104825e+08
2.000000000000000042e-02 1.586804584584848257e+06 6.720298708349643648e+07
2.999999999999999889e-02 1.038895575726698502e+06 4.400976020931325108e+07
4.000000000000000083e-02 6.800917373115789378e+05 2.881927658645512164e+07
5.000000000000000278e-02 4.451411244374423986e+05 1.887055038811606914e+07
5.999999999999999778e-02 2.913043881516081165e+05 1.235508597777266614e+07
7.000000000000000666e-02 1.905882694712910161e+05 8.088298122372718528e+06
8.000000000000000167e-02 1.246583116745437728e+05 5.294279806345686316e+06
8.999999999999999667e-02 8.150655942598746333e+04 3.464817450539865065e+06
1.000000000000000056e-01 5.326883507534091768e+04 2.267041193481482565e+06
1.100000000000000006e-01 3.479502461772690003e+04 1.482933043604343664e+06
1.199999999999999956e-01 2.271260636751826678e+04 9.697031299613025039e+05
1.300000000000000044e-01 1.481326551467460376e+04 6.338352944238379132e+05
1.400000000000000133e-01 9.651136030359499273e+03 4.140865493091146927e+05
1.499999999999999944e-01 6.279661102034643591e+03 2.703515803657825454e+05
1.600000000000000033e-01 4.079249303774820419e+03 1.763690034921039478e+05
1.700000000000000122e-01 2.644401462727769740e+03 1.149440486770942080e+05
1.799999999999999933e-01 1.709789766828148913e+03 7.481953976334795880e+04
1.900000000000000022e-01 1.101849301967793281e+03 4.862651904488320724e+04
2.000000000000000111e-01 7.070789079644774802e+02 3.154203636460698181e+04
2.099999999999999922e-01 4.512853848342580818e+02 2.041012089029155686e+04
2.200000000000000011e-01 2.859944590149047485e+02 1.316612432049873678e+04
2.300000000000000100e-01 1.795549805657372531e+02 8.459758349305737283e+03
2.399999999999999911e-01 1.113163284265729942e+02 5.408263339380698199e+03
2.500000000000000000e-01 6.781803862679181805e+01 3.434800558552518851e+03
2.600000000000000089e-01 4.029682696599432745e+01 2.162654897915240781e+03
2.700000000000000178e-01 2.305599563832144838e+01 1.345983978788331569e+03
2.800000000000000266e-01 1.239927955094472800e+01 8.244970735799729482e+02
2.899999999999999800e-01 5.934053059205381508e+00 4.938012600152670757e+02
2.999999999999999889e-01 2.116182391734542367e+00 2.860039418529396471e+02
3.099999999999999978e-01 -4.707763593419382608e-02 1.570285868378392422e+02
3.200000000000000067e-01 -1.190858738936815930e+00 7.832374190064665243e+01
3.300000000000000155e-01 -1.718929929498665521e+00 3.144645628758165401e+01
3.400000000000000244e-01 -1.885846516409764639e+00 4.525829462395103420e+00
3.500000000000000333e-01 -1.850315468484021286e+00 -1.004409437722984144e+01
3.599999999999999867e-01 -1.709791197965391252e+00 -1.710795139382270591e+01
3.699999999999999956e-01 -1.522845223244615465e+00 -1.972782205016443058e+01
3.800000000000000044e-01 -1.323582859111096077e+00 -1.981936488838090327e+01
3.900000000000000133e-01 -1.130895425107924623e+00 -1.856446527812324376e+01
4.000000000000000222e-01 -9.543659675114185559e-01 -1.667826291873402411e+01
4.100000000000000311e-01 -7.980124098058065663e-01 -1.458141534299296715e+01
4.199999999999999845e-01 -6.626380205194021267e-01 -1.251079218701127793e+01
4.299999999999999933e-01 -5.472889544485980418e-01 -1.059024794920331658e+01
4.400000000000000022e-01 -4.501425425163541050e-01 -8.875575489160842935e+00
4.500000000000000111e-01 -3.690353675692381041e-01 -7.382814755655253691e+00
4.600000000000000200e-01 -3.017656393326695885e-01 -6.105875357851069829e+00
4.700000000000000289e-01 -2.462560256028651362e-01 -5.027334788876369309e+00
4.799999999999999822e-01 -2.006317940189013549e-01 -4.124908491503328278e+00
4.899999999999999911e-01 -1.632489157252552392e-01 -3.375199793483838917e+00
5.000000000000000000e-01 -1.326937925011468511e-01 -2.755761117802770332e+00
5.100000000000000089e-01 -1.077679576898381009e-01 -2.246124339205278542e+00
5.200000000000000178e-01 -8.746581696742437850e-02 -1.828216859763372337e+00
5.300000000000000266e-01 -7.095016299378917313e-02 -1.486424652871566110e+00
5.400000000000000355e-01 -5.752812015484754654e-02 -1.207463997368547259e+00
5.500000000000000444e-01 -4.662889933070044068e-02 -9.801602220085547934e-01
5.600000000000000533e-01 -3.778397524050406547e-02 -7.951917013987974681e-01
5.700000000000000622e-01 -3.060985179274015519e-02 -6.448322658584311196e-01
5.799999999999999600e-01 -2.479333294312150229e-02 -5.227097109657558027e-01
5.899999999999999689e-01 -2.007909054682095046e-02 -4.235887243009049952e-01
5.999999999999999778e-01 -1.625926759612249944e-02 -3.431810331951229420e-01
6.099999999999999867e-01 -1.316484429021236476e-02 -2.779824697538886835e-01
6.199999999999999956e-01 -1.065850650617026184e-02 -2.251350218963195371e-01
6.300000000000000044e-01 -8.628779794408512546e-03 -1.823112033124537623e-01
6.400000000000000133e-01 -6.985220087670156175e-03 -1.476178605288634704e-01
6.500000000000000222e-01 -5.654480924707190950e-03 -1.195166109653400255e-01
6.600000000000000311e-01 -4.577104009630479815e-03 -9.675833054046538428e-02
6.700000000000000400e-01 -3.704904326725211739e-03 -7.832939826801457728e-02
6.800000000000000488e-01 -2.998842435136891190e-03 -6.340770921279997863e-02
6.900000000000000577e-01 -2.427294977352292393e-03 -5.132675908828501776e-02
7.000000000000000666e-01 -1.964650046324220578e-03 -4.154637012534303370e-02
7.099999999999999645e-01 -1.590167156644551683e-03 -3.362886311764584635e-02
7.199999999999999734e-01 -1.287052473258760424e-03 -2.721968387958999952e-02
7.299999999999999822e-01 -1.041708979565888604e-03 -2.203166537457888069e-02
7.399999999999999911e-01 -8.431287047788119798e-04 -1.783225234608865756e-02
7.500000000000000000e-01 -6.824002361580777925e-04 -1.443313673326210994e-02
7.600000000000000089e-01 -5.523097395931683522e-04 -1.168185282459804041e-02
7.700000000000000178e-01 -4.470177938242348814e-04 -9.454964138960544190e-03
7.800000000000000266e-01 -3.617976713235690196e-04 -7.652542247886221123e-03
7.900000000000000355e-01 -2.928234079412367786e-04 -6.193693638907235392e-03
8.000000000000000444e-01 -2.369982063602682390e-04 -5.012936388320197133e-03
8.100000000000000533e-01 -1.918155081319349584e-04 -4.057265660439743696e-03
8.200000000000000622e-01 -1.552465220132862999e-04 -3.283777385291951432e-03
8.300000000000000711e-01 -1.256491751822161481e-04 -2.657744141252549666e-03
8.399999999999999689e-01 -1.016944099139991124e-04 -2.151057320040423906e-03
8.499999999999999778e-01 -8.230652329586195931e-05 -1.740965932444140480e-03
8.599999999999999867e-01 -6.661487561321794175e-05 -1.409055624723253800e-03
8.699999999999999956e-01 -5.391480189414165730e-05 -1.140422191044672797e-03
8.800000000000000044e-01 -4.363597328915375117e-05 -9.230025546665741962e-04
8.900000000000000133e-01 -3.531678879922705238e-05 -7.470332314033770659e-04
9.000000000000000222e-01 -2.858364820523355204e-05 -6.046119937549425003e-04
9.100000000000000311e-01 -2.313417595038236565e-05 -4.893430754695532892e-04
9.200000000000000400e-01 -1.872364295700346484e-05 -3.960499993579618782e-04
9.300000000000000488e-01 -1.515397684215992124e-05 -3.205431423983902363e-04
9.400000000000000577e-01 -1.226486715226145826e-05 -2.594316066625752815e-04
9.500000000000000666e-01 -9.926566265541138736e-06 -2.099709519009174347e-04
9.599999999999999645e-01 -8.034062725208239737e-06 -1.699399545541882702e-04
9.699999999999999734e-01 -6.502365376658704032e-06 -1.375408604747283502e-04
9.799999999999999822e-01 -5.262686551705467113e-06 -1.113186530460380839e-04
9.899999999999999911e-01 -4.259352908045733950e-06 -9.009571191381276947e-05
1.000000000000000000e+00 -3.447305203969202560e-06 -7.291892843339369164e-05
1.010000000000000009e+00 -2.790074732635281072e-06 -5.901690317220007251e-05
1.020000000000000018e+00 -2.258145543885270727e-06 -4.776530346083101571e-05
1.030000000000000027e+00 -1.827628905193010446e-06 -3.865882536871987767e-05
1.040000000000000036e+00 -1.479190474636204460e-06 -3.128850102848220089e-05
1.050000000000000044e+00 -1.197182007148498010e-06 -2.532333225542685726e-05
1.060000000000000053e+00 -9.689386002885515110e-07 -2.049542567795338912e-05
1.070000000000000062e+00 -7.842099197306841076e-07 -1.658796183105455948e-05
1.080000000000000071e+00 -6.346998614338291637e-07 -1.342545792754959647e-05
1.090000000000000080e+00 -5.136939771491644243e-07 -1.086588702348750182e-05
1.100000000000000089e+00 0.000000000000000000e+00 -8.794299659963712108e-06
1.110000000000000098e+00 0.000000000000000000e+00 -7.117661536540810920e-06
1.120000000000000107e+00 0.000000000000000000e+00 -5.760675381235029744e-06
1.130000000000000115e+00 0.000000000000000000e+00 -4.662399380793390676e-06
1.140000000000000124e+00 0.000000000000000000e+00 -3.773510307479697808e-06
1.150000000000000133e+00 0.000000000000000000e+00 -3.054088431195866813e-06
1.159999999999999920e+00 0.000000000000000000e+00 -2.471824738648919084e-06
1.169999999999999929e+00 0.000000000000000000e+00 -2.000569946734426683e-06
1.179999999999999938e+00 0.000000000000000000e+00 -1.619160147037939934e-06
1.189999999999999947e+00 0.000000000000000000e+00 -1.310466341680631177e-06
1.199999999999999956e+00 0.000000000000000000e+00 -1.060625185566895268e-06
