0.000000000000000000e+00 4.675201302677809261e+06 2.632754684282533824e+08
1.000000000000000021e-02 2.662009590022911783e+06 1.499392305606398880e+08
2.000000000000000042e-02 1.515502704442926450e+06 8.538648152152623236e+07
2.999999999999999889e-02 8.626235394346944522e+05 4.862076671227048337e+07
4.000000000000000083e-02 4.908811997133021359e+05 2.768215627537752688e+07
5.000000000000000278e-02 2.792454555999662261e+05 1.575816517878363095e+07
5.999999999999999778e-02 1.587825137683289358e+05 8.968407793131072074e+06
7.000000000000000666e-02 9.023237030302683706e+04 5.102671061157425866e+06
8.000000000000000167e-02 5.123657077625277452e+04 2.902087420248690993e+06
8.999999999999999667e-02 2.906308096275841672e+04 1.649674868774745613e+06
1.000000000000000056e-01 1.646242092609809697e+04 9.371017837987986859e+05
1.100000000000000006e-01 9.307408611486143855e+03 5.318340420043965569e+05
1.199999999999999956e-01 5.248855964714141010e+03 3.014621383803159697e+05
1.300000000000000044e-01 2.949944924822123994e+03 1.705989812327731925e+05
1.400000000000000133e-01 1.650206942831882088e+03 9.633023995219233620e+04
1.499999999999999944e-01 9.172309484884224275e+02 5.423220994324128696e+04
1.600000000000000033e-01 5.052886569195442803e+02 3.040878591476436850e+04
1.700000000000000122e-01 2.748489599548786373e+02 1.695672866659551073e+04
1.799999999999999933e-01 1.467656255350089793e+02 9.383499630432394042e+03
1.900000000000000022e-01 7.620758534803879058e+01 5.137110681299815042e+03
2.000000000000000111e-01 3.782881418480530300e+01 2.769237170978656195e+03
2.099999999999999922e-01 1.733576771092669588e+01 1.458923320570430633e+03
2.200000000000000011e-01 6.695380351534247154e+00 7.415900294608239847e+02
2.300000000000000100e-01 1.414045521718077847e+00 3.549116054015632926e+02
2.399999999999999911e-01 -1.005822764853766982e+00 1.512056768984272423e+02
2.500000000000000000e-01 -1.940040624388571056e+00 4.766637207526772357e+01
2.600000000000000089e-01 -2.136923907983061532e+00 -1.879653511864311177e+00
2.700000000000000178e-01 -1.996022300420093876e+00 -2.298271614592443868e+01
2.800000000000000266e-01 -1.724767814611680716e+00 -2.962983172359444950e+01
2.899999999999999800e-01 -1.426100748497767245e+00 -2.936027285306499834e+01
2.999999999999999889e-01 -1.147171846631072079e+00 -2.614546089726373168e+01
3.099999999999999978e-01 -9.061694308823369237e-01 -2.200370549776465268e+01
3.200000000000000067e-01 -7.069101885709168087e-01 -1.790058104279250628e+01
3.300000000000000155e-01 -5.466291274767695052e-01 -1.424714211216725168e+01
3.400000000000000244e-01 -4.200234157032858295e-01 -1.117265107622314346e+01
3.500000000000000333e-01 -3.212588247057334701e-01 -8.671575228475800756e+00
3.599999999999999867e-01 -2.448884526383517113e-01 -6.681013017931483944e+00
3.699999999999999956e-01 -1.862068319799606853e-01 -5.120037288102026629e+00
3.800000000000000044e-01 -1.413239150273780942e-01 -3.908512789523058473e+00
3.900000000000000133e-01 -1.071108166998607919e-01 -2.975102859415396761e+00
4.000000000000000222e-01 -8.109614836001975691e-02 -2.259783081328588406e+00
4.100000000000000311e-01 -6.135205086107366201e-02 -1.713728003978881809e+00
4.199999999999999845e-01 -4.638782794524359127e-02 -1.298080408948135922e+00
4.299999999999999933e-01 -3.505807406985456121e-02 -9.823700510049963031e-01
4.400000000000000022e-01 -2.648673079137858072e-02 -7.429485941335325361e-01
4.500000000000000111e-01 -2.000600705853997768e-02 -5.615967000889562355e-01
4.600000000000000200e-01 -1.510813683038316792e-02 -4.243521500516240219e-01
4.700000000000000289e-01 -1.140774776981377629e-02 -3.205566851208180856e-01
4.799999999999999822e-01 -8.612763896756471874e-03 -2.420974853241328051e-01
4.899999999999999911e-01 -6.502048438041118858e-03 -1.828123905063783472e-01
5.000000000000000000e-01 -4.908304262026050649e-03 -1.380282969865339882e-01
5.100000000000000089e-01 -3.705039546726324618e-03 -1.042055321682893443e-01
5.200000000000000178e-01 -2.796656973164547439e-03 -7.866532810726493963e-02
5.300000000000000266e-01 -2.110931890740616167e-03 -5.938178667255117338e-02
5.400000000000000355e-01 -1.593311494823090955e-03 -4.482352942654049821e-02
5.500000000000000444e-01 -1.202598627771094691e-03 -3.383342213737856874e-02
5.600000000000000533e-01 -9.076864412624414047e-04 -2.553736366504978650e-02
5.700000000000000622e-01 -6.850895083076406072e-04 -1.927519772795697681e-02
5.799999999999999600e-01 -5.170779413579243465e-04 -1.454842814805132507e-02
5.899999999999999689e-01 -3.902677026599075494e-04 -1.098067701515866371e-02
5.999999999999999778e-01 -2.945558365777848036e-04 -8.287795012892573004e-03
6.099999999999999867e-01 -2.223163793079779751e-04 -6.255276321486742327e-03
6.199999999999999956e-01 -1.677932124963274572e-04 -4.721197810230868402e-03
6.300000000000000044e-01 -1.266416726001406046e-04 -3.563334037742551304e-03
6.400000000000000133e-01 -9.558249745050218459e-05 -2.689427555264019103e-03
6.500000000000000222e-01 -7.214059551841413319e-05 -2.029842728491131586e-03
6.600000000000000311e-01 -5.444785563142986643e-05 -1.532019686793582858e-03
6.700000000000000400e-01 -4.109430282537113947e-05 -1.156287580949242472e-03
6.800000000000000488e-01 -3.101574999110033864e-05 -8.727041545699205276e-04
6.900000000000000577e-01 -2.340899840740214973e-05 -6.586701384391703724e-04
7.000000000000000666e-01 -1.766783285985221630e-05 -4.971285625994119372e-04
7.099999999999999645e-01 -1.333471262303311829e-05 -3.752056028169520460e-04
7.199999999999999734e-01 -1.006430953062668409e-05 -2.831847131291845743e-04
7.299999999999999822e-01 -7.595987981844727444e-06 -2.137323272934810604e-04
7.399999999999999911e-01 -5.733034060545792763e-06 -1.613134436409103091e-04
7.500000000000000000e-01 -4.326978644713627233e-06 -1.217505308981269653e-04
7.600000000000000089e-01 -3.265765254301792852e-06 -9.189060901357539910e-05
7.700000000000000178e-01 -2.464819738496210026e-06 -6.935397692733909886e-05
7.800000000000000266e-01 -1.860310135792697292e-06 -5.234456432762346888e-05
7.900000000000000355e-01 -1.404059569659660590e-06 -3.950679457783078878e-05
8.000000000000000444e-01 -1.059706772232346002e-06 -2.981755215673890608e-05
8.100000000000000533e-01 -7.998082533596973342e-07 -2.250464530357489161e-05
8.200000000000000622e-01 -6.036511742070343929e-07 -1.698526592746047294e-05
8.300000000000000711e-01 -4.556026229292547121e-07 -1.281954243171512716e-05
8.399999999999999689e-01 -3.438637378800118178e-07 -9.675483884947676060e-06
8.499999999999999778e-01 -2.595293878897965124e-07 -7.302521779260986396e-06
8.599999999999999867e-01 -1.958784704393931398e-07 -5.511540788314548886e-06
8.699999999999999956e-01 -1.478382676566616496e-07 -4.159807073304097640e-06
8.800000000000000044e-01 -1.115801716471255704e-07 -3.139592992962489009e-06
8.900000000000000133e-01 -8.421456020282289493e-08 -2.369591658279889501e-06
9.000000000000000222e-01 -6.356050577710620869e-08 -1.788437109765617981e-06
9.100000000000000311e-01 -4.797196449780440917e-08 -1.349813703395044547e-06
9.200000000000000400e-01 -3.620659320773444702e-08 -1.018764944148560248e-06
9.300000000000000488e-01 -2.732673979461347617e-08 -7.689075967409333710e-07
9.400000000000000577e-01 -2.062471614846050346e-08 -5.803290498171223085e-07
9.500000000000000666e-01 -1.556639830875967209e-08 -4.380003622797106286e-07
9.599999999999999645e-01 -1.174865896469006213e-08 -3.305785181044125440e-07
9.699999999999999734e-01 -8.867239853152243485e-09 -2.495024342888212868e-07
9.799999999999999822e-01 -6.692503616212205346e-09 -1.883106774835702799e-07
9.899999999999999911e-01 -5.051132640141351398e-09 -1.421265141198897812e-07
1.000000000000000000e+00 -3.812316348293621934e-09 -1.072692546376262335e-07
1.010000000000000009e+00 -2.877326131460216513e-09 -8.096091753849466761e-08
1.020000000000000018e+00 -2.171647080197698505e-09 -6.110483558840923831e-08
1.030000000000000027e+00 -1.639039450297681818e-09 -4.611855998741651454e-08
1.040000000000000036e+00 -1.237056584418186648e-09 -3.480774565166166578e-08
1.050000000000000044e+00 -9.336620865085366684e-10 -2.627096677895853705e-08
1.060000000000000053e+00 -7.046766516229149798e-10 -1.982787688682685368e-08
1.070000000000000062e+00 -5.318510738678076106e-10 -1.496498797101309803e-08
1.080000000000000071e+00 -4.014118590724972951e-10 -1.129474760452707860e-08
1.090000000000000080e+00 -3.029635334411030545e-10 -8.524652588837303850e-09
1.100000000000000089e+00 0.000000000000000000e+00 -6.433937641141527491e-09
1.110000000000000098e+00 0.000000000000000000e+00 -4.855981301118028500e-09
1.120000000000000107e+00 0.000000000000000000e+00 -3.665026879643245963e-09
1.130000000000000115e+00 0.000000000000000000e+00 -2.766160163216072203e-09
1.140000000000000124e+00 0.000000000000000000e+00 -2.087745137982285023e-09
1.150000000000000133e+00 0.000000000000000000e+00 -1.575714891394796083e-09
1.159999999999999920e+00 0.000000000000000000e+00 -1.189262699641745511e-09
1.169999999999999929e+00 0.000000000000000000e+00 -8.975898980722920491e-10
1.179999999999999938e+00 0.000000000000000000e+00 -6.774513531481743330e-10
1.189999999999999947e+00 0.000000000000000000e+00 -5.113029200392378941e-10
1.199999999999999956e+00 0.000000000000000000e+00 -3.859032457838823724e-10
