0.000000000000000000e+00 5.488898835654003546e+06 3.091005200711064935e+08
1.000000000000000021e-02 3.125302298298879992e+06 1.760362569400272369e+08
2.000000000000000042e-02 1.779248604445628123e+06 1.002474815798409879e+08
2.999999999999999889e-02 1.012741771125943167e+06 5.708258864944646508e+07
4.000000000000000083e-02 5.763035745325861499e+05 3.249969420926831663e+07
5.000000000000000278e-02 3.278374164200400119e+05 1.850045911917942017e+07
5.999999999999999778e-02 1.864114394015464350e+05 1.052906241973957978e+07
7.000000000000000666e-02 1.059326224336722225e+05 5.990587491412035190e+06
8.000000000000000167e-02 6.015127918878005585e+04 3.407060258278851863e+06
8.999999999999999667e-02 3.411959724347529846e+04 1.936712487120334292e+06
1.000000000000000056e-01 1.932650596744108407e+04 1.100147745866305195e+06
1.100000000000000006e-01 1.092661840190616931e+04 6.243639407957743388e+05
1.199999999999999956e-01 6.161960874436893391e+03 3.539092030687404913e+05
1.300000000000000044e-01 3.463102758567097226e+03 2.002778264337512082e+05
1.400000000000000133e-01 1.937255622507053431e+03 1.130879599949188851e+05
1.499999999999999944e-01 1.076772767173410784e+03 6.366609759690365900e+04
1.600000000000000033e-01 5.931730954535963747e+02 3.569826255480845430e+04
1.700000000000000122e-01 3.226502772516976165e+02 1.990613512618825916e+04
1.799999999999999933e-01 1.722890039560354865e+02 1.101555321322577038e+04
1.900000000000000022e-01 8.945926414715995634e+01 6.030544906618324603e+03
2.000000000000000111e-01 4.440595054079924608e+01 3.250822529451478658e+03
2.099999999999999922e-01 2.034918580678202460e+01 1.712615636658426638e+03
2.200000000000000011e-01 7.858632764480889321e+00 8.705296672364719370e+02
2.300000000000000100e-01 1.659104779045743827e+00 4.166082664566823723e+02
2.399999999999999911e-01 -1.181370229734554078e+00 1.774813784214859140e+02
2.500000000000000000e-01 -2.277879417845041665e+00 5.594067290986708940e+01
2.600000000000000089e-01 -2.508870814497339286e+00 -2.217727006517981714e+00
2.700000000000000178e-01 -2.343369921898913244e+00 -2.698762889086555461e+01
2.800000000000000266e-01 -2.024874082048759849e+00 -3.478838934020267715e+01
2.899999999999999800e-01 -1.674218447634873375e+00 -3.447025520197101400e+01
2.999999999999999889e-01 -1.346748014199777410e+00 -3.069515185390032741e+01
3.099999999999999978e-01 -1.063810006998128443e+00 -2.583225857500722356e+01
3.200000000000000067e-01 -8.298818288454945513e-01 -2.101497023563881683e+01
3.300000000000000155e-01 -6.417154677921901307e-01 -1.672575256305416858e+01
3.400000000000000244e-01 -4.930843590565819334e-01 -1.311629381427325391e+01
3.500000000000000333e-01 -3.771385842431555502e-01 -1.018006075657035048e+01
3.599999999999999867e-01 -2.874832346227672586e-01 -7.843185732278787015e+00
3.699999999999999956e-01 -2.185940045999509307e-01 -6.010648777876119730e+00
3.800000000000000044e-01 -1.659039754157934643e-01 -4.588365277571537781e+00
3.900000000000000133e-01 -1.257398739970134183e-01 -3.492583360287053296e+00
4.000000000000000222e-01 -9.520034467092272634e-02 -2.652833494058006281e+00
4.100000000000000311e-01 -7.202213892514477966e-02 -2.011794654066383359e+00
4.199999999999999845e-01 -5.445523442743327447e-02 -1.523848962206877378e+00
4.299999999999999933e-01 -4.115497415477247650e-02 -1.153225020028008529e+00
4.400000000000000022e-01 -3.109290765344004809e-02 -8.721603798502024496e-01
4.500000000000000111e-01 -2.348508357389366558e-02 -6.592661947317908222e-01
4.600000000000000200e-01 -1.773541372273813865e-02 -4.981514018397288912e-01
4.700000000000000289e-01 -1.339149470942311952e-02 -3.763037039151793661e-01
4.799999999999999822e-01 -1.011044849013127515e-02 -2.841990678595593955e-01
4.899999999999999911e-01 -7.632675849558180105e-03 -2.146034616956093710e-01
5.000000000000000000e-01 -5.761782198670521889e-03 -1.620309418984427208e-01
5.100000000000000089e-01 -4.349275857943774720e-03 -1.223261590535819759e-01
5.200000000000000178e-01 -3.282933263509727091e-03 -9.234442100229231509e-02
5.300000000000000266e-01 -2.477968739858445874e-03 -6.970746804789601514e-02
5.400000000000000355e-01 -1.870342065676479978e-03 -5.261757684858642953e-02
5.500000000000000444e-01 -1.411691523974521831e-03 -3.971636279928521251e-02
5.600000000000000533e-01 -1.065500610548050743e-03 -2.997770296922297462e-02
5.700000000000000622e-01 -8.041997310505272049e-04 -2.262663041743395720e-02
5.799999999999999600e-01 -6.069757920527350803e-04 -1.707795504480069670e-02
5.899999999999999689e-01 -4.581173334606031158e-04 -1.288984401244227217e-02
5.999999999999999778e-01 -3.457645766204557884e-04 -9.728733288618821376e-03
6.099999999999999867e-01 -2.609654895815260284e-04 -7.342814355262777988e-03
6.199999999999999956e-01 -1.969630501227269913e-04 -5.542006096886314438e-03
6.300000000000000044e-01 -1.486571366412502994e-04 -4.182828820393474055e-03
6.400000000000000133e-01 -1.121982939271841178e-04 -3.156982387170996669e-03
6.500000000000000222e-01 -8.468107371340289247e-05 -2.382722426232484082e-03
6.600000000000000311e-01 -6.391255314974876405e-05 -1.798349762448233540e-03
6.700000000000000400e-01 -4.823760727359073351e-05 -1.357295566710323967e-03
6.800000000000000488e-01 -3.640702412343185476e-05 -1.024411314604354315e-03
6.900000000000000577e-01 -2.747795956933360006e-05 -7.731683212827356261e-04
7.000000000000000666e-01 -2.073880289725209161e-05 -5.835439180323522381e-04
7.099999999999999645e-01 -1.565246770622901316e-05 -4.404259496397692586e-04
7.199999999999999734e-01 -1.181359001583724691e-05 -3.324085178675573421e-04
7.299999999999999822e-01 -8.916223217418880781e-06 -2.508830420037773314e-04
7.399999999999999911e-01 -6.729455714007764518e-06 -1.893522231540148513e-04
7.500000000000000000e-01 -5.079008306875806073e-06 -1.429122522418587512e-04
7.600000000000000089e-01 -3.833344840560708945e-06 -1.078620036957956413e-04
7.700000000000000178e-01 -2.893189247107757576e-06 -8.140807348977744556e-05
7.800000000000000266e-01 -2.183613573903964302e-06 -6.144215662395963672e-05
7.900000000000000355e-01 -1.648066458922053626e-06 -4.637302318889236652e-05
8.000000000000000444e-01 -1.243866153766214571e-06 -3.499970283533025380e-05
8.100000000000000533e-01 -9.387989087632719485e-07 -2.641577128531204981e-05
8.200000000000000622e-01 -7.085516249938389408e-07 -1.993711105144945140e-05
8.300000000000000711e-01 -5.347741649151261715e-07 -1.504738924002695604e-05
8.399999999999999689e-01 -4.036168941803057524e-07 -1.135690724869009181e-05
8.499999999999999778e-01 -3.046269012856502977e-07 -8.571542835192874131e-06
8.599999999999999867e-01 -2.299149270025393826e-07 -6.469309347280642521e-06
8.699999999999999956e-01 -1.735266102205519781e-07 -4.882663959419618517e-06
8.800000000000000044e-01 -1.309679402104134985e-07 -3.685154936198187392e-06
8.900000000000000133e-01 -9.884709511308798965e-08 -2.781343747677772401e-06
9.000000000000000222e-01 -7.460412211515337815e-08 -2.099198857181502789e-06
9.100000000000000311e-01 -5.630691551338279010e-08 -1.584354986848007039e-06
9.200000000000000400e-01 -4.249723263709428393e-08 -1.195780339493938995e-06
9.300000000000000488e-01 -3.207447548379214788e-08 -9.025064655491273182e-07
9.400000000000000577e-01 -2.420797575417695984e-08 -6.811601537853002516e-07
9.500000000000000666e-01 -1.827079262132642219e-08 -5.141006437490207343e-07
9.599999999999999645e-01 -1.378974707976133078e-08 -3.880137003871003764e-07
9.699999999999999734e-01 -1.040771073505621220e-08 -2.928505021063959670e-07
9.799999999999999822e-01 -7.855143543178625426e-09 -2.210267742717210609e-07
9.899999999999999911e-01 -5.928612127185489469e-09 -1.668183410562163572e-07
1.000000000000000000e+00 -4.474576633736889903e-09 -1.259049226132089163e-07
1.010000000000000009e+00 -3.377153981563959910e-09 -9.502581932384635677e-08
1.020000000000000018e+00 -2.548882262714237389e-09 -7.172004199887211258e-08
1.030000000000000027e+00 -1.923750241923847915e-09 -5.413017704779699304e-08
1.040000000000000036e+00 -1.451936422243627146e-09 -4.085435514918455175e-08
1.050000000000000044e+00 -1.095838393296360935e-09 -3.083452568690874235e-08
1.060000000000000053e+00 -8.270760109153066893e-10 -2.327213269792775291e-08
1.070000000000000062e+00 -6.242295688960131889e-10 -1.756447191055019988e-08
1.080000000000000071e+00 -4.711327006703276655e-10 -1.325665668453836872e-08
1.090000000000000080e+00 -3.555839593318949949e-10 -1.000536465573112305e-08
1.100000000000000089e+00 0.000000000000000000e+00 -7.551475781246323661e-09
1.110000000000000098e+00 0.000000000000000000e+00 -5.699421104241560177e-09
1.120000000000000107e+00 0.000000000000000000e+00 -4.301596385178175572e-09
1.130000000000000115e+00 0.000000000000000000e+00 -3.246598404031300123e-09
1.140000000000000124e+00 0.000000000000000000e+00 -2.450346395435397362e-09
1.150000000000000133e+00 0.000000000000000000e+00 -1.849381016808100135e-09
1.159999999999999920e+00 0.000000000000000000e+00 -1.395806793561069128e-09
1.169999999999999929e+00 0.000000000000000000e+00 -1.053474966620059052e-09
1.179999999999999938e+00 0.000000000000000000e+00 -7.951025245142015339e-10
1.189999999999999947e+00 0.000000000000000000e+00 -6.000978139204062701e-10
1.199999999999999956e+00 0.000000000000000000e+00 -4.529194351281380205e-10
