0.000000000000000000e+00 9.147374637151492760e+06 5.151213957796155214e+08
1.000000000000000021e-02 5.208396666135917418e+06 2.933680129316340089e+08
2.000000000000000042e-02 2.965168900576577056e+06 1.670647732639363408e+08
2.999999999999999889e-02 1.687766289394539548e+06 9.512964052557843924e+07
4.000000000000000083e-02 9.604299226545349229e+05 5.416169565447258949e+07
5.000000000000000278e-02 5.463534288345929235e+05 3.083161447203528881e+07
5.999999999999999778e-02 3.106622636327430955e+05 1.754705530407095328e+07
7.000000000000000666e-02 1.765413558662228461e+05 9.983544214622024447e+06
8.000000000000000167e-02 1.002449256950363488e+05 5.678007126659164205e+06
8.999999999999999667e-02 5.686201303536892374e+04 3.227617511766488664e+06
1.000000000000000056e-01 3.220864790610982891e+04 1.833448520814277465e+06
1.100000000000000006e-01 1.820982422122033677e+04 1.040534116222372046e+06
1.199999999999999956e-01 1.026927451597774052e+04 5.898087089629726252e+05
1.300000000000000044e-01 5.771478538842871785e+03 3.337743985494999797e+05
1.400000000000000133e-01 3.228565192615522847e+03 1.884678907294687815e+05
1.499999999999999944e-01 1.794517432533465353e+03 1.061035969976541965e+05
1.600000000000000033e-01 9.885670896936690042e+02 5.949354846192694094e+04
1.700000000000000122e-01 5.377222201137309412e+02 3.317498371796171705e+04
1.799999999999999933e-01 2.871342390318147864e+02 1.835824448577927251e+04
1.900000000000000022e-01 1.490921062382408024e+02 1.005038257526899542e+04
2.000000000000000111e-01 7.400707087066422218e+01 5.417771884865878746e+03
2.099999999999999922e-01 3.391435924064971630e+01 2.854231099828367405e+03
2.200000000000000011e-01 1.309765837541835509e+01 1.450825664187769235e+03
2.300000000000000100e-01 2.765482945400246972e+00 6.943257887015880669e+02
2.399999999999999911e-01 -1.968525484052365826e+00 2.957981145713875435e+02
2.500000000000000000e-01 -3.796042073920327997e+00 9.323778109915971868e+01
2.600000000000000089e-01 -4.181077173756202470e+00 -3.690192191787811105e+00
2.700000000000000178e-01 -3.905305817744705976e+00 -4.497295373051299805e+01
2.800000000000000266e-01 -3.374541299477773038e+00 -5.797479629068598683e+01
2.899999999999999800e-01 -2.790169327854145731e+00 -5.744548425987625961e+01
2.999999999999999889e-01 -2.244429918305943517e+00 -5.115458932962624772e+01
3.099999999999999978e-01 -1.772902197021870352e+00 -4.305061540795523456e+01
3.200000000000000067e-01 -1.383049715259387691e+00 -3.502251251702152501e+01
3.300000000000000155e-01 -1.069460518565031881e+00 -2.787438910178588003e+01
3.400000000000000244e-01 -8.217583120516053219e-01 -2.185907445753084843e+01
3.500000000000000333e-01 -6.285276913147853639e-01 -1.696570040716087036e+01
3.599999999999999867e-01 -4.791113947976598508e-01 -1.307117440641328265e+01
3.699999999999999956e-01 -3.643029753696344630e-01 -1.001714759710090341e+01
3.800000000000000044e-01 -2.764914683522665118e-01 -7.646826971611346835e+00
3.900000000000000133e-01 -2.095551866912384320e-01 -5.820637813625801016e+00
4.000000000000000222e-01 -1.586588681633073761e-01 -4.421140075963959859e+00
4.100000000000000311e-01 -1.200306816686811384e-01 -3.352805781965285892e+00
4.199999999999999845e-01 -9.075411115526334227e-02 -2.539610521041129942e+00
4.299999999999999933e-01 -6.858820238098914390e-02 -1.921939373231436265e+00
4.400000000000000022e-01 -5.181897653478680088e-02 -1.453524663457014254e+00
4.500000000000000111e-01 -3.913992661062030975e-02 -1.098720618056881371e+00
4.600000000000000200e-01 -2.955763085204740973e-02 -8.302105237331580678e-01
4.700000000000000289e-01 -2.231812721284090126e-02 -6.271418399745924965e-01
4.799999999999999822e-01 -1.684998472485318630e-02 -4.736421390686964550e-01
4.899999999999999911e-01 -1.272056214416806413e-02 -3.576554167952731289e-01
5.000000000000000000e-01 -9.602553072900201284e-03 -2.700389666690498069e-01
5.100000000000000089e-01 -7.248484684332986462e-03 -2.038676025547931925e-01
5.200000000000000178e-01 -5.471327582382980170e-03 -1.539004653808017375e-01
5.300000000000000266e-01 -4.129779636764036553e-03 -1.161740078099735285e-01
5.400000000000000355e-01 -3.117112581394890138e-03 -8.769218678203051509e-02
5.500000000000000444e-01 -2.352727585322107826e-03 -6.619114859535855933e-02
5.600000000000000533e-01 -1.775766795763759377e-03 -4.996077789084158588e-02
5.700000000000000622e-01 -1.340283102399512103e-03 -3.770952951262983993e-02
5.799999999999999600e-01 -1.011589655714477095e-03 -2.846213587848438892e-02
5.899999999999999689e-01 -7.635019027834178806e-04 -2.148224543328443314e-02
5.999999999999999778e-01 -5.762544442682547823e-04 -1.621394518011889246e-02
6.099999999999999867e-01 -4.349278915837844406e-04 -1.223757429870523522e-02
6.199999999999999956e-01 -3.282610325595331337e-04 -9.236345772590861050e-03
6.300000000000000044e-01 -2.477540278653793697e-04 -6.971137767426679142e-03
6.400000000000000133e-01 -1.869913872823273412e-04 -5.261458182676983890e-03
6.500000000000000222e-01 -1.411308953023419194e-04 -3.971072414012882974e-03
6.600000000000000311e-01 -1.065178268680661065e-04 -2.997152949483407151e-03
6.700000000000000400e-01 -8.039374836074694838e-05 -2.262088360204066000e-03
6.800000000000000488e-01 -6.067671947561278776e-05 -1.707300199823681393e-03
6.900000000000000577e-01 -4.579539201884663566e-05 -1.288575786141313859e-03
7.000000000000000666e-01 -3.456379136380066918e-05 -9.725453275661290675e-04
7.099999999999999645e-01 -2.608680533246115281e-05 -7.340228745894271118e-04
7.199999999999999734e-01 -1.968885070259324724e-05 -5.539993162531988737e-04
7.299999999999999822e-01 -1.486003367168707658e-05 -4.181275481406084948e-04
7.399999999999999911e-01 -1.121551422305809635e-05 -3.155791291260992126e-04
7.500000000000000000e-01 -8.464836308288680510e-06 -2.381813313668997012e-04
7.600000000000000089e-01 -6.388779810843907353e-06 -1.797658235295773201e-04
7.700000000000000178e-01 -4.821889608089233169e-06 -1.356770875224265439e-04
7.800000000000000266e-01 -3.639289433487498517e-06 -1.024013957234990379e-04
7.900000000000000355e-01 -2.746729690543318927e-06 -7.728678197615116818e-05
8.000000000000000444e-01 -2.073076085887539404e-06 -5.833169040028072871e-05
8.100000000000000533e-01 -1.564640463249735117e-06 -4.402545882675595326e-05
8.200000000000000622e-01 -1.180902031360671131e-06 -3.322792435312565024e-05
8.300000000000000711e-01 -8.912779853141175302e-07 -2.507855622217429622e-05
8.399999999999999689e-01 -6.726861523112413975e-07 -1.892787434339029189e-05
8.499999999999999778e-01 -5.077054134817945324e-07 -1.428568780790060164e-05
8.599999999999999867e-01 -3.831872937618922720e-07 -1.078202821167893017e-05
8.699999999999999956e-01 -2.892080681699813144e-07 -8.137664318038520072e-06
8.800000000000000044e-01 -2.182778707462658802e-07 -6.141848182039047245e-06
8.900000000000000133e-01 -1.647437746445355964e-07 -4.635519178290892954e-06
9.000000000000000222e-01 -1.243392707196470925e-07 -3.498627348264838771e-06
9.100000000000000311e-01 -9.384423943966168578e-08 -2.640565778445980976e-06
9.200000000000000400e-01 -7.082831691950434390e-08 -1.992949499901280852e-06
9.300000000000000488e-01 -5.345720212461682231e-08 -1.504165409889455240e-06
9.400000000000000577e-01 -4.034646851078049426e-08 -1.135258860933290557e-06
9.500000000000000666e-01 -3.045122932516689186e-08 -8.568290909753137160e-07
9.599999999999999645e-01 -2.298286322213340184e-08 -6.466860697524288532e-07
9.699999999999999734e-01 -1.734616347304269615e-08 -4.880820190689713836e-07
9.799999999999999822e-01 -1.309190174872928182e-08 -3.683766644150366043e-07
9.899999999999999911e-01 -9.881025948709461036e-09 -2.780298424585993786e-07
1.000000000000000000e+00 -7.457638750149482621e-09 -2.098411782218206606e-07
1.010000000000000009e+00 -5.628603346904402718e-09 -1.583762364680331081e-07
1.020000000000000018e+00 -4.248151016338633964e-09 -1.195334132651415933e-07
1.030000000000000027e+00 -3.206263782502804448e-09 -9.021705026511776803e-08
1.040000000000000036e+00 -2.419906308248985691e-09 -6.809071987458840850e-08
1.050000000000000044e+00 -1.826408223987285005e-09 -5.139101887401635888e-08
1.060000000000000053e+00 -1.378469484231021861e-09 -3.878703038722306875e-08
1.070000000000000062e+00 -1.040390693596045844e-09 -2.927425373541780365e-08
1.080000000000000071e+00 -7.852279703672389725e-10 -2.209454869840799865e-08
1.090000000000000080e+00 -5.926455986582925315e-10 -1.667571397702450400e-08
1.100000000000000089e+00 0.000000000000000000e+00 -1.258588443863521310e-08
1.110000000000000098e+00 0.000000000000000000e+00 -9.499112740854858172e-09
1.120000000000000107e+00 0.000000000000000000e+00 -7.169392290476584927e-09
1.130000000000000115e+00 0.000000000000000000e+00 -5.411051244139123676e-09
1.140000000000000124e+00 0.000000000000000000e+00 -4.083955010460092674e-09
1.150000000000000133e+00 0.000000000000000000e+00 -3.082337936737207842e-09
1.159999999999999920e+00 0.000000000000000000e+00 -2.326374098614068154e-09
1.169999999999999929e+00 0.000000000000000000e+00 -1.755815409528714949e-09
1.179999999999999938e+00 0.000000000000000000e+00 -1.325190026046656919e-09
1.189999999999999947e+00 0.000000000000000000e+00 -1.000178376156367532e-09
1.199999999999999956e+00 0.000000000000000000e+00 -7.548779906793752484e-10
