0.000000000000000000e+00 1.016386078251422383e+07 5.723634329374072552e+08
1.000000000000000021e-02 5.787170342860934325e+06 3.259680409230704308e+08
2.000000000000000042e-02 3.294667729853575118e+06 1.856295538420146406e+08
2.999999999999999889e-02 1.875316030186574208e+06 1.057007485698011965e+08
4.000000000000000083e-02 1.067155757932482986e+06 6.018031157111341506e+07
5.000000000000000278e-02 6.070658108859892236e+05 3.425771707001153380e+07
5.999999999999999778e-02 3.451839355500612874e+05 1.949693610169900581e+07
7.000000000000000666e-02 1.961591193183107534e+05 1.109294452395371348e+07
8.000000000000000167e-02 1.113844116364256624e+05 6.308963292680329643e+06
8.999999999999999667e-02 6.318066878655723849e+04 3.586279239319934044e+06
1.000000000000000056e-01 3.578775478746664885e+04 2.037186225409718696e+06
1.100000000000000006e-01 2.023334482891369407e+04 1.156160974524191115e+06
1.199999999999999956e-01 1.141042084698277722e+04 6.553497434542725096e+05
1.300000000000000044e-01 6.412818566038222343e+03 3.708642281010037404e+05
1.400000000000000133e-01 3.587330542447764401e+03 2.094108902616407140e+05
1.499999999999999944e-01 1.993928041686497409e+03 1.178940721472195728e+05
1.600000000000000033e-01 1.098418677742999080e+03 6.610460308996209642e+04
1.700000000000000122e-01 5.974749474885707059e+02 3.686145828929820709e+04
1.799999999999999933e-01 3.190411091223199946e+02 2.039824977331964328e+04
1.900000000000000022e-01 1.656594617535097029e+02 1.116720032832485776e+04
2.000000000000000111e-01 8.223083771120913354e+01 6.019804368598418478e+03
2.099999999999999922e-01 3.768295515389306871e+01 3.171397892742530075e+03
2.200000000000000011e-01 1.455307060613449721e+01 1.612043446105609064e+03
2.300000000000000100e-01 3.072770764166814494e+00 7.714800056311091794e+02
2.399999999999999911e-01 -2.187284554612353382e+00 3.286673201550345311e+02
2.500000000000000000e-01 -4.217874449448433261e+00 1.035982168815822462e+02
2.600000000000000089e-01 -4.645692630531174316e+00 -4.100484208442812140e+00
2.700000000000000178e-01 -4.339275090980873273e+00 -4.997059586839306888e+01
2.800000000000000266e-01 -3.749529651967764554e+00 -6.441717833583966524e+01
2.899999999999999800e-01 -3.100220216685517283e+00 -6.382901312416449713e+01
2.999999999999999889e-01 -2.493836561633049342e+00 -5.683903754627409910e+01
3.099999999999999978e-01 -1.969911343337591658e+00 -4.783451772071775565e+01
3.200000000000000067e-01 -1.536737413623328941e+00 -3.891430513880963105e+01
3.300000000000000155e-01 -1.188301387093600114e+00 -3.097186069224571980e+01
3.400000000000000244e-01 -9.130739045911990814e-01 -2.428810741206783774e+01
3.500000000000000333e-01 -6.983710391596026357e-01 -1.885096863702882786e+01
3.599999999999999867e-01 -5.323512595889032806e-01 -1.452367299772105014e+01
3.699999999999999956e-01 -4.047850709246748058e-01 -1.113027523270900154e+01
3.800000000000000044e-01 -3.072157568517095427e-01 -8.496558938350441181e+00
3.900000000000000133e-01 -2.328413721967617922e-01 -6.467439412988222003e+00
4.000000000000000222e-01 -1.762893480683753733e-01 -4.912426326577636004e+00
4.100000000000000311e-01 -1.333687181982027570e-01 -3.725376368926662352e+00
4.199999999999999845e-01 -1.008388762913607073e-01 -2.821817095591207192e+00
4.299999999999999933e-01 -7.620984804788130673e-02 -2.135509024610871442e+00
4.400000000000000022e-01 -5.757719343230914555e-02 -1.615043102516877216e+00
4.500000000000000111e-01 -4.348922347447472386e-02 -1.220812511628865504e+00
4.600000000000000200e-01 -3.284212522986364180e-02 -9.224650414690840350e-01
4.700000000000000289e-01 -2.479815478191702352e-02 -6.968309694955764355e-01
4.799999999999999822e-01 -1.872238255897609727e-02 -5.262740882835538203e-01
4.899999999999999911e-01 -1.413409133548815082e-02 -3.973987039819243394e-01
5.000000000000000000e-01 -1.066960376883677696e-02 -3.000461529075414968e-01
5.100000000000000089e-01 -8.053947364012570623e-03 -2.265217076445993349e-01
5.200000000000000178e-01 -6.079309656888298719e-03 -1.710021340257594502e-01
5.300000000000000266e-01 -4.588686756592663327e-03 -1.290834472945839584e-01
5.400000000000000355e-01 -3.463490553740806305e-03 -9.743667812410071460e-02
5.500000000000000444e-01 -2.614165928430778763e-03 -7.354640896997947930e-02
5.600000000000000533e-01 -1.973092394612704567e-03 -5.551249317970115282e-02
5.700000000000000622e-01 -1.489217118690715821e-03 -4.189986667415031285e-02
5.799999999999999600e-01 -1.123998789005467482e-03 -3.162488834146080091e-02
5.899999999999999689e-01 -8.483431811932106012e-04 -2.386938191254357050e-02
5.999999999999999778e-01 -6.402885323001398718e-04 -1.801566035493210385e-02
6.099999999999999867e-01 -4.832575873288186209e-04 -1.359742941080225795e-02
6.199999999999999956e-01 -3.647377705359378585e-04 -1.026270015289430272e-02
6.300000000000000044e-01 -2.752847274069449967e-04 -7.745779131454039873e-03
6.400000000000000133e-01 -2.077700688380687338e-04 -5.846117670409849663e-03
6.500000000000000222e-01 -1.568135052523346039e-04 -4.412342559674280532e-03
6.600000000000000311e-01 -1.183541933294414439e-04 -3.330199934414160897e-03
6.700000000000000400e-01 -8.932717846958074161e-05 -2.513454065961218727e-03
6.800000000000000488e-01 -6.741917233931253865e-05 -1.897017184180751354e-03
6.900000000000000577e-01 -5.088421645963728588e-05 -1.431763629671140275e-03
7.000000000000000666e-01 -3.840454918040759794e-05 -1.080615512520163943e-03
7.099999999999999645e-01 -2.898559234082279562e-05 -8.155881858741959294e-04
7.199999999999999734e-01 -2.187669109159158908e-05 -6.155602209021026217e-04
7.299999999999999822e-01 -1.651129163060026527e-05 -4.645902442371476729e-04
7.399999999999999911e-01 -1.246179007917393225e-05 -3.506465446427132300e-04
7.500000000000000000e-01 -9.405454591558012721e-06 -2.646482306843324535e-04
7.600000000000000089e-01 -7.098705077227816286e-06 -1.997415386674555003e-04
7.700000000000000178e-01 -5.357700869123558438e-06 -1.507536239233791327e-04
7.800000000000000266e-01 -4.043689325209212963e-06 -1.137803094613719449e-04
7.900000000000000355e-01 -3.051947743022164338e-06 -8.587493975461868477e-05
8.000000000000000444e-01 -2.303437320514325715e-06 -6.481354392308939392e-05
8.100000000000000533e-01 -1.738504025590490013e-06 -4.891759347833381835e-05
8.200000000000000622e-01 -1.312124361947095348e-06 -3.692022949519021153e-05
8.300000000000000711e-01 -9.903171382903436084e-07 -2.786529822330096844e-05
8.399999999999999689e-01 -7.474352726535213648e-07 -2.103114875221972536e-05
8.499999999999999778e-01 -5.641217983773640925e-07 -1.587311972972693512e-05
8.599999999999999867e-01 -4.257671724602946363e-07 -1.198013155172077895e-05
8.699999999999999956e-01 -3.213449388683932752e-07 -9.041924581701954737e-06
8.800000000000000044e-01 -2.425329529220203008e-07 -6.824332400936921607e-06
8.900000000000000133e-01 -1.830501311115903307e-07 -5.150619450627136746e-06
9.000000000000000222e-01 -1.381558673573125675e-07 -3.887395737038486990e-06
9.100000000000000311e-01 -1.042722207191917861e-07 -2.933986046397082885e-06
9.200000000000000400e-01 -7.869876406139750051e-08 -2.214406429151858453e-06
9.300000000000000488e-01 -5.939736796611300825e-08 -1.671308504067825873e-06
9.400000000000000577e-01 -4.482976781758471551e-08 -1.261408961595426370e-06
9.500000000000000666e-01 -3.383496863596418330e-08 -9.520400117086886779e-07
9.599999999999999645e-01 -2.553671718954447824e-08 -7.185458572332585717e-07
9.699999999999999734e-01 -1.927366718626737663e-08 -5.423176993447558754e-07
9.799999999999999822e-01 -1.454667191632587263e-08 -4.093106710077448483e-07
9.899999999999999911e-01 -1.097900372477093899e-08 -3.089245023393703300e-07
1.000000000000000000e+00 -8.286329923174986701e-09 -2.331587102326905753e-07
1.010000000000000009e+00 -6.254052308803453548e-09 -1.759749833433022984e-07
1.020000000000000018e+00 -4.720204317572539756e-09 -1.328159464002430578e-07
1.030000000000000027e+00 -3.562542764123793423e-09 -1.002419507724280546e-07
1.040000000000000036e+00 -2.688805418606104106e-09 -7.565694456653401213e-08
1.050000000000000044e+00 -2.029357977635480032e-09 -5.710157490855617349e-08
1.060000000000000053e+00 -1.531644414601000971e-09 -4.309703326854949237e-08
1.070000000000000062e+00 -1.155998418522698369e-09 -3.252719875941212128e-08
1.080000000000000071e+00 -8.724821054294583592e-10 -2.454968657659110050e-08
1.090000000000000080e+00 -6.585000568292980212e-10 -1.852871240041707207e-08
1.100000000000000089e+00 0.000000000000000000e+00 -1.398442225094594004e-08
1.110000000000000098e+00 0.000000000000000000e+00 -1.055464953341912244e-08
1.120000000000000107e+00 0.000000000000000000e+00 -7.966051423069005021e-09
1.130000000000000115e+00 0.000000000000000000e+00 -6.012324243822524492e-09
1.140000000000000124e+00 0.000000000000000000e+00 -4.537761670494378191e-09
1.150000000000000133e+00 0.000000000000000000e+00 -3.424845391420201857e-09
1.159999999999999920e+00 0.000000000000000000e+00 -2.584879243744435492e-09
1.169999999999999929e+00 0.000000000000000000e+00 -1.950920389420789111e-09
1.179999999999999938e+00 0.000000000000000000e+00 -1.472444167388663495e-09
1.189999999999999947e+00 0.000000000000000000e+00 -1.111317426294161137e-09
1.199999999999999956e+00 0.000000000000000000e+00 -8.387594241858063603e-10
