0.000000000000000000e+00 7.114902713392637670e+06 4.006657927000821829e+08
1.000000000000000021e-02 4.051132541928530671e+06 2.281840774882560968e+08
2.000000000000000042e-02 2.306331532710666303e+06 1.299443386447326094e+08
2.999999999999999889e-02 1.312757501660609618e+06 7.399259068123929203e+07
4.000000000000000083e-02 7.470295522042756202e+05 4.212738778543851525e+07
5.000000000000000278e-02 4.249576709843528806e+05 2.398106382084985077e+07
5.999999999999999778e-02 2.416353123781801260e+05 1.364822969445384294e+07
7.000000000000000666e-02 1.373150869720226910e+05 7.765272906551140361e+06
8.000000000000000167e-02 7.797117791719082743e+04 4.416393992212100886e+06
8.999999999999999667e-02 4.422764600932471512e+04 2.510463082113671582e+06
1.000000000000000056e-01 2.505209121577722908e+04 1.426068525777455652e+06
1.100000000000000006e-01 1.416371366054287137e+04 8.093342059035925195e+05
1.199999999999999956e-01 7.987503101219011114e+03 4.587569417715026648e+05
1.300000000000000044e-01 4.489089345352182136e+03 2.596117737016683386e+05
1.400000000000000133e-01 2.511195974835863581e+03 1.465914444749994436e+05
1.499999999999999944e-01 1.395785241069584799e+03 8.252798651359821088e+04
1.600000000000000033e-01 7.689125158777559363e+02 4.627441087068084016e+04
1.700000000000000122e-01 4.182429289059525104e+02 2.580367832092378012e+04
1.799999999999999933e-01 2.233342949182319046e+02 1.427913547742444825e+04
1.900000000000000022e-01 1.159644419753784632e+02 7.817235677244155340e+03
2.000000000000000111e-01 5.756295255824359458e+01 4.213967154625619514e+03
2.099999999999999922e-01 2.637866940689090356e+01 2.220032533209694066e+03
2.200000000000000011e-01 1.018735976232350104e+01 1.128457287123247170e+03
2.300000000000000100e-01 2.150961016769935341e+00 5.400484366262771800e+02
2.399999999999999911e-01 -1.531160420323937510e+00 2.300720711245907637e+02
2.500000000000000000e-01 -2.952601976483733015e+00 7.251997989413970913e+01
2.600000000000000089e-01 -3.252077228557340494e+00 -2.870826217040792105e+00
2.700000000000000178e-01 -3.037576091075561813e+00 -3.498058225709654323e+01
2.800000000000000266e-01 -2.624741529738843671e+00 -4.509335328001289156e+01
2.899999999999999800e-01 -2.170211884655714574e+00 -4.468156429508216831e+01
2.999999999999999889e-01 -1.745731566134879342e+00 -3.978841520019068412e+01
3.099999999999999978e-01 -1.378973963058961694e+00 -3.348506347388362059e+01
3.200000000000000067e-01 -1.075744102432742544e+00 -2.724073779852147226e+01
3.300000000000000155e-01 -8.318324296450255728e-01 -2.168087351218349923e+01
3.400000000000000244e-01 -6.391681365612509325e-01 -1.700211960103295183e+01
3.500000000000000333e-01 -4.888722145900458171e-01 -1.319602076556024528e+01
3.599999999999999867e-01 -3.726553588164425723e-01 -1.016683367040422503e+01
3.699999999999999956e-01 -2.833567261144248062e-01 -7.791392878132251454e+00
3.800000000000000044e-01 -2.150564550533701769e-01 -5.947743394743605805e+00
3.900000000000000133e-01 -1.629930568101747579e-01 -4.527322898675643081e+00
4.000000000000000222e-01 -1.234056336044268981e-01 -3.438785659157684638e+00
4.100000000000000311e-01 -9.336043196666087007e-02 -2.607829354032982661e+00
4.199999999999999845e-01 -7.058896826559329929e-02 -1.975321693382321664e+00
4.299999999999999933e-01 -5.334821523699959100e-02 -1.494893812243704989e+00
4.400000000000000022e-01 -4.030503041575130008e-02 -1.130558427123860232e+00
4.500000000000000111e-01 -3.044320538966287584e-02 -8.545900411634899108e-01
4.600000000000000200e-01 -2.299005131131087384e-02 -6.457415547818826651e-01
4.700000000000000289e-01 -1.735913248256170174e-02 -4.877937426623750738e-01
4.799999999999999822e-01 -1.310598691122711115e-02 -3.684009416814552629e-01
4.899999999999999911e-01 -9.894104021797174228e-03 -2.781859256631313282e-01
5.000000000000000000e-01 -7.468903253937327590e-03 -2.100374483795015013e-01
5.100000000000000089e-01 -5.637899023907553923e-03 -1.585690635692561246e-01
5.200000000000000178e-01 -4.255618963836829867e-03 -1.197044039637575330e-01
5.300000000000000266e-01 -3.212157607342570973e-03 -9.036060235121889939e-02
5.400000000000000355e-01 -2.424501213302619404e-03 -6.820732153887508475e-02
5.500000000000000444e-01 -1.829959644009537464e-03 -5.148372507242049423e-02
5.600000000000000533e-01 -1.381197390013609106e-03 -3.885967704141783663e-02
5.700000000000000622e-01 -1.042476588053417889e-03 -2.933060756186797735e-02
5.799999999999999600e-01 -7.868176580793279952e-04 -2.213794902024160752e-02
5.899999999999999689e-01 -5.938541450865961625e-04 -1.670896385536934856e-02
5.999999999999999778e-01 -4.482124404093442717e-04 -1.261126048094240309e-02
6.099999999999999867e-01 -3.382881837576482689e-04 -9.518424893780901008e-03
6.199999999999999956e-01 -2.553223601401976043e-04 -7.184058809281947122e-03
6.300000000000000044e-01 -1.927037619511716600e-04 -5.422172272261454110e-03
6.400000000000000133e-01 -1.454423968849855638e-04 -4.092377794006197937e-03
6.500000000000000222e-01 -1.097719720276270659e-04 -3.088711558264003228e-03
6.600000000000000311e-01 -8.284982920267353079e-05 -2.331193927095085230e-03
6.700000000000000400e-01 -6.253044915559043267e-05 -1.759458436786081031e-03
6.800000000000000488e-01 -4.719449166813399727e-05 -1.327942554849436069e-03
6.900000000000000577e-01 -3.561975693495287367e-05 -1.002257497297362465e-03
7.000000000000000666e-01 -2.688379008747590561e-05 -7.564481226199903929e-04
7.099999999999999645e-01 -2.029037008244351519e-05 -5.709247127698534449e-04
7.199999999999999734e-01 -1.531402624320023589e-05 -4.309019176388935012e-04
7.299999999999999822e-01 -1.155816167110974595e-05 -3.252205126856656564e-04
7.399999999999999911e-01 -8.723446704113636458e-06 -2.454581021020983082e-04
7.500000000000000000e-01 -6.583963825634715186e-06 -1.852579130126442530e-04
7.600000000000000089e-01 -4.969203043183859435e-06 -1.398221988672175380e-04
7.700000000000000178e-01 -3.750472934962180507e-06 -1.055298841925064420e-04
7.800000000000000266e-01 -2.830644429402698700e-06 -7.964798176720547414e-05
7.900000000000000355e-01 -2.136409963685922439e-06 -6.011378509655185515e-05
8.000000000000000444e-01 -1.612441119697016200e-06 -4.537047874761993796e-05
8.100000000000000533e-01 -1.216979129944684358e-06 -3.424306584291006699e-05
8.200000000000000622e-01 -9.185068363670978270e-07 -2.584472487855849615e-05
8.300000000000000711e-01 -6.932368706644169921e-07 -1.950613299629556553e-05
8.399999999999999689e-01 -5.232158736115615010e-07 -1.472212310348965248e-05
8.499999999999999778e-01 -3.948936663732574775e-07 -1.111142363923533616e-05
8.599999999999999867e-01 -2.980433416290082915e-07 -8.386272402791948824e-06
8.699999999999999956e-01 -2.249462092999502735e-07 -6.329482777410435550e-06
8.800000000000000044e-01 -1.697766396394936355e-07 -4.777134607003821215e-06
8.900000000000000133e-01 -1.281377775913950594e-07 -3.605510246021608382e-06
9.000000000000000222e-01 -9.671112626589896024e-08 -2.721234627699632510e-06
9.100000000000000311e-01 -7.299207239182167122e-08 -2.053833545027219573e-06
9.200000000000000400e-01 -5.509027591119667631e-08 -1.550117062295772731e-06
9.300000000000000488e-01 -4.157901535739568493e-08 -1.169940432133230591e-06
9.400000000000000577e-01 -3.138148228622138927e-08 -8.830046757989617863e-07
9.500000000000000666e-01 -2.368496275888757976e-08 -6.664418424803179097e-07
9.599999999999999645e-01 -1.787606639138319873e-08 -5.029924998730307099e-07
9.699999999999999734e-01 -1.349184091388285500e-08 -3.796302073884103214e-07
9.799999999999999822e-01 -1.018287621253323005e-08 -2.865233465197345082e-07
9.899999999999999911e-01 -7.685457352718391806e-09 -2.162515692715483285e-07
1.000000000000000000e+00 -5.800547260406946793e-09 -1.632144178686797201e-07
1.010000000000000009e+00 -4.377924042102479209e-09 -1.231849844514580747e-07
1.020000000000000018e+00 -3.304208733670472558e-09 -9.297303872811901119e-08
1.030000000000000027e+00 -2.493829324229217443e-09 -7.017077583345117552e-08
1.040000000000000036e+00 -1.882200913918046948e-09 -5.296092123348897778e-08
1.050000000000000044e+00 -1.420578483817476082e-09 -3.997189919194329705e-08
1.060000000000000053e+00 -1.072172058649558276e-09 -3.016852214369627764e-08
1.070000000000000062e+00 -8.092146519438510448e-10 -2.276948923423147407e-08
1.080000000000000071e+00 -6.107493173643637775e-10 -1.718511889688218873e-08
1.090000000000000080e+00 -4.609589405772687855e-10 -1.297035293412613490e-08
1.100000000000000089e+00 0.000000000000000000e+00 -9.789286663903483740e-09
1.110000000000000098e+00 0.000000000000000000e+00 -7.388398286027565484e-09
1.120000000000000107e+00 0.000000000000000000e+00 -5.576343926476896871e-09
1.130000000000000115e+00 0.000000000000000000e+00 -4.208708082925928662e-09
1.140000000000000124e+00 0.000000000000000000e+00 -3.176494126043746971e-09
1.150000000000000133e+00 0.000000000000000000e+00 -2.397437582737205083e-09
1.159999999999999920e+00 0.000000000000000000e+00 -1.809449895087164611e-09
1.169999999999999929e+00 0.000000000000000000e+00 -1.365670141489243881e-09
1.179999999999999938e+00 0.000000000000000000e+00 -1.030730356456927116e-09
1.189999999999999947e+00 0.000000000000000000e+00 -7.779368058547528573e-10
1.199999999999999956e+00 0.000000000000000000e+00 -5.871425733337061724e-10
