0.000000000000000000e+00 8.130888591514363885e+06 4.578793647306536436e+08
1.000000000000000021e-02 4.629623043388055637e+06 2.607679882608984113e+08
2.000000000000000042e-02 2.635670100433776155e+06 1.484999944867761433e+08
2.999999999999999889e-02 1.500216564278829377e+06 8.455853345554625988e+07
4.000000000000000083e-02 8.537040957821293268e+05 4.814308026330985874e+07
5.000000000000000278e-02 4.856410512723748689e+05 2.740551215659817308e+07
5.999999999999999778e-02 2.761405941021696199e+05 1.559717465781339817e+07
7.000000000000000666e-02 1.569235936765080551e+05 8.874143986056974158e+06
8.000000000000000167e-02 8.910544041731061589e+04 5.047051003531906754e+06
8.999999999999999667e-02 5.054335763062340993e+04 2.868955806870885659e+06
1.000000000000000056e-01 2.862954120408685412e+04 1.629710828112370800e+06
1.100000000000000006e-01 1.618630370542304445e+04 9.249072641175268218e+05
1.199999999999999956e-01 9.128128231484204662e+03 5.242676776719765621e+05
1.300000000000000044e-01 5.130138534829138734e+03 2.966845706329863751e+05
1.400000000000000133e-01 2.869799854113572110e+03 1.675248920215024264e+05
1.499999999999999944e-01 1.595106828778948739e+03 9.431312225660444528e+04
1.600000000000000033e-01 8.787155041297330627e+02 5.288249403196107596e+04
1.700000000000000122e-01 4.779694938290804771e+02 2.948850923984675683e+04
1.799999999999999933e-01 2.552273693859671084e+02 1.631823924030224225e+04
1.900000000000000022e-01 1.325247508836413886e+02 8.933564840010219996e+03
2.000000000000000111e-01 6.578330407551771941e+01 4.815739407874479184e+03
2.099999999999999922e-01 3.014576333254818152e+01 2.537064308920975691e+03
2.200000000000000011e-01 1.164224614043454054e+01 1.289607882457129108e+03
2.300000000000000100e-01 2.458195123890501765e+00 6.171715714096043257e+02
2.399999999999999911e-01 -1.749766412139392768e+00 2.629289085775970989e+02
2.500000000000000000e-01 -3.374209693448593672e+00 8.287734502003493731e+01
2.600000000000000089e-01 -3.716461709758283050e+00 -3.279900336342613354e+00
2.700000000000000178e-01 -3.471336536250732685e+00 -3.997531164417219429e+01
2.800000000000000266e-01 -2.999552938614859166e+00 -5.153241422273844563e+01
2.899999999999999800e-01 -2.480118431117937394e+00 -5.106195532923747749e+01
2.999999999999999889e-01 -1.995023267857569227e+00 -4.547014102570503979e+01
3.099999999999999978e-01 -1.575893044497060913e+00 -3.826671300197278924e+01
3.200000000000000067e-01 -1.229362011608702732e+00 -3.113071980508934189e+01
3.300000000000000155e-01 -9.506196456142873563e-01 -2.477691742909723871e+01
3.400000000000000244e-01 -7.304427158629414052e-01 -1.943004143078632850e+01
3.500000000000000333e-01 -5.586843404905706967e-01 -1.508043211554197605e+01
3.599999999999999867e-01 -4.258715275941107881e-01 -1.161867576330280549e+01
3.699999999999999956e-01 -3.238208778745512162e-01 -8.904019918657629873e+00
3.800000000000000044e-01 -2.457671783011138311e-01 -6.797094969842293999e+00
3.900000000000000133e-01 -1.862689999501970783e-01 -5.173836185863879500e+00
4.000000000000000222e-01 -1.410283872781786518e-01 -3.929853802484920777e+00
4.100000000000000311e-01 -1.066926443642022826e-01 -2.980235176697050736e+00
4.199999999999999845e-01 -8.066934540804723830e-02 -2.257403931901136751e+00
4.299999999999999933e-01 -6.096655623330420049e-02 -1.708369710268768049e+00
4.400000000000000022e-01 -4.606075925977532598e-02 -1.292006215230611099e+00
4.500000000000000111e-01 -3.479062945091649511e-02 -9.766287172507849279e-01
4.600000000000000200e-01 -2.627313624273541065e-02 -7.379560003017230363e-01
4.700000000000000289e-01 -1.983809946288388540e-02 -5.574527059787613981e-01
4.799999999999999822e-01 -1.497758674958079954e-02 -4.210101863444724035e-01
4.899999999999999911e-01 -1.130703284283276003e-02 -3.179121268609109152e-01
5.000000000000000000e-01 -8.535502291308018005e-03 -2.400317782823455370e-01
5.100000000000000089e-01 -6.443021938030276015e-03 -1.812134957876996300e-01
5.200000000000000178e-01 -4.863345456106030369e-03 -1.367987954278300777e-01
5.300000000000000266e-01 -3.670872476739304221e-03 -1.032645673064548492e-01
5.400000000000000355e-01 -2.770734577865406525e-03 -7.794769464707036744e-02
5.500000000000000444e-01 -2.091289218039982852e-03 -5.883588760431604503e-02
5.600000000000000533e-01 -1.578441178188933315e-03 -4.440906212317734247e-02
5.700000000000000622e-01 -1.191349071612128954e-03 -3.351919197950640333e-02
5.799999999999999600e-01 -8.991805112087670158e-04 -2.529938312732890257e-02
5.899999999999999689e-01 -6.786606157027860482e-04 -1.909510873070510359e-02
5.999999999999999778e-01 -5.122203495362165652e-04 -1.441222983236640706e-02
6.099999999999999867e-01 -3.865981906642152518e-04 -1.087771905277138372e-02
6.199999999999999956e-01 -2.917842905889084693e-04 -8.209991288775883231e-03
6.300000000000000044e-01 -2.202233252422095163e-04 -6.196496323388932942e-03
6.400000000000000133e-01 -1.662127033502072324e-04 -4.676798633133792162e-03
6.500000000000000222e-01 -1.254482835206372068e-04 -3.529802220626673034e-03
6.600000000000000311e-01 -9.468145899542228759e-05 -2.664105927722259202e-03
6.700000000000000400e-01 -7.146031716503504973e-05 -2.010722626037817016e-03
6.800000000000000488e-01 -5.393426577519725584e-05 -1.517583193563466337e-03
6.900000000000000577e-01 -4.070656693417153745e-05 -1.145387925731886428e-03
7.000000000000000666e-01 -3.072303305188368253e-05 -8.644751296094252630e-04
7.099999999999999645e-01 -2.318801794321647804e-05 -6.524575532925640589e-04
7.199999999999999734e-01 -1.750101002080436721e-05 -4.924384038979856852e-04
7.299999999999999822e-01 -1.320877548777578072e-05 -3.716648461147644181e-04
7.399999999999999911e-01 -9.969238194095111257e-06 -2.805117090490826296e-04
7.500000000000000000e-01 -7.524217892276291979e-06 -2.117144285431561473e-04
7.600000000000000089e-01 -5.678854442546388422e-06 -1.597901056967475375e-04
7.700000000000000178e-01 -4.286078268833102511e-06 -1.206005490508068445e-04
7.800000000000000266e-01 -3.234889481744828682e-06 -9.102248039512738850e-05
7.900000000000000355e-01 -2.441511592021724232e-06 -6.869862297637694510e-05
8.000000000000000444e-01 -1.842714815950033223e-06 -5.184983593993386266e-05
8.100000000000000533e-01 -1.390776873835593294e-06 -3.913332345567871760e-05
8.200000000000000622e-01 -1.049679680021649385e-06 -2.953561865904356438e-05
8.300000000000000711e-01 -7.922388164341390066e-07 -2.229181379763835424e-05
8.399999999999999689e-01 -5.979370197839183572e-07 -1.682459960988013625e-05
8.499999999999999778e-01 -4.512890192524375778e-07 -1.269825563716281153e-05
8.599999999999999867e-01 -3.406074079153222734e-07 -9.583924680858954515e-06
8.699999999999999956e-01 -2.570711919983836439e-07 -7.233403908187411388e-06
8.800000000000000044e-01 -1.940227843806740504e-07 -5.459363851147187258e-06
8.900000000000000133e-01 -1.464374149707099708e-07 -4.120418820175226183e-06
9.000000000000000222e-01 -1.105226716280921233e-07 -3.109858893804268302e-06
9.100000000000000311e-01 -8.341625628271560246e-08 -2.347145460204535262e-06
9.200000000000000400e-01 -6.295786834150424025e-08 -1.771492532155833855e-06
9.300000000000000488e-01 -4.751703518478333027e-08 -1.337022286250871067e-06
9.400000000000000577e-01 -3.586316836411099135e-08 -1.009108737729472436e-06
9.500000000000000666e-01 -2.706748937225834147e-08 -7.616181529972141452e-07
9.599999999999999645e-01 -2.042900876388300480e-08 -5.748262690815132476e-07
9.699999999999999734e-01 -1.541865938467304594e-08 -4.338463287061639611e-07
9.799999999999999822e-01 -1.163713129445702871e-08 -3.274426501096744648e-07
9.899999999999999911e-01 -8.783047953611450236e-09 -2.471351766816242993e-07
1.000000000000000000e+00 -6.628947409792580933e-09 -1.865236417041296262e-07
1.010000000000000009e+00 -5.003154257192198679e-09 -1.407774861484746649e-07
1.020000000000000018e+00 -3.776097617490742199e-09 -1.062508774981864581e-07
1.030000000000000027e+00 -2.849984726341990087e-09 -8.019214774705638941e-08
1.040000000000000036e+00 -2.151007140979578794e-09 -6.052449364664326391e-08
1.050000000000000044e+00 -1.623458426891445468e-09 -4.568046166630540591e-08
1.060000000000000053e+00 -1.225294520696771131e-09 -3.447702660997324732e-08
1.070000000000000062e+00 -9.247829433577851709e-10 -2.602130802732163083e-08
1.080000000000000071e+00 -6.979738159890907289e-10 -1.963941029793364142e-08
1.090000000000000080e+00 -5.267911257485990173e-10 -1.482271515493054485e-08
1.100000000000000089e+00 0.000000000000000000e+00 -1.118734632200662311e-08
1.110000000000000098e+00 0.000000000000000000e+00 -8.443575716042194998e-09
1.120000000000000107e+00 0.000000000000000000e+00 -6.372732980659188310e-09
1.130000000000000115e+00 0.000000000000000000e+00 -4.809778109234378963e-09
1.140000000000000124e+00 0.000000000000000000e+00 -3.630148247265005247e-09
1.150000000000000133e+00 0.000000000000000000e+00 -2.739830403361505840e-09
1.159999999999999920e+00 0.000000000000000000e+00 -2.067868893462380795e-09
1.169999999999999929e+00 0.000000000000000000e+00 -1.560710383861569148e-09
1.179999999999999938e+00 0.000000000000000000e+00 -1.177935849798206486e-09
1.189999999999999947e+00 0.000000000000000000e+00 -8.890392994029478033e-10
1.199999999999999956e+00 0.000000000000000000e+00 -6.709965368810359383e-10
