0.000000000000000000e+00 1.138339629031681083e+07 6.410383553418151140e+08
1.000000000000000021e-02 6.481566530219324864e+06 3.650797358050447702e+08
2.000000000000000042e-02 3.689996123481120449e+06 2.079028274988282025e+08
2.999999999999999889e-02 2.100338652271247935e+06 1.183836996157130897e+08
4.000000000000000083e-02 1.195207315282024909e+06 6.740138913895963132e+07
5.000000000000000278e-02 6.799105474189410452e+05 3.836837489770991355e+07
5.999999999999999778e-02 3.866047223895804491e+05 2.183644454507293925e+07
7.000000000000000666e-02 2.196977753331245040e+05 1.242404378063281439e+07
8.000000000000000167e-02 1.247504591182525910e+05 7.066017484722713940e+06
8.999999999999999667e-02 7.076239814185463183e+04 4.016625924773595762e+06
1.000000000000000056e-01 4.008236799641151447e+04 2.281647750776708592e+06
1.100000000000000006e-01 2.266142447830026504e+04 1.294901573819242418e+06
1.199999999999999956e-01 1.277973372968175318e+04 7.339934429930928163e+05
1.300000000000000044e-01 7.182402467959233945e+03 4.153694923147534719e+05
1.400000000000000133e-01 4.017841990920583612e+03 2.345414101959958498e+05
1.499999999999999944e-01 2.233220779597384990e+03 1.320422381161244120e+05
1.600000000000000033e-01 1.230242936226599795e+03 7.403776145714348240e+04
1.700000000000000122e-01 6.691809557983191326e+02 4.128523896243143827e+04
1.799999999999999933e-01 3.573317453623743063e+02 2.284630514781832608e+04
1.900000000000000022e-01 1.855421525647615226e+02 1.250743490904421196e+04
2.000000000000000111e-01 9.210072326007673382e+01 6.742288864414802447e+03
2.099999999999999922e-01 4.220623249464154725e+01 3.552033111547254066e+03
2.200000000000000011e-01 1.630022600160868151e+01 1.805530307690142536e+03
2.300000000000000100e-01 3.441961322268965340e+00 8.640829948802121407e+02
2.399999999999999911e-01 -2.449499873034155062e+00 3.681226634089177310e+02
2.500000000000000000e-01 -4.723879481929731838e+00 1.160390306376948644e+02
2.600000000000000089e-01 -5.203105533924368586e+00 -4.587316079233827004e+00
2.700000000000000178e-01 -4.859957727041466669e+00 -5.596413090545141245e+01
2.800000000000000266e-01 -4.199464802880449987e+00 -7.214566322997906411e+01
2.899999999999999800e-01 -3.472249671727171361e+00 -7.148771152063554268e+01
2.999999999999999889e-01 -2.793105335347733309e+00 -6.365939036079154079e+01
3.099999999999999978e-01 -2.206311040832374282e+00 -5.357457586240647629e+01
3.200000000000000067e-01 -1.721156364528077853e+00 -4.358406582008067431e+01
3.300000000000000155e-01 -1.330907235791306098e+00 -3.468858725391289255e+01
3.400000000000000244e-01 -1.022651295632923896e+00 -2.720280435317339496e+01
3.500000000000000333e-01 -7.821828325663978676e-01 -2.111320920626881303e+01
3.599999999999999867e-01 -5.962394796571853783e-01 -1.626662830056209330e+01
3.699999999999999956e-01 -4.533642708752168016e-01 -1.246600884924806429e+01
3.800000000000000044e-01 -3.440857077788866958e-01 -9.516231706595814188e+00
3.900000000000000133e-01 -2.607856118916841437e-01 -7.243603664875868375e+00
4.000000000000000222e-01 -1.974466945150610275e-01 -5.501976312662891999e+00
4.100000000000000311e-01 -1.493750570650101972e-01 -4.172469399256792499e+00
4.199999999999999845e-01 -1.129412030412741408e-01 -3.160473776862585016e+00
4.299999999999999933e-01 -8.535634461516386495e-02 -2.391801085102349678e+00
4.400000000000000022e-01 -6.448749405403628177e-02 -1.808872990098838507e+00
4.500000000000000111e-01 -4.870874683943784283e-02 -1.367329650812130870e+00
4.600000000000000200e-01 -3.678382161400391148e-02 -1.033176396705393962e+00
4.700000000000000289e-01 -2.777443618287752866e-02 -7.804629640785869515e-01
4.799999999999999822e-01 -2.096946204455815699e-02 -5.894366498491100392e-01
4.899999999999999911e-01 -1.583048991421808632e-02 -4.450941496508786788e-01
5.000000000000000000e-01 -1.195019633838158464e-02 -3.360576545204511101e-01
5.100000000000000089e-01 -9.020608251963524102e-03 -2.537089831158977904e-01
5.200000000000000178e-01 -6.808972607377991593e-03 -1.915260427676570842e-01
5.300000000000000266e-01 -5.139442593012862048e-03 -1.445763137460256975e-01
5.400000000000000355e-01 -3.879197582537499168e-03 -1.091313048351693210e-01
5.500000000000000444e-01 -2.927934306058650304e-03 -8.237371199637394392e-02
5.600000000000000533e-01 -2.209916608952942462e-03 -6.217534203223412659e-02
5.700000000000000622e-01 -1.667964365743256940e-03 -4.692890022238543901e-02
5.799999999999999600e-01 -1.258910560124846482e-03 -3.542069037354621946e-02
5.899999999999999689e-01 -9.501690751526895755e-04 -2.673434074924898804e-02
5.999999999999999778e-01 -7.171422779891714356e-04 -2.017803060533835194e-02
6.099999999999999867e-01 -5.412632848389797120e-04 -1.522950152055773179e-02
6.199999999999999956e-01 -4.085177312741384171e-04 -1.149451895319612837e-02
6.300000000000000044e-01 -3.083277222465348813e-04 -8.675500802178616119e-03
6.400000000000000133e-01 -2.327092921785281683e-04 -6.547828298129589920e-03
6.500000000000000222e-01 -1.756363846410828296e-04 -4.941960124664275880e-03
6.600000000000000311e-01 -1.325607524240010257e-04 -3.729929362346614402e-03
6.700000000000000400e-01 -1.000495666160703648e-04 -2.815149976138132861e-03
6.800000000000000488e-01 -7.551188238567585465e-05 -2.124722091808980886e-03
6.900000000000000577e-01 -5.699217823626983828e-05 -1.603623748481929198e-03
7.000000000000000666e-01 -4.301452392398304024e-05 -1.210326759638705955e-03
7.099999999999999645e-01 -3.246496310508048880e-05 -9.134875833704346861e-04
7.199999999999999734e-01 -2.450274005779880541e-05 -6.894496472968848939e-04
7.299999999999999822e-01 -1.849329728415235362e-05 -5.203581697580477415e-04
7.399999999999999911e-01 -1.395770511461643831e-05 -3.927372906128526208e-04
7.500000000000000000e-01 -1.053449358776817442e-05 -2.964161454904044217e-04
7.600000000000000089e-01 -7.950845053957780834e-06 -2.237183132861805281e-04
7.700000000000000178e-01 -6.000851832237659001e-06 -1.688500488727843574e-04
7.800000000000000266e-01 -4.529106232208096644e-06 -1.274385510761685120e-04
7.900000000000000355e-01 -3.418315179314910394e-06 -9.618347075186644039e-05
8.000000000000000444e-01 -2.579952404102702324e-06 -7.259388721560748733e-05
8.100000000000000533e-01 -1.947203225135994440e-06 -5.478979200665126176e-05
8.200000000000000622e-01 -1.469639659121619588e-06 -4.135225951546776319e-05
8.300000000000000711e-01 -1.109201488386233052e-06 -3.121036392299393429e-05
8.399999999999999689e-01 -8.371629936478150510e-07 -2.355583030641160834e-05
8.499999999999999778e-01 -6.318436127478249000e-07 -1.777861800127799864e-05
8.599999999999999867e-01 -4.768800735744027599e-07 -1.341830249219481680e-05
8.699999999999999956e-01 -3.599222965444641231e-07 -1.012738116661708667e-05
8.800000000000000044e-01 -2.716491347611989785e-07 -7.643578542886908137e-06
8.900000000000000133e-01 -2.050255098065308142e-07 -5.768943802801421297e-06
9.000000000000000222e-01 -1.547417394698734252e-07 -4.354074778051116895e-06
9.100000000000000311e-01 -1.167903737567709512e-07 -3.286211098328516014e-06
9.200000000000000400e-01 -8.814681444629350925e-08 -2.480247566614906059e-06
9.300000000000000488e-01 -6.652826465466206707e-08 -1.871951558643430649e-06
9.400000000000000577e-01 -5.021179749530456537e-08 -1.412843896428124374e-06
9.500000000000000666e-01 -3.789704451652425731e-08 -1.066335218820166461e-06
9.599999999999999645e-01 -2.860256064350930018e-08 -8.048099308359518794e-07
9.699999999999999734e-01 -2.158760625566264574e-08 -6.074253322955801818e-07
9.799999999999999822e-01 -1.629311269083051455e-08 -4.584505236785133307e-07
9.899999999999999911e-01 -1.229712632311461734e-08 -3.460127055297197192e-07
1.000000000000000000e+00 -9.281180255054865231e-09 -2.611509556496457916e-07
1.010000000000000009e+00 -7.004913559507264325e-09 -1.971020732532573327e-07
1.020000000000000018e+00 -5.286915308872316017e-09 -1.487615742473796073e-07
1.030000000000000027e+00 -3.990266724231893220e-09 -1.122768807369559418e-07
1.040000000000000036e+00 -3.011629201540078390e-09 -8.474028331182161112e-08
1.050000000000000044e+00 -2.273008566666748988e-09 -6.395720622508005441e-08
1.060000000000000053e+00 -1.715539197671940083e-09 -4.827130696500242951e-08
1.070000000000000062e+00 -1.294792629420413532e-09 -3.643247123519858936e-08
1.080000000000000071e+00 -9.772367518434894819e-10 -2.749718297979262292e-08
1.090000000000000080e+00 -7.375634116619322811e-10 -2.075332927424517381e-08
1.100000000000000089e+00 0.000000000000000000e+00 -1.566344728037505197e-08
1.110000000000000098e+00 0.000000000000000000e+00 -1.182189023563146959e-08
1.120000000000000107e+00 0.000000000000000000e+00 -8.922498747639845020e-09
1.130000000000000115e+00 0.000000000000000000e+00 -6.734200903125588433e-09
1.140000000000000124e+00 0.000000000000000000e+00 -5.082596600595799539e-09
1.150000000000000133e+00 0.000000000000000000e+00 -3.836058438999378809e-09
1.159999999999999920e+00 0.000000000000000000e+00 -2.895241449159700375e-09
1.169999999999999929e+00 0.000000000000000000e+00 -2.185165628267173234e-09
1.179999999999999938e+00 0.000000000000000000e+00 -1.649240281615649990e-09
1.189999999999999947e+00 0.000000000000000000e+00 -1.244753931380195312e-09
1.199999999999999956e+00 0.000000000000000000e+00 -9.394703530816489347e-10
