0.000000000000000000e+00 1.243968588603294378e+22 8.957120570977884110e+24
1.666666666666666644e-02 6.220602293877986034e+21 4.478833651799897865e+24
3.333333333333333287e-02 1.518701723027828736e+18 5.467326219130539213e+20
5.000000000000000278e-02 1.170515988372034400e+16 2.809238467085367808e+18
6.666666666666666574e-02 3.707766491614608750e+14 6.673980952902912800e+16
8.333333333333334259e-02 2.547955006500954688e+13 3.669057868543018500e+15
1.000000000000000056e-01 2.857692874185892090e+12 3.429238870311006250e+14
1.166666666666666824e-01 4.494187795768881836e+11 4.622618387557627344e+13
1.333333333333333315e-01 9.051947587527630615e+10 8.146851891010681641e+12
1.499999999999999944e-01 2.202423899543785095e+10 1.761982554699308105e+12
1.666666666666666852e-01 6.220025215105158806e+09 4.478625903441679688e+11
1.833333333333333481e-01 1.981749849484546185e+09 1.297251963889424438e+11
2.000000000000000111e-01 6.974886813849146366e+08 4.185511876429489136e+10
2.166666666666666741e-01 2.668810251987395883e+08 1.478441374644898224e+10
2.333333333333333648e-01 1.096459371786765456e+08 5.640904708557886124e+09
2.500000000000000000e-01 4.789367546715219319e+07 2.300112326238741398e+09
2.666666666666666630e-01 2.206562225223002583e+07 9.937269250676620007e+08
2.833333333333333814e-01 1.065299709695190378e+07 4.516920450117763281e+08
2.999999999999999889e-01 5.360309758104592562e+06 2.147517267638733685e+08
3.166666666666667074e-01 2.798270157888350077e+06 1.062721255367370844e+08
3.333333333333333703e-01 1.509684867202437017e+06 5.451095878644833714e+07
3.499999999999999778e-01 8.389414280788725009e+05 2.887905222055591270e+07
3.666666666666666963e-01 4.788153896052639466e+05 1.575360923473309167e+07
3.833333333333333592e-01 2.799579732201150618e+05 8.824917692976137623e+06
4.000000000000000222e-01 1.673127760900616995e+05 5.064679229576933198e+06
4.166666666666666852e-01 1.020006713269598404e+05 2.971656859264244791e+06
4.333333333333333481e-01 6.331760914758030412e+04 1.779276436457205331e+06
4.500000000000000666e-01 3.995499185335106449e+04 1.085327018366581062e+06
4.666666666666667296e-01 2.559020647585383995e+04 6.734307285550527740e+05
4.833333333333333370e-01 1.661135237430511188e+04 4.244632645723322639e+05
5.000000000000000000e-01 1.091355662881630087e+04 2.714246076496882597e+05
5.166666666666667185e-01 7.247317462085747138e+03 1.758758223564861983e+05
5.333333333333333259e-01 4.858065391542805628e+03 1.153527503512050025e+05
5.500000000000000444e-01 3.282785070230824203e+03 7.649901804698775231e+04
5.666666666666667629e-01 2.233104834682063029e+03 5.124463519162377634e+04
5.833333333333333703e-01 1.526913425840860782e+03 3.463974347915246472e+04
5.999999999999999778e-01 1.047705071553245489e+03 2.360516736614054753e+04
6.166666666666666963e-01 7.200378435254815486e+02 1.619994349687367867e+04
6.333333333333334147e-01 4.945050395922024791e+02 1.118530581529654410e+04
6.500000000000000222e-01 3.384071737120996772e+02 7.761377302321282514e+03
6.666666666666667407e-01 2.298882768897206574e+02 5.405985602457250025e+03
6.833333333333334592e-01 1.542055409319449382e+02 3.774721216493954216e+03
6.999999999999999556e-01 1.013292127621675291e+02 2.638213742175070820e+03
7.166666666666666741e-01 6.438183147089303304e+01 1.842312540251817836e+03
7.333333333333333925e-01 3.861301907864299920e+01 1.282532161747807095e+03
7.500000000000000000e-01 2.071962782744878950e+01 8.874828680267556820e+02
7.666666666666667185e-01 8.390840997474390051e+00 6.080217979388459071e+02
7.833333333333334370e-01 1.202497054758536752e-03 4.100837292966179461e+02
8.000000000000000444e-01 -5.598193551093852527e+00 2.699016816951660758e+02
8.166666666666666519e-01 -9.222817457667233043e+00 1.707940818210936698e+02
8.333333333333333703e-01 -1.145349139579350073e+01 1.009878883365200579e+02
8.500000000000000888e-01 -1.270503620517444610e+01 5.213254771381411246e+01
8.666666666666666963e-01 -1.327427347109038536e+01 1.827831733223495547e+01
8.833333333333334147e-01 -1.337378877000701571e+01 -4.830891862839118645e+00
9.000000000000001332e-01 -1.315580966955849007e+01 -2.025010072000170425e+01
9.166666666666667407e-01 -1.272917826985557710e+01 -3.017845066734094672e+01
9.333333333333334592e-01 -1.217147155427768723e+01 -3.620247552857146900e+01
9.500000000000001776e-01 -1.153769347318547212e+01 -3.946846272984110016e+01
9.666666666666666741e-01 -1.086653226753827539e+01 -4.080518421072471824e+01
9.833333333333332815e-01 -1.018488024541084336e+01 -4.081169541222514141e+01
1.000000000000000000e+00 -9.511107983689791823e+00 -3.992041644414404544e+01
1.016666666666666607e+00 -8.857441909967246119e+00 -3.844263465306404726e+01
1.033333333333333437e+00 -8.231693993908152152e+00 -3.660144629283094275e+01
1.050000000000000044e+00 -7.638521658453925056e+00 -3.455568256588470177e+01
1.066666666666666652e+00 -7.080346006057562036e+00 -3.241733755649219972e+01
1.083333333333333481e+00 -6.558020858279623333e+00 -3.026429431272003256e+01
1.100000000000000089e+00 -6.071319653818247453e+00 -2.814963652072508538e+01
1.116666666666666696e+00 -5.619288969464861339e+00 -2.610847248701430701e+01
1.133333333333333526e+00 -5.200504244516459984e+00 -2.416294118639607191e+01
1.150000000000000133e+00 -4.813253743531014983e+00 -2.232588626341855331e+01
1.166666666666666741e+00 -4.455669855473536778e+00 -2.060355173555884178e+01
1.183333333333333348e+00 -4.125821768971052350e+00 -1.899755779302210357e+01
1.199999999999999956e+00 -3.821779863140452704e+00 -1.750634601362607867e+01
1.216666666666666785e+00 -3.541659438755582201e+00 -1.612623308605780537e+01
1.233333333333333393e+00 -3.283649417607643173e+00 -1.485217548931182918e+01
1.250000000000000000e+00 -3.046030165532513934e+00 -1.367832075152587734e+01
1.266666666666666829e+00 -2.827183506716871353e+00 -1.259840121600134388e+01
1.283333333333333437e+00 -2.625597191741520842e+00 -1.160601174045154949e+01
1.300000000000000044e+00 -2.439865485084493635e+00 -1.069480205025546304e+01
1.316666666666666874e+00 -2.268687095099989115e+00 -9.858606545267591059e+00
1.333333333333333481e+00 -2.110861340870663128e+00 -9.091528486255660013e+00
1.350000000000000089e+00 -1.965283206381967851e+00 -8.387991123995968579e+00
1.366666666666666918e+00 -1.830937751461699348e+00 -7.742765088053219280e+00
1.383333333333333526e+00 -1.706894214779236085e+00 -7.150978934375412877e+00
1.399999999999999911e+00 -1.592300044968626649e+00 -6.608117948207209658e+00
1.416666666666666741e+00 -1.486375022749301555e+00 -6.110014954244352481e+00
1.433333333333333348e+00 -1.388405583152224843e+00 -5.652835882970449255e+00
1.449999999999999956e+00 -1.297739407680461587e+00 -5.233062094277580734e+00
1.466666666666666785e+00 -1.213780327751575738e+00 -4.847470902434668716e+00
1.483333333333333393e+00 -1.135983560324158148e+00 -4.493115332252253680e+00
1.500000000000000000e+00 -1.063851282134937293e+00 -4.167303829051570041e+00
1.516666666666666829e+00 -9.969285389178351720e-01 -3.867580417949730620e+00
1.533333333333333437e+00 -9.347994791817534344e-01 -3.591705640911997843e+00
1.550000000000000044e+00 -8.770838977210838605e-01 -3.337638477904746104e+00
1.566666666666666874e+00 -8.234340713717600568e-01 -3.103519369971588837e+00
1.583333333333333481e+00 -7.735318681204585989e-01 -2.887654398627472752e+00
1.600000000000000089e+00 -7.270861101631628243e-01 -2.688500631211424796e+00
1.616666666666666696e+00 -6.838301716225924087e-01 -2.504652610937222246e+00
1.633333333333333304e+00 -6.435197921727577874e-01 -2.334829949707698749e+00
1.650000000000000133e+00 -6.059310886363765691e-01 -2.177865968589312029e+00
1.666666666666666741e+00 -5.708587476099425961e-01 -2.032697323135755241e+00
1.683333333333333348e+00 -5.381143832541361860e-01 -1.898354546972338408e+00
1.700000000000000178e+00 -5.075250455085317247e-01 -1.773953446063575301e+00
1.716666666666666785e+00 -4.789318651101579505e-01 -1.658687277034292862e+00
1.733333333333333393e+00 -4.521888228886272731e-01 -1.551819645169268069e+00
1.750000000000000222e+00 -4.271616318585634842e-01 -1.452678060813975991e+00
1.766666666666666829e+00 -4.037267216218403676e-01 -1.360648096500563842e+00
1.783333333333333437e+00 -3.817703155214652311e-01 -1.275168090983708868e+00
1.800000000000000266e+00 -3.611875918530059182e-01 -1.195724350316043072e+00
1.816666666666666874e+00 -3.418819212379524131e-01 -1.121846800000339872e+00
1.833333333333333481e+00 0.000000000000000000e+00 -1.053105046042738469e+00
1.850000000000000311e+00 0.000000000000000000e+00 -9.891048063438568905e-01
1.866666666666666918e+00 0.000000000000000000e+00 -9.294846772697138437e-01
1.883333333333333526e+00 0.000000000000000000e+00 -8.739132034244286862e-01
1.900000000000000355e+00 0.000000000000000000e+00 -8.220862215949548135e-01
1.916666666666666963e+00 0.000000000000000000e+00 -7.737244525557998021e-01
1.933333333333333348e+00 0.000000000000000000e+00 -7.285713169150942470e-01
1.949999999999999956e+00 0.000000000000000000e+00 -6.863909534623489073e-01
1.966666666666666563e+00 0.000000000000000000e+00 -6.469664205548124603e-01
1.983333333333333393e+00 0.000000000000000000e+00 -6.100980629665957444e-01
2.000000000000000000e+00 0.000000000000000000e+00 -5.756020283364932100e-01
