0.000000000000000000e+00 7.774863422910730600e+21 5.598243375267879502e+24
1.666666666666666644e-02 3.887906309390749663e+21 2.799292542891185284e+24
3.333333333333333287e-02 9.491958707684778240e+17 3.417105144910744781e+20
5.000000000000000278e-02 7.315781143745258000e+15 1.755787533870640384e+18
6.666666666666666574e-02 2.317371864552251250e+14 4.171270148711631200e+16
8.333333333333334259e-02 1.592484116099425391e+13 2.293178789213000500e+15
1.000000000000000056e-01 1.786071770889006592e+12 2.143290763487028750e+14
1.166666666666666824e-01 2.808888956086983643e+11 2.889158693024783203e+13
1.333333333333333315e-01 5.657510713675907135e+10 5.091821557744252930e+12
1.499999999999999944e-01 1.376525513641904640e+10 1.101247558503296143e+12
1.666666666666666852e-01 3.887545626195026398e+09 2.799162696940724487e+11
1.833333333333333481e-01 1.238603170192765474e+09 8.107887066054939270e+10
2.000000000000000111e-01 4.359337736244565248e+08 2.615965018326525116e+10
2.166666666666666741e-01 1.668019212173514068e+08 9.240329561186792374e+09
2.333333333333333648e-01 6.852923651149913669e+07 3.525592513305655956e+09
2.500000000000000000e-01 2.993377664262680337e+07 1.437581237615138292e+09
2.666666666666666630e-01 1.379111951329282857e+07 6.210840924414341450e+08
2.833333333333333814e-01 6.658174092300809920e+06 2.823096920442850590e+08
2.999999999999999889e-01 3.350219160773333628e+06 1.342208569760299623e+08
3.166666666666667074e-01 1.748932156347345328e+06 6.642058636066929251e+07
3.333333333333333703e-01 9.435601958353244700e+05 3.406960930031068623e+07
3.499999999999999778e-01 5.243423495506882900e+05 1.804954509792628139e+07
3.666666666666666963e-01 2.992618635067386203e+05 9.846080538098637015e+06
3.833333333333333592e-01 1.749750359959866619e+05 5.515615286978440359e+06
4.000000000000000222e-01 1.045712562131221057e+05 3.165448356689453125e+06
4.166666666666666852e-01 6.375088409942638827e+04 1.857299443860802799e+06
4.333333333333333481e-01 3.957378977140608185e+04 1.112056040625998517e+06
4.500000000000000666e-01 2.497204581987846541e+04 6.783343859111451311e+05
4.666666666666667296e-01 1.599398910193644770e+04 4.208972744514762308e+05
4.833333333333333370e-01 1.038216460493992599e+04 2.652914497214799630e+05
5.000000000000000000e-01 6.821016814908772176e+03 1.696415814410262392e+05
5.166666666666667185e-01 4.529601244589584894e+03 1.099231526415473345e+05
5.333333333333333259e-01 3.036308435589182409e+03 7.209595810745171912e+04
5.500000000000000444e-01 2.051751641238284265e+03 4.781220138444176700e+04
5.666666666666667629e-01 1.395697238880533178e+03 3.202810067273835011e+04
5.833333333333333703e-01 9.543248565224043887e+02 2.164997139723911459e+04
5.999999999999999778e-01 6.548178573532954942e+02 1.475331453063296249e+04
6.166666666666666963e-01 4.500246973032793107e+02 1.012501901096976326e+04
6.333333333333334147e-01 3.090659684783655621e+02 6.990850374223447943e+03
6.500000000000000222e-01 2.115043493558634964e+02 4.850881848164845906e+03
6.666666666666667407e-01 1.436797656247081534e+02 3.378753361236977980e+03
6.833333333333334592e-01 9.637790030986941758e+01 2.359207444901028794e+03
6.999999999999999556e-01 6.333011671346370264e+01 1.648886591559762792e+03
7.166666666666666741e-01 4.023797447144764305e+01 1.151445986072752703e+03
7.333333333333333925e-01 2.413246915919251734e+01 8.015817798912631815e+02
7.500000000000000000e-01 1.294912131618492523e+01 5.546750901451999880e+02
7.666666666666667185e-01 5.243662451679500514e+00 3.800114297442758016e+02
7.833333333333334370e-01 1.772042843161195905e-04 2.562999009518548519e+02
8.000000000000000444e-01 -3.499404059862480487e+00 1.686860507879236479e+02
8.166666666666666519e-01 -5.764752503021959740e+00 1.067438351443376519e+02
8.333333333333333703e-01 -7.158883365200763294e+00 6.311506233269599875e+01
8.500000000000000888e-01 -7.941060492194674580e+00 3.258060908363728458e+01
8.666666666666666963e-01 -8.296797822197351735e+00 1.142186815406419775e+01
8.833333333333334147e-01 -8.358961541718748833e+00 -3.021227952176022580e+00
9.000000000000001332e-01 -8.222693922264708632e+00 -1.265807484072073308e+01
9.166666666666667407e-01 -7.956021217525282907e+00 -1.886314059030607027e+01
9.333333333333334592e-01 -7.607428922437712515e+00 -2.262801157891644266e+01
9.500000000000001776e-01 -7.211294352254781437e+00 -2.466911888391089036e+01
9.666666666666666741e-01 -6.791797487583044024e+00 -2.550444554462683300e+01
9.833333333333332815e-01 -6.365745846330419511e+00 -2.550840123359054346e+01
1.000000000000000000e+00 -5.944620867181068746e+00 -2.495124819355015688e+01
1.016666666666666607e+00 -5.536063902824931660e+00 -2.402754048334698567e+01
1.033333333333333437e+00 -5.144957279667264238e+00 -2.287671261683484758e+01
1.050000000000000044e+00 -4.774211743636068483e+00 -2.159803340177816366e+01
1.066666666666666652e+00 -4.425340352027244073e+00 -2.026149843925072602e+01
1.083333333333333481e+00 -4.098876623148349552e+00 -1.891578395091675446e+01
1.100000000000000089e+00 -3.794678847140907418e+00 -1.759406659120243077e+01
1.116666666666666696e+00 -3.512151035930956677e+00 -1.631828844496155995e+01
1.133333333333333526e+00 -3.250402750235717342e+00 -1.510228581152152039e+01
1.150000000000000133e+00 -3.008364075494215140e+00 -1.395408545658430022e+01
1.166666666666666741e+00 -2.784867683043029007e+00 -1.287758942575552723e+01
1.183333333333333348e+00 -2.578706751387073837e+00 -1.187380991725016166e+01
1.199999999999999956e+00 -2.388675209745883432e+00 -1.094177253834123320e+01
1.216666666666666785e+00 -2.213595069362663814e+00 -1.007917487920566479e+01
1.233333333333333393e+00 -2.052334359988464474e+00 -9.282864434279614940e+00
1.250000000000000000e+00 -1.903818268712840878e+00 -8.549183135782673304e+00
1.266666666666666829e+00 -1.767035398396852086e+00 -7.874213454370702969e+00
1.283333333333333437e+00 -1.641040559742098059e+00 -7.253951958247964349e+00
1.300000000000000044e+00 -1.524955138068947447e+00 -6.684429531251969259e+00
1.316666666666666874e+00 -1.417965799185236353e+00 -6.161792499640105447e+00
1.333333333333333481e+00 -1.319322093340067337e+00 -5.682355246371293411e+00
1.350000000000000089e+00 -1.228333363789408716e+00 -5.242632164767528025e+00
1.366666666666666918e+00 -1.144365253371939506e+00 -4.839354774684218263e+00
1.383333333333333526e+00 -1.066836018650867191e+00 -4.469478313130648139e+00
1.399999999999999911e+00 -9.952127991587802480e-01 -4.130180984639218345e+00
1.416666666666666741e+00 -9.290079435388662876e-01 -3.818858216318909093e+00
1.433333333333333348e+00 -8.677754607723667801e-01 -3.533113635665805496e+00
1.449999999999999956e+00 -8.111076401331194230e-01 -3.270748021804392724e+00
1.466666666666666785e+00 -7.586318657092961937e-01 -3.029747132685973288e+00
1.483333333333333393e+00 -7.100076385544642488e-01 -2.808269051887147594e+00
1.500000000000000000e+00 -6.649238104829012785e-01 -2.604631506626951865e+00
1.516666666666666829e+00 -6.230960272398289312e-01 -2.417299466687294451e+00
1.533333333333333437e+00 -5.842643745307919412e-01 -2.244873229509416479e+00
1.550000000000000044e+00 -5.481912176428049843e-01 -2.086077120416665487e+00
1.566666666666666874e+00 -5.146592237267818559e-01 -1.939748881595350971e+00
1.583333333333333481e+00 -4.834695549326238906e-01 -1.804829783823951539e+00
1.600000000000000089e+00 -4.544402202688218595e-01 -1.680355466970375078e+00
1.616666666666666696e+00 -4.274045741293215905e-01 -1.565447495964231495e+00
1.633333333333333304e+00 -4.022099497672079749e-01 -1.459305606030706359e+00
1.650000000000000133e+00 -3.787164165057540499e-01 -1.361200602742461685e+00
1.666666666666666741e+00 -3.567956500956022681e-01 -1.270467877629062992e+00
1.683333333333333348e+00 -3.363299063037129000e-01 -1.186501497723162268e+00
1.700000000000000178e+00 -3.172110885205534081e-01 -1.108748826804753618e+00
1.716666666666666785e+00 -2.993399008724196286e-01 -1.036705636697538235e+00
1.733333333333333393e+00 -2.826250790090449327e-01 -9.699116683809132500e-01
1.750000000000000222e+00 -2.669826913916921729e-01 -9.079466046173276794e-01
1.766666666666666829e+00 -2.523355045268184660e-01 -8.504264180459352174e-01
1.783333333333333437e+00 -2.386124061712547040e-01 -7.970000611064887996e-01
1.800000000000000266e+00 -2.257478810749040943e-01 -7.473464666232505493e-01
1.816666666666666874e+00 -2.136815343260427547e-01 -7.011718303210228154e-01
1.833333333333333481e+00 0.000000000000000000e+00 -6.582071489124713404e-01
1.850000000000000311e+00 0.000000000000000000e+00 -6.182059896538779631e-01
1.866666666666666918e+00 0.000000000000000000e+00 -5.809424693947420337e-01
1.883333333333333526e+00 0.000000000000000000e+00 -5.462094231342576878e-01
1.900000000000000355e+00 0.000000000000000000e+00 -5.138167439404632830e-01
1.916666666666666963e+00 0.000000000000000000e+00 -4.835898777864829912e-01
1.933333333333333348e+00 0.000000000000000000e+00 -4.553684584167244087e-01
1.949999999999999956e+00 0.000000000000000000e+00 -4.290050687803148022e-01
1.966666666666666563e+00 0.000000000000000000e+00 -4.043641168669590003e-01
1.983333333333333393e+00 0.000000000000000000e+00 -3.813208149599822128e-01
2.000000000000000000e+00 0.000000000000000000e+00 -3.597602523912081796e-01
