0.000000000000000000e+00 5.268956738128800698e+22 6.323134042876919297e+25
1.000000000000000021e-02 2.634799999923175136e+22 3.161759999953904530e+25
2.000000000000000042e-02 6.432617175496248320e+18 3.859570308898873672e+21
2.999999999999999889e-02 4.957840934356410400e+16 1.983136394819107635e+19
4.000000000000000083e-02 1.570462992983398000e+15 4.711389260288084480e+17
5.000000000000000278e-02 1.079213588326399375e+14 2.590113201991678400e+16
5.999999999999999778e-02 1.210408763487621875e+13 2.420819173580182000e+15
7.000000000000000666e-02 1.903573651403507812e+12 3.263274713776518125e+14
8.000000000000000167e-02 3.834109318339823608e+11 5.751185957032440625e+13
8.999999999999999667e-02 9.328908036337290955e+10 1.243864042038941016e+13
1.000000000000000056e-01 2.634723175999998474e+10 3.161713905599998047e+12
1.100000000000000006e-01 8.394851133580456734e+09 9.158255955607058105e+11
1.199999999999999956e-01 2.954846258243434429e+09 2.954974899254237061e+11
1.300000000000000044e-01 1.130749231696876764e+09 1.043841980513592834e+11
1.400000000000000133e-01 4.646392250174248815e+08 3.983059200970078278e+10
1.499999999999999944e-01 2.030057240494430065e+08 1.624315572148630714e+10
1.600000000000000033e-01 9.356110933673332632e+07 7.018800350466333389e+09
1.700000000000000122e-01 4.519130041994640976e+07 3.191097473046179771e+09
1.799999999999999933e-01 2.275342013680841401e+07 1.517647581566044331e+09
1.900000000000000022e-01 1.188798631668828428e+07 7.513358597205346823e+08
2.000000000000000111e-01 6.420613437499996275e+06 3.855969187499997616e+08
2.099999999999999922e-01 3.572964563744719140e+06 2.044253288730518520e+08
2.200000000000000011e-01 2.042854270532937488e+06 1.116132094091934115e+08
2.300000000000000100e-01 1.197112594377967063e+06 6.259342802961800992e+07
2.399999999999999911e-01 7.174407936724422034e+05 3.597254047331154346e+07
2.500000000000000000e-01 4.388993761279999744e+05 2.114269111910400167e+07
2.600000000000000089e-01 2.736137903803577065e+05 1.268571858932083473e+07
2.700000000000000178e-01 1.735596214480522030e+05 7.757826769290891476e+06
2.800000000000000266e-01 1.118679987677756289e+05 4.828504698809303343e+06
2.899999999999999800e-01 7.317679803344851825e+04 3.054727018778100144e+06
2.999999999999999889e-01 4.852458323689743702e+04 1.962059872685774229e+06
3.099999999999999978e-01 3.258524421917935615e+04 1.278118207419173559e+06
3.200000000000000067e-01 2.213776781779585508e+04 8.435815291933931876e+05
3.300000000000000155e-01 1.520235148681905594e+04 5.636283805912631797e+05
3.400000000000000244e-01 1.054349705707123394e+04 3.808994080112267402e+05
3.500000000000000333e-01 7.379148758359751810e+03 2.601636545333321264e+05
3.599999999999999867e-01 5.207624075889965752e+03 1.794695455933358171e+05
3.699999999999999956e-01 3.703035708284669454e+03 1.249539793218279956e+05
3.800000000000000044e-01 2.651177264879243921e+03 8.775006932851317106e+04
3.900000000000000133e-01 1.909675741194015473e+03 6.211814462435094902e+04
4.000000000000000222e-01 1.382904586791991278e+03 4.430051651000973652e+04
4.100000000000000311e-01 1.005995952564384766e+03 3.181058184443932623e+04
4.199999999999999845e-01 7.345335523681575296e+02 2.298608878805827771e+04
4.299999999999999933e-01 5.378347002322285562e+02 1.670511839542198868e+04
4.400000000000000022e-01 3.945260308706803016e+02 1.220350906732886142e+04
4.500000000000000111e-01 2.896009321593826371e+02 8.956252352263098146e+03
4.600000000000000200e-01 2.124440416197012667e+02 6.599671815233376037e+03
4.700000000000000289e-01 1.554931147467002290e+02 4.879873064179390894e+03
4.799999999999999822e-01 1.133249032361037791e+02 3.618285000351258986e+03
4.899999999999999911e-01 8.202562123367692948e+01 2.688425520446533483e+03
5.000000000000000000e-01 5.875404799999999739e+01 2.000105472000000191e+03
5.100000000000000089e-01 4.143608508951746927e+01 1.488604456431541166e+03
5.200000000000000178e-01 2.854971422352311095e+01 1.107197391309802470e+03
5.300000000000000266e-01 1.897258477250169761e+01 8.219571874256096180e+02
5.400000000000000355e-01 1.187329906322026574e+01 6.081152781385311528e+02
5.500000000000000444e-01 6.633393549924125665e+00 4.474961457754596950e+02
5.600000000000000533e-01 2.791022707068290032e+00 3.266974300314163315e+02
5.700000000000000622e-01 8.277639532394687194e-05 2.357910879360991885e+02
5.799999999999999600e-01 -1.999614729333931251e+00 1.673910272666551009e+02
5.899999999999999689e-01 -3.404216475513349494e+00 1.159800802485719942e+02
5.999999999999999778e-01 -4.361945281790452711e+00 7.742158819135153180e+01
6.099999999999999867e-01 -4.985031179856896699e+00 4.860314727132117696e+01
6.199999999999999956e-01 -5.358581375398363988e+00 2.717548320276173968e+01
6.300000000000000044e-01 -5.547201494249936360e+00 1.136015793011318920e+01
6.400000000000000133e-01 -5.599957331476473676e+00 -1.926685116787467678e-01
6.500000000000000222e-01 -5.554106574594756651e+00 -8.509899672866438891e+00
6.600000000000000311e-01 -5.437915020192097160e+00 -1.437431302602630012e+01
6.700000000000000400e-01 -5.272788668456456662e+00 -1.838357048094360380e+01
6.800000000000000488e-01 -5.074892664070405957e+00 -2.099456633832310359e+01
6.900000000000000577e-01 -4.856383940723855375e+00 -2.255687250136624300e+01
7.000000000000000666e-01 -4.626352074782006163e+00 -2.333804480096778633e+01
7.099999999999999645e-01 -4.391539023542080145e+00 -2.354283079168796533e+01
7.199999999999999734e-01 -4.156890797066337129e+00 -2.332779143284817636e+01
7.299999999999999822e-01 -3.925981022384613439e+00 -2.281246214679388373e+01
7.399999999999999911e-01 -3.701336599889809342e+00 -2.208789398342601373e+01
7.500000000000000000e-01 -3.484688349209037472e+00 -2.122320519228286884e+01
7.600000000000000089e-01 -3.277164057886618131e+00 -2.027061739664562623e+01
7.700000000000000178e-01 -3.079437213839484766e+00 -1.926933431753174375e+01
7.800000000000000266e-01 -2.891841578387967182e+00 -1.824853411524999558e+01
7.900000000000000355e-01 -2.714459387296337844e+00 -1.722968125531252070e+01
8.000000000000000444e-01 -2.547189164906739300e+00 -1.622831476852297428e+01
8.100000000000000533e-01 -2.389797761477888915e+00 -1.525543275160307033e+01
8.200000000000000622e-01 -2.241960172029890064e+00 -1.431856491370901985e+01
8.300000000000000711e-01 -2.103289888299680221e+00 -1.342260367213934025e+01
8.399999999999999689e-01 -1.973361915180907866e+00 -1.257044807091426719e+01
8.499999999999999778e-01 -1.851730105046411001e+00 -1.176350239643241302e+01
8.599999999999999867e-01 -1.737940094198549001e+00 -1.100206186591156765e+01
8.699999999999999956e-01 -1.631538840004647994e+00 -1.028561046953624114e+01
8.800000000000000044e-01 -1.532081535762433555e+00 -9.613050431268019835e+00
8.900000000000000133e-01 -1.439136508289309058e+00 -8.982878419765585321e+00
9.000000000000000222e-01 -1.352288569385140971e+00 -8.393320289617818730e+00
9.100000000000000311e-01 -1.271141188050140647e+00 -7.842433536102920932e+00
9.200000000000000400e-01 -1.195317769012488318e+00 -7.328184630276027178e+00
9.300000000000000488e-01 -1.124462259621530791e+00 -6.848506832717706772e+00
9.400000000000000577e-01 -1.058239257542569201e+00 -6.401342862180556814e+00
9.500000000000000666e-01 -9.963337528916013097e-01 -5.984675841683820607e+00
9.599999999999999645e-01 -9.384506081018468837e-01 -5.596551199330395576e+00
9.699999999999999734e-01 -8.843138550756334260e-01 -5.235091617980980772e+00
9.799999999999999822e-01 -8.336658706104594918e-01 -4.898506671144050806e+00
9.899999999999999911e-01 -7.862664765774818321e-01 -4.585098424313963861e+00
1.000000000000000000e+00 -7.418919999999999959e-01 -4.293264000000000635e+00
1.010000000000000009e+00 -7.003343193444054871e-01 -4.021495884101698337e+00
1.020000000000000018e+00 -6.613999164604947856e-01 -3.768380578060407604e+00
1.030000000000000027e+00 -6.249089482713261479e-01 -3.532596065172825206e+00
1.040000000000000036e+00 -5.906943481845916555e-01 -3.312908452628400724e+00
1.050000000000000044e+00 -5.586009640179804281e-01 -3.108168066993359790e+00
1.060000000000000053e+00 -5.284847367958501740e-01 -2.917305215118811468e+00
1.070000000000000062e+00 -5.002119229227225405e-01 -2.739325770956902772e+00
1.080000000000000071e+00 -4.736583608438716952e-01 -2.573306708505928242e+00
1.090000000000000080e+00 -4.487087822646568802e-01 -2.418391669693348067e+00
1.100000000000000089e+00 0.000000000000000000e+00 -2.273786631569720385e+00
1.110000000000000098e+00 0.000000000000000000e+00 -2.138755718247050908e+00
1.120000000000000107e+00 0.000000000000000000e+00 -2.012617188404006718e+00
1.130000000000000115e+00 0.000000000000000000e+00 -1.894739617975017110e+00
1.140000000000000124e+00 0.000000000000000000e+00 -1.784538289111088138e+00
1.150000000000000133e+00 0.000000000000000000e+00 -1.681471790070559358e+00
1.159999999999999920e+00 0.000000000000000000e+00 -1.585038825912027161e+00
1.169999999999999929e+00 0.000000000000000000e+00 -1.494775236358745651e+00
1.179999999999999938e+00 0.000000000000000000e+00 -1.410251214699097533e+00
1.189999999999999947e+00 0.000000000000000000e+00 -1.331068719856006055e+00
1.199999999999999956e+00 0.000000000000000000e+00 -1.256859072622041218e+00
