0.000000000000000000e+00 8.390375657862556549e+20 1.006906539471442209e+24
1.000000000000000021e-02 4.195699999336248771e+20 5.034839999601748916e+23
2.000000000000000042e-02 1.024340809941405920e+17 6.146044890761717350e+19
2.999999999999999889e-02 7.894948858154060000e+14 3.157979725360389760e+17
4.000000000000000083e-02 2.500830460357665234e+13 7.502493811798094000e+15
5.000000000000000278e-02 1.718554471999999023e+12 4.124535830399997500e+14
5.999999999999999778e-02 1.927463744395251160e+11 3.854941715256552344e+13
7.000000000000000666e-02 3.031236798679476547e+10 5.196454298724050781e+12
8.000000000000000167e-02 6.105293871834872246e+09 9.158130708150563965e+11
8.999999999999999667e-02 1.485449187896283388e+09 1.980682181376769409e+11
1.000000000000000056e-01 4.195036249999997616e+08 5.034441749999996948e+10
1.100000000000000006e-01 1.336504652296271026e+08 1.458209440452880859e+10
1.199999999999999956e-01 4.703533879477880895e+07 4.704645322137989998e+09
1.300000000000000044e-01 1.799502484210939333e+07 1.661713892548896790e+09
1.400000000000000133e-01 7.391802920106932521e+06 6.339609053335360289e+08
1.499999999999999944e-01 3.227944264744347893e+06 2.584686275993009508e+08
1.600000000000000033e-01 1.486655819917359157e+06 1.116475461799381971e+08
1.700000000000000122e-01 7.173908617785837268e+05 5.073640892575590312e+07
1.799999999999999933e-01 3.607374811336160637e+05 2.411421555088022724e+07
1.900000000000000022e-01 1.881554793948309380e+05 1.192805733365802467e+07
2.000000000000000111e-01 1.013969726562499418e+05 6.114931640624996275e+06
2.099999999999999922e-01 5.626522278804842790e+04 3.237267215991944540e+06
2.200000000000000011e-01 3.205323411422509162e+04 1.764324257270510308e+06
2.300000000000000100e-01 1.869729135165700427e+04 9.872074879853501916e+05
2.399999999999999911e-01 1.114133814527409777e+04 5.657500530457987916e+05
2.500000000000000000e-01 6.767344517120000091e+03 3.313574648217600188e+05
2.600000000000000089e-01 4.181809477209108991e+03 1.979650002728659310e+05
2.700000000000000178e-01 2.624044252236503326e+03 1.204314218060659769e+05
2.800000000000000266e-01 1.669052737617772209e+03 7.448237767311996140e+04
2.899999999999999800e-01 1.074258680276506311e+03 4.676079552856453665e+04
2.999999999999999889e-01 6.984455941487393602e+02 2.975881142027056922e+04
3.099999999999999978e-01 4.578887699110153449e+02 1.917224442626158998e+04
3.200000000000000067e-01 3.021024285176919761e+02 1.248790111735287064e+04
3.300000000000000155e-01 2.001624271659477472e+02 8.213088313138081503e+03
3.400000000000000244e-01 1.328490022963490560e+02 5.447022509149584039e+03
3.500000000000000333e-01 8.805436591995172080e+01 3.637990904018291076e+03
3.599999999999999867e-01 5.805486152480889928e+01 2.443366284987011568e+03
3.699999999999999956e-01 3.786597705428907545e+01 1.647597092995460571e+03
3.800000000000000044e-01 2.423620666400619328e+01 1.113427112459302634e+03
3.900000000000000133e-01 1.502342338807814670e+01 7.524632754486342492e+02
4.000000000000000222e-01 8.803486824035633873e+00 5.071771144866939949e+02
4.100000000000000311e-01 4.621706554057920968e+00 3.397579121890635179e+02
4.199999999999999845e-01 1.833272172830431757e+00 2.251262994963137487e+02
4.299999999999999933e-01 -2.620739272618521909e-04 1.465058328437856972e+02
4.400000000000000022e-01 -1.178784616282352538e+00 9.258596035178811690e+01
4.500000000000000111e-01 -1.908449996823406103e+00 5.568615269243048260e+01
4.600000000000000200e-01 -2.331562945356800753e+00 3.055657862474515696e+01
4.700000000000000289e-01 -2.546661851152376421e+00 1.358757617939640738e+01
4.799999999999999822e-01 -2.622116510156895508e+00 2.284163668686559845e+00
4.899999999999999911e-01 -2.605398422222518384e+00 -5.086057287209030164e+00
5.000000000000000000e-01 -2.529441280000000347e+00 -9.730590719999995031e+00
5.100000000000000089e-01 -2.417030608970597072e+00 -1.249363278134412525e+01
5.200000000000000178e-01 -2.283849399259565427e+00 -1.396664646020160561e+01
5.300000000000000266e-01 -2.140601342439640398e+00 -1.456449406518719059e+01
5.400000000000000355e-01 -1.994497262246384572e+00 -1.457815499437045048e+01
5.500000000000000444e-01 -1.850299484631581892e+00 -1.421142233885146844e+01
5.600000000000000533e-01 -1.711057783573149527e+00 -1.360657033269686167e+01
5.700000000000000622e-01 -1.578629149164237022e+00 -1.286238572385932599e+01
5.799999999999999600e-01 -1.454045407559251712e+00 -1.204688397197917737e+01
5.899999999999999689e-01 -1.337773366811920051e+00 -1.120630734095785286e+01
5.999999999999999778e-01 -1.229898807852142006e+00 -1.037151010766011616e+01
6.099999999999999867e-01 -1.130256374448760370e+00 -9.562499832362119534e+00
6.199999999999999956e-01 -1.038520954292611265e+00 -8.791672371164713340e+00
6.300000000000000044e-01 -9.542716148889112127e-01 -8.066118373333891256e+00
6.400000000000000133e-01 -8.770359698629780487e-01 -7.389267810404120951e+00
6.500000000000000222e-01 -8.063205973040722396e-01 -6.762061385907194300e+00
6.600000000000000311e-01 -7.416315319697460717e-01 -6.183783125202932496e+00
6.700000000000000400e-01 -6.824877136260303345e-01 -5.652649975905060131e+00
6.800000000000000488e-01 -6.284294594794140876e-01 -5.166227006560674795e+00
6.900000000000000577e-01 -5.790234450865741067e-01 -4.721717422856066548e+00
7.000000000000000666e-01 -5.338652588948613609e-01 -4.316162800541789579e+00
7.099999999999999645e-01 -4.925802937821287530e-01 -3.946579040161506402e+00
7.199999999999999734e-01 -4.548235213867609095e-01 -3.610046443737306543e+00
7.299999999999999822e-01 -4.202785379889832917e-01 -3.303767197664662980e+00
7.399999999999999911e-01 -3.886561573224245336e-01 -3.025099853605798028e+00
7.500000000000000000e-01 -3.596927438471627658e-01 -2.771577728715096889e+00
7.600000000000000089e-01 -3.331484209921461992e-01 -2.540916212078692560e+00
7.700000000000000178e-01 -3.088052463952550286e-01 -2.331012561290859875e+00
7.800000000000000266e-01 -2.864654156924396067e-01 -2.139940754883093543e+00
7.900000000000000355e-01 -2.659495346426772877e-01 -1.965943227243452052e+00
8.000000000000000444e-01 -2.470949839334934395e-01 -1.807420776458456446e+00
8.100000000000000533e-01 -2.297543901545738010e-01 -1.662921546973582965e+00
8.200000000000000622e-01 -2.137942088888091785e-01 -1.531129708037050952e+00
8.300000000000000711e-01 -1.990934207283267809e-01 -1.410854246423382863e+00
8.399999999999999689e-01 -1.855423376048043749e-01 -1.301018146689046917e+00
8.499999999999999778e-01 -1.730415146379691571e-01 -1.200648128686709448e+00
8.599999999999999867e-01 -1.615007613961070843e-01 -1.108865038921788670e+00
8.699999999999999956e-01 -1.508382457674277421e-01 -1.024874941279693363e+00
8.800000000000000044e-01 -1.409796833723437337e-01 -9.479609176098185985e-01
8.900000000000000133e-01 -1.318576054673762377e-01 -8.774755651737433659e-01
9.000000000000000222e-01 -1.234106985030044845e-01 -8.128341627922373025e-01
9.100000000000000311e-01 -1.155832088298097554e-01 -7.535084682750754492e-01
9.200000000000000400e-01 -1.083244064496661913e-01 -6.990211046480850898e-01
9.300000000000000488e-01 -1.015881021463718586e-01 -6.489404905343176821e-01
9.400000000000000577e-01 -9.533221277872877542e-02 -6.028762698789704721e-01
9.500000000000000666e-01 -8.951836996228067223e-02 -5.604751973641529661e-01
9.599999999999999645e-01 -8.411156779299462649e-02 -5.214174378608004146e-01
9.699999999999999734e-01 -7.907984567048242930e-02 -4.854132407695537221e-01
9.799999999999999822e-01 -7.439400265614486141e-02 -4.521999528696022952e-01
9.899999999999999911e-01 -7.002734015114157884e-02 -4.215393361571729836e-01
1.000000000000000000e+00 -6.595543000000000933e-02 -3.932151600000000080e-01
1.010000000000000009e+00 -6.215590541855346707e-02 -3.670310396857958124e-01
1.020000000000000018e+00 -5.860827241092970291e-02 -3.428084960544170445e-01
1.030000000000000027e+00 -5.529373958104499137e-02 -3.203852133478393149e-01
1.040000000000000036e+00 -5.219506446124611010e-02 -2.996134746758873924e-01
1.050000000000000044e+00 -4.929641467621138917e-02 -2.803587565752378441e-01
1.060000000000000053e+00 -4.658324243580751894e-02 -2.624984660373481660e-01
1.070000000000000062e+00 -4.404217100808237306e-02 -2.459208051047312160e-01
1.080000000000000071e+00 -4.166089196465096872e-02 -2.305237496940880926e-01
1.090000000000000080e+00 -3.942807211699619896e-02 -2.162141307103730425e-01
1.100000000000000089e+00 0.000000000000000000e+00 -2.029068067797053787e-01
1.110000000000000098e+00 0.000000000000000000e+00 -1.905239190630611257e-01
1.120000000000000107e+00 0.000000000000000000e+00 -1.789942196284845799e-01
1.130000000000000115e+00 0.000000000000000000e+00 -1.682524657682649416e-01
1.140000000000000124e+00 0.000000000000000000e+00 -1.582388734595528146e-01
1.150000000000000133e+00 0.000000000000000000e+00 -1.488986238919402794e-01
1.159999999999999920e+00 0.000000000000000000e+00 -1.401814176325142935e-01
1.169999999999999929e+00 0.000000000000000000e+00 -1.320410715759646747e-01
1.179999999999999938e+00 0.000000000000000000e+00 -1.244351543418906747e-01
1.189999999999999947e+00 0.000000000000000000e+00 -1.173246562401840387e-01
1.199999999999999956e+00 0.000000000000000000e+00 -1.106736903343226858e-01
