0.000000000000000000e+00 5.997833718209048478e+21 4.318703886164417231e+24
1.666666666666666644e-02 2.999282982513335599e+21 2.159483747509771946e+24
3.333333333333333287e-02 7.322468176229382400e+17 2.636088551268372644e+20
5.000000000000000278e-02 5.643679693412796000e+15 1.354483172221618688e+18
6.666666666666666574e-02 1.787711288379209062e+14 3.217880930472786800e+16
8.333333333333334259e-02 1.228504528948374023e+13 1.769047803863861250e+15
1.000000000000000056e-01 1.377845616961716309e+12 1.653418318678107812e+14
1.166666666666666824e-01 2.166886795531854248e+11 2.228810010152965234e+13
1.333333333333333315e-01 4.364425027012880707e+10 3.928030289171786133e+12
1.499999999999999944e-01 1.061905615980453682e+10 8.495454358789313965e+11
1.666666666666666852e-01 2.999004732313573837e+09 2.159383577437857056e+11
1.833333333333333481e-01 9.555069242107788324e+08 6.254741171658830261e+10
2.000000000000000111e-01 3.362963605802304149e+08 2.018057720047671127e+10
2.166666666666666741e-01 1.286775245742091537e+08 7.128351582318577766e+09
2.333333333333333648e-01 5.286613253923861682e+07 2.719779932837271690e+09
2.500000000000000000e-01 2.309208556210801005e+07 1.109006379593291044e+09
2.666666666666666630e-01 1.063900865865677968e+07 4.791285526098153591e+08
2.833333333333333814e-01 5.136375684711739421e+06 2.177847330803096890e+08
2.999999999999999889e-01 2.584489937953980640e+06 1.035432154444738775e+08
3.166666666666667074e-01 1.349194557986712782e+06 5.123943597362717241e+07
3.333333333333333703e-01 7.278991582516726339e+05 2.628262764400094002e+07
3.499999999999999778e-01 4.044981362083699787e+05 1.392412398896920308e+07
3.666666666666666963e-01 2.308622608243268623e+05 7.595650873221216723e+06
3.833333333333333592e-01 1.349825517243315408e+05 4.254960810554602183e+06
4.000000000000000222e-01 8.067033024613224552e+04 2.441950264125309419e+06
4.166666666666666852e-01 4.917990448948374978e+04 1.432793130291395821e+06
4.333333333333333481e-01 3.052875272211894480e+04 8.578832945589874871e+05
4.500000000000000666e-01 1.926439969566125365e+04 5.232935001459714258e+05
4.666666666666667296e-01 1.233837818163766315e+04 3.246964833034976036e+05
4.833333333333333370e-01 8.009199287032971370e+03 2.046560938837660069e+05
5.000000000000000000e-01 5.261992176593873410e+03 1.308680670203348418e+05
5.166666666666667185e-01 3.494305832348768490e+03 8.479895260301120288e+04
5.333333333333333259e-01 2.342322349103520992e+03 5.561758855998759100e+04
5.500000000000000444e-01 1.582797529100868132e+03 3.688415919628198753e+04
5.666666666666667629e-01 1.076692149528731989e+03 2.470769467973148494e+04
5.833333333333333703e-01 7.362007563554883518e+02 1.670160625934539712e+04
5.999999999999999778e-01 5.051497729645570871e+02 1.138126050862436205e+04
6.166666666666666963e-01 3.471646733886598213e+02 7.810816402698908860e+03
6.333333333333334147e-01 2.384238896489654280e+02 5.392999417560637085e+03
6.500000000000000222e-01 1.631612843464484115e+02 3.742146658178671714e+03
6.666666666666667407e-01 1.108389511618969152e+02 2.606491331388569961e+03
6.833333333333334592e-01 7.434861294937991261e+01 1.819975507765725752e+03
6.999999999999999556e-01 4.885440405302036027e+01 1.272007677488849367e+03
7.166666666666666741e-01 3.104034416674965513e+01 8.882637434002569989e+02
7.333333333333333925e-01 1.861603095405887487e+01 6.183658109781501935e+02
7.500000000000000000e-01 9.988847294202372495e+00 4.278931671811641877e+02
7.666666666666667185e-01 4.044630495074943433e+00 2.931514858866243571e+02
7.833333333333334370e-01 -3.342335446141414599e-04 1.977161602777566713e+02
8.000000000000000444e-01 -2.699992203980326799e+00 1.301279039820281014e+02
8.166666666666666519e-01 -4.447522291409423012e+00 8.234367466207653763e+01
8.333333333333333703e-01 -5.522967495219885059e+00 4.868708833652007684e+01
8.500000000000000888e-01 -6.126333125464100249e+00 2.513191968364232309e+01
8.666666666666666963e-01 -6.400731087472280478e+00 8.809498226354619987e+00
8.833333333333334147e-01 -6.448658881745212845e+00 -2.332249082288247788e+00
9.000000000000001332e-01 -6.343512412289154412e+00 -9.766298869547149764e+00
9.166666666666667407e-01 -6.137769314814264021e+00 -1.455296474899600412e+01
9.333333333333334592e-01 -5.868832792762506578e+00 -1.745719123093743264e+01
9.500000000000001776e-01 -5.563222508971485070e+00 -1.903165793145640805e+01
9.666666666666666741e-01 -5.239591554425055975e+00 -1.967595443492249174e+01
9.833333333333332815e-01 -4.910905656687125642e+00 -1.967891266478125090e+01
1.000000000000000000e+00 -4.586021833333943754e+00 -1.924902151499287939e+01
1.016666666666666607e+00 -4.270834739613150077e+00 -1.853636593288246104e+01
1.033333333333333437e+00 -3.969110635508366958e+00 -1.764850974848565102e+01
1.050000000000000044e+00 -3.683094848340710215e+00 -1.666203160820919038e+01
1.066666666666666652e+00 -3.413954492134591678e+00 -1.563092783996448176e+01
1.083333333333333481e+00 -3.162101041887058539e+00 -1.459274831784903448e+01
1.100000000000000089e+00 -2.927425088554250099e+00 -1.357308606910497240e+01
1.116666666666666696e+00 -2.709466786562169105e+00 -1.258886744042690253e+01
1.133333333333333526e+00 -2.507539148987635969e+00 -1.165076574797033260e+01
1.150000000000000133e+00 -2.320816743114472835e+00 -1.076497268222810355e+01
1.166666666666666741e+00 -2.148398994468643242e+00 -9.934498027673578591e+00
1.183333333333333348e+00 -1.989354868560803791e+00 -9.160122282302825880e+00
1.199999999999999956e+00 -1.842753915486995409e+00 -8.441093456954167351e+00
1.216666666666666785e+00 -1.707687353647505901e+00 -7.775635118164917259e+00
1.233333333333333393e+00 -1.583281906034089026e+00 -7.161315069684608403e+00
1.250000000000000000e+00 -1.468708392629076931e+00 -6.595311134276238718e+00
1.266666666666666829e+00 -1.363186557949129796e+00 -6.074601001284283264e+00
1.283333333333333437e+00 -1.265987224563336566e+00 -5.596096113435526931e+00
1.300000000000000044e+00 -1.176432575700802730e+00 -5.156734404801210481e+00
1.316666666666666874e+00 -1.093895156613459374e+00 -4.753542882637079359e+00
1.333333333333333481e+00 -1.017796025917745650e+00 -4.383678213928257072e+00
1.350000000000000089e+00 -9.476023705201522818e-01 -4.044451373833395813e+00
1.366666666666666918e+00 -8.828248104608972247e-01 -3.733340848170144000e+00
1.383333333333333526e+00 -8.230145553311918327e-01 -3.447997716302534599e+00
1.399999999999999911e+00 -7.677605260765277828e-01 -3.186245071660971373e+00
1.416666666666666741e+00 -7.166865207104211599e-01 -2.946073588841788826e+00
1.433333333333333348e+00 -6.694484765404608018e-01 -2.725634562651369386e+00
1.449999999999999956e+00 -6.257318625707868343e-01 -2.523231383893547175e+00
1.466666666666666785e+00 -5.852492220132520240e-01 -2.337310148127562215e+00
1.483333333333333393e+00 -5.477378749823318405e-01 -2.166449893913627189e+00
1.500000000000000000e+00 -5.129577844697181810e-01 -2.009352818930198126e+00
1.516666666666666829e+00 -4.806895838467818982e-01 -1.864834712855482968e+00
1.533333333333333437e+00 -4.507327608673849517e-01 -1.731815765359771220e+00
1.550000000000000044e+00 -4.229039910209597131e-01 -1.609311848678361079e+00
1.566666666666666874e+00 -3.970356118029088055e-01 -1.496426331561062861e+00
1.583333333333333481e+00 -3.729742287920406185e-01 -1.392342450814188615e+00
1.600000000000000089e+00 -3.505794441783539050e-01 -1.296316245074115248e+00
1.616666666666666696e+00 -3.297226984392516158e-01 -1.207670040553565638e+00
1.633333333333333304e+00 -3.102862161221442427e-01 -1.125786468535056262e+00
1.650000000000000133e+00 -2.921620470856651219e-01 -1.050102988037348029e+00
1.666666666666666741e+00 -2.752511950286806730e-01 -9.801068833652006873e-01
1.683333333333333348e+00 -2.594628256584834980e-01 -9.153307044322722685e-01
1.700000000000000178e+00 -2.447135473902463110e-01 -8.553481172706245417e-01
1.716666666666666785e+00 -2.309267580101741490e-01 -7.997701325978060494e-01
1.733333333333333393e+00 -2.180320512619157158e-01 -7.482416814000292238e-01
1.750000000000000222e+00 -2.059646778211403906e-01 -7.004385079838361117e-01
1.766666666666666829e+00 -1.946650556014205280e-01 -6.560643526854630370e-01
1.783333333333333437e+00 -1.840783247826653368e-01 -6.148483982887580357e-01
1.800000000000000266e+00 -1.741539433699956230e-01 -5.765429561048542872e-01
1.816666666666666874e+00 -1.648453194759696427e-01 -5.409213695510355357e-01
1.833333333333333481e+00 0.000000000000000000e+00 -5.077761148923531920e-01
1.850000000000000311e+00 0.000000000000000000e+00 -4.769170805515325351e-01
1.866666666666666918e+00 0.000000000000000000e+00 -4.481700080346078807e-01
1.883333333333333526e+00 0.000000000000000000e+00 -4.213750790531073931e-01
1.900000000000000355e+00 0.000000000000000000e+00 -3.963856348452481915e-01
1.916666666666666963e+00 0.000000000000000000e+00 -3.730670150090311665e-01
1.933333333333333348e+00 0.000000000000000000e+00 -3.512955043624125806e-01
1.949999999999999956e+00 0.000000000000000000e+00 -3.309573774446132877e-01
1.966666666666666563e+00 0.000000000000000000e+00 -3.119480312739137950e-01
1.983333333333333393e+00 0.000000000000000000e+00 -2.941711978872827427e-01
2.000000000000000000e+00 0.000000000000000000e+00 -2.775382290125614215e-01
