0.000000000000000000e+00 2.291880806732727058e+21 1.650254910690957929e+24
1.666666666666666644e-02 1.146080305746041766e+21 8.251778202024181582e+23
3.333333333333333287e-02 2.798047593564769920e+17 1.007297138782384947e+20
5.000000000000000278e-02 2.156552042013137000e+15 5.175725199268056320e+17
6.666666666666666574e-02 6.831166525612824219e+13 1.229610372974986200e+16
8.333333333333334259e-02 4.694333329866154297e+12 6.759848349320071250e+14
1.000000000000000056e-01 5.264981382068795166e+11 6.318000973836360156e+13
1.166666666666666824e-01 8.280002860271157837e+10 8.516653623340532227e+12
1.333333333333333315e-01 1.667697185141178322e+10 1.500958588867524414e+12
1.499999999999999944e-01 4.057592452443524837e+09 3.246210421272941895e+11
1.666666666666666852e-01 1.145899005736136913e+09 8.251125521988522339e+10
1.833333333333333481e-01 3.650741658079162240e+08 2.389911286409283829e+10
2.000000000000000111e-01 1.284798161601328403e+08 7.710610481624155045e+09
2.166666666666666741e-01 4.915447765394641459e+07 2.723441992464908600e+09
2.333333333333333648e-01 2.019114842583454028e+07 1.039021081354738593e+09
2.500000000000000000e-01 8.817321567883461714e+06 4.236134340151828527e+08
2.666666666666666630e-01 4.060888846377470531e+06 1.829831405906115174e+08
2.833333333333333814e-01 1.959595921846334124e+06 8.315370983160169423e+07
2.999999999999999889e-01 9.853760033787549473e+05 3.952164897743266076e+07
3.166666666666667074e-01 5.139579862347865710e+05 1.954931990036062896e+07
3.333333333333333703e-01 2.769719467017206480e+05 1.002198076003823429e+07
3.499999999999999778e-01 1.536918708386150538e+05 5.305673695026631467e+06
3.666666666666666963e-01 8.755536968423939834e+04 2.891614743161437567e+06
3.833333333333333592e-01 5.107280640005550958e+04 1.617970180844565388e+06
4.000000000000000222e-01 3.043326194485920132e+04 9.272284209722251398e+05
4.166666666666666852e-01 1.848543126271510482e+04 5.430739407639005221e+05
4.333333333333333481e-01 1.142288310388840000e+04 3.244521902821963304e+05
4.500000000000000666e-01 7.167750499984563248e+03 1.973795797765225579e+05
4.666666666666667296e-01 4.559131045379967873e+03 1.220720038708617503e+05
4.833333333333333370e-01 2.934413069716658811e+03 7.663807675017762813e+04
5.000000000000000000e-01 1.907855183433715638e+03 4.877288968972751172e+04
5.166666666666667185e-01 1.250758242161329463e+03 3.142216501116416839e+04
5.333333333333333259e-01 8.252172451724842404e+02 2.046693882595392643e+04
5.500000000000000444e-01 5.467609862867598167e+02 1.346078188484626298e+04
5.666666666666667629e-01 3.628894837571808694e+02 8.927367104503224255e+03
5.833333333333333703e-01 2.405295525083840005e+02 5.962472040429245681e+03
5.999999999999999778e-01 1.585835327609860030e+02 4.004552235551457215e+03
6.166666666666666963e-01 1.034359079016388989e+02 2.700332172562426422e+03
6.333333333333334147e-01 6.620497634736138082e+01 1.824857453902999168e+03
6.500000000000000222e-01 4.103937512492498030e+01 1.233257304279409709e+03
6.666666666666667407e-01 2.404896752556238582e+01 8.312460933998933115e+02
6.833333333333334592e-01 1.262594993061376414e+01 5.568543532174413713e+02
6.999999999999999556e-01 5.008976387022206822e+00 3.689785058297602518e+02
7.166666666666666741e-01 3.998152560543824833e-04 2.401229565538351949e+02
7.333333333333333925e-01 -3.218948064728856640e+00 1.517503728965002381e+02
7.500000000000000000e-01 -5.212194870822045800e+00 9.127280926243349768e+01
7.666666666666667185e-01 -6.368057883868893931e+00 5.008608834794983267e+01
7.833333333333334370e-01 -6.955703401237935068e+00 2.227417299902547398e+01
8.000000000000000444e-01 -7.161889913629830851e+00 3.747921814687548370e+00
8.166666666666666519e-01 -7.116290569316605641e+00 -8.331976494251369658e+00
8.333333333333333703e-01 -6.908867304015297250e+00 -1.594456107074570639e+01
8.500000000000000888e-01 -6.601861464413182112e+00 -2.047342955897324046e+01
8.666666666666666963e-01 -6.238113181193029710e+00 -2.288796359733095187e+01
8.833333333333334147e-01 -5.846861155694949019e+00 -2.386810556756871193e+01
9.000000000000001332e-01 -5.447802965339278991e+00 -2.389076003055835784e+01
9.166666666666667407e-01 -5.053947848079118010e+00 -2.328993741886612767e+01
9.333333333333334592e-01 -4.673627002921571183e+00 -2.229882159153830656e+01
9.500000000000001776e-01 -4.311913384333105448e+00 -2.107932229593720308e+01
9.666666666666666741e-01 -3.971625891878847181e+00 -1.974291636277494888e+01
9.833333333333332815e-01 -3.654039985472985030e+00 -1.836539513418040315e+01
1.000000000000000000e+00 -3.359390277096570454e+00 -1.699732951798433689e+01
1.016666666666666607e+00 -3.087225340753270597e+00 -1.567151292570104637e+01
1.033333333333333437e+00 -2.836657331805858995e+00 -1.440826332149239519e+01
1.050000000000000044e+00 -2.606536637059357453e+00 -1.321920348168406179e+01
1.066666666666666652e+00 -2.395573068465942423e+00 -1.210995632045253245e+01
1.083333333333333481e+00 -2.202418956411270834e+00 -1.108206479481060214e+01
1.100000000000000089e+00 -2.025725128556801646e+00 -1.013435649868320887e+01
1.116666666666666696e+00 -1.864177647448412412e+00 -9.263910007361053189e+00
1.133333333333333526e+00 -1.716520955720756803e+00 -8.466735384116049090e+00
1.150000000000000133e+00 -1.581571483655294097e+00 -7.738249517026460467e+00
1.166666666666666741e+00 -1.458224628677823098e+00 -7.073604303680123273e+00
1.183333333333333348e+00 -1.345457192029168692e+00 -6.467909485491184718e+00
1.199999999999999956e+00 -1.242326763508045939e+00 -5.916380288738765536e+00
1.216666666666666785e+00 -1.147969116242246512e+00 -5.414431644724642112e+00
1.233333333333333393e+00 -1.061594363728899593e+00 -4.957734709670166495e+00
1.250000000000000000e+00 -9.824824078081181300e-01 -4.542247028215572691e+00
1.266666666666666829e+00 -9.099780450048952085e-01 -4.164224513900450120e+00
1.283333333333333437e+00 -8.434859826354731416e-01 -3.820221120608941145e+00
1.300000000000000044e+00 -7.824659328226317712e-01 -3.507080410159429729e+00
1.316666666666666874e+00 -7.264278931107035486e-01 -3.221922009893464001e+00
1.333333333333333481e+00 -6.749276801886793242e-01 -2.962125075293657872e+00
1.350000000000000089e+00 -6.275627535711858496e-01 -2.725310235858688479e+00
1.366666666666666918e+00 -5.839683454949203822e-01 -2.509321042022245152e+00
1.383333333333333526e+00 -5.438138992420296081e-01 -2.312205599059714789e+00
1.399999999999999911e+00 -5.067998087638957427e-01 -2.132198835871721432e+00
1.416666666666666741e+00 -4.726544465085657509e-01 -1.967705686854203773e+00
1.433333333333333348e+00 -4.411314627759010953e-01 -1.817285345182225065e+00
1.449999999999999956e+00 -4.120073380256490947e-01 -1.679636662153257687e+00
1.466666666666666785e+00 -3.850791688290078896e-01 -1.553584709799342489e+00
1.483333333333333393e+00 -3.601626682103072352e-01 -1.438068485494017557e+00
1.500000000000000000e+00 -3.370903617031404953e-01 -1.332129712409606537e+00
1.516666666666666829e+00 -3.157099613519885883e-01 -1.234902674516812793e+00
1.533333333333333437e+00 -2.958829009893421680e-01 -1.145605016507742713e+00
1.550000000000000044e+00 -2.774830173135793276e-01 -1.063529435485631058e+00
1.566666666666666874e+00 -2.603953625181157916e-01 -9.880361909889070482e-01
1.583333333333333481e+00 -2.445151354328342352e-01 -9.185463618113369755e-01
1.600000000000000089e+00 -2.297467193052646628e-01 -8.545357813587425300e-01
1.616666666666666696e+00 -2.160028154532865063e-01 -7.955295873866153888e-01
1.633333333333333304e+00 -2.032036630529793220e-01 -7.410973264973927943e-01
1.650000000000000133e+00 -1.912763362799096145e-01 -6.908485584672433566e-01
1.666666666666666741e+00 -1.801541108986615958e-01 -6.444289101338431802e-01
1.683333333333333348e+00 -1.697758931953727568e-01 -6.015165330859695292e-01
1.700000000000000178e+00 -1.600857048746674727e-01 -5.618189236756773175e-01
1.716666666666666785e+00 -1.510322181999167179e-01 -5.250700678797222132e-01
1.733333333333333393e+00 -1.425683362489753858e-01 -4.910278772468470443e-01
1.750000000000000222e+00 -1.346508136914519871e-01 -4.594718855755722253e-01
1.766666666666666829e+00 -1.272399139731588413e-01 -4.302011790778209610e-01
1.783333333333333437e+00 -1.202990992235426632e-01 -4.030325356086524868e-01
1.800000000000000266e+00 -1.137947495872343590e-01 -3.777987510974579188e-01
1.816666666666666874e+00 -1.076959090257363222e-01 -3.543471336194478072e-01
1.833333333333333481e+00 0.000000000000000000e+00 -3.325381476174877338e-01
1.850000000000000311e+00 0.000000000000000000e+00 -3.122441926428055070e-01
1.866666666666666918e+00 0.000000000000000000e+00 -2.933485026478390156e-01
1.883333333333333526e+00 0.000000000000000000e+00 -2.757441533537211553e-01
1.900000000000000355e+00 0.000000000000000000e+00 -2.593331665456832802e-01
1.916666666666666963e+00 0.000000000000000000e+00 -2.440257013379064643e-01
1.933333333333333348e+00 0.000000000000000000e+00 -2.297393235096599207e-01
1.949999999999999956e+00 0.000000000000000000e+00 -2.163983449602993603e-01
1.966666666666666563e+00 0.000000000000000000e+00 -2.039332261739909558e-01
1.983333333333333393e+00 0.000000000000000000e+00 -1.922800353368229465e-01
2.000000000000000000e+00 0.000000000000000000e+00 -1.813799584191868042e-01
