0.000000000000000000e+00 1.078788295729094459e+21 1.294624977437056240e+24
1.000000000000000021e-02 5.394599999146617733e+20 6.473519999487968784e+23
2.000000000000000042e-02 1.317041002290936960e+17 7.902246053747808666e+19
2.999999999999999889e-02 1.015089046175583375e+15 4.060356418825790720e+17
4.000000000000000083e-02 3.215430083605955859e+13 9.646293375988766000e+15
5.000000000000000278e-02 2.209622698367998535e+12 5.303101030041596250e+14
5.999999999999999778e-02 2.478226736539781494e+11 4.956471763974625000e+13
7.000000000000000666e-02 3.897397346329634857e+10 6.681314767510647461e+12
8.000000000000000167e-02 7.849850650459525108e+09 1.177502012966572754e+12
8.999999999999999667e-02 1.909908767365166903e+09 2.546652075488622742e+11
1.000000000000000056e-01 5.393746619999996424e+08 6.473007971999995422e+10
1.100000000000000006e-01 1.718404098457861543e+08 1.874885404188082886e+10
1.199999999999999956e-01 6.047544946657452732e+07 6.048973922834150314e+09
1.300000000000000044e-01 2.313701263171257451e+07 2.136540243088720798e+09
1.400000000000000133e-01 9.503973564040316269e+06 8.151120383227924109e+08
1.499999999999999944e-01 4.150313262002745178e+06 3.323247389849110246e+08
1.600000000000000033e-01 1.911460379989875248e+06 1.435502737933347225e+08
1.700000000000000122e-01 9.223818004130695481e+05 6.523408536289153248e+07
1.799999999999999933e-01 4.638164847903798800e+05 3.100473362279592454e+07
1.900000000000000022e-01 2.419200241207140498e+05 1.533644146183291636e+07
2.000000000000000111e-01 1.303706953124999127e+05 7.862243906249994412e+06
2.099999999999999922e-01 7.234276360373609350e+04 4.162301013748392463e+06
2.200000000000000011e-01 4.121231251037148468e+04 2.268471766010147519e+06
2.300000000000000100e-01 2.403996997250613276e+04 1.269297606872561621e+06
2.399999999999999911e-01 1.432493639744522261e+04 7.274106962527106516e+05
2.500000000000000000e-01 8.701092495359998793e+03 4.260415065292799845e+05
2.600000000000000089e-01 5.376751077000270016e+03 2.545327432763830584e+05
2.700000000000000178e-01 3.373860160342733707e+03 1.548442803346819419e+05
2.800000000000000266e-01 2.145982983060350762e+03 9.576548703669104725e+04
2.899999999999999800e-01 1.381228231915631341e+03 6.012257121051435388e+04
2.999999999999999889e-01 8.980274348422500452e+02 3.826233196159124054e+04
3.099999999999999978e-01 5.887319045853378157e+02 2.465068845125829102e+04
3.200000000000000067e-01 3.884297573026883015e+02 1.605631350896085496e+04
3.300000000000000155e-01 2.573603962451778102e+02 1.055998338866189260e+04
3.400000000000000244e-01 1.708120800045050203e+02 7.003519493482779581e+03
3.500000000000000333e-01 1.132172603656963616e+02 4.677559315716744095e+03
3.599999999999999867e-01 7.464526887059611227e+01 3.141571228790118312e+03
3.699999999999999956e-01 4.868728184930143499e+01 2.118410589375223935e+03
3.800000000000000044e-01 3.116268236670300240e+01 1.431600672586902874e+03
3.900000000000000133e-01 1.931723387130218228e+01 9.674903552071968988e+02
4.000000000000000222e-01 1.131984901428221235e+01 6.521125602722163421e+02
4.100000000000000311e-01 5.943034632339902146e+00 4.368522400990828487e+02
4.199999999999999845e-01 2.357725185371354115e+00 2.894636378234469021e+02
4.299999999999999933e-01 1.881930410263521480e-04 1.883764594164837263e+02
4.400000000000000022e-01 -1.515158854067870209e+00 1.190481675373044368e+02
4.500000000000000111e-01 -2.453380125695935554e+00 7.160351886637911889e+01
4.600000000000000200e-01 -2.997444845937087265e+00 3.929253630896666039e+01
4.700000000000000289e-01 -3.274049590962696321e+00 1.747408871773551198e+01
4.799999999999999822e-01 -3.371101582345561454e+00 2.940244663622394228e+00
4.899999999999999911e-01 -3.349637970977325185e+00 -6.536435559740183976e+00
5.000000000000000000e-01 -3.252003839999999979e+00 -1.250850815999999099e+01
5.100000000000000089e-01 -3.107496191299284227e+00 -1.606140548901448994e+01
5.200000000000000178e-01 -2.936279874387558664e+00 -1.795560744210612469e+01
5.300000000000000266e-01 -2.752117545985611979e+00 -1.872452881775764766e+01
5.400000000000000355e-01 -2.564280855785198376e+00 -1.874230124397302433e+01
5.500000000000000444e-01 -2.378893252090840349e+00 -1.827095590510046463e+01
5.600000000000000533e-01 -2.199876230275183531e+00 -1.749342553856179450e+01
5.700000000000000622e-01 -2.029617630005592588e+00 -1.653672834116273194e+01
5.799999999999999600e-01 -1.869444307307373210e+00 -1.548831788659694197e+01
5.899999999999999689e-01 -1.719956621162133992e+00 -1.440765248276451871e+01
5.999999999999999778e-01 -1.581265003429355609e+00 -1.333440500685870944e+01
6.099999999999999867e-01 -1.453156967892564211e+00 -1.229430189021246811e+01
6.199999999999999956e-01 -1.335214606081017719e+00 -1.130328257571078154e+01
6.300000000000000044e-01 -1.226896795063839418e+00 -1.037046513138114356e+01
6.400000000000000133e-01 -1.127596243326919101e+00 -9.500260733395009538e+00
6.500000000000000222e-01 -1.036678602782785008e+00 -8.693879831528915858e+00
6.600000000000000311e-01 -9.535088180116864098e-01 -7.950402673216975913e+00
6.700000000000000400e-01 -8.774684186539677411e-01 -7.267537400774743972e+00
6.800000000000000488e-01 -8.079664138577602461e-01 -6.642153908839038223e+00
6.900000000000000577e-01 -7.444456973565467539e-01 -6.070656746107257362e+00
7.000000000000000666e-01 -6.863863327186511265e-01 -5.549242576237054969e+00
7.099999999999999645e-01 -6.333067002881295204e-01 -5.074074991367833576e+00
7.199999999999999734e-01 -5.847632075832370768e-01 -4.641400336515559388e+00
7.299999999999999822e-01 -5.403490630152253393e-01 -4.247621625286480906e+00
7.399999999999999911e-01 -4.996924670071929975e-01 -3.889342879736244374e+00
7.500000000000000000e-01 -4.624544693552811725e-01 -3.563392793635116185e+00
7.600000000000000089e-01 -4.283266657838041835e-01 -3.266834131154902288e+00
7.700000000000000178e-01 -3.970288520265171650e-01 -2.996963469117713608e+00
7.800000000000000266e-01 -3.683067145796127262e-01 -2.751304581770072311e+00
7.900000000000000355e-01 -3.419296092872081139e-01 -2.527597816761422145e+00
8.000000000000000444e-01 -3.176884590648113571e-01 -2.323787121567873815e+00
8.100000000000000533e-01 -2.953937881059571224e-01 -2.138005880031140560e+00
8.200000000000000622e-01 -2.748739002244590113e-01 -1.968562357466451029e+00
8.300000000000000711e-01 -2.559732023732232964e-01 -1.813925292462345684e+00
8.399999999999999689e-01 -2.385506699851656642e-01 -1.672709986741365285e+00
8.499999999999999778e-01 -2.224784479715818664e-01 -1.543665111337122475e+00
8.599999999999999867e-01 -2.076405795286165867e-01 -1.425660353295455263e+00
8.699999999999999956e-01 -1.939318540086729659e-01 -1.317674961459230243e+00
8.800000000000000044e-01 -1.812567647678139660e-01 -1.218787204837583849e+00
8.900000000000000133e-01 -1.695285679265916001e-01 -1.128164726870056533e+00
9.000000000000000222e-01 -1.586684332536681952e-01 -1.045055759385336014e+00
9.100000000000000311e-01 -1.486046788083809911e-01 -9.687811481584395201e-01
9.200000000000000400e-01 -1.392720814956833475e-01 -8.987271354503241216e-01
9.300000000000000488e-01 -1.306112562495017615e-01 -8.343388421384775322e-01
9.400000000000000577e-01 -1.225680971372771072e-01 -7.751143918307974445e-01
9.500000000000000666e-01 -1.150932742482350668e-01 -7.205996208409938264e-01
9.599999999999999645e-01 -1.081417807769880640e-01 -6.703833204759334086e-01
9.699999999999999734e-01 -1.016725252338619434e-01 -6.240929613047997426e-01
9.799999999999999822e-01 -9.564796419903734415e-02 -5.813908526372046914e-01
9.899999999999999911e-01 -9.003377148695344834e-02 -5.419706941175522763e-01
1.000000000000000000e+00 -8.479853999999999170e-02 -5.055544799999999173e-01
1.010000000000000009e+00 -7.991351292706194709e-02 -4.718897202059429419e-01
1.020000000000000018e+00 -7.535234128450596369e-02 -4.407469456235687533e-01
1.030000000000000027e+00 -7.109086510670077630e-02 -4.119174682516419939e-01
1.040000000000000036e+00 -6.710691587239270284e-02 -3.852113697001514625e-01
1.050000000000000044e+00 -6.338013800456644697e-02 -3.604556942340363945e-01
1.060000000000000053e+00 -5.989182750716585263e-02 -3.374928249865505325e-01
1.070000000000000062e+00 -5.662478600452151845e-02 -3.161790241849878891e-01
1.080000000000000071e+00 -5.356318863071120318e-02 -2.963831202359556993e-01
1.090000000000000080e+00 -5.069246437841408437e-02 -2.779853263244567163e-01
1.100000000000000089e+00 0.000000000000000000e+00 -2.608761768059190689e-01
1.110000000000000098e+00 0.000000000000000000e+00 -2.449555691282808423e-01
1.120000000000000107e+00 0.000000000000000000e+00 -2.301319003272296604e-01
1.130000000000000115e+00 0.000000000000000000e+00 -2.163212883059942027e-01
1.140000000000000124e+00 0.000000000000000000e+00 -2.034468691550885000e-01
1.150000000000000133e+00 0.000000000000000000e+00 -1.914381626995876051e-01
1.159999999999999920e+00 0.000000000000000000e+00 -1.802304992933281835e-01
1.169999999999999929e+00 0.000000000000000000e+00 -1.697645016213548130e-01
1.179999999999999938e+00 0.000000000000000000e+00 -1.599856159334958616e-01
1.189999999999999947e+00 0.000000000000000000e+00 -1.508436877217375627e-01
1.199999999999999956e+00 0.000000000000000000e+00 -1.422925773798520144e-01
