0.000000000000000000e+00 1.317812345746468372e+21 9.488828077571543359e+23
1.666666666666666644e-02 6.589866155745290486e+20 4.744703632511898988e+23
3.333333333333333287e-02 1.608854025895897600e+17 5.791874522544737485e+19
5.000000000000000278e-02 1.239999434899861750e+15 2.975998815359885440e+17
6.666666666666666574e-02 3.927863768831036719e+13 7.070157074482262000e+15
8.333333333333334259e-02 2.699202506003822754e+12 3.886856412353343750e+14
1.000000000000000056e-01 3.027320375704249268e+11 3.632797857112064844e+13
1.166666666666666824e-01 4.760932574683817291e+10 4.897004789811977539e+12
1.333333333333333315e-01 9.589119696736789703e+09 8.630386679125217285e+11
1.499999999999999944e-01 2.333081811091187000e+09 1.866543912621084290e+11
1.666666666666666852e-01 6.588823685468448400e+08 4.744328343212234497e+10
1.833333333333333481e-01 2.099145994256511331e+08 1.374179051911288071e+10
2.000000000000000111e-01 7.387482220880788565e+07 4.433536697135227203e+09
2.166666666666666741e-01 2.826341440605162457e+07 1.565956421665138960e+09
2.333333333333333648e-01 1.160974177948619053e+07 5.974284510704041719e+08
2.500000000000000000e-01 5.069886259496140294e+06 2.435741887337931991e+08
2.666666666666666630e-01 2.334977150400826242e+06 1.052137780665584207e+08
2.833333333333333814e-01 1.126751265897617210e+06 4.781268860450011492e+07
2.999999999999999889e-01 5.665829518456952646e+05 2.272461787705806270e+07
3.166666666666667074e-01 2.955215328288307646e+05 1.124069545206329413e+07
3.333333333333333703e-01 1.592565427820266923e+05 5.762555046008600853e+06
3.499999999999999778e-01 8.837153162460788735e+04 3.050717909692514222e+06
3.666666666666666963e-01 5.034359808725484618e+04 1.662654207126129884e+06
3.833333333333333592e-01 2.936643066021806953e+04 9.303192480415079044e+05
4.000000000000000222e-01 1.749886634146084180e+04 5.331485262340940535e+05
4.166666666666666852e-01 1.062896453996176024e+04 3.122629247853155248e+05
4.333333333333333481e-01 6.568059150479628443e+03 1.865572565767677734e+05
4.500000000000000666e-01 4.121394076644414781e+03 1.134915762978393759e+05
4.666666666666667296e-01 2.621460173890588976e+03 7.019035634401800053e+04
4.833333333333333370e-01 1.687261298271065698e+03 4.406623325512937299e+04
5.000000000000000000e-01 1.096999396924505845e+03 2.804398769789458674e+04
5.166666666666667185e-01 7.191743903800377211e+02 1.806746923374293328e+04
5.333333333333333259e-01 4.744920689798261151e+02 1.176830825924323653e+04
5.500000000000000444e-01 3.143822053131248140e+02 7.739828561235408415e+03
5.666666666666667629e-01 2.086577564964703413e+02 5.133154526459064073e+03
5.833333333333333703e-01 1.383019236035718507e+02 3.428365898786204525e+03
5.999999999999999778e-01 9.118373331796745163e+01 2.302579379095709555e+03
6.166666666666666963e-01 5.947438107905741589e+01 1.552664551529010168e+03
6.333333333333334147e-01 3.806696561304741522e+01 1.049274559166829931e+03
6.500000000000000222e-01 2.359700440939704791e+01 7.091099491415961893e+02
6.666666666666667407e-01 1.382770319513790547e+01 4.779572970096737663e+02
6.833333333333334592e-01 7.259598138404932399e+00 3.201846960496527572e+02
6.999999999999999556e-01 2.879931202443680061e+00 2.121579477804090175e+02
7.166666666666666741e-01 6.626499846397346195e-05 1.380673271033963658e+02
7.333333333333333925e-01 -1.851010828670334174e+00 8.725403230335020055e+01
7.500000000000000000e-01 -2.997093134545651960e+00 5.248010745971798485e+01
7.666666666666667185e-01 -3.661689335785027311e+00 2.879822860214108005e+01
7.833333333333334370e-01 -3.999567389996994571e+00 1.280672868455151558e+01
8.000000000000000444e-01 -4.118111527751118217e+00 2.154389507709078888e+00
8.166666666666666519e-01 -4.091882443869471864e+00 -4.791366005767145886e+00
8.333333333333333703e-01 -3.972607265774378948e+00 -9.168466233269592536e+00
8.500000000000000888e-01 -3.796074052932647991e+00 -1.177246614179289352e+01
8.666666666666666963e-01 -3.586915359712117723e+00 -1.316075033801177163e+01
8.833333333333334147e-01 -3.361943058528264139e+00 -1.372427858218228813e+01
9.000000000000001332e-01 -3.132482976916637352e+00 -1.373726583293783321e+01
9.166666666666667407e-01 -2.906015221013113603e+00 -1.339176432117562143e+01
9.333333333333334592e-01 -2.687330078511575682e+00 -1.282185200517114332e+01
9.500000000000001776e-01 -2.479344386097949826e+00 -1.212062495922283389e+01
9.666666666666666741e-01 -2.283678928065478342e+00 -1.135218086251962966e+01
9.833333333333332815e-01 -2.101067032471535700e+00 -1.056009862755364992e+01
1.000000000000000000e+00 -1.931643555794511080e+00 -9.773455703077548407e+00
1.016666666666666607e+00 -1.775148894550446554e+00 -9.011107688384203840e+00
1.033333333333333437e+00 -1.631072513376622624e+00 -8.284736956650922579e+00
1.050000000000000044e+00 -1.498753366579624213e+00 -7.601026263966263130e+00
1.066666666666666652e+00 -1.377449582842825038e+00 -6.963208532004049545e+00
1.083333333333333481e+00 -1.266386242618743552e+00 -6.372170771515533794e+00
1.100000000000000089e+00 -1.164787565031158101e+00 -5.827238707698199072e+00
1.116666666666666696e+00 -1.071898031301903975e+00 -5.326732416182693441e+00
1.133333333333333526e+00 -9.869956927196524843e-01 -4.868357605324462156e+00
1.150000000000000133e+00 -9.093999945924308159e-01 -4.449478928132596600e+00
1.166666666666666741e+00 -8.384757891630578719e-01 -4.067308683412552028e+00
1.183333333333333348e+00 -7.736347364725364439e-01 -3.719034941691806040e+00
1.199999999999999956e+00 -7.143349504201913502e-01 -3.401906435949097141e+00
1.216666666666666785e+00 -6.600795006317480285e-01 -3.113286736040790537e+00
1.233333333333333393e+00 -6.104142026635858143e-01 -2.850686746006334538e+00
1.250000000000000000e+00 -5.649250005174610845e-01 -2.611782046843790894e+00
1.266666666666666829e+00 -5.232351527349605735e-01 -2.394419784350652947e+00
1.283333333333333437e+00 -4.850023666201287442e-01 -2.196618479497252086e+00
1.300000000000000044e+00 -4.499159772700118687e-01 -2.016563179255963956e+00
1.316666666666666874e+00 -4.176942339078167366e-01 -1.852597669311076833e+00
1.333333333333333481e+00 -3.880817317590828375e-01 -1.703214964759935945e+00
1.350000000000000089e+00 -3.608470106580403680e-01 -1.567046928762666047e+00
1.366666666666666918e+00 -3.357803297311602320e-01 -1.442853604349780605e+00
1.383333333333333526e+00 -3.126916194286617490e-01 -1.329512653791562915e+00
1.399999999999999911e+00 -2.914086068055808387e-01 -1.226009163054954110e+00
1.416666666666666741e+00 -2.717751065212720696e-01 -1.131425971310486833e+00
1.433333333333333348e+00 -2.536494679683234388e-01 -1.044934616521292492e+00
1.449999999999999956e+00 -2.369031678500938543e-01 -9.657869400307917962e-01
1.466666666666666785e+00 -2.214195371037423754e-01 -8.933073600409089376e-01
1.483333333333333393e+00 -2.070926110978990320e-01 -8.268858017454543408e-01
1.500000000000000000e+00 -1.938260923663517044e-01 -7.659712575835604387e-01
1.516666666666666829e+00 -1.815324156605100936e-01 -7.100659423594447572e-01
1.533333333333333437e+00 -1.701319057353354869e-01 -6.587200031964245417e-01
1.550000000000000044e+00 -1.595520189707126946e-01 -6.115267422591523783e-01
1.566666666666666874e+00 -1.497266606347789353e-01 -5.681183100197565450e-01
1.583333333333333481e+00 -1.405955702917640604e-01 -5.281618279328605947e-01
1.600000000000000089e+00 -1.321037685276240936e-01 -4.913559012698693329e-01
1.616666666666666696e+00 -1.242010588017260914e-01 -4.574274852227124821e-01
1.633333333333333304e+00 -1.168415788261644578e-01 -4.261290699946154725e-01
1.650000000000000133e+00 -1.099833964232216077e-01 -3.972361532929014061e-01
1.666666666666666741e+00 -1.035881453154875731e-01 -3.705449713193116890e-01
1.683333333333333348e+00 -9.762069676312767896e-02 -3.458704619462380503e-01
1.700000000000000178e+00 -9.204886338060172535e-02 -3.230444362282565707e-01
1.716666666666666785e+00 -8.684313184322213497e-02 -3.019139367017542042e-01
1.733333333333333393e+00 -8.197642153504194895e-02 -2.823397630586869655e-01
1.750000000000000222e+00 -7.742386649655799702e-02 -2.641951477401251469e-01
1.766666666666666829e+00 -7.316261830648163045e-02 -2.473645657839010359e-01
1.783333333333333437e+00 -6.917166777916577969e-02 -2.317426648850180737e-01
1.800000000000000266e+00 -6.543168358084727743e-02 -2.172333030966588641e-01
1.816666666666666874e+00 -6.192486606616914163e-02 -2.037486829241287323e-01
1.833333333333333481e+00 0.000000000000000000e+00 -1.912085717550291719e-01
1.850000000000000311e+00 0.000000000000000000e+00 -1.795395996375737380e-01
1.866666666666666918e+00 0.000000000000000000e+00 -1.686746263761920162e-01
1.883333333333333526e+00 0.000000000000000000e+00 -1.585521707698671345e-01
1.900000000000000355e+00 0.000000000000000000e+00 -1.491158955838590705e-01
1.916666666666666963e+00 0.000000000000000000e+00 -1.403141425287044719e-01
1.933333333333333348e+00 0.000000000000000000e+00 -1.320995121300627684e-01
1.949999999999999956e+00 0.000000000000000000e+00 -1.244284839167748152e-01
1.966666666666666563e+00 0.000000000000000000e+00 -1.172610728393918278e-01
1.983333333333333393e+00 0.000000000000000000e+00 -1.105605182637159067e-01
2.000000000000000000e+00 0.000000000000000000e+00 -1.042930022692678399e-01
