0.000000000000000000e+00 9.589229295369730130e+20 1.150777757721828037e+24
1.000000000000000021e-02 4.795199999241438495e+20 5.754239999544862483e+23
2.000000000000000042e-02 1.170703113147499680e+17 7.024218714442498048e+19
2.999999999999999889e-02 9.023013743782965000e+14 3.609205705622924800e+17
4.000000000000000083e-02 2.858160074316405469e+13 8.574483000878904000e+15
5.000000000000000278e-02 1.964109065215998779e+12 4.713867582259196875e+14
5.999999999999999778e-02 2.202868210257583923e+11 4.405752679088555469e+13
7.000000000000000666e-02 3.464353196737452698e+10 5.938946460009464844e+12
8.000000000000000167e-02 6.977645022630689621e+09 1.046668455970286987e+12
8.999999999999999667e-02 1.697696682102370739e+09 2.263690733767664795e+11
1.000000000000000056e-01 4.794441439999997020e+08 5.753784863999996185e+10
1.100000000000000006e-01 1.527470309740321338e+08 1.666564803722740555e+10
1.199999999999999956e-01 5.375595508139958233e+07 5.376865709185911179e+09
1.300000000000000044e-01 2.056623345041117817e+07 1.899146882745529652e+09
1.400000000000000133e-01 8.447976501369170845e+06 7.245440340647044182e+08
1.499999999999999944e-01 3.689167344002440106e+06 2.953997679865875244e+08
1.600000000000000033e-01 1.699075893324333709e+06 1.276002433718530983e+08
1.700000000000000122e-01 8.198949337005062262e+05 5.798585365590358526e+07
1.799999999999999933e-01 4.122813198136710562e+05 2.755976322026304528e+07
1.900000000000000022e-01 2.150400214406347077e+05 1.363239241051814705e+07
2.000000000000000111e-01 1.158850624999999272e+05 6.988661249999995343e+06
2.099999999999999922e-01 6.430467875887653645e+04 3.699823123331904411e+06
2.200000000000000011e-01 3.663316667588576092e+04 2.016419347564575728e+06
2.300000000000000100e-01 2.136886219778322629e+04 1.128264539442277048e+06
2.399999999999999911e-01 1.273327679772908959e+04 6.465872855579650495e+05
2.500000000000000000e-01 7.734304440320000140e+03 3.787035613593599992e+05
2.600000000000000089e-01 4.779334290666906782e+03 2.262513273567849246e+05
2.700000000000000178e-01 2.998986809193541376e+03 1.376393602974950627e+05
2.800000000000000266e-01 1.907540429386978531e+03 8.512487736594759917e+04
2.899999999999999800e-01 1.227758428369450030e+03 5.344228552045719698e+04
2.999999999999999889e-01 7.982466087486666311e+02 3.401096174363665341e+04
3.099999999999999978e-01 5.233172485203002680e+02 2.191172306778514758e+04
3.200000000000000067e-01 3.452708953801674170e+02 1.427227867463187249e+04
3.300000000000000155e-01 2.287647966623803200e+02 9.386651901032793830e+03
3.400000000000000244e-01 1.518329600040044625e+02 6.225350660873582456e+03
3.500000000000000333e-01 1.006375647695078612e+02 4.157830502859327680e+03
3.599999999999999867e-01 6.635135010719653792e+01 2.792507758924549762e+03
3.699999999999999956e-01 4.327758386604571683e+01 1.883031635000198776e+03
3.800000000000000044e-01 2.770016210373600174e+01 1.272533931188358110e+03
3.900000000000000133e-01 1.717087455226861081e+01 8.599914268508416626e+02
4.000000000000000222e-01 1.006208801269530184e+01 5.796556091308589203e+02
4.100000000000000311e-01 5.282697450968798947e+00 3.883131023102957897e+02
4.199999999999999845e-01 2.095755720330091165e+00 2.573010113986194938e+02
4.299999999999999933e-01 1.672827031331536318e-04 1.674457417035410742e+02
4.400000000000000022e-01 -1.346807870282553665e+00 1.058205933664928295e+02
4.500000000000000111e-01 -2.180782333951944096e+00 6.364757232567029632e+01
4.600000000000000200e-01 -2.664395418610745025e+00 3.492669894130368391e+01
4.700000000000000289e-01 -2.910266303077952088e+00 1.553252330465376474e+01
4.799999999999999822e-01 -2.996534739862721342e+00 2.613550812108783816e+00
4.899999999999999911e-01 -2.977455974202067868e+00 -5.810164941991288856e+00
5.000000000000000000e-01 -2.890670080000000475e+00 -1.111867392000000621e+01
5.100000000000000089e-01 -2.762218836710475411e+00 -1.427680487912400764e+01
5.200000000000000178e-01 -2.610026555011163651e+00 -1.596053994853878422e+01
5.300000000000000266e-01 -2.446326707542766599e+00 -1.664402561578458162e+01
5.400000000000000355e-01 -2.279360760697954458e+00 -1.665982332797602794e+01
5.500000000000000444e-01 -2.114571779636302828e+00 -1.624084969342264628e+01
5.600000000000000533e-01 -1.955445538022385410e+00 -1.554971158983271273e+01
5.700000000000000622e-01 -1.804104560004971214e+00 -1.469931408103354364e+01
5.799999999999999600e-01 -1.661728273162109693e+00 -1.376739367697506466e+01
5.899999999999999689e-01 -1.528850329921896956e+00 -1.280680220690180171e+01
5.999999999999999778e-01 -1.405568891937205134e+00 -1.185280445054107901e+01
6.099999999999999867e-01 -1.291695082571168385e+00 -1.092826834685553017e+01
6.199999999999999956e-01 -1.186857427627571404e+00 -1.004736228952069688e+01
6.300000000000000044e-01 -1.090574928945635236e+00 -9.218191227894353190e+00
6.400000000000000133e-01 -1.002307771846150386e+00 -8.444676207462233464e+00
6.500000000000000222e-01 -9.214920913624757848e-01 -7.727893183581260317e+00
6.600000000000000311e-01 -8.475633937881658087e-01 -7.067024598415091674e+00
6.700000000000000400e-01 -7.799719276924157452e-01 -6.460033245133107727e+00
6.800000000000000488e-01 -7.181923678735646632e-01 -5.904136807856924740e+00
6.900000000000000577e-01 -6.617295087613750404e-01 -5.396139329873118839e+00
7.000000000000000666e-01 -6.101211846388011617e-01 -4.932660067766272860e+00
7.099999999999999645e-01 -5.629392891450041292e-01 -4.510288881215853252e+00
7.199999999999999734e-01 -5.197895178517664139e-01 -4.125689188013832442e+00
7.299999999999999822e-01 -4.803102782357558942e-01 -3.775663666921317496e+00
7.399999999999999911e-01 -4.441710817841715842e-01 -3.457193670876662850e+00
7.500000000000000000e-01 -4.110706394269166286e-01 -3.167460261008992806e+00
7.600000000000000089e-01 -3.807348140300481631e-01 -2.903852561026580403e+00
7.700000000000000178e-01 -3.529145351346819615e-01 -2.663967528104635107e+00
7.800000000000000266e-01 -3.273837462929891085e-01 -2.445604072684508967e+00
7.900000000000000355e-01 -3.039374304775183666e-01 -2.246753614899042351e+00
8.000000000000000444e-01 -2.823897413909434162e-01 -2.065588552504777464e+00
8.100000000000000533e-01 -2.625722560941841643e-01 -1.900449671138792151e+00
8.200000000000000622e-01 -2.443323557550746983e-01 -1.749833206636845828e+00
8.300000000000000711e-01 -2.275317354428651739e-01 -1.612378037744307768e+00
8.399999999999999689e-01 -2.120450399868139546e-01 -1.486853321547880524e+00
8.499999999999999778e-01 -1.977586204191839059e-01 -1.372146765632998200e+00
8.599999999999999867e-01 -1.845694040254370061e-01 -1.267253647373738357e+00
8.699999999999999956e-01 -1.723838702299315684e-01 -1.171266632408205055e+00
8.800000000000000044e-01 -1.611171242380569080e-01 -1.083366404300074803e+00
8.900000000000000133e-01 -1.506920603791925550e-01 -1.002813090551161634e+00
9.000000000000000222e-01 -1.410386073365939852e-01 -9.289384527869656294e-01
9.100000000000000311e-01 -1.320930478296720167e-01 -8.611387983630575116e-01
9.200000000000000400e-01 -1.237974057739407580e-01 -7.988685648447326759e-01
9.300000000000000488e-01 -1.160988944440015797e-01 -7.416345263453134606e-01
9.400000000000000577e-01 -1.089494196775796508e-01 -6.889905705162645555e-01
9.500000000000000666e-01 -1.023051326650978449e-01 -6.405329963031056728e-01
9.599999999999999645e-01 -9.612602735732272974e-02 -5.958962848674964619e-01
9.699999999999999734e-01 -9.037557798565507006e-02 -5.547492989375998329e-01
9.799999999999999822e-01 -8.502041262136654509e-02 -5.167918690108486146e-01
9.899999999999999911e-01 -8.003001909951418247e-02 -4.817517281044910171e-01
1.000000000000000000e+00 -7.537648000000000958e-02 -4.493817600000000190e-01
1.010000000000000009e+00 -7.103423371294395605e-02 -4.194575290719494420e-01
1.020000000000000018e+00 -6.697985891956087512e-02 -3.917750627765056448e-01
1.030000000000000027e+00 -6.319188009484515145e-02 -3.661488606681262969e-01
1.040000000000000036e+00 -5.965059188657130529e-02 -3.424101064001346950e-01
1.050000000000000044e+00 -5.633790044850350842e-02 -3.204050615413657210e-01
1.060000000000000053e+00 -5.323718000636965680e-02 -2.999936222102671524e-01
1.070000000000000062e+00 -5.033314311513024941e-02 -2.810480214977670310e-01
1.080000000000000071e+00 -4.761172322729885498e-02 -2.634516624319606648e-01
1.090000000000000080e+00 -4.505996833636807808e-02 -2.470980678439615996e-01
1.100000000000000089e+00 0.000000000000000000e+00 -2.318899349385947772e-01
1.110000000000000098e+00 0.000000000000000000e+00 -2.177382836695830326e-01
1.120000000000000107e+00 0.000000000000000000e+00 -2.045616891797597536e-01
1.130000000000000115e+00 0.000000000000000000e+00 -1.922855896053282387e-01
1.140000000000000124e+00 0.000000000000000000e+00 -1.808416614711897963e-01
1.150000000000000133e+00 0.000000000000000000e+00 -1.701672557329667879e-01
1.159999999999999920e+00 0.000000000000000000e+00 -1.602048882607362001e-01
1.169999999999999929e+00 0.000000000000000000e+00 -1.509017792189820961e-01
1.179999999999999938e+00 0.000000000000000000e+00 -1.422094363853297072e-01
1.189999999999999947e+00 0.000000000000000000e+00 -1.340832779748778736e-01
1.199999999999999956e+00 0.000000000000000000e+00 -1.264822910043129356e-01
