0.000000000000000000e+00 3.887431711455365300e+21 2.799121687633939751e+24
1.666666666666666644e-02 1.943953154695374832e+21 1.399646271445592642e+24
3.333333333333333287e-02 4.745979353842389120e+17 1.708552572455372390e+20
5.000000000000000278e-02 3.657890571872629000e+15 8.778937669353201920e+17
6.666666666666666574e-02 1.158685932276125625e+14 2.085635074355815600e+16
8.333333333333334259e-02 7.962420580497126953e+12 1.146589394606500250e+15
1.000000000000000056e-01 8.930358854445032959e+11 1.071645381743514375e+14
1.166666666666666824e-01 1.404444478043491821e+11 1.444579346512391602e+13
1.333333333333333315e-01 2.828755356837953568e+10 2.545910778872126465e+12
1.499999999999999944e-01 6.882627568209523201e+09 5.506237792516480713e+11
1.666666666666666852e-01 1.943772813097513199e+09 1.399581348470362244e+11
1.833333333333333481e-01 6.193015850963827372e+08 4.053943533027469635e+10
2.000000000000000111e-01 2.179668868122282624e+08 1.307982509163262558e+10
2.166666666666666741e-01 8.340096060867570341e+07 4.620164780593396187e+09
2.333333333333333648e-01 3.426461825574956834e+07 1.762796256652827978e+09
2.500000000000000000e-01 1.496688832131340168e+07 7.187906188075691462e+08
2.666666666666666630e-01 6.895559756646414287e+06 3.105420462207170725e+08
2.833333333333333814e-01 3.329087046150404960e+06 1.411548460221425295e+08
2.999999999999999889e-01 1.675109580386666814e+06 6.711042848801498115e+07
3.166666666666667074e-01 8.744660781736726640e+05 3.321029318033464625e+07
3.333333333333333703e-01 4.717800979176622350e+05 1.703480465015534312e+07
3.499999999999999778e-01 2.621711747753441450e+05 9.024772548963140696e+06
3.666666666666666963e-01 1.496309317533693102e+05 4.923040269049318507e+06
3.833333333333333592e-01 8.748751799799333094e+04 2.757807643489220180e+06
4.000000000000000222e-01 5.228562810656105285e+04 1.582724178344726562e+06
4.166666666666666852e-01 3.187544204971319414e+04 9.286497219304013997e+05
4.333333333333333481e-01 1.978689488570304093e+04 5.560280203129992587e+05
4.500000000000000666e-01 1.248602290993923270e+04 3.391671929555725656e+05
4.666666666666667296e-01 7.996994550968223848e+03 2.104486372257381154e+05
4.833333333333333370e-01 5.191082302469962997e+03 1.326457248607399815e+05
5.000000000000000000e-01 3.410508407454386088e+03 8.482079072051311960e+04
5.166666666666667185e-01 2.264800622294792447e+03 5.496157632077366725e+04
5.333333333333333259e-01 1.518154217794591204e+03 3.604797905372585956e+04
5.500000000000000444e-01 1.025875820619142132e+03 2.390610069222088350e+04
5.666666666666667629e-01 6.978486194402665888e+02 1.601405033636917506e+04
5.833333333333333703e-01 4.771624282612021943e+02 1.082498569861955730e+04
5.999999999999999778e-01 3.274089286766477471e+02 7.376657265316481244e+03
6.166666666666666963e-01 2.250123486516396554e+02 5.062509505484881629e+03
6.333333333333334147e-01 1.545329842391827810e+02 3.495425187111723972e+03
6.500000000000000222e-01 1.057521746779317482e+02 2.425440924082422953e+03
6.666666666666667407e-01 7.183988281235407669e+01 1.689376680618488990e+03
6.833333333333334592e-01 4.818895015493470879e+01 1.179603722450514397e+03
6.999999999999999556e-01 3.166505835673185132e+01 8.244432957798813959e+02
7.166666666666666741e-01 2.011898723572382153e+01 5.757229930363763515e+02
7.333333333333333925e-01 1.206623457959625867e+01 4.007908899456315908e+02
7.500000000000000000e-01 6.474560658092462617e+00 2.773375450725999940e+02
7.666666666666667185e-01 2.621831225839750257e+00 1.900057148721379008e+02
7.833333333333334370e-01 8.860214215805979523e-05 1.281499504759274259e+02
8.000000000000000444e-01 -1.749702029931240244e+00 8.434302539396182397e+01
8.166666666666666519e-01 -2.882376251510979870e+00 5.337191757216882593e+01
8.333333333333333703e-01 -3.579441682600381647e+00 3.155753116634799937e+01
8.500000000000000888e-01 -3.970530246097337290e+00 1.629030454181864229e+01
8.666666666666666963e-01 -4.148398911098675867e+00 5.710934077032098877e+00
8.833333333333334147e-01 -4.179480770859374417e+00 -1.510613976088011290e+00
9.000000000000001332e-01 -4.111346961132354316e+00 -6.329037420360366539e+00
9.166666666666667407e-01 -3.978010608762641453e+00 -9.431570295153035133e+00
9.333333333333334592e-01 -3.803714461218856258e+00 -1.131400578945822133e+01
9.500000000000001776e-01 -3.605647176127390718e+00 -1.233455944195544518e+01
9.666666666666666741e-01 -3.395898743791522012e+00 -1.275222277231341650e+01
9.833333333333332815e-01 -3.182872923165209755e+00 -1.275420061679527173e+01
1.000000000000000000e+00 -2.972310433590534373e+00 -1.247562409677507844e+01
1.016666666666666607e+00 -2.768031951412465830e+00 -1.201377024167349283e+01
1.033333333333333437e+00 -2.572478639833632119e+00 -1.143835630841742379e+01
1.050000000000000044e+00 -2.387105871818034242e+00 -1.079901670088908183e+01
1.066666666666666652e+00 -2.212670176013622036e+00 -1.013074921962536301e+01
1.083333333333333481e+00 -2.049438311574174776e+00 -9.457891975458377232e+00
1.100000000000000089e+00 -1.897339423570453709e+00 -8.797033295601215386e+00
1.116666666666666696e+00 -1.756075517965478339e+00 -8.159144222480779973e+00
1.133333333333333526e+00 -1.625201375117858671e+00 -7.551142905760760193e+00
1.150000000000000133e+00 -1.504182037747107570e+00 -6.977042728292150109e+00
1.166666666666666741e+00 -1.392433841521514504e+00 -6.438794712877763615e+00
1.183333333333333348e+00 -1.289353375693536918e+00 -5.936904958625080830e+00
1.199999999999999956e+00 -1.194337604872941716e+00 -5.470886269170616600e+00
1.216666666666666785e+00 -1.106797534681331907e+00 -5.039587439602832397e+00
1.233333333333333393e+00 -1.026167179994232237e+00 -4.641432217139807470e+00
1.250000000000000000e+00 -9.519091343564204388e-01 -4.274591567891336652e+00
1.266666666666666829e+00 -8.835176991984260431e-01 -3.937106727185351485e+00
1.283333333333333437e+00 -8.205202798710490297e-01 -3.626975979123982174e+00
1.300000000000000044e+00 -7.624775690344737233e-01 -3.342214765625984629e+00
1.316666666666666874e+00 -7.089828995926181765e-01 -3.080896249820052724e+00
1.333333333333333481e+00 -6.596610466700336683e-01 -2.841177623185646706e+00
1.350000000000000089e+00 -6.141666818947043582e-01 -2.621316082383764012e+00
1.366666666666666918e+00 -5.721826266859697530e-01 -2.419677387342109132e+00
1.383333333333333526e+00 -5.334180093254335953e-01 -2.234739156565324070e+00
1.399999999999999911e+00 -4.976063995793901240e-01 -2.065090492319609172e+00
1.416666666666666741e+00 -4.645039717694331438e-01 -1.909429108159454547e+00
1.433333333333333348e+00 -4.338877303861833901e-01 -1.766556817832902748e+00
1.449999999999999956e+00 -4.055538200665597115e-01 -1.635374010902196362e+00
1.466666666666666785e+00 -3.793159328546480968e-01 -1.514873566342986644e+00
1.483333333333333393e+00 -3.550038192772321244e-01 -1.404134525943573797e+00
1.500000000000000000e+00 -3.324619052414506393e-01 -1.302315753313475932e+00
1.516666666666666829e+00 -3.115480136199144656e-01 -1.208649733343647226e+00
1.533333333333333437e+00 -2.921321872653959706e-01 -1.122436614754708240e+00
1.550000000000000044e+00 -2.740956088214024922e-01 -1.043038560208332743e+00
1.566666666666666874e+00 -2.573296118633909280e-01 -9.698744407976754855e-01
1.583333333333333481e+00 -2.417347774663119453e-01 -9.024148919119757695e-01
1.600000000000000089e+00 -2.272201101344109297e-01 -8.401777334851875390e-01
1.616666666666666696e+00 -2.137022870646607953e-01 -7.827237479821157473e-01
1.633333333333333304e+00 -2.011049748836039874e-01 -7.296528030153531796e-01
1.650000000000000133e+00 -1.893582082528770250e-01 -6.806003013712308425e-01
1.666666666666666741e+00 -1.783978250478011340e-01 -6.352339388145314958e-01
1.683333333333333348e+00 -1.681649531518564500e-01 -5.932507488615811342e-01
1.700000000000000178e+00 -1.586055442602767040e-01 -5.543744134023768089e-01
1.716666666666666785e+00 -1.496699504362098143e-01 -5.183528183487691177e-01
1.733333333333333393e+00 -1.413125395045224664e-01 -4.849558341904566250e-01
1.750000000000000222e+00 -1.334913456958460864e-01 -4.539733023086638397e-01
1.766666666666666829e+00 -1.261677522634092330e-01 -4.252132090229676087e-01
1.783333333333333437e+00 -1.193062030856273520e-01 -3.985000305532443998e-01
1.800000000000000266e+00 -1.128739405374520471e-01 -3.736732333116252747e-01
1.816666666666666874e+00 -1.068407671630213773e-01 -3.505859151605114077e-01
1.833333333333333481e+00 0.000000000000000000e+00 -3.291035744562356702e-01
1.850000000000000311e+00 0.000000000000000000e+00 -3.091029948269389815e-01
1.866666666666666918e+00 0.000000000000000000e+00 -2.904712346973710169e-01
1.883333333333333526e+00 0.000000000000000000e+00 -2.731047115671288439e-01
1.900000000000000355e+00 0.000000000000000000e+00 -2.569083719702316415e-01
1.916666666666666963e+00 0.000000000000000000e+00 -2.417949388932414956e-01
1.933333333333333348e+00 0.000000000000000000e+00 -2.276842292083622044e-01
1.949999999999999956e+00 0.000000000000000000e+00 -2.145025343901574011e-01
1.966666666666666563e+00 0.000000000000000000e+00 -2.021820584334795001e-01
1.983333333333333393e+00 0.000000000000000000e+00 -1.906604074799911064e-01
2.000000000000000000e+00 0.000000000000000000e+00 -1.798801261956040898e-01
