0.000000000000000000e+00 2.998916859104524239e+21 2.159351943082208615e+24
1.666666666666666644e-02 1.499641491256667800e+21 1.079741873754885973e+24
3.333333333333333287e-02 3.661234088114691200e+17 1.318044275634186322e+20
5.000000000000000278e-02 2.821839846706398000e+15 6.772415861108093440e+17
6.666666666666666574e-02 8.938556441896045312e+13 1.608940465236393400e+16
8.333333333333334259e-02 6.142522644741870117e+12 8.845239019319306250e+14
1.000000000000000056e-01 6.889228084808581543e+11 8.267091593390539062e+13
1.166666666666666824e-01 1.083443397765927124e+11 1.114405005076482617e+13
1.333333333333333315e-01 2.182212513506440353e+10 1.964015144585893066e+12
1.499999999999999944e-01 5.309528079902268410e+09 4.247727179394656982e+11
1.666666666666666852e-01 1.499502366156786919e+09 1.079691788718928528e+11
1.833333333333333481e-01 4.777534621053894162e+08 3.127370585829415131e+10
2.000000000000000111e-01 1.681481802901152074e+08 1.009028860023835564e+10
2.166666666666666741e-01 6.433876228710457683e+07 3.564175791159288883e+09
2.333333333333333648e-01 2.643306626961930841e+07 1.359889966418635845e+09
2.500000000000000000e-01 1.154604278105400503e+07 5.545031897966455221e+08
2.666666666666666630e-01 5.319504329328389838e+06 2.395642763049076796e+08
2.833333333333333814e-01 2.568187842355869710e+06 1.088923665401548445e+08
2.999999999999999889e-01 1.292244968976990320e+06 5.177160772223693877e+07
3.166666666666667074e-01 6.745972789933563909e+05 2.561971798681358621e+07
3.333333333333333703e-01 3.639495791258363170e+05 1.314131382200047001e+07
3.499999999999999778e-01 2.022490681041849894e+05 6.962061994484601542e+06
3.666666666666666963e-01 1.154311304121634312e+05 3.797825436610608362e+06
3.833333333333333592e-01 6.749127586216577038e+04 2.127480405277301092e+06
4.000000000000000222e-01 4.033516512306612276e+04 1.220975132062654709e+06
4.166666666666666852e-01 2.458995224474187489e+04 7.163965651456979103e+05
4.333333333333333481e-01 1.526437636105947240e+04 4.289416472794937436e+05
4.500000000000000666e-01 9.632199847830626823e+03 2.616467500729857129e+05
4.666666666666667296e-01 6.169189090818831573e+03 1.623482416517488018e+05
4.833333333333333370e-01 4.004599643516485685e+03 1.023280469418830035e+05
5.000000000000000000e-01 2.630996088296936705e+03 6.543403351016742090e+04
5.166666666666667185e-01 1.747152916174384245e+03 4.239947630150560144e+04
5.333333333333333259e-01 1.171161174551760496e+03 2.780879427999379550e+04
5.500000000000000444e-01 7.913987645504340662e+02 1.844207959814099377e+04
5.666666666666667629e-01 5.383460747643659943e+02 1.235384733986574247e+04
5.833333333333333703e-01 3.681003781777441759e+02 8.350803129672698560e+03
5.999999999999999778e-01 2.525748864822785436e+02 5.690630254312181023e+03
6.166666666666666963e-01 1.735823366943299106e+02 3.905408201349454430e+03
6.333333333333334147e-01 1.192119448244827140e+02 2.696499708780318542e+03
6.500000000000000222e-01 8.158064217322420575e+01 1.871073329089335857e+03
6.666666666666667407e-01 5.541947558094845760e+01 1.303245665694284980e+03
6.833333333333334592e-01 3.717430647468995630e+01 9.099877538828628758e+02
6.999999999999999556e-01 2.442720202651018013e+01 6.360038387444246837e+02
7.166666666666666741e-01 1.552017208337482757e+01 4.441318717001284995e+02
7.333333333333333925e-01 9.308015477029437434e+00 3.091829054890750967e+02
7.500000000000000000e-01 4.994423647101186248e+00 2.139465835905820938e+02
7.666666666666667185e-01 2.022315247537471716e+00 1.465757429433121786e+02
7.833333333333334370e-01 -1.671167723070707300e-04 9.885808013887833567e+01
8.000000000000000444e-01 -1.349996101990163400e+00 6.506395199101405069e+01
8.166666666666666519e-01 -2.223761145704711506e+00 4.117183733103826881e+01
8.333333333333333703e-01 -2.761483747609942530e+00 2.434354416826003842e+01
8.500000000000000888e-01 -3.063166562732050124e+00 1.256595984182116155e+01
8.666666666666666963e-01 -3.200365543736140239e+00 4.404749113177309994e+00
8.833333333333334147e-01 -3.224329440872606423e+00 -1.166124541144123894e+00
9.000000000000001332e-01 -3.171756206144577206e+00 -4.883149434773574882e+00
9.166666666666667407e-01 -3.068884657407132011e+00 -7.276482374498002059e+00
9.333333333333334592e-01 -2.934416396381253289e+00 -8.728595615468716318e+00
9.500000000000001776e-01 -2.781611254485742535e+00 -9.515828965728204025e+00
9.666666666666666741e-01 -2.619795777212527987e+00 -9.837977217461245871e+00
9.833333333333332815e-01 -2.455452828343562821e+00 -9.839456332390625448e+00
1.000000000000000000e+00 -2.293010916666971877e+00 -9.624510757496439695e+00
1.016666666666666607e+00 -2.135417369806575039e+00 -9.268182966441230519e+00
1.033333333333333437e+00 -1.984555317754183479e+00 -8.824254874242825508e+00
1.050000000000000044e+00 -1.841547424170355107e+00 -8.331015804104595190e+00
1.066666666666666652e+00 -1.706977246067295839e+00 -7.815463919982240881e+00
1.083333333333333481e+00 -1.581050520943529270e+00 -7.296374158924517239e+00
1.100000000000000089e+00 -1.463712544277125049e+00 -6.786543034552486198e+00
1.116666666666666696e+00 -1.354733393281084552e+00 -6.294433720213451267e+00
1.133333333333333526e+00 -1.253769574493817984e+00 -5.825382873985166299e+00
1.150000000000000133e+00 -1.160408371557236418e+00 -5.382486341114051775e+00
1.166666666666666741e+00 -1.074199497234321621e+00 -4.967249013836789295e+00
1.183333333333333348e+00 -9.946774342804018954e-01 -4.580061141151412940e+00
1.199999999999999956e+00 -9.213769577434977043e-01 -4.220546728477083676e+00
1.216666666666666785e+00 -8.538436768237529506e-01 -3.887817559082458629e+00
1.233333333333333393e+00 -7.916409530170445130e-01 -3.580657534842304202e+00
1.250000000000000000e+00 -7.343541963145384655e-01 -3.297655567138119359e+00
1.266666666666666829e+00 -6.815932789745648979e-01 -3.037300500642141632e+00
1.283333333333333437e+00 -6.329936122816682831e-01 -2.798048056717763465e+00
1.300000000000000044e+00 -5.882162878504013648e-01 -2.578367202400605240e+00
1.316666666666666874e+00 -5.469475783067296870e-01 -2.376771441318539679e+00
1.333333333333333481e+00 -5.088980129588728252e-01 -2.191839106964128536e+00
1.350000000000000089e+00 -4.738011852600761409e-01 -2.022225686916697907e+00
1.366666666666666918e+00 -4.414124052304486123e-01 -1.866670424085072000e+00
1.383333333333333526e+00 -4.115072776655959164e-01 -1.723998858151267299e+00
1.399999999999999911e+00 -3.838802630382638914e-01 -1.593122535830485687e+00
1.416666666666666741e+00 -3.583432603552105800e-01 -1.473036794420894413e+00
1.433333333333333348e+00 -3.347242382702304009e-01 -1.362817281325684693e+00
1.449999999999999956e+00 -3.128659312853934171e-01 -1.261615691946773588e+00
1.466666666666666785e+00 -2.926246110066260120e-01 -1.168655074063781107e+00
1.483333333333333393e+00 -2.738689374911659202e-01 -1.083224946956813595e+00
1.500000000000000000e+00 -2.564788922348590905e-01 -1.004676409465099063e+00
1.516666666666666829e+00 -2.403447919233909491e-01 -9.324173564277414838e-01
1.533333333333333437e+00 -2.253663804336924759e-01 -8.659078826798856099e-01
1.550000000000000044e+00 -2.114519955104798565e-01 -8.046559243391805394e-01
1.566666666666666874e+00 -1.985178059014544028e-01 -7.482131657805314306e-01
1.583333333333333481e+00 -1.864871143960203093e-01 -6.961712254070943073e-01
1.600000000000000089e+00 -1.752897220891769525e-01 -6.481581225370576238e-01
1.616666666666666696e+00 -1.648613492196258079e-01 -6.038350202767828190e-01
1.633333333333333304e+00 -1.551431080610721214e-01 -5.628932342675281308e-01
1.650000000000000133e+00 -1.460810235428325610e-01 -5.250514940186740143e-01
1.666666666666666741e+00 -1.376255975143403365e-01 -4.900534416826003437e-01
1.683333333333333348e+00 -1.297314128292417490e-01 -4.576653522161361343e-01
1.700000000000000178e+00 -1.223567736951231555e-01 -4.276740586353122708e-01
1.716666666666666785e+00 -1.154633790050870745e-01 -3.998850662989030247e-01
1.733333333333333393e+00 -1.090160256309578579e-01 -3.741208407000146119e-01
1.750000000000000222e+00 -1.029823389105701953e-01 -3.502192539919180558e-01
1.766666666666666829e+00 -9.733252780071026400e-02 -3.280321763427315185e-01
1.783333333333333437e+00 -9.203916239133266841e-02 -3.074241991443790178e-01
1.800000000000000266e+00 -8.707697168499781148e-02 -2.882714780524271436e-01
1.816666666666666874e+00 -8.242265973798482137e-02 -2.704606847755177679e-01
1.833333333333333481e+00 0.000000000000000000e+00 -2.538880574461765960e-01
1.850000000000000311e+00 0.000000000000000000e+00 -2.384585402757662675e-01
1.866666666666666918e+00 0.000000000000000000e+00 -2.240850040173039404e-01
1.883333333333333526e+00 0.000000000000000000e+00 -2.106875395265536965e-01
1.900000000000000355e+00 0.000000000000000000e+00 -1.981928174226240957e-01
1.916666666666666963e+00 0.000000000000000000e+00 -1.865335075045155833e-01
1.933333333333333348e+00 0.000000000000000000e+00 -1.756477521812062903e-01
1.949999999999999956e+00 0.000000000000000000e+00 -1.654786887223066438e-01
1.966666666666666563e+00 0.000000000000000000e+00 -1.559740156369568975e-01
1.983333333333333393e+00 0.000000000000000000e+00 -1.470855989436413713e-01
2.000000000000000000e+00 0.000000000000000000e+00 -1.387691145062807108e-01
