0.000000000000000000e+00 1.440624120961133707e+21 1.728854472576366667e+24
1.000000000000000021e-02 7.203999999331697951e+20 8.644799999599016568e+23
2.000000000000000042e-02 1.758789052057811840e+17 1.055273434367343329e+20
2.999999999999999889e-02 1.355559603570161500e+15 5.422238597627696640e+17
4.000000000000000083e-02 4.293916978027342188e+13 1.288175338146972000e+16
5.000000000000000278e-02 2.950754122879998047e+12 7.081815027455995000e+14
5.999999999999999778e-02 3.309457588227692261e+11 6.618929500443725000e+13
7.000000000000000666e-02 5.204661438318268585e+10 8.922325441027937500e+12
8.000000000000000167e-02 1.048294479429721451e+10 1.572460839360951660e+12
8.999999999999999667e-02 2.550598966289177895e+09 3.400882456675810547e+11
1.000000000000000056e-01 7.203331699999995232e+08 8.644399019999993896e+10
1.100000000000000006e-01 2.295039172857955396e+08 2.503884863805472183e+10
1.199999999999999956e-01 8.077527287505517900e+07 8.078646349094594955e+09
1.300000000000000044e-01 3.090715054773776233e+07 2.853606769922716618e+09
1.400000000000000133e-01 1.269795593473294005e+07 1.088776610673926115e+09
1.499999999999999944e-01 5.546505406093998812e+06 4.439551167124856710e+08
1.600000000000000033e-01 2.555391555797540583e+06 1.918037433752032518e+08
1.700000000000000122e-01 1.233710010248494567e+06 8.718313176890470088e+07
1.799999999999999933e-01 6.207706452298623044e+05 4.145020574207401276e+07
1.900000000000000022e-01 3.240641074589573545e+05 2.051206557170545310e+07
2.000000000000000111e-01 1.748346874999998836e+05 1.052140781249999255e+07
2.099999999999999922e-01 9.715674395943642594e+04 5.574077143645129167e+06
2.200000000000000011e-01 5.545100545479234279e+04 3.040675777397264261e+06
2.300000000000000100e-01 3.242158056334199500e+04 1.703337540221145609e+06
2.399999999999999911e-01 1.937628302559021904e+04 9.775568199441788020e+05
2.500000000000000000e-01 1.181257072639999933e+04 5.735730511872000061e+05
2.600000000000000089e-01 7.332734037643461306e+03 3.434262775246509700e+05
2.700000000000000178e-01 4.627138653862433785e+03 2.094839382012235292e+05
2.800000000000000266e-01 2.963570805764532452e+03 1.299819562712935876e+05
2.899999999999999800e-01 1.923740866029052540e+03 8.192760872565981117e+04
2.999999999999999889e-01 1.263886169866457976e+03 5.238891730220289901e+04
3.099999999999999978e-01 8.393034971374768247e+02 3.394660820141433214e+04
3.200000000000000067e-01 5.626071083852932588e+02 2.226477195810260309e+04
3.300000000000000155e-01 3.801757789991284540e+02 1.476543405726956553e+04
3.400000000000000244e-01 2.586135483554531334e+02 9.890968881840568429e+03
3.500000000000000333e-01 1.768303390845879335e+02 6.685981685365600242e+03
3.599999999999999867e-01 1.213337626153923452e+02 4.556146723246277361e+03
3.699999999999999956e-01 8.338698255730059827e+01 3.126829774587074098e+03
3.800000000000000044e-01 5.726826946660196427e+01 2.158930923803391124e+03
3.900000000000000133e-01 3.919073576609525844e+01 1.498062233413580543e+03
4.000000000000000222e-01 2.662326812744138493e+01 1.043436813354491278e+03
4.100000000000000311e-01 1.785851959115695564e+01 7.285785967614981473e+02
4.199999999999999845e-01 1.173495632590752891e+01 5.092157407193789140e+02
4.299999999999999933e-01 7.456107613880670115e+00 3.555949145573948726e+02
4.400000000000000022e-01 4.471837639391294417e+00 2.475488947777901387e+02
4.500000000000000111e-01 2.399612584874214249e+00 1.712984137702655403e+02
4.600000000000000200e-01 9.718193140541906416e-01 1.173581767647160206e+02
4.700000000000000289e-01 2.155025674834831761e-04 7.915309412181331084e+01
4.799999999999999822e-01 -6.482524436946128787e-01 5.209578785035338910e+01
4.899999999999999911e-01 -1.068023324458000634e+00 3.296646753795995721e+01
5.000000000000000000e-01 -1.326361600000000251e+00 1.949276159999999436e+01
5.100000000000000089e-01 -1.471307296985958857e+00 1.006288899063868314e+01
5.200000000000000178e-01 -1.537235073627327031e+00 3.528460581187694345e+00
5.300000000000000266e-01 -1.548764302607860355e+00 -9.320125866834487738e-01
5.400000000000000355e-01 -1.523524355454032975e+00 -3.908195515264466735e+00
5.500000000000000444e-01 -1.474120173853908256e+00 -5.824555767231327508e+00
5.600000000000000533e-01 -1.409535914430554815e+00 -6.987318512691082617e+00
5.700000000000000622e-01 -1.336141569836638343e+00 -7.617734787819776088e+00
5.799999999999999600e-01 -1.258417623033300625e+00 -7.875770377070717032e+00
5.899999999999999689e-01 -1.179478478169366573e+00 -7.877052320219071646e+00
5.999999999999999778e-01 -1.101451642797601327e+00 -7.705044515759981394e+00
6.099999999999999867e-01 -1.025753073506897595e+00 -7.419830395142851032e+00
6.199999999999999956e-01 -9.532874900254162398e-01 -7.064471158034216103e+00
6.300000000000000044e-01 -8.845942845565308854e-01 -6.669623857557889224e+00
6.400000000000000133e-01 -8.199538609112571041e-01 -6.256905254163353192e+00
6.500000000000000222e-01 -7.594651155689384758e-01 -5.841348142194437543e+00
6.600000000000000311e-01 -7.031018250853833251e-01 -5.433198644795437460e+00
6.700000000000000400e-01 -6.507535872140762789e-01 -5.039233346996162766e+00
6.800000000000000488e-01 -6.022554362861997079e-01 -4.663725540152720228e+00
6.900000000000000577e-01 -5.574091479245273373e-01 -4.309154361313182413e+00
7.000000000000000666e-01 -5.159984448183401184e-01 -3.976725106195972970e+00
7.099999999999999645e-01 -4.777997294866807021e-01 -3.666750589850892084e+00
7.199999999999999734e-01 -4.425895414345936696e-01 -3.378930096306785646e+00
7.299999999999999822e-01 -4.101496217205513606e-01 -3.112552764302507047e+00
7.399999999999999911e-01 -3.802702366927751543e-01 -2.866645183075191117e+00
7.500000000000000000e-01 -3.527522421371327987e-01 -2.640077794633082675e+00
7.600000000000000089e-01 -3.274082430949904476e-01 -2.431640897427788328e+00
7.700000000000000178e-01 -3.040631113652502715e-01 -2.240098247286533173e+00
7.800000000000000266e-01 -2.825540535972932976e-01 -2.064224185187661487e+00
7.900000000000000355e-01 -2.627303716120351629e-01 -1.902828692546123746e+00
8.000000000000000444e-01 -2.444530185312031589e-01 -1.754773641005157980e+00
8.100000000000000533e-01 -2.275940260433764184e-01 -1.618982661596807926e+00
8.200000000000000622e-01 -2.120358571731729147e-01 -1.494446431605678471e+00
8.300000000000000711e-01 -1.976707233842596723e-01 -1.380224710779077935e+00
8.399999999999999689e-01 -1.843998933550304309e-01 -1.275446110591789362e+00
8.499999999999999778e-01 -1.721330122896262971e-01 -1.179306320748589432e+00
8.599999999999999867e-01 -1.607874444003399572e-01 -1.091065323516521968e+00
8.699999999999999956e-01 -1.502876466485517926e-01 -1.010043982133960627e+00
8.800000000000000044e-01 -1.405645785328848152e-01 -9.356202820263388453e-01
8.900000000000000133e-01 -1.315551503454993887e-01 -8.672254236081633483e-01
9.000000000000000222e-01 -1.232017106409861451e-01 -8.043399061484105550e-01
9.100000000000000311e-01 -1.154515724978149999e-01 -7.464896983430744370e-01
9.200000000000000400e-01 -1.082565773654043662e-01 -6.932425589930613086e-01
9.300000000000000488e-01 -1.015726947799676511e-01 -6.442045476148426930e-01
9.400000000000000577e-01 -9.535965592409141600e-02 -5.990167477270567087e-01
9.500000000000000666e-01 -8.958061884224491345e-02 -5.573522133135333512e-01
9.599999999999999645e-01 -8.420186306518481767e-02 -5.189131403248201657e-01
9.699999999999999734e-01 -7.919251140932624666e-02 -4.834282591156723319e-01
9.799999999999999822e-01 -7.452427677953370189e-02 -4.506504397255341465e-01
9.899999999999999911e-01 -7.017123189844827469e-02 -4.203544993670730867e-01
1.000000000000000000e+00 -6.610960000000000447e-02 -3.923351999999999951e-01
1.010000000000000009e+00 -6.231756465015761415e-02 -3.664054231382768423e-01
1.020000000000000018e+00 -5.877509698781419045e-02 -3.423945088477950427e-01
1.030000000000000027e+00 -5.546379880847759902e-02 -3.201467460744849003e-01
1.040000000000000036e+00 -5.236676004002815965e-02 -2.995200018779462514e-01
1.050000000000000044e+00 -4.946842928117069910e-02 -2.803844777435176017e-01
1.060000000000000053e+00 -4.675449618806270385e-02 -2.626215818408027536e-01
1.070000000000000062e+00 -4.421178460222049272e-02 -2.461229068417764565e-01
1.080000000000000071e+00 -4.182815541286930699e-02 -2.307893036730040426e-01
1.090000000000000080e+00 -3.959241823937330318e-02 -2.165300423306895650e-01
1.100000000000000089e+00 0.000000000000000000e+00 -2.032620516182009618e-01
1.110000000000000098e+00 0.000000000000000000e+00 -1.909092303629798815e-01
1.120000000000000107e+00 0.000000000000000000e+00 -1.794018233269533136e-01
1.130000000000000115e+00 0.000000000000000000e+00 -1.686758556383411434e-01
1.140000000000000124e+00 0.000000000000000000e+00 -1.586726201418044158e-01
1.150000000000000133e+00 0.000000000000000000e+00 -1.493382125884191447e-01
1.159999999999999920e+00 0.000000000000000000e+00 -1.406231100682145962e-01
1.169999999999999929e+00 0.000000000000000000e+00 -1.324817885278824769e-01
1.179999999999999938e+00 0.000000000000000000e+00 -1.248723756170608268e-01
1.189999999999999947e+00 0.000000000000000000e+00 -1.177563354708597021e-01
1.199999999999999956e+00 0.000000000000000000e+00 -1.110981823666819940e-01
