0.000000000000000000e+00 2.221358823845273010e+21 1.599475983467373406e+24
1.666666666666666644e-02 1.110815009457178280e+21 7.997868068462665421e+23
3.333333333333333287e-02 2.711950690832448960e+17 9.763022515979883315e+19
5.000000000000000278e-02 2.090194272621265500e+15 5.016466423922161280e+17
6.666666666666666574e-02 6.620970889709646094e+13 1.191774986577954400e+16
8.333333333333334259e-02 4.549891683900571289e+12 6.551848773402672500e+14
1.000000000000000056e-01 5.102991618621146240e+11 6.123603194776987500e+13
1.166666666666666824e-01 8.025286012732066345e+10 8.254624946035296875e+12
1.333333333333333315e-01 1.616409274550015640e+10 1.454786036955815430e+12
1.499999999999999944e-01 3.932875640141264915e+09 3.146378075498766479e+11
1.666666666666666852e-01 1.110711958652007103e+09 7.997497085564047241e+10
1.833333333333333481e-01 3.538817252699541450e+08 2.316507120298040009e+10
2.000000000000000111e-01 1.245507840161570609e+08 7.474082387189179420e+09
2.166666666666666741e-01 4.765703261327636242e+07 2.640057644028783321e+09
2.333333333333333648e-01 1.957951105382932723e+07 1.007298214215021729e+09
2.500000000000000000e-01 8.552389326349878684e+06 4.107318155043396950e+08
2.666666666666666630e-01 3.940265366303193849e+06 1.774501435211564004e+08
2.833333333333333814e-01 1.902309147042452823e+06 8.065879644770663977e+07
2.999999999999999889e-01 9.571922380090191728e+05 3.834828591548141837e+07
3.166666666666667074e-01 4.996879925526879379e+05 1.897704794534168020e+07
3.333333333333333703e-01 2.695849002524496755e+05 9.734039477025566623e+06
3.499999999999999778e-01 1.498100290131445217e+05 5.156941577152229846e+06
3.666666666666666963e-01 8.550220789719271124e+04 2.813126973238696344e+06
3.833333333333333592e-01 4.999217669222714176e+04 1.575868296524944250e+06
4.000000000000000222e-01 2.987708910026075318e+04 9.044013153496714076e+05
4.166666666666666852e-01 1.821428683135755273e+04 5.306496506321989000e+05
4.333333333333333481e-01 1.130664104507215598e+04 3.177259075553663424e+05
4.500000000000000666e-01 7.134771833690290805e+03 1.938071476526111364e+05
4.666666666666667296e-01 4.569648195683835183e+03 1.202547037445879541e+05
4.833333333333333370e-01 2.966291901630897883e+03 7.579651097357699473e+04
5.000000000000000000e-01 1.948835143443091056e+03 4.846835468908352777e+04
5.166666666666667185e-01 1.294154008749816057e+03 3.140618208750159829e+04
5.333333333333333259e-01 8.675048001141778968e+02 2.059856142063685911e+04
5.500000000000000444e-01 5.862067323104308798e+02 1.366044095575274514e+04
5.666666666666667629e-01 3.987651959141190900e+02 9.150760095666169946e+03
5.833333333333333703e-01 2.726605337397605808e+02 6.185621176277024460e+03
5.999999999999999778e-01 1.870882796335404521e+02 4.215174929550862544e+03
6.166666666666666963e-01 1.285767497793142411e+02 2.892822982626425983e+03
6.333333333333334147e-01 8.830337791266150305e+01 1.997358543491843420e+03
6.500000000000000222e-01 6.042900982271953580e+01 1.385947363474857184e+03
6.666666666666667407e-01 4.105082091592235827e+01 9.653449947473873181e+02
6.833333333333334592e-01 2.753618545296088627e+01 6.740501519203158978e+02
6.999999999999999556e-01 1.809408902219458071e+01 4.711041119328500031e+02
7.166666666666666741e-01 1.149642268948441526e+01 3.289801641501302356e+02
7.333333333333333925e-01 6.894911126584939431e+00 2.290203231482989850e+02
7.500000000000000000e-01 3.699711150380267544e+00 1.584765121717520344e+02
7.666666666666667185e-01 1.498180273424214892e+00 1.085732841948261296e+02
7.833333333333334370e-01 6.093379884475569965e-05 7.322760918469413127e+01
8.000000000000000444e-01 -9.998068201916988640e-01 4.819541599282009514e+01
8.166666666666666519e-01 -1.647041336918598109e+00 3.049787573001296082e+01
8.333333333333333703e-01 -2.045359847036329004e+00 1.803267671128106997e+01
8.500000000000000888e-01 -2.268836731484758840e+00 9.308661255688926772e+00
8.666666666666666963e-01 -2.370475257019773796e+00 3.263384658684225670e+00
8.833333333333334147e-01 -2.388236680848025983e+00 -8.631620063622077454e-01
9.000000000000001332e-01 -2.349304145488446238e+00 -3.616512922632046934e+00
9.166666666666667407e-01 -2.273113465025137891e+00 -5.389367929120519207e+00
9.333333333333334592e-01 -2.173517455232897966e+00 -6.465033588457116842e+00
9.500000000000001776e-01 -2.060338077825330849e+00 -7.048201735909278121e+00
9.666666666666666741e-01 -1.940483809516398983e+00 -7.286865539609258313e+00
9.833333333333332815e-01 -1.818756737308419691e+00 -7.287997763299503440e+00
1.000000000000000000e+00 -1.698437231546860327e+00 -7.128815165676860133e+00
1.016666666666666607e+00 -1.581708509665288531e+00 -6.864903888216842276e+00
1.033333333333333437e+00 -1.469965506218150031e+00 -6.536101843208242279e+00
1.050000000000000044e+00 -1.364039854370411309e+00 -6.170771180986504234e+00
1.066666666666666652e+00 -1.264363852799278432e+00 -5.788910390336717171e+00
1.083333333333333481e+00 -1.171089935428011763e+00 -5.404426789770343298e+00
1.100000000000000089e+00 -1.084177616222506746e+00 -5.026799308523371757e+00
1.116666666666666696e+00 -1.003456616917487443e+00 -4.662297040894006095e+00
1.133333333333333526e+00 -9.286725312794401610e-01 -4.314873172535055978e+00
1.150000000000000133e+00 -8.595196749481832654e-01 -3.986821043649670937e+00
1.166666666666666741e+00 -7.956645311882794003e-01 -3.679255517876699688e+00
1.183333333333333348e+00 -7.367622996163299964e-01 -3.392465798392790610e+00
1.199999999999999956e+00 -6.824683942165028494e-01 -3.126173497789611844e+00
1.216666666666666785e+00 -6.324462521937614934e-01 -2.879720799575193890e+00
1.233333333333333393e+00 -5.863724586262700766e-01 -2.652207005368877102e+00
1.250000000000000000e+00 -5.439399289560293838e-01 -2.442586971795285944e+00
1.266666666666666829e+00 -5.048596970978392884e-01 -2.249741424073736784e+00
1.283333333333333437e+00 -4.688617131708794350e-01 -2.072526543726370463e+00
1.300000000000000044e+00 -4.356949482984661670e-01 -1.909808316192300959e+00
1.316666666666666874e+00 -4.051270248677939501e-01 -1.760485709644395769e+00
1.333333333333333481e+00 -3.769435319603449686e-01 -1.623505707480721316e+00
1.350000000000000089e+00 -3.509471421019721982e-01 -1.497872437856558436e+00
1.366666666666666918e+00 -3.269566131597252401e-01 -1.382652063986093749e+00
1.383333333333333526e+00 -3.048057352577456247e-01 -1.276974667180887257e+00
1.399999999999999911e+00 -2.843422648651697804e-01 -1.180034032698553448e+00
1.416666666666666741e+00 -2.654268751395079118e-01 -1.091086008374577254e+00
1.433333333333333348e+00 -2.479321420081077032e-01 -1.009445926908935975e+00
1.449999999999999956e+00 -2.317415784563873482e-01 -9.344854491383649542e-01
1.466666666666666785e+00 -2.167487244056677254e-01 -8.656290861557471850e-01
1.483333333333333393e+00 -2.028562959126194998e-01 -8.023505841723730381e-01
1.500000000000000000e+00 -1.899753948374641455e-01 -7.441693011554338932e-01
1.516666666666666829e+00 -1.780247783325795696e-01 -6.906466637210876280e-01
1.533333333333333437e+00 -1.669301862899109090e-01 -6.413827629318150647e-01
1.550000000000000044e+00 -1.566237240994170776e-01 -5.960131258406712318e-01
1.566666666666666874e+00 -1.470432975956191546e-01 -5.542056838199257429e-01
1.583333333333333481e+00 -1.381320968184177878e-01 -5.156579473855854578e-01
1.600000000000000089e+00 -1.298381251230553424e-01 -4.800943892377932398e-01
1.616666666666666696e+00 -1.221137701943536408e-01 -4.472640317192348447e-01
1.633333333333333304e+00 -1.149154136165827927e-01 -4.169382312021858161e-01
1.650000000000000133e+00 -1.082030757963138440e-01 -3.889086495633815033e-01
1.666666666666666741e+00 -1.019400932122370984e-01 -3.629854015296367087e-01
1.683333333333333348e+00 -9.609282515931559521e-02 -3.389953660027786309e-01
1.700000000000000178e+00 -9.063038735487989606e-02 -3.167806492959104325e-01
1.716666666666666785e+00 -8.552440997438549852e-02 -2.961971883823581453e-01
1.733333333333333393e+00 -8.074881787976995184e-02 -2.771134826613555480e-01
1.750000000000000222e+00 -7.627963099049679674e-02 -2.594094432977155917e-01
1.766666666666666829e+00 -7.209478292448481818e-02 -2.429753498359195074e-01
1.783333333333333437e+00 -6.817395620207489237e-02 -2.277109044784801084e-01
1.800000000000000266e+00 -6.449843246048822532e-02 -2.135243751229378983e-01
1.816666666666666874e+00 -6.105095626882145465e-02 -2.003318189496541557e-01
1.833333333333333481e+00 0.000000000000000000e+00 -1.880563790288513337e-01
1.850000000000000311e+00 0.000000000000000000e+00 -1.766276470604778437e-01
1.866666666666666918e+00 0.000000000000000000e+00 -1.659810859685432183e-01
1.883333333333333526e+00 0.000000000000000000e+00 -1.560575066394485899e-01
1.900000000000000355e+00 0.000000000000000000e+00 -1.468025936203347925e-01
1.916666666666666963e+00 0.000000000000000000e+00 -1.381664750787832130e-01
1.933333333333333348e+00 0.000000000000000000e+00 -1.301033327704677889e-01
1.949999999999999956e+00 0.000000000000000000e+00 -1.225710481683263270e-01
1.966666666666666563e+00 0.000000000000000000e+00 -1.155308812776423971e-01
1.983333333333333393e+00 0.000000000000000000e+00 -1.089471789984471084e-01
2.000000000000000000e+00 0.000000000000000000e+00 -1.027871102023267674e-01
