0.000000000000000000e+00 8.880846944840797389e+20 6.394600120025986839e+23
1.666666666666666644e-02 4.440965582471449805e+20 3.197495219632359237e+23
3.333333333333333287e-02 1.084220102102316640e+17 3.903192387327429018e+19
5.000000000000000278e-02 8.356459270207595000e+14 2.005550340495157440e+17
6.666666666666666574e-02 2.647020045249457031e+13 4.764637625127904000e+15
8.333333333333334259e-02 1.819015006577437012e+12 2.619384846800762812e+14
1.000000000000000056e-01 2.040136366310213623e+11 2.448172674364065625e+13
1.166666666666666824e-01 3.208432037367217636e+10 3.300132234913237305e+12
1.333333333333333315e-01 6.462187470038408279e+09 5.816089322947205811e+11
1.499999999999999944e-01 1.572283224009368896e+09 1.257879457732944946e+11
1.666666666666666852e-01 4.440263037762904167e+08 3.197242303537282562e+10
1.833333333333333481e-01 1.414631926621043086e+08 9.260706835018882751e+09
2.000000000000000111e-01 4.978485627857028693e+07 2.987797219824317455e+09
2.166666666666666741e-01 1.904694959835515916e+07 1.055311041221865177e+09
2.333333333333333648e-01 7.823901290930086747e+06 4.026119942352215648e+08
2.500000000000000000e-01 3.416638360604636837e+06 1.641466673380258977e+08
2.666666666666666630e-01 1.573560420475790510e+06 7.090443760316039622e+07
2.833333333333333814e-01 7.593269810423559975e+05 3.222136696264735982e+07
2.999999999999999889e-01 3.818249160769085283e+05 1.531430799108403735e+07
3.166666666666667074e-01 1.991543850084627047e+05 7.575197489457023330e+06
3.333333333333333703e-01 1.073242841031309217e+05 3.883433317399614956e+06
3.499999999999999778e-01 5.955429190879254747e+04 2.055903853013735265e+06
3.666666666666666963e-01 3.392695573142033390e+04 1.120476270309984684e+06
3.833333333333333592e-01 1.979027138764708434e+04 6.269497127800298622e+05
4.000000000000000222e-01 1.179262347347650211e+04 3.592931035019533010e+05
4.166666666666666852e-01 7.162941283365201343e+03 2.104364904064244474e+05
4.333333333333333481e-01 4.426264700039393574e+03 1.257224173355476378e+05
4.500000000000000666e-01 2.777437773319403732e+03 7.648286396203600452e+04
4.666666666666667296e-01 1.766620623004846721e+03 4.730182373409857973e+04
4.833333333333333370e-01 1.137056838651062208e+03 2.969656892456324567e+04
5.000000000000000000e-01 7.392749107595172973e+02 1.889905120981666914e+04
5.166666666666667185e-01 4.846558734691835753e+02 1.217579765731036787e+04
5.333333333333333259e-01 3.197627225527976975e+02 7.930744708608513065e+03
5.500000000000000444e-01 2.118635950585193655e+02 5.215921863363045304e+03
5.666666666666667629e-01 1.406152047127235960e+02 3.459265003525323209e+03
5.833333333333333703e-01 9.320198242337393424e+01 2.310395704618425953e+03
5.999999999999999778e-01 6.144877193668554582e+01 1.551720345043841007e+03
6.166666666666666963e-01 4.007968258128417460e+01 1.046347737394156411e+03
6.333333333333334147e-01 2.565313565189270051e+01 7.071100264924173189e+02
6.500000000000000222e-01 1.590178195548439177e+01 4.778710696539216087e+02
6.666666666666667407e-01 9.318230029045960094e+00 3.220960287017528003e+02
6.833333333333334592e-01 4.891980946950474696e+00 2.157722958309635715e+02
6.999999999999999556e-01 1.940530417767408311e+00 1.429726118335323406e+02
7.166666666666666741e-01 -1.977464066129098195e-04 9.304269003848143882e+01
7.333333333333333925e-01 -1.247622754652793819e+00 5.879948993700903515e+01
7.500000000000000000e-01 -2.019950510333297533e+00 3.536530441047744233e+01
7.666666666666667185e-01 -2.467804616318537203e+00 1.940609990313495459e+01
7.833333333333334370e-01 -2.695483866427459851e+00 8.629472074925125469e+00
8.000000000000000444e-01 -2.775354877121119390e+00 1.450921356138203500e+00
8.166666666666666519e-01 -2.757664300095612031e+00 -3.229754732896673808e+00
8.333333333333333703e-01 -2.677271128107074460e+00 -6.179411701720838757e+00
8.500000000000000888e-01 -2.558292942036413997e+00 -7.934177490176507419e+00
8.666666666666666963e-01 -2.417329582944025557e+00 -8.869675626858684936e+00
8.833333333333334147e-01 -2.265710508511594501e+00 -9.249375014742550860e+00
9.000000000000001332e-01 -2.111068117445303649e+00 -9.258069637406681096e+00
9.166666666666667407e-01 -1.958443171500578117e+00 -9.025183635516905056e+00
9.333333333333334592e-01 -1.811063763541882254e+00 -8.641072051545506838e+00
9.500000000000001776e-01 -1.670895470630917812e+00 -8.168472096705713170e+00
9.666666666666666741e-01 -1.539030464715224644e+00 -7.650578887529170480e+00
9.833333333333332815e-01 -1.415962866479417714e+00 -7.116759908746761454e+00
1.000000000000000000e+00 -1.301783492450887092e+00 -6.586610100127384015e+00
1.016666666666666607e+00 -1.196317338423130705e+00 -6.072835904897423198e+00
1.033333333333333437e+00 -1.099220302813098016e+00 -5.583309746677980634e+00
1.050000000000000044e+00 -1.010046860402620039e+00 -5.122534829845504234e+00
1.066666666666666652e+00 -9.282970224615176846e-01 -4.692689540422020578e+00
1.083333333333333481e+00 -8.534485335085352231e-01 -4.294371380612942879e+00
1.100000000000000089e+00 -7.849785616429767465e-01 -3.927125727192656512e+00
1.116666666666666696e+00 -7.223779332173267953e-01 -3.589820273269961337e+00
1.133333333333333526e+00 -6.651601006981879838e-01 -3.280908711735406769e+00
1.150000000000000133e+00 -6.128664148783544707e-01 -2.998614918322959344e+00
1.166666666666666741e+00 -5.650688288621519284e-01 -2.741060115435770772e+00
1.183333333333333348e+00 -5.213708418197764427e-01 -2.506349214387212587e+00
1.199999999999999956e+00 -4.814072602092613895e-01 -2.292628021544721673e+00
1.216666666666666785e+00 -4.448431879550230894e-01 -2.098119744884106908e+00
1.233333333333333393e+00 -4.113725370615413657e-01 -1.921146892469729250e+00
1.250000000000000000e+00 -3.807162635081385860e-01 -1.760142958435930272e+00
1.266666666666666829e+00 -3.526204707969247121e-01 -1.613657063522444313e+00
1.283333333333333437e+00 -3.268544785629269867e-01 -1.480353826231150860e+00
1.300000000000000044e+00 -3.032089213968499064e-01 -1.359010094032985672e+00
1.316666666666666874e+00 -2.814939199937799286e-01 -1.248509694682877980e+00
1.333333333333333481e+00 -2.615373503963460133e-01 -1.147837027169257729e+00
1.350000000000000089e+00 -2.431832256088558297e-01 -1.056070065074330433e+00
1.366666666666666918e+00 -2.262901958799934943e-01 -9.723731667082574637e-01
1.383333333333333526e+00 -2.107301685092438093e-01 -8.959899577973426954e-01
1.399999999999999911e+00 -1.963870444140629612e-01 -8.262364602649175938e-01
1.416666666666666741e+00 -1.831555663816278601e-01 -7.624945748965737957e-01
1.433333333333333348e+00 -1.709402725422883296e-01 -7.042059792298658305e-01
1.449999999999999956e+00 -1.596545478662104722e-01 -6.508664695843352499e-01
1.466666666666666785e+00 -1.492197662001646385e-01 -6.020207538929647217e-01
1.483333333333333393e+00 -1.395645153832510421e-01 -5.572576870852414821e-01
1.500000000000000000e+00 -1.306238982043062824e-01 -5.162059311359330493e-01
1.516666666666666829e+00 -1.223389023151597033e-01 -4.785300160186752305e-01
1.533333333333333437e+00 -1.146558326398170596e-01 -4.439267745837660040e-01
1.550000000000000044e+00 -1.075258002828592407e-01 -4.121221230092457777e-01
1.566666666666666874e+00 -1.009042624151725021e-01 -3.828681583680014766e-01
1.583333333333333481e+00 -9.475060808422380854e-02 -3.559405455879909308e-01
1.600000000000000089e+00 -8.902778534813063360e-02 -3.311361673535189176e-01
1.616666666666666696e+00 -8.370196556071025917e-02 -3.082710120859812331e-01
1.633333333333333304e+00 -7.874224103455901291e-02 -2.871782768998047408e-01
1.650000000000000133e+00 -7.412035267915832726e-02 -2.677066642472743507e-01
1.666666666666666741e+00 -6.981044455066921783e-02 -2.497188527724665263e-01
1.683333333333333348e+00 -6.578884256006993503e-02 -2.330901246419937178e-01
1.700000000000000178e+00 -6.203385486787092035e-02 -2.177071332788412528e-01
1.716666666666666785e+00 -5.852559174844412099e-02 -2.034667969779402341e-01
1.733333333333333393e+00 -5.524580293688408084e-02 -1.902753053197973887e-01
1.750000000000000222e+00 -5.217773067821169369e-02 -1.780472266191658048e-01
1.766666666666666829e+00 -4.930597688457893230e-02 -1.667047058511798852e-01
1.783333333333333437e+00 -4.661638297282014870e-02 -1.561767435920845271e-01
1.800000000000000266e+00 -4.409592110401865800e-02 -1.463985475018115823e-01
1.816666666666666874e+00 -4.173259568040055267e-02 -1.373109487682852015e-01
1.833333333333333481e+00 0.000000000000000000e+00 -1.288598767359586672e-01
1.850000000000000311e+00 0.000000000000000000e+00 -1.209958856612628197e-01
1.866666666666666918e+00 0.000000000000000000e+00 -1.136737281827518570e-01
1.883333333333333526e+00 0.000000000000000000e+00 -1.068519706708215139e-01
1.900000000000000355e+00 0.000000000000000000e+00 -1.004926461375677260e-01
1.916666666666666963e+00 0.000000000000000000e+00 -9.456094084780843068e-02
1.933333333333333348e+00 0.000000000000000000e+00 -8.902491118317215624e-02
1.949999999999999956e+00 0.000000000000000000e+00 -8.385522767763552154e-02
1.966666666666666563e+00 0.000000000000000000e+00 -7.902494346967428585e-02
1.983333333333333393e+00 0.000000000000000000e+00 -7.450928470752055111e-02
2.000000000000000000e+00 0.000000000000000000e+00 -7.028546070373201116e-02
