0.000000000000000000e+00 1.289182953787158692e+21 9.282683872636636003e+23
1.666666666666666644e-02 6.446701719821484032e+20 4.641625238638600462e+23
3.333333333333333287e-02 1.573901771380182720e+17 5.666046405650914509e+19
5.000000000000000278e-02 1.213060523632389250e+15 2.911345424588282240e+17
6.666666666666666574e-02 3.842531170657213281e+13 6.916558347984297000e+15
8.333333333333334259e-02 2.640562498049711426e+12 3.802414696492540000e+14
1.000000000000000056e-01 2.961552027413696899e+11 3.553875547782953125e+13
1.166666666666666824e-01 4.657501608902527618e+10 4.790617663129048828e+12
1.333333333333333315e-01 9.380796666419126511e+09 8.442892062379822998e+11
1.499999999999999944e-01 2.282395754499482632e+09 1.825993361966029663e+11
1.666666666666666852e-01 6.445681907265770435e+08 4.641258106118543243e+10
1.833333333333333481e-01 2.053542182669528723e+08 1.344325098605221939e+10
2.000000000000000111e-01 7.226989659007471800e+07 4.337218395913587570e+09
2.166666666666666741e-01 2.764939368034485355e+07 1.531936120761511087e+09
2.333333333333333648e-01 1.135752098953192681e+07 5.844493582620403767e+08
2.500000000000000000e-01 4.959743381934447214e+06 2.382825566335403919e+08
2.666666666666666630e-01 2.284249976087327115e+06 1.029280165822189599e+08
2.833333333333333814e-01 1.102272706038563047e+06 4.677396178027595580e+07
2.999999999999999889e-01 5.542740019005496288e+05 2.223092754980587214e+07
3.166666666666667074e-01 2.891013672570674680e+05 1.099649244395285472e+07
3.333333333333333703e-01 1.557967200197178754e+05 5.637364177521506324e+06
3.499999999999999778e-01 8.645167734672095685e+04 2.984441453452480026e+06
3.666666666666666963e-01 4.924989544738466066e+04 1.626533293028308311e+06
3.833333333333333592e-01 2.872845360003122914e+04 9.101082267250680597e+05
4.000000000000000222e-01 1.711870984398329529e+04 5.215659867968766484e+05
4.166666666666666852e-01 1.039805508527724487e+04 3.054790916796940728e+05
4.333333333333333481e-01 6.425371745937225569e+03 1.825043570337354613e+05
4.500000000000000666e-01 4.031859656241316770e+03 1.110260136242939334e+05
4.666666666666667296e-01 2.564511213026231871e+03 6.866550217735974002e+04
4.833333333333333370e-01 1.650607351715620553e+03 4.310891817197491764e+04
5.000000000000000000e-01 1.073168540681465174e+03 2.743475045047172898e+04
5.166666666666667185e-01 7.035515112157478370e+02 1.767496781877984540e+04
5.333333333333333259e-01 4.641847004095223497e+02 1.151265308959908361e+04
5.500000000000000444e-01 3.075530547863023685e+02 7.571689810226022018e+03
5.666666666666667629e-01 2.041253346134142248e+02 5.021643996283063643e+03
5.833333333333333703e-01 1.352978732859660056e+02 3.353890522741451150e+03
5.999999999999999778e-01 8.920323717805463559e+01 2.252560632497694769e+03
6.166666666666666963e-01 5.818269819467188597e+01 1.518936847066365090e+03
6.333333333333334147e-01 3.724029919539077582e+01 1.026482317820436947e+03
6.500000000000000222e-01 2.308464850777029298e+01 6.937072336571678761e+02
6.666666666666667407e-01 1.352754423312883958e+01 4.675759275374400090e+02
6.833333333333334592e-01 7.102096835970246325e+00 3.132305736848108495e+02
6.999999999999999556e-01 2.817549217699993225e+00 2.075504095292401132e+02
7.166666666666666741e-01 2.248960815324476054e-04 1.350691630615322936e+02
7.333333333333333925e-01 -1.810658286409978723e+00 8.535958475428138570e+01
7.500000000000000000e-01 -2.931859614837398986e+00 5.134095521011887087e+01
7.666666666666667185e-01 -3.582032559676251449e+00 2.817342469572179198e+01
7.833333333333334370e-01 -3.912583163196338809e+00 1.252922231195184821e+01
8.000000000000000444e-01 -4.028563076416779687e+00 2.108206020761755006e+00
8.166666666666666519e-01 -4.002913445240589674e+00 -4.686736778016384442e+00
8.333333333333333703e-01 -3.886237858508604148e+00 -8.968815602294448297e+00
8.500000000000000888e-01 -3.713547073732414106e+00 -1.151630412692243510e+01
8.666666666666666963e-01 -3.508938664421078713e+00 -1.287447952349865510e+01
8.833333333333334147e-01 -3.288859400078408157e+00 -1.342580938175739469e+01
9.000000000000001332e-01 -3.064389168003344377e+00 -1.343855251718906985e+01
9.166666666666667407e-01 -2.842845664544503492e+00 -1.310058979811218727e+01
9.333333333333334592e-01 -2.628915189143383735e+00 -1.254308714524029256e+01
9.500000000000001776e-01 -2.425451278687371648e+00 -1.185711879146467318e+01
9.666666666666666741e-01 -2.234039564181851567e+00 -1.110539045406090430e+01
9.833333333333332815e-01 -2.055397491828554024e+00 -1.033053476297647144e+01
1.000000000000000000e+00 -1.889657030866820797e+00 -9.560997853866187057e+00
1.016666666666666607e+00 -1.736564254173714517e+00 -8.815226020706836252e+00
1.033333333333333437e+00 -1.595619749140795518e+00 -8.104648118339470741e+00
1.050000000000000044e+00 -1.466176858345888512e+00 -7.435801958447282090e+00
1.066666666666666652e+00 -1.347509851012092641e+00 -6.811850430254547284e+00
1.083333333333333481e+00 -1.238860662981339678e+00 -6.233661447080962148e+00
1.100000000000000089e+00 -1.139470384813200843e+00 -5.700575530509303768e+00
1.116666666666666696e+00 -1.048599926689732120e+00 -5.210949379140590310e+00
1.133333333333333526e+00 -9.655430375929257014e-01 -4.762538653565275837e+00
1.150000000000000133e+00 -8.896339595561026936e-01 -4.352765353327383124e+00
1.166666666666666741e+00 -8.202513536312752152e-01 -3.978902420820067842e+00
1.183333333333333348e+00 -7.568196705164071947e-01 -3.638199085588790460e+00
1.199999999999999956e+00 -6.988088044732756465e-01 -3.327963912415553782e+00
1.216666666666666785e+00 -6.457326278862635105e-01 -3.045617800157610411e+00
1.233333333333333393e+00 -5.971468295975059792e-01 -2.788725774189467543e+00
1.250000000000000000e+00 -5.526463543920664412e-01 -2.555013953371259028e+00
1.266666666666666829e+00 -5.118626503152535756e-01 -2.342376289069002304e+00
1.283333333333333437e+00 -4.744608652324536213e-01 -2.148874380342528756e+00
1.300000000000000044e+00 -4.401370872127303158e-01 -1.972732730714678917e+00
1.316666666666666874e+00 -4.086156898747707045e-01 -1.812331130565073112e+00
1.333333333333333481e+00 -3.796468201061320991e-01 -1.666195354852681998e+00
1.350000000000000089e+00 -3.530040488837919987e-01 -1.532987007670511881e+00
1.366666666666666918e+00 -3.284821943408927081e-01 -1.411493086137512565e+00
1.383333333333333526e+00 -3.058953183236415851e-01 -1.300615649471089208e+00
1.399999999999999911e+00 -2.850748924296913067e-01 -1.199361845177843167e+00
1.416666666666666741e+00 -2.658681261610681967e-01 -1.106834448855489317e+00
1.433333333333333348e+00 -2.481364478114443106e-01 -1.022223006665001321e+00
1.449999999999999956e+00 -2.317541276394275429e-01 -9.447956224612070741e-01
1.466666666666666785e+00 -2.166070324663168789e-01 -8.738913992621298865e-01
1.483333333333333393e+00 -2.025915008682978025e-01 -8.089135230903846674e-01
1.500000000000000000e+00 -1.896133284580164835e-01 -7.493229632304033716e-01
1.516666666666666829e+00 -1.775868532604935324e-01 -6.946327544157070433e-01
1.533333333333333437e+00 -1.664341318065049591e-01 -6.444028217856052621e-01
1.550000000000000044e+00 -1.560841972388883336e-01 -5.982353074606674426e-01
1.566666666666666874e+00 -1.464723914164401397e-01 -5.557703574312601313e-01
1.583333333333333481e+00 -1.375397636809692625e-01 -5.166823285188769654e-01
1.600000000000000089e+00 -1.292325296092113607e-01 -4.806763770142925551e-01
1.616666666666666696e+00 -1.215015836924736442e-01 -4.474853929049711354e-01
1.633333333333333304e+00 -1.143020604673008478e-01 -4.168672461547834884e-01
1.650000000000000133e+00 -1.075929391574491495e-01 -3.886023141378242562e-01
1.666666666666666741e+00 -1.013366873804971285e-01 -3.624912619502867472e-01
1.683333333333333348e+00 -9.549893992239716356e-02 -3.383530498608577353e-01
1.700000000000000178e+00 -9.004820899200043083e-02 -3.160231445675684148e-01
1.716666666666666785e+00 -8.495562273745312087e-02 -2.953519131823436616e-01
1.733333333333333393e+00 -8.019468914004863891e-02 -2.762031809513514347e-01
1.750000000000000222e+00 -7.574108270144173927e-02 -2.584529356362593733e-01
1.766666666666666829e+00 -7.157245160990183264e-02 -2.419881632312742836e-01
1.783333333333333437e+00 -6.766824331324274022e-02 -2.267058012798670308e-01
1.800000000000000266e+00 -6.400954664281931217e-02 -2.125117974923200481e-01
1.816666666666666874e+00 -6.057894882697668210e-02 -1.993202626609393291e-01
1.833333333333333481e+00 0.000000000000000000e+00 -1.870527080348368121e-01
1.850000000000000311e+00 0.000000000000000000e+00 -1.756373583615780387e-01
1.866666666666666918e+00 0.000000000000000000e+00 -1.650085327394094081e-01
1.883333333333333526e+00 0.000000000000000000e+00 -1.551060862614681013e-01
1.900000000000000355e+00 0.000000000000000000e+00 -1.458749061819468174e-01
1.916666666666666963e+00 0.000000000000000000e+00 -1.372644570025723654e-01
1.933333333333333348e+00 0.000000000000000000e+00 -1.292283694741836741e-01
1.949999999999999956e+00 0.000000000000000000e+00 -1.217240690401683589e-01
1.966666666666666563e+00 0.000000000000000000e+00 -1.147124397228698744e-01
1.983333333333333393e+00 0.000000000000000000e+00 -1.081575198769628710e-01
2.000000000000000000e+00 0.000000000000000000e+00 -1.020262266107925531e-01
