0.000000000000000000e+00 3.715746361721389711e+20 4.459167817031454787e+23
1.000000000000000021e-02 1.858099999706054656e+20 2.229719999823632128e+23
2.000000000000000042e-02 4.536376907196092800e+16 2.721826158096327066e+19
2.999999999999999889e-02 3.496342558654857500e+14 1.398537104105289920e+17
4.000000000000000083e-02 1.107513186932372852e+13 3.322540637255858500e+15
5.000000000000000278e-02 7.610758787519996338e+11 1.826584366502398750e+14
5.999999999999999778e-02 8.535930556641934204e+10 1.707192411589875195e+13
7.000000000000000666e-02 1.342407964434443855e+10 2.301292211812831055e+12
8.000000000000000167e-02 2.703779237464069843e+09 4.055752954535184937e+11
8.999999999999999667e-02 6.578433009255199432e+08 8.771612751924403381e+10
1.000000000000000056e-01 1.857806054999999106e+08 2.229543632999998474e+10
1.100000000000000006e-01 5.918819980982443690e+07 6.457799566286500931e+09
1.199999999999999956e-01 2.082998386695380881e+07 2.083490594624157429e+09
1.300000000000000044e-01 7.969243711951797828e+06 7.359035660787140131e+08
1.400000000000000133e-01 3.273520300125148147e+06 2.807547639800278544e+08
1.499999999999999944e-01 1.429521490076980088e+06 1.144649426903833896e+08
1.600000000000000033e-01 6.583776799270707415e+05 4.944402782193718106e+07
1.700000000000000122e-01 3.177024088681217399e+05 2.246903322861942649e+07
1.799999999999999933e-01 1.597555448865785147e+05 1.067917743911593594e+07
1.900000000000000022e-01 8.332619468754078844e+04 5.282437715981364250e+06
2.000000000000000111e-01 4.490448046874997817e+04 2.708047499999998137e+06
2.099999999999999922e-01 2.491751573463880050e+04 1.433650286834911443e+06
2.200000000000000011e-01 1.419503827802626802e+04 7.813454524961626157e+05
2.300000000000000100e-01 8.280249548591540588e+03 4.371929330452741706e+05
2.399999999999999911e-01 4.934033661302568362e+03 2.505470575086954341e+05
2.500000000000000000e-01 2.996974632960000235e+03 1.467443793100799958e+05
2.600000000000000089e-01 1.851949150496482389e+03 8.767043235532188555e+04
2.700000000000000178e-01 1.162079964356838445e+03 5.333405046952643897e+04
2.800000000000000266e-01 7.391540686652278964e+02 3.298513841724474332e+04
2.899999999999999800e-01 4.757445812916044474e+02 2.070840739672876953e+04
2.999999999999999889e-01 3.093126226617820294e+02 1.317893837697882554e+04
3.099999999999999978e-01 2.027800174595064107e+02 8.490589566364429629e+03
3.200000000000000067e-01 1.337887231160905515e+02 5.530372643469670038e+03
3.300000000000000155e-01 8.864372817248450076e+01 3.637236179385163723e+03
3.400000000000000244e-01 5.883340165180355541e+01 2.412260795791658893e+03
3.500000000000000333e-01 3.899570944593965294e+01 1.611115938020582462e+03
3.599999999999999867e-01 2.571016617830923323e+01 1.082066320610571893e+03
3.699999999999999956e-01 1.676933919200929779e+01 7.296531555428584852e+02
3.800000000000000044e-01 1.073327195675190637e+01 4.930913918073790683e+02
3.900000000000000133e-01 6.653305570174669725e+00 3.332354259053346937e+02
4.000000000000000222e-01 3.898747444152829367e+00 2.246082973480222904e+02
4.100000000000000311e-01 2.046804828204078497e+00 1.504652142927919272e+02
4.199999999999999845e-01 8.119179267938836375e-01 9.969956798524988528e+01
4.299999999999999933e-01 -8.273709652684146931e-05 6.488176918683438998e+01
4.400000000000000022e-01 -5.220053605467289692e-01 4.100284431607430236e+01
4.500000000000000111e-01 -8.451472935234516370e-01 2.466140560890627142e+01
4.600000000000000200e-01 -1.032529451467675941e+00 1.353252033245277630e+01
4.700000000000000289e-01 -1.127790449713249155e+00 6.017618526914453980e+00
4.799999999999999822e-01 -1.161208480587476277e+00 1.011775825680373941e+00
4.899999999999999911e-01 -1.153806743160004089e+00 -2.252215633739947265e+00
5.000000000000000000e-01 -1.120170239999999984e+00 -4.309109759999998346e+00
5.100000000000000089e-01 -1.070389766948035559e+00 -5.532766436483084860e+00
5.200000000000000178e-01 -1.011410697503780209e+00 -6.185120470462790010e+00
5.300000000000000266e-01 -9.479732767612512045e-01 -6.449897510280472090e+00
5.400000000000000355e-01 -8.832709003391150393e-01 -6.455960560484925281e+00
5.500000000000000444e-01 -8.194126229558418295e-01 -6.293561388500455323e+00
5.600000000000000533e-01 -7.577490786659235589e-01 -6.025707577277733762e+00
5.700000000000000622e-01 -6.991026649119760350e-01 -5.696147875436118113e+00
5.799999999999999600e-01 -6.439303464368499874e-01 -5.335003677570341551e+00
5.899999999999999689e-01 -5.924388633349884081e-01 -4.962753909699408439e+00
5.999999999999999778e-01 -5.446662132414511470e-01 -4.593062776488829435e+00
6.099999999999999867e-01 -5.005391743962378515e-01 -4.234790904348470164e+00
6.199999999999999956e-01 -4.599137746970001772e-01 -3.893427996683445080e+00
6.300000000000000044e-01 -4.226036063924561992e-01 -3.572114288012265160e+00
6.400000000000000133e-01 -3.883994741978989973e-01 -3.272368839520955586e+00
6.500000000000000222e-01 -3.570828664199711122e-01 -2.994608309414092062e+00
6.600000000000000311e-01 -3.284350301914214509e-01 -2.738515673762345948e+00
6.700000000000000400e-01 -3.022429272581295123e-01 -2.503301337226919721e+00
6.800000000000000488e-01 -2.783029861321218434e-01 -2.287887008316823678e+00
6.900000000000000577e-01 -2.564233079851034880e-01 -2.091034136377210473e+00
7.000000000000000666e-01 -2.364247979959243628e-01 -1.911432587163877539e+00
7.099999999999999645e-01 -2.181415602173944479e-01 -1.747760852166016399e+00
7.199999999999999734e-01 -2.014207976715549631e-01 -1.598725940357185848e+00
7.299999999999999822e-01 -1.861223898403816523e-01 -1.463088835432517332e+00
7.399999999999999911e-01 -1.721182695065489043e-01 -1.339679766348891299e+00
7.500000000000000000e-01 -1.592916846518051821e-01 -1.227406356349322047e+00
7.600000000000000089e-01 -1.475364049814333056e-01 -1.125256858962984552e+00
7.700000000000000178e-01 -1.367559138307286593e-01 -1.032300068158522599e+00
7.800000000000000266e-01 -1.268626127124420078e-01 -9.476830389056687398e-01
7.900000000000000355e-01 -1.177770561253975168e-01 -8.706274270921936509e-01
8.000000000000000444e-01 -1.094272274058311761e-01 -8.004250202793624647e-01
8.100000000000000533e-01 -1.017478615947452758e-01 -7.364328587118330605e-01
8.200000000000000622e-01 -9.467981795618927998e-02 -6.780682215845582617e-01
8.300000000000000711e-01 -8.816950250426761060e-02 -6.248036639040136508e-01
8.399999999999999689e-01 -8.216833938284394401e-02 -5.761622249580692356e-01
8.499999999999999778e-01 -7.663228897407309281e-02 -5.317128835612108251e-01
8.599999999999999867e-01 -7.152141003169343314e-02 -4.910663028496264348e-01
8.699999999999999956e-01 -6.679946282722246109e-02 -4.538708847901431476e-01
8.800000000000000044e-01 -6.243355017814888192e-02 -4.198091390480274132e-01
8.900000000000000133e-01 -5.839379323635223579e-02 -3.885943604607750568e-01
9.000000000000000222e-01 -5.465303900868175024e-02 -3.599676026454573519e-01
9.100000000000000311e-01 -5.118659672866281846e-02 -3.336949311703562016e-01
9.200000000000000400e-01 -4.797200037649945736e-02 -3.095649374764128381e-01
9.300000000000000488e-01 -4.498879483834830606e-02 -2.873864937784473828e-01
9.400000000000000577e-01 -4.221834339450817458e-02 -2.669867291019530353e-01
9.500000000000000666e-01 -3.964365442243924370e-02 -2.482092071233590325e-01
9.599999999999999645e-01 -3.724922538965785845e-02 -2.309122873678538523e-01
9.699999999999999734e-01 -3.502090239060116905e-02 -2.149676524279575951e-01
9.799999999999999822e-01 -3.294575364885948821e-02 -2.002589850914638647e-01
9.899999999999999911e-01 -3.101195556095984532e-02 -1.866807805350993166e-01
1.000000000000000000e+00 -2.920868999999999896e-02 -1.741372800000000054e-01
1.010000000000000009e+00 -2.752605172713325915e-02 -1.625415135836836278e-01
1.020000000000000018e+00 -2.595496487671719241e-02 -1.518144409397786387e-01
1.030000000000000027e+00 -2.448710758754902087e-02 -1.418841797592836629e-01
1.040000000000000036e+00 -2.311484394879229770e-02 -1.326853129096720596e-01
1.050000000000000044e+00 -2.183116251576377315e-02 -1.241582660290982965e-01
1.060000000000000053e+00 -2.062962072850782480e-02 -1.162487482135561023e-01
1.070000000000000062e+00 -1.950429463582795120e-02 -1.089072491982136098e-01
1.080000000000000071e+00 -1.844973338992140707e-02 -1.020885871245966053e-01
1.090000000000000080e+00 -1.746091803267959056e-02 -9.575150160775088015e-02
1.100000000000000089e+00 0.000000000000000000e+00 -8.985828737720850945e-02
1.110000000000000098e+00 0.000000000000000000e+00 -8.437446426778727471e-02
1.120000000000000107e+00 0.000000000000000000e+00 -7.926847978610562784e-02
1.130000000000000115e+00 0.000000000000000000e+00 -7.451144088111953667e-02
1.140000000000000124e+00 0.000000000000000000e+00 -7.007687190659722676e-02
1.150000000000000133e+00 0.000000000000000000e+00 -6.594049608453841915e-02
1.159999999999999920e+00 0.000000000000000000e+00 -6.208003806506538769e-02
1.169999999999999929e+00 0.000000000000000000e+00 -5.847504543387117143e-02
1.179999999999999938e+00 0.000000000000000000e+00 -5.510672724618620455e-02
1.189999999999999947e+00 0.000000000000000000e+00 -5.195780786937766182e-02
1.199999999999999956e+00 0.000000000000000000e+00 -4.901239459740246163e-02
