0.000000000000000000e+00 2.776668657736515322e+21 1.999323470130863174e+24
1.666666666666666644e-02 1.388503823962965803e+21 9.997227532997076787e+23
3.333333333333333287e-02 3.389901894159669760e+17 1.220364685520322560e+20
5.000000000000000278e-02 2.612714732562462500e+15 6.270515570186355200e+17
6.666666666666666574e-02 8.276124575598515625e+13 1.489702706642223200e+16
8.333333333333334259e-02 5.687303419502864258e+12 8.189722859747603750e+14
1.000000000000000056e-01 6.378670900021973877e+11 7.654421645373781250e+13
1.166666666666666824e-01 1.003149959471852722e+11 1.031817017723181836e+13
1.333333333333333315e-01 2.020489856312282181e+10 1.818462982750630615e+12
1.499999999999999944e-01 4.916041662419742584e+09 3.932930283043658447e+11
1.666666666666666852e-01 1.388375011950285912e+09 9.996763809751426697e+10
1.833333333333333481e-01 4.423473977685744762e+08 2.895602748980384064e+10
2.000000000000000111e-01 1.556868051402222216e+08 9.342502476180051804e+09
2.166666666666666741e-01 5.957064991357207298e+07 3.300036553067631721e+09
2.333333333333333648e-01 2.447412553309319541e+07 1.259109222337366343e+09
2.500000000000000000e-01 1.069037165782561712e+07 5.134092462276608944e+08
2.666666666666666630e-01 4.925278726981311105e+06 2.218102932577269375e+08
2.833333333333333814e-01 2.377860856677447911e+06 1.008224109826022387e+08
2.999999999999999889e-01 1.196477428694116417e+06 4.793484176328370720e+07
3.166666666666667074e-01 6.246032733539327746e+05 2.372105477835115418e+07
3.333333333333333703e-01 3.369775017178535345e+05 1.216741847663718089e+07
3.499999999999999778e-01 1.872605229317966441e+05 6.446107644247656688e+06
3.666666666666666963e-01 1.068766110196674999e+05 3.516370902169703506e+06
3.833333333333333592e-01 6.248954931717513682e+04 1.969814190339198336e+06
4.000000000000000222e-01 3.734596016360109206e+04 1.130489490585532971e+06
4.166666666666666852e-01 2.276761404206501174e+04 6.633049336657742970e+05
4.333333333333333481e-01 1.413314960810310004e+04 3.971531166158144479e+05
4.500000000000000666e-01 8.918369124901069881e+03 2.422563320304843073e+05
4.666666666666667296e-01 5.711999017648399786e+03 1.503167654181187390e+05
4.833333333333333370e-01 3.707825168918682721e+03 9.474462168531556381e+04
5.000000000000000000e-01 2.436017870176654014e+03 6.058479335323387932e+04
5.166666666666667185e-01 1.617675229280262329e+03 3.925730668290705944e+04
5.333333333333333259e-01 1.084369434812288773e+03 2.574792590490087605e+04
5.500000000000000444e-01 7.327506159014341165e+02 1.707536840599449715e+04
5.666666666666667629e-01 4.984512023423386040e+02 1.143832780349749919e+04
5.833333333333333703e-01 3.408220592765777610e+02 7.731943892493633939e+03
5.999999999999999778e-01 2.338578832541744532e+02 5.268912473826093446e+03
6.166666666666666963e-01 1.607192502586762544e+02 3.615990236122678652e+03
6.333333333333334147e-01 1.103780707841462458e+02 2.496671659364250445e+03
6.500000000000000222e-01 7.553548034052576554e+01 1.732415849898335864e+03
6.666666666666667407e-01 5.131300047296407740e+01 1.206668499095033440e+03
6.833333333333334592e-01 3.441988425383824790e+01 8.425538251281939210e+02
6.999999999999999556e-01 2.261738762891471666e+01 5.888739733063993071e+02
7.166666666666666741e-01 1.437039084567435587e+01 4.112209242023024558e+02
7.333333333333333925e-01 8.618561070413056413e+00 2.862724459153134831e+02
7.500000000000000000e-01 4.624602190793670076e+00 1.980936131191156164e+02
7.666666666666667185e-01 1.872716593253952233e+00 1.357152343928703431e+02
7.833333333333334370e-01 8.618502956767339887e-05 9.153360347936063590e+01
8.000000000000000444e-01 -1.249736250464197340e+00 6.024368809851030448e+01
8.166666666666666519e-01 -2.058771720090783575e+00 3.812199185993503647e+01
8.333333333333333703e-01 -2.556665391969406897e+00 2.254065315487571652e+01
8.500000000000000888e-01 -2.836009266578718435e+00 1.163574471163168766e+01
8.666666666666666963e-01 -2.963056731655788312e+00 4.079224754280446064e+00
8.833333333333334147e-01 -2.985258862518182177e+00 -1.078907805200454151e+00
9.000000000000001332e-01 -2.936594233789682651e+00 -4.520563483426568219e+00
9.166666666666667407e-01 -2.841357361854393471e+00 -6.736611900738349590e+00
9.333333333333334592e-01 -2.716864088729296967e+00 -8.081182535761239905e+00
9.500000000000001776e-01 -2.575391741763295439e+00 -8.810137500934251520e+00
9.666666666666666741e-01 -2.425575830152263190e+00 -9.108466325624227977e+00
9.833333333333332815e-01 -2.273418903371371869e+00 -9.109883575779294418e+00
1.000000000000000000e+00 -2.123021384776059062e+00 -8.910909203295755532e+00
1.016666666666666607e+00 -1.977112270693714979e+00 -8.581025172885489383e+00
1.033333333333333437e+00 -1.837435213910537879e+00 -8.170028369119750167e+00
1.050000000000000044e+00 -1.705029747590894429e+00 -7.713371123920517825e+00
1.066666666666666652e+00 -1.580436241768606642e+00 -7.236051300956390264e+00
1.083333333333333481e+00 -1.463845238965484574e+00 -6.755452879790551535e+00
1.100000000000000089e+00 -1.355206134066429646e+00 -6.283424410273480198e+00
1.116666666666666696e+00 -1.254306083169150376e+00 -5.827802189497356622e+00
1.133333333333333526e+00 -1.160827083333278553e+00 -5.393527657988589574e+00
1.150000000000000133e+00 -1.074387034469791669e+00 -4.983467470170295677e+00
1.166666666666666741e+00 -9.945690462397794862e-01 -4.599015199238349894e+00
1.183333333333333348e+00 -9.209421237621016054e-01 -4.240532352747821143e+00
1.199999999999999956e+00 -8.530755399961497121e-01 -3.907670956659905048e+00
1.216666666666666785e+00 -7.905485967187297902e-01 -3.599608754832190449e+00
1.233333333333333393e+00 -7.329570302838043228e-01 -3.315219891297609855e+00
1.250000000000000000e+00 -6.799169897042762756e-01 -3.053197955161003563e+00
1.266666666666666829e+00 -6.310672717738506909e-01 -2.812143871727553091e+00
1.283333333333333437e+00 -5.860703182291492341e-01 -2.590627886545277203e+00
1.300000000000000044e+00 -5.446123467552170805e-01 -2.387232499524010176e+00
1.316666666666666874e+00 -5.064028888214208157e-01 -2.200581438198626838e+00
1.333333333333333481e+00 -4.711739339840811946e-01 -2.029358448187355002e+00
1.350000000000000089e+00 -4.386788258406579266e-01 -1.872318705023593655e+00
1.366666666666666918e+00 -4.086910144182949733e-01 -1.728294927001258419e+00
1.383333333333333526e+00 -3.810027398364160267e-01 -1.596199728976791299e+00
1.399999999999999911e+00 -3.554236999340492642e-01 -1.475025354708113356e+00
1.416666666666666741e+00 -3.317797382158881314e-01 -1.363841625188252360e+00
1.433333333333333348e+00 -3.099115764701373954e-01 -1.261792716557133431e+00
1.449999999999999956e+00 -2.896736076438831686e-01 -1.168093214250701672e+00
1.466666666666666785e+00 -2.709327582044570581e-01 -1.082023765711112473e+00
1.483333333333333393e+00 -2.535674246518032637e-01 -1.002926561525509852e+00
1.500000000000000000e+00 -2.374664856157810144e-01 -9.302008062823663437e-01
1.516666666666666829e+00 -2.225283887280020967e-01 -8.632982897448350235e-01
1.533333333333333437e+00 -2.086603099412486784e-01 -8.017191316514176158e-01
1.550000000000000044e+00 -1.957773819868143250e-01 -7.450077461968621639e-01
1.566666666666666874e+00 -1.838019880661587169e-01 -6.927490524900152824e-01
1.583333333333333481e+00 -1.726631165596439754e-01 -6.445649431279810715e-01
1.600000000000000089e+00 -1.622957724210058184e-01 -6.001110130366585915e-01
1.616666666666666696e+00 -1.526404409515298710e-01 -5.590735438304574867e-01
1.633333333333333304e+00 -1.436425997681817224e-01 -5.211667343296608745e-01
1.650000000000000133e+00 -1.352522749624323894e-01 -4.861301649346084219e-01
1.666666666666666741e+00 -1.274236376673040239e-01 -4.537264818355640217e-01
1.683333333333333348e+00 -1.201146374918921622e-01 -4.237392861941852162e-01
1.700000000000000178e+00 -1.132866695329126511e-01 -3.959712132118138328e-01
1.716666666666666785e+00 -1.069042719229623267e-01 -3.702421862114795847e-01
1.733333333333333393e+00 -1.009348511191985320e-01 -3.463878313638698025e-01
1.750000000000000222e+00 -9.534843237007833983e-02 -3.242580393789991633e-01
1.766666666666666829e+00 -9.011743301918331839e-02 -3.037156612892836227e-01
1.783333333333333437e+00 -8.521645651259567023e-02 -2.846353263114866361e-01
1.800000000000000266e+00 -8.062210516916713809e-02 -2.669023706556257203e-01
1.816666666666666874e+00 -7.631280995125801214e-02 -2.504118670211695763e-01
1.833333333333333481e+00 0.000000000000000000e+00 -2.350677453662053384e-01
1.850000000000000311e+00 0.000000000000000000e+00 -2.207819963416512710e-01
1.866666666666666918e+00 0.000000000000000000e+00 -2.074739495426676517e-01
1.883333333333333526e+00 0.000000000000000000e+00 -1.950696194392585736e-01
1.900000000000000355e+00 0.000000000000000000e+00 -1.835011125061707937e-01
1.916666666666666963e+00 0.000000000000000000e+00 -1.727060896788284727e-01
1.933333333333333348e+00 0.000000000000000000e+00 -1.626272788186160223e-01
1.949999999999999956e+00 0.000000000000000000e+00 -1.532120323795265471e-01
1.966666666666666563e+00 0.000000000000000000e+00 -1.444119259317166726e-01
1.983333333333333393e+00 0.000000000000000000e+00 -1.361823936187763207e-01
2.000000000000000000e+00 0.000000000000000000e+00 -1.284823970076127697e-01
