0.000000000000000000e+00 3.083992514911987669e+22 2.220610154316613997e+25
1.666666666666666644e-02 1.542184512401146747e+22 1.110372848938600051e+25
3.333333333333333287e-02 3.765098903053296640e+18 1.355435605862810124e+21
5.000000000000000278e-02 2.901892199952924800e+16 6.964541324580107264e+18
6.666666666666666574e-02 9.192135341272296250e+14 1.654584421087085760e+17
8.333333333333334259e-02 6.316786025239002344e+13 9.096173127464622000e+15
1.000000000000000056e-01 7.084692025307000977e+12 8.501633922015983750e+14
1.166666666666666824e-01 1.114189233803923096e+12 1.146024398781851250e+14
1.333333333333333315e-01 2.244163471831446228e+11 2.019751785435209375e+13
1.499999999999999944e-01 5.460371115788094330e+10 4.368317328427958496e+12
1.666666666666666852e-01 1.542157361376672173e+10 1.110363074569788818e+12
1.833333333333333481e-01 4.913721861944605827e+09 3.216304467653685303e+11
2.000000000000000111e-01 1.729571631423466206e+09 1.037770257350841675e+11
2.166666666666666741e-01 6.618799147574498653e+08 3.665952221635141754e+10
2.333333333333333648e-01 2.719833599417552352e+08 1.398864289574494362e+10
2.500000000000000000e-01 1.188376697214118987e+08 5.704780218168187141e+09
2.666666666666666630e-01 5.477321683750893921e+07 2.465158881665067196e+09
2.833333333333333814e-01 2.645846748616904393e+07 1.120832119775967121e+09
2.999999999999999889e-01 1.332312616622202471e+07 5.330847013167159557e+08
3.166666666666667074e-01 6.961987894314876758e+06 2.639320479349030554e+08
3.333333333333333703e-01 3.760856555479204282e+06 1.354671983299473226e+08
3.499999999999999778e-01 2.093382246478281682e+06 7.182737487771330774e+07
3.666666666666666963e-01 1.197281846589485183e+06 3.922295547569676489e+07
3.833333333333333592e-01 7.018898211717453087e+05 2.200091052686563507e+07
4.000000000000000222e-01 4.208601433357966016e+05 1.264711562566929497e+07
4.166666666666666852e-01 2.576235196940726310e+05 7.435571709063096903e+06
4.333333333333333481e-01 1.607265947257432563e+05 4.463059899138732813e+06
4.500000000000000666e-01 1.020466611414862127e+05 2.730588511776108295e+06
4.666666666666667296e-01 6.584756299506622599e+04 1.700467123425312107e+06
4.833333333333333370e-01 4.313088390220615111e+04 1.076502085318307625e+06
5.000000000000000000e-01 2.864647996284629335e+04 6.919848280178154819e+05
5.166666666666667185e-01 1.927332210449354898e+04 4.511911387631527614e+05
5.333333333333333259e-01 1.312345451695471638e+04 2.981224452030838584e+05
5.500000000000000444e-01 9.036088934056995640e+03 1.994444934383092623e+05
5.666666666666667629e-01 6.286575783683233567e+03 1.349884458923952770e+05
5.833333333333333703e-01 4.416029270611915308e+03 9.236322334313430474e+04
5.999999999999999778e-01 3.129935049448716200e+03 6.384600308143485017e+04
6.166666666666666963e-01 2.236872365065033136e+03 4.455794738329673419e+04
6.333333333333334147e-01 1.610938279891714728e+03 3.137732845142198858e+04
6.500000000000000222e-01 1.168388468688231569e+03 2.228250594948055368e+04
6.666666666666667407e-01 8.529268532820453856e+02 1.594926408326419551e+04
6.833333333333334592e-01 6.263278278949173909e+02 1.150081033255389229e+04
6.999999999999999556e-01 4.623883367054122004e+02 8.350635983259689965e+03
7.166666666666666741e-01 3.429843646195325846e+02 6.102585967519185942e+03
7.333333333333333925e-01 2.554726404863445453e+02 4.486601631573254963e+03
7.500000000000000000e-01 1.909616175557453062e+02 3.316964088672702019e+03
7.666666666666667185e-01 1.431500044378559835e+02 2.464885556640445429e+03
7.833333333333334370e-01 1.075395069515915338e+02 1.840345672141615523e+03
8.000000000000000444e-01 8.089662495974559420e+01 1.379944105610243469e+03
8.166666666666666519e-01 6.088169496923396196e+01 1.038705629912641825e+03
8.333333333333333703e-01 4.579120458891012646e+01 7.845053919694073556e+02
8.500000000000000888e-01 3.437745204923125186e+01 5.942462998286447373e+02
8.666666666666666963e-01 2.572143288285111851e+01 4.512177891567590677e+02
8.833333333333334147e-01 1.914263112639554976e+01 3.432574940618777077e+02
9.000000000000001332e-01 1.413458174478437179e+01 2.614627670383442251e+02
9.166666666666667407e-01 1.031855357974145271e+01 1.992815088985149146e+02
9.333333333333334592e-01 7.410057516938304722e+00 1.518665038620494272e+02
9.500000000000001776e-01 5.194489502540950987e+00 1.156140472779768373e+02
9.666666666666666741e-01 3.509319479924710716e+00 8.783230233766535378e+01
9.833333333333332815e-01 2.230998437228721265e+00 6.650154680046303213e+01
1.000000000000000000e+00 1.265285202135835840e+00 5.009989828113288013e+01
1.016666666666666607e+00 5.400652656800049023e-01 3.747596750880392591e+01
1.033333333333333437e+00 -5.009624877133304984e-06 2.775533154709393457e+01
1.050000000000000044e+00 -3.975104568560759444e-01 2.027151085466130809e+01
1.066666666666666652e+00 -6.852952841847069765e-01 1.451479189356836308e+01
1.083333333333333481e+00 -8.887427478417432303e-01 1.009411080997704246e+01
1.100000000000000089e+00 -1.027503657470098863e+00 6.708542236493028277e+00
1.116666666666666696e+00 -1.116811786434968479e+00 4.125884311903273094e+00
1.133333333333333526e+00 -1.168488411128205673e+00 2.166509674798473117e+00
1.150000000000000133e+00 -1.191711993295412109e+00 6.911409954508618281e-01
1.166666666666666741e+00 -1.193609767818476275e+00 -4.084365919538239798e-01
1.183333333333333348e+00 -1.179713794663497684e+00 -1.216456498280624743e+00
1.199999999999999956e+00 -1.154313509046037023e+00 -1.798587493112546731e+00
1.216666666666666785e+00 -1.120728972797386813e+00 -2.206090739927577093e+00
1.233333333333333393e+00 -1.081523179586706629e+00 -2.479019801562520442e+00
1.250000000000000000e+00 -1.038667379055688622e+00 -2.648691121602662069e+00
1.266666666666666829e+00 -9.936700819600833290e-01 -2.739596575805799183e+00
1.283333333333333437e+00 -9.476779129260164414e-01 -2.770887978413195452e+00
1.300000000000000044e+00 -9.015545854002314785e-01 -2.757532195718734425e+00
1.316666666666666874e+00 -8.559428340154030534e-01 -2.711212046103572249e+00
1.333333333333333481e+00 -8.113130410228556189e-01 -2.641030461491791659e+00
1.350000000000000089e+00 -7.680014523345155553e-01 -2.554061986087596825e+00
1.366666666666666918e+00 -7.262402327684729375e-01 -2.455785513643708562e+00
1.383333333333333526e+00 -6.861811125714307735e-01 -2.350424413499935916e+00
1.399999999999999911e+00 -6.479139930105853873e-01 -2.241214272492123349e+00
1.416666666666666741e+00 -6.114815812077807333e-01 -2.130613939846661697e+00
1.433333333333333348e+00 -5.768908932864345029e-01 -2.020472072197922575e+00
1.449999999999999956e+00 -5.441222850019173940e-01 -1.912158685481976539e+00
1.466666666666666785e+00 -5.131365286494898870e-01 -1.806669140822677599e+00
1.483333333333333393e+00 -4.838803452569700458e-01 -1.704706379761894208e+00
1.500000000000000000e+00 -4.562907150190113614e-01 -1.606745971864772971e+00
1.516666666666666829e+00 -4.302982213443532489e-01 -1.513087562315466705e+00
1.533333333333333437e+00 -4.058296307001664216e-01 -1.423895545594336509e+00
1.550000000000000044e+00 -3.828098685036281923e-01 -1.339231195448194800e+00
1.566666666666666874e+00 -3.611635181915689441e-01 -1.259078014088672148e+00
1.583333333333333481e+00 -3.408159443989779991e-01 -1.183361696364074733e+00
1.600000000000000089e+00 -3.216941204195212234e-01 -1.111965815536564817e+00
1.616666666666666696e+00 -3.037272236526991631e-01 -1.044744109226865669e+00
1.633333333333333304e+00 -2.868470496602030795e-01 -9.815300638506301301e-01
1.650000000000000133e+00 -2.709882850503855800e-01 -9.221443531900299639e-01
1.666666666666666741e+00 -2.560886711281070705e-01 -8.664005736137666558e-01
1.683333333333333348e+00 -2.420890836492697873e-01 -8.141096286234023038e-01
1.700000000000000178e+00 -2.289335487593469887e-01 -7.650830439669621397e-01
1.716666666666666785e+00 -2.165692109998039738e-01 -7.191354376806280424e-01
1.733333333333333393e+00 -2.049462659190467995e-01 -6.760863240761731952e-01
1.750000000000000222e+00 -1.940178671537528265e-01 -6.357613945070156314e-01
1.766666666666666829e+00 -1.837400157157424718e-01 -5.979933888423772936e-01
1.783333333333333437e+00 -1.740714375204468478e-01 -5.626226484730321165e-01
1.800000000000000266e+00 -1.649734538390474070e-01 -5.294974231882899618e-01
1.816666666666666874e+00 -1.564098482785549471e-01 -4.984739894698393958e-01
1.833333333333333481e+00 0.000000000000000000e+00 -4.694166259030178034e-01
1.850000000000000311e+00 0.000000000000000000e+00 -4.421974819204559370e-01
1.866666666666666918e+00 0.000000000000000000e+00 -4.166963684969529069e-01
1.883333333333333526e+00 0.000000000000000000e+00 -3.928004933329066750e-01
1.900000000000000355e+00 0.000000000000000000e+00 -3.704041581969414465e-01
1.916666666666666963e+00 0.000000000000000000e+00 -3.494084322067873560e-01
1.933333333333333348e+00 0.000000000000000000e+00 -3.297208117188755727e-01
1.949999999999999956e+00 0.000000000000000000e+00 -3.112548750175015422e-01
1.966666666666666563e+00 0.000000000000000000e+00 -2.939299380201413348e-01
1.983333333333333393e+00 0.000000000000000000e+00 -2.776707156472345561e-01
2.000000000000000000e+00 0.000000000000000000e+00 -2.624069922626399154e-01
