0.000000000000000000e+00 1.721587142639978283e+21 1.239618407679039038e+24
1.666666666666666644e-02 8.608986614880136069e+20 6.198470363001206939e+23
3.333333333333333287e-02 2.101803360489736960e+17 7.566492120224736870e+19
5.000000000000000278e-02 1.619932604648854500e+15 3.887838382620241280e+17
6.666666666666666574e-02 5.131353941237264062e+13 9.236438849046166000e+15
8.333333333333334259e-02 3.526235806500953613e+12 5.077783241483743750e+14
1.000000000000000056e-01 3.954896735453743286e+11 4.745886353090625000e+13
1.166666666666666824e-01 6.219719692062940216e+10 6.397460880278157227e+12
1.333333333333333315e-01 1.252741968725766563e+10 1.127481481377355469e+12
1.499999999999999944e-01 3.048038917649591446e+09 2.438491245226441650e+11
1.666666666666666852e-01 8.608187978011466265e+08 6.198182853728485107e+10
1.833333333333333481e-01 2.742637634868493676e+08 1.795328535233369064e+10
2.000000000000000111e-01 9.652876777611756325e+07 5.792528452983695984e+09
2.166666666666666741e-01 3.693493134289885312e+07 2.046085160078429699e+09
2.333333333333333648e-01 1.517442152812253870e+07 7.806715659707882404e+08
2.500000000000000000e-01 6.628233037875237875e+06 3.183234584458549023e+08
2.666666666666666630e-01 3.053766199566850439e+06 1.375265846380520463e+08
2.833333333333333814e-01 1.474318845899252687e+06 6.251180576164294779e+07
2.999999999999999889e-01 7.418387251790898154e+05 2.972051080932648852e+07
3.166666666666667074e-01 3.872659027951211319e+05 1.470750399500869028e+07
3.333333333333333703e-01 2.089324659416824579e+05 7.544030458293493837e+06
3.499999999999999778e-01 1.161050955538198177e+05 3.996709233015149832e+06
3.666666666666666963e-01 6.626554189148225123e+04 2.180216857598420698e+06
3.833333333333333592e-01 3.874471864644120069e+04 1.221322328074435238e+06
4.000000000000000222e-01 2.315521394071488976e+04 7.009250621014665812e+05
4.166666666666666852e-01 1.411636081070745604e+04 4.112617479831739911e+05
4.333333333333333481e-01 8.762827482843524194e+03 2.462425508063940797e+05
4.500000000000000666e-01 5.529563400887229363e+03 1.502035885764030972e+05
4.666666666666667296e-01 3.541552110139259639e+03 9.319929942970380944e+04
4.833333333333333370e-01 2.298925509116936610e+03 5.874350530042529135e+04
5.000000000000000000e-01 1.510380222115747983e+03 3.756375523580513982e+04
5.166666666666667185e-01 1.002991750881305961e+03 2.434030224766801985e+04
5.333333333333333259e-01 6.723316304795569067e+02 1.596422463535081442e+04
5.500000000000000444e-01 4.543209596069890495e+02 1.058707030874968768e+04
5.666666666666667629e-01 3.090506074993464836e+02 7.091994896157195399e+03
5.833333333333333703e-01 2.113173268219263150e+02 4.793963923541300574e+03
5.999999999999999778e-01 1.449973262612241172e+02 3.266835604622091523e+03
6.166666666666666963e-01 9.964983575203225996e+01 2.241990756157079886e+03
6.333333333333334147e-01 6.843722450597749685e+01 1.547990624142010802e+03
6.500000000000000222e-01 4.683405325776202233e+01 1.074136400631152355e+03
6.666666666666667407e-01 3.181556898594811855e+01 7.481621510667957864e+02
6.833333333333334592e-01 2.134144310606710704e+01 5.224033915593915935e+02
6.999999999999999556e-01 1.402360937608452396e+01 3.651164488905680514e+02
7.166666666666666741e-01 8.910262444886077660e+00 2.549676729618032027e+02
7.333333333333333925e-01 5.343974234454223371e+00 1.774968174792950322e+02
7.500000000000000000e-01 2.867605861465361450e+00 1.228239104471311123e+02
7.666666666666667185e-01 1.161351952741623617e+00 8.414783228827630523e+01
7.833333333333334370e-01 2.575317489047361020e-04 5.675413058447416859e+01
8.000000000000000444e-01 -7.746802625413633514e-01 3.735357637453636670e+01
8.166666666666666519e-01 -1.276318504371415585e+00 2.363752452530589565e+01
8.333333333333333703e-01 -1.585040152963671511e+00 1.397664550669215622e+01
8.500000000000000888e-01 -1.758254418004252972e+00 7.215264572637678953e+00
8.666666666666666963e-01 -1.837040001944702405e+00 2.529966955918518945e+00
8.833333333333334147e-01 -1.850817761242663062e+00 -6.682690631095473677e-01
9.000000000000001332e-01 -1.820655300494781414e+00 -2.802243438287141508e+00
9.166666666666667407e-01 -1.761615886536697317e+00 -4.176306716466056557e+00
9.333333333333334592e-01 -1.684435844204773991e+00 -5.010027614262248186e+00
9.500000000000001776e-01 -1.596727497414720753e+00 -5.462046931993147503e+00
9.666666666666666741e-01 -1.503845151808437697e+00 -5.647062889869061131e+00
9.833333333333332815e-01 -1.409510609667025127e+00 -5.647982065166638144e+00
1.000000000000000000e+00 -1.316266303534418425e+00 -5.524649509388131818e+00
1.016666666666666607e+00 -1.225804342144954040e+00 -5.320146076823268011e+00
1.033333333333333437e+00 -1.139205891521768876e+00 -5.065347388647860605e+00
1.050000000000000044e+00 -1.057115540818034161e+00 -4.782235079510914311e+00
1.066666666666666652e+00 -9.798683806300874100e-01 -4.486308738644851246e+00
1.083333333333333481e+00 -9.075825950871635461e-01 -4.188347138284730597e+00
1.100000000000000089e+00 -8.402268464213471511e-01 -3.895696925044529468e+00
1.116666666666666696e+00 -7.776692007816399244e-01 -3.613217027004896664e+00
1.133333333333333526e+00 -7.197125194624757194e-01 -3.343971467604722747e+00
1.150000000000000133e+00 -6.661199186478576895e-01 -3.089737830769490046e+00
1.166666666666666741e+00 -6.166329407484943959e-01 -2.851380334270535055e+00
1.183333333333333348e+00 -5.709843803617121738e-01 -2.629123271881614876e+00
1.199999999999999956e+00 -5.289071957870383756e-01 -2.422751025076566922e+00
1.216666666666666785e+00 -4.901405613295307662e-01 -2.231753894098355673e+00
1.233333333333333393e+00 -4.544338392600085763e-01 -2.055433926679152368e+00
1.250000000000000000e+00 -4.215490465309904566e-01 -1.892981210300967332e+00
1.266666666666666829e+00 -3.912622407922926038e-01 -1.743528368136559425e+00
1.283333333333333437e+00 -3.633641388208057599e-01 -1.606188991840248326e+00
1.300000000000000044e+00 -3.376601978935149240e-01 -1.480084262801860451e+00
1.316666666666666874e+00 -3.139703293642867599e-01 -1.364360917217583902e+00
1.333333333333333481e+00 -2.921283682256252123e-01 -1.258202897470237502e+00
1.350000000000000089e+00 -2.719813886751630272e-01 -1.160838428487194873e+00
1.366666666666666918e+00 -2.533889306562773780e-01 -1.071543808512675833e+00
1.383333333333333526e+00 -2.362221837766009525e-01 -9.896448691054573477e-01
1.399999999999999911e+00 -2.203631612751319746e-01 -9.145168096977457362e-01
1.416666666666666741e+00 -2.057038865793813232e-01 -8.455829259669618292e-01
1.433333333333333348e+00 -1.921456075529875129e-01 -7.823126124640453760e-01
1.449999999999999956e+00 -1.795980480981737570e-01 -7.242189164440443472e-01
1.466666666666666785e+00 -1.679787028356654055e-01 -6.708558427531110535e-01
1.483333333333333393e+00 -1.572121777551379052e-01 -6.218155523003082719e-01
1.500000000000000000e+00 -1.472295777258438576e-01 -5.767255541217092274e-01
1.516666666666666829e+00 -1.379679403654577030e-01 -5.352459596150150878e-01
1.533333333333333437e+00 -1.293697148248140194e-01 -4.970668444022905974e-01
1.550000000000000044e+00 -1.213822834368638304e-01 -4.619057463777552774e-01
1.566666666666666874e+00 -1.139575238098606835e-01 -4.295053162478895681e-01
1.583333333333333481e+00 -1.070514087502926759e-01 -3.996311280928776521e-01
1.600000000000000089e+00 -1.006236413302877830e-01 -3.720696512845268478e-01
1.616666666666666696e+00 -9.463732242988318055e-02 -3.466263808190767071e-01
1.633333333333333304e+00 -8.905864815909859955e-02 -3.231241202620942499e-01
1.650000000000000133e+00 -8.385663467787796144e-02 -3.014014096800237130e-01
1.666666666666666741e+00 -7.900286806883366486e-02 -2.813110898661567716e-01
1.683333333333333348e+00 -7.447127706758796539e-02 -2.627189936459919939e-01
1.700000000000000178e+00 -7.023792661067661258e-02 -2.455027549099868811e-01
1.716666666666666785e+00 -6.628083031605831732e-02 -2.295507261528333398e-01
1.733333333333333393e+00 -6.257978016255755227e-02 -2.147609956103821161e-01
1.750000000000000222e+00 -5.911619177960169419e-02 -2.010404955139944438e-01
1.766666666666666829e+00 -5.587296389586843270e-02 -1.883041934804990936e-01
1.783333333333333437e+00 -5.283435062406846572e-02 -1.764743595901838713e-01
1.800000000000000266e+00 -4.998584537866791050e-02 -1.654799022511979079e-01
1.816666666666666874e+00 -4.731407533385911107e-02 -1.552557664895001521e-01
1.833333333333333481e+00 0.000000000000000000e+00 -1.457423888275819479e-01
1.850000000000000311e+00 0.000000000000000000e+00 -1.368852034151385455e-01
1.866666666666666918e+00 0.000000000000000000e+00 -1.286341945460946212e-01
1.883333333333333526e+00 0.000000000000000000e+00 -1.209434911364778709e-01
1.900000000000000355e+00 0.000000000000000000e+00 -1.137709991456532510e-01
1.916666666666666963e+00 0.000000000000000000e+00 -1.070780682995357141e-01
1.933333333333333348e+00 0.000000000000000000e+00 -1.008291898194655228e-01
1.949999999999999956e+00 0.000000000000000000e+00 -9.499172217582395328e-02
1.966666666666666563e+00 0.000000000000000000e+00 -8.953564217284475102e-02
1.983333333333333393e+00 0.000000000000000000e+00 -8.443331893226077578e-02
2.000000000000000000e+00 0.000000000000000000e+00 -7.965930858031691764e-02
