0.000000000000000000e+00 2.498977894306803089e+21 1.799373915755094231e+24
1.666666666666666644e-02 1.249641491279863349e+21 8.997418737632363372e+23
3.333333333333333287e-02 3.050882529238990080e+17 1.098317713786560020e+20
5.000000000000000278e-02 2.351420772734921500e+15 5.643410045394646400e+17
6.666666666666666574e-02 7.448440888807831250e+13 1.340719614713825200e+16
8.333333333333334259e-02 5.118524129254299805e+12 7.370680088168255000e+14
1.000000000000000056e-01 5.740748911416209717e+11 6.888913602358442188e+13
1.166666666666666824e-01 9.028263298289428711e+10 9.286264355258794922e+12
1.333333333333333315e-01 1.818423481180864716e+10 1.636601033720256836e+12
1.499999999999999944e-01 4.424395185972297668e+09 3.539603405675452881e+11
1.666666666666666852e-01 1.249525561663479328e+09 8.997001391013378906e+10
1.833333333333333481e-01 3.981088509366223812e+08 2.606017552968612671e+10
2.000000000000000111e-01 1.401167847222207189e+08 8.408171822316908836e+09
2.166666666666666741e-01 5.361307223979616910e+07 2.970004496186191559e+09
2.333333333333333648e-01 2.202650235242910311e+07 1.133187463758501053e+09
2.500000000000000000e-01 9.621242491953670979e+06 4.620639030826838017e+08
2.666666666666666630e-01 4.432708469565035775e+06 1.996273550169793963e+08
2.833333333333333814e-01 2.140054309309208766e+06 9.073930222271715105e+07
2.999999999999999889e-01 1.076819390770978760e+06 4.314094508210089803e+07
3.166666666666667074e-01 5.621375721489978023e+05 2.134874517785527557e+07
3.333333333333333703e-01 3.032768526679013739e+05 1.095057193325764127e+07
3.499999999999999778e-01 1.685328599709097471e+05 5.801441418068787083e+06
3.666666666666666963e-01 9.618803083624204737e+04 3.164703560449800454e+06
3.833333333333333592e-01 5.624005714697060466e+04 1.772815827051692642e+06
4.000000000000000222e-01 3.361104317786110187e+04 1.017430818645735038e+06
4.166666666666666852e-01 2.049065704015296433e+04 5.969687365996176377e+05
4.333333333333333481e-01 1.271971328870311663e+04 3.574343906915183179e+05
4.500000000000000666e-01 8.026455678641530540e+03 2.180286167992122355e+05
4.666666666666667296e-01 5.140750134318443088e+03 1.352837974662139022e+05
4.833333333333333370e-01 3.337010885530863106e+03 8.526934589145945210e+04
5.000000000000000000e-01 2.192395235857221451e+03 5.452579401141405833e+04
5.166666666666667185e-01 1.455893881026629742e+03 3.533123927344041294e+04
5.333333333333333259e-01 9.759232390667134496e+02 2.317291261769462653e+04
5.500000000000000444e-01 6.594693147220071978e+02 1.536768533443789966e+04
5.666666666666667629e-01 4.486018480678566220e+02 1.029439717027957886e+04
5.833333333333333703e-01 3.067369670304217379e+02 6.958683440962154236e+03
5.999999999999999778e-01 2.104701218985561866e+02 4.741976275953496042e+03
6.166666666666666963e-01 1.446459756604354254e+02 3.254360418782128363e+03
6.333333333333334147e-01 9.933934242038712625e+01 2.246983277427381836e+03
6.500000000000000222e-01 6.798130675617429119e+01 1.559159581352314717e+03
6.666666666666667407e-01 4.618127988811659179e+01 1.085991453714169438e+03
6.833333333333334592e-01 3.097761777856413445e+01 7.582913507976139726e+02
6.999999999999999556e-01 2.035546994696042944e+01 5.299816426880288418e+02
7.166666666666666741e-01 1.293324174816199701e+01 3.700954069937840245e+02
7.333333333333333925e-01 7.756642693117257181e+00 2.576428349077340272e+02
7.500000000000000000e-01 4.162112573968975937e+00 1.782826301307445647e+02
7.666666666666667185e-01 1.685437935107503726e+00 1.221426142730534963e+02
7.833333333333334370e-01 8.558075142326099314e-05 8.237951673021892418e+01
8.000000000000000444e-01 -1.124744805597435615e+00 5.421885377464745659e+01
8.166666666666666519e-01 -1.852870587235734723e+00 3.430951043187658200e+01
8.333333333333333703e-01 -2.300971319311662988e+00 2.028643365200765203e+01
8.500000000000000888e-01 -2.552379021699062722e+00 1.047210475408496499e+01
8.666666666666666963e-01 -2.666721186795065091e+00 3.671297423592533971e+00
8.833333333333334147e-01 -2.686703385432883451e+00 -9.709812624785623125e-01
9.000000000000001332e-01 -2.642906051954014401e+00 -4.068444999193120637e+00
9.166666666666667407e-01 -2.557194050127331142e+00 -6.062872302134678648e+00
9.333333333333334592e-01 -2.445151495606906700e+00 -7.272976722336993660e+00
9.500000000000001776e-01 -2.317827883172271619e+00 -7.929032015678949108e+00
9.666666666666666741e-01 -2.182995101742449151e+00 -8.197527213951929070e+00
9.833333333333332815e-01 -2.046055398422912841e+00 -8.198804315525300979e+00
1.000000000000000000e+00 -1.910699122572439901e+00 -8.019730479925925692e+00
1.016666666666666607e+00 -1.779382350514027378e+00 -7.722838905688487188e+00
1.033333333333333437e+00 -1.653674357429764541e+00 -7.352946384295328208e+00
1.050000000000000044e+00 -1.534510716534109642e+00 -6.941959729678376156e+00
1.066666666666666652e+00 -1.422377758207352683e+00 -6.512376821289149298e+00
1.083333333333333481e+00 -1.317446970813311857e+00 -6.079843105873596443e+00
1.100000000000000089e+00 -1.219672811690423408e+00 -5.655022188941547512e+00
1.116666666666666696e+00 -1.128863724470068775e+00 -5.244966681251501228e+00
1.133333333333333526e+00 -1.044733510387133579e+00 -4.854123846045547808e+00
1.150000000000000133e+00 -9.669382836504628598e-01 -4.485073655639832957e+00
1.166666666666666741e+00 -8.951028474193457596e-01 -4.139070320828497351e+00
1.183333333333333348e+00 -8.288393107792426662e-01 -3.816439201278506221e+00
1.199999999999999956e+00 -7.677600237769517388e-01 -3.516867128532227493e+00
1.216666666666666785e+00 -7.114863622280792610e-01 -3.239614083639530850e+00
1.233333333333333393e+00 -6.596544928561974830e-01 -2.983666809837060896e+00
1.250000000000000000e+00 -6.119189535412400405e-01 -2.747849551978420291e+00
1.266666666666666829e+00 -5.679546649177067419e-01 -2.530903157863103381e+00
1.283333333333333437e+00 -5.274578278186742297e-01 -2.331540863400600738e+00
1.300000000000000044e+00 -4.901460411854029475e-01 -2.148486932998517229e+00
1.316666666666666874e+00 -4.557578861286214478e-01 -1.980502735293270478e+00
1.333333333333333481e+00 -4.240521558125930346e-01 -1.826403654437782187e+00
1.350000000000000089e+00 -3.948068618271463048e-01 -1.685069360683550732e+00
1.366666666666666918e+00 -3.678181113513761535e-01 -1.555449311916045740e+00
1.383333333333333526e+00 -3.428989224641616484e-01 -1.436564872079658217e+00
1.399999999999999911e+00 -3.198780250227141186e-01 -1.327509070305239236e+00
1.416666666666666741e+00 -2.985986798275018228e-01 -1.227444754445452091e+00
1.433333333333333348e+00 -2.789175379911258967e-01 -1.135601691238191213e+00
1.449999999999999956e+00 -2.607035545382139774e-01 -1.051273015087828000e+00
1.466666666666666785e+00 -2.438369645419092846e-01 -9.738113155531440412e-01
1.483333333333333393e+00 -2.282083259954460763e-01 -9.026245704209938658e-01
1.500000000000000000e+00 -2.137176307093636152e-01 -8.371720695245890020e-01
1.516666666666666829e+00 -2.002734825050240253e-01 -7.769604288451319452e-01
1.533333333333333437e+00 -1.877923406102118831e-01 -7.215397608755949044e-01
1.550000000000000044e+00 -1.761978252781672694e-01 -6.705000426939945468e-01
1.566666666666666874e+00 -1.654200821168506363e-01 -6.234677054131002594e-01
1.583333333333333481e+00 -1.553952013329769899e-01 -5.801024559319822860e-01
1.600000000000000089e+00 -1.460646879926545405e-01 -5.400943329245263547e-01
1.616666666666666696e+00 -1.373749794232471400e-01 -5.031609927925430048e-01
1.633333333333333304e+00 -1.292770059893261769e-01 -4.690452171582378815e-01
1.650000000000000133e+00 -1.217257916398212375e-01 -4.375126308254528307e-01
1.666666666666666741e+00 -1.146800908221797394e-01 -4.083496175908221670e-01
1.683333333333333348e+00 -1.081020585769010695e-01 -3.813614205273364033e-01
1.700000000000000178e+00 -1.019569508510716344e-01 -3.563704131641730610e-01
1.716666666666666785e+00 -9.621285229465045830e-02 -3.332145281771572987e-01
1.733333333333333393e+00 -9.084042902286754151e-02 -3.117458306572231663e-01
1.750000000000000222e+00 -8.581270403863641705e-02 -2.918292236465829803e-01
1.766666666666666829e+00 -8.110485320812683974e-02 -2.733412743558626401e-01
1.783333333333333437e+00 -7.669401986933774285e-02 -2.561691502510471952e-01
1.800000000000000266e+00 -7.255914632709591083e-02 -2.402096549916258039e-01
1.816666666666666874e+00 -6.868082064831716738e-02 -2.253683549863340629e-01
1.833333333333333481e+00 0.000000000000000000e+00 -2.115587880936977416e-01
1.850000000000000311e+00 0.000000000000000000e+00 -1.987017467203293641e-01
1.866666666666666918e+00 0.000000000000000000e+00 -1.867246282539918034e-01
1.883333333333333526e+00 0.000000000000000000e+00 -1.755608464072909991e-01
1.900000000000000355e+00 0.000000000000000000e+00 -1.651492976401555957e-01
1.916666666666666963e+00 0.000000000000000000e+00 -1.554338773752252101e-01
1.933333333333333348e+00 0.000000000000000000e+00 -1.463630412211794907e-01
1.949999999999999956e+00 0.000000000000000000e+00 -1.378894068768688752e-01
1.966666666666666563e+00 0.000000000000000000e+00 -1.299693928062759796e-01
1.983333333333333393e+00 0.000000000000000000e+00 -1.225628901534726312e-01
2.000000000000000000e+00 0.000000000000000000e+00 -1.156329647106149466e-01
