0.000000000000000000e+00 1.277329716464561422e+21 9.197335354031746780e+23
1.666666666666666644e-02 6.387428297686620570e+20 4.598948374547678961e+23
3.333333333333333287e-02 1.559430727626168320e+17 5.613950636119311155e+19
5.000000000000000278e-02 1.201907242068198750e+15 2.884577478500638720e+17
6.666666666666666574e-02 3.807202500848422656e+13 6.852965803488443000e+15
8.333333333333334259e-02 2.616286838738048340e+12 3.767455778193496875e+14
1.000000000000000056e-01 2.934331351019723511e+11 3.521205241298846094e+13
1.166666666666666824e-01 4.614714292198754883e+10 4.746589173882200195e+12
1.333333333333333315e-01 9.294705477438110352e+09 8.365336645419492188e+11
1.499999999999999944e-01 2.261489176868949890e+09 1.809235940014723816e+11
1.666666666666666852e-01 6.386835761233266592e+08 4.598735061424471283e+10
1.833333333333333481e-01 2.034897030031965971e+08 1.332042064945830536e+10
2.000000000000000111e-01 7.161941511538009346e+07 4.297760225296133995e+09
2.166666666666666741e-01 2.740383255348556489e+07 1.518090675645531416e+09
2.333333333333333648e-01 1.125864577312560193e+07 5.792184269754459858e+08
2.500000000000000000e-01 4.917810425115571357e+06 2.361797477172738910e+08
2.666666666666666630e-01 2.265738592751728836e+06 1.020377020841348618e+08
2.833333333333333814e-01 1.093869318265595706e+06 4.638056759329025447e+07
2.999999999999999889e-01 5.504064721771567129e+05 2.205110148049557582e+07
3.166666666666667074e-01 2.873315413069814094e+05 1.091221712018113770e+07
3.333333333333333703e-01 1.550172345542542171e+05 5.597285548368782736e+06
3.499999999999999778e-01 8.614406311860277492e+04 2.965354314067809843e+06
3.666666666666666963e-01 4.916565703093874617e+04 1.617609700089129386e+06
3.833333333333333592e-01 2.874660968736827999e+04 9.061588984981587855e+05
4.000000000000000222e-01 1.717999182895229023e+04 5.200506796602036920e+05
4.166666666666666852e-01 1.047362325047801278e+04 3.051352753193116514e+05
4.333333333333333481e-01 6.501574023213478540e+03 1.826994446346038603e+05
4.500000000000000666e-01 4.102656496699784839e+03 1.114434288266677904e+05
4.666666666666667296e-01 2.627653099880062200e+03 6.914914946890843567e+04
4.833333333333333370e-01 1.705687193212393368e+03 4.358470375085854175e+04
5.000000000000000000e-01 1.120626521443773981e+03 2.787040613751329511e+04
5.166666666666667185e-01 7.441699175795089332e+02 1.805927569329290418e+04
5.333333333333333259e-01 4.988367782939233166e+02 1.184465102963732170e+04
5.500000000000000444e-01 3.370838195613921471e+02 7.855074903405271471e+03
5.666666666666667629e-01 2.293004955303092629e+02 5.261905684164556078e+03
5.833333333333333703e-01 1.567872769075111421e+02 3.556882668948813716e+03
5.999999999999999778e-01 1.075811286469351131e+02 2.423830333948897078e+03
6.166666666666666963e-01 7.393552842270133851e+01 1.663446901758463810e+03
6.333333333333334147e-01 5.077730014266413150e+01 1.148533525077708191e+03
6.500000000000000222e-01 3.474879643239209059e+01 7.969573055375367403e+02
6.666666666666667407e-01 2.360580300281880284e+01 5.551005822978554534e+02
6.833333333333334592e-01 1.583449863514129596e+01 3.875987207611942154e+02
6.999999999999999556e-01 1.040500777913810282e+01 2.708995195285347677e+02
7.166666666666666741e-01 6.611138437778438792e+00 1.891744863602854991e+02
7.333333333333333925e-01 3.965111715349495025e+00 1.316948464233878155e+02
7.500000000000000000e-01 2.127753227069898667e+00 9.113015667492356897e+01
7.666666666666667185e-01 8.617831642288774630e-01 6.243432702451175942e+01
7.833333333333334370e-01 2.959685355390623924e-04 4.210946917441329163e+01
8.000000000000000444e-01 -5.746807363074296626e-01 2.771513889003794162e+01
8.166666666666666519e-01 -9.468814445087763154e-01 1.753843588444310697e+01
8.333333333333333703e-01 -1.175946462715105278e+00 1.037047801147227588e+01
8.500000000000000888e-01 -1.304470705799751773e+00 5.353811308675579639e+00
8.666666666666666963e-01 -1.362932651205033263e+00 1.877502169010826227e+00
8.833333333333334147e-01 -1.373161221235078999e+00 -4.954750059185134559e-01
9.000000000000001332e-01 -1.350787628206221891e+00 -2.078817480195934930e+00
9.166666666666667407e-01 -1.306988152855494301e+00 -3.098338885570512513e+00
9.333333333333334592e-01 -1.249728689668819559e+00 -3.716948885085798793e+00
9.500000000000001776e-01 -1.184657270450758304e+00 -4.052351591922864316e+00
9.666666666666666741e-01 -1.115746581453395780e+00 -4.189647847898213762e+00
9.833333333333332815e-01 -1.045758065330101294e+00 -4.190350619686407541e+00
1.000000000000000000e+00 -9.765781246546626493e-01 -4.098862317240962838e+00
1.016666666666666607e+00 -9.094622584461250492e-01 -3.947147104083886582e+00
1.033333333333333437e+00 -8.452126717569338199e-01 -3.758113427350237679e+00
1.050000000000000044e+00 -7.843076470867565986e-01 -3.548070803076167401e+00
1.066666666666666652e+00 -7.269958307228392425e-01 -3.328519361069060434e+00
1.083333333333333481e+00 -6.733649319464831695e-01 -3.107456592831205011e+00
1.100000000000000089e+00 -6.233917194503543202e-01 -2.890333500023827273e+00
1.116666666666666696e+00 -5.769783222214424079e-01 -2.680755300670035535e+00
1.133333333333333526e+00 -5.339784883861893316e-01 -2.480995465317870075e+00
1.150000000000000133e+00 -4.942164753459853399e-01 -2.292372975231204091e+00
1.166666666666666741e+00 -4.575005322406190955e-01 -2.115529126305185414e+00
1.183333333333333348e+00 -4.236324163760808448e-01 -1.950630411307274326e+00
1.199999999999999956e+00 -3.924140053020732100e-01 -1.797516920128585660e+00
1.216666666666666785e+00 -3.636517874726968858e-01 -1.655810540494388583e+00
1.233333333333333393e+00 -3.371598093757283698e-01 -1.524993478740574782e+00
1.250000000000000000e+00 -3.127615058279998306e-01 -1.404464865850520772e+00
1.266666666666666829e+00 -2.902907284297889801e-01 -1.293581191572766187e+00
1.283333333333333437e+00 -2.695922044956912123e-01 -1.191684820365025876e+00
1.300000000000000044e+00 -2.505215975048563637e-01 -1.098123743666298058e+00
1.316666666666666874e+00 -2.329452946550123194e-01 -1.012264909626588327e+00
1.333333333333333481e+00 -2.167400133610839497e-01 -9.335028683191542997e-01
1.350000000000000089e+00 -2.017922934897296849e-01 -8.612650224509095231e-01
1.366666666666666918e+00 -1.879979235348204492e-01 -7.950144402776853081e-01
1.383333333333333526e+00 -1.752613351639882300e-01 -7.342509391542142438e-01
1.399999999999999911e+00 -1.634949903769999102e-01 -6.785109630493170174e-01
1.416666666666666741e+00 -1.526187780012022988e-01 -6.273666392908066047e-01
1.433333333333333348e+00 -1.425594307283414852e-01 -5.804242968150753468e-01
1.449999999999999956e+00 -1.332499698637018837e-01 -5.373226514054140202e-01
1.466666666666666785e+00 -1.246291820338624873e-01 -4.977308062043596659e-01
1.483333333333333393e+00 -1.166411299999278034e-01 -4.613461732520550140e-01
1.500000000000000000e+00 -1.092346982366078911e-01 -4.278923902537600243e-01
1.516666666666666829e+00 -1.023631729049747918e-01 -3.971172834603629020e-01
1.533333333333333437e+00 -9.598385514898738480e-02 -3.687909103910645969e-01
1.550000000000000044e+00 -9.005770619373842933e-02 -3.427037035877053550e-01
1.566666666666666874e+00 -8.454902245008201478e-02 -3.186647275013201330e-01
1.583333333333333481e+00 -7.942513868597260440e-02 -2.965000540983029342e-01
1.600000000000000089e+00 -7.465615727230529020e-02 -2.760512581778412078e-01
1.616666666666666696e+00 -7.021470152265260611e-02 -2.571740302190214655e-01
1.633333333333333304e+00 -6.607569120159040299e-02 -2.397369024530060511e-01
1.650000000000000133e+00 -6.221613836022605454e-02 -2.236200825032738093e-01
1.666666666666666741e+00 -5.861496175908222084e-02 -2.087143881453155103e-01
1.683333333333333348e+00 -5.525281824966864902e-02 -1.949202763492070278e-01
1.700000000000000178e+00 -5.211194960119581304e-02 -1.821469596667933399e-01
1.716666666666666785e+00 -4.917604337393741837e-02 -1.703116031224494176e-01
1.733333333333333393e+00 -4.643010655298773770e-02 -1.593385949978196880e-01
1.750000000000000222e+00 -4.386035076376232356e-02 -1.491588852189308922e-01
1.766666666666666829e+00 -4.145408799242207565e-02 -1.397093854238256605e-01
1.783333333333333437e+00 -3.919963582981819683e-02 -1.309324251852179433e-01
1.800000000000000266e+00 -3.708623134627406226e-02 -1.227752592677097132e-01
1.816666666666666874e+00 -3.510395278650535467e-02 -1.151896212002990055e-01
1.833333333333333481e+00 0.000000000000000000e+00 -1.081313188337396924e-01
1.850000000000000311e+00 0.000000000000000000e+00 -1.015598679232294910e-01
1.866666666666666918e+00 0.000000000000000000e+00 -9.543816012651661074e-02
1.883333333333333526e+00 0.000000000000000000e+00 -8.973216213402462893e-02
1.900000000000000355e+00 0.000000000000000000e+00 -8.441064295031305842e-02
1.916666666666666963e+00 0.000000000000000000e+00 -7.944492662523060245e-02
1.933333333333333348e+00 0.000000000000000000e+00 -7.480866798913161919e-02
1.949999999999999956e+00 0.000000000000000000e+00 -7.047764918052330796e-02
1.966666666666666563e+00 0.000000000000000000e+00 -6.642959496772481154e-02
1.983333333333333393e+00 0.000000000000000000e+00 -6.264400505989753398e-02
2.000000000000000000e+00 0.000000000000000000e+00 -5.910200177856265308e-02
