0.000000000000000000e+00 5.729702016831817646e+20 4.125637276727394823e+23
1.666666666666666644e-02 2.865200764365104415e+20 2.062944550506045395e+23
3.333333333333333287e-02 6.995118983911924800e+16 2.518242846955962368e+19
5.000000000000000278e-02 5.391380105032842500e+14 1.293931299817014080e+17
6.666666666666666574e-02 1.707791631403206055e+13 3.074025932437465500e+15
8.333333333333334259e-02 1.173583332466538574e+12 1.689962087330017812e+14
1.000000000000000056e-01 1.316245345517198792e+11 1.579500243459090039e+13
1.166666666666666824e-01 2.070000715067789459e+10 2.129163405835133057e+12
1.333333333333333315e-01 4.169242962852945805e+09 3.752396472168811035e+11
1.499999999999999944e-01 1.014398113110881209e+09 8.115526053182354736e+10
1.666666666666666852e-01 2.864747514340342283e+08 2.062781380497130585e+10
1.833333333333333481e-01 9.126854145197905600e+07 5.974778216023209572e+09
2.000000000000000111e-01 3.211995404003321007e+07 1.927652620406038761e+09
2.166666666666666741e-01 1.228861941348660365e+07 6.808604981162271500e+08
2.333333333333333648e-01 5.047787106458635069e+06 2.597552703386846483e+08
2.500000000000000000e-01 2.204330391970865428e+06 1.059033585037957132e+08
2.666666666666666630e-01 1.015222211594367633e+06 4.574578514765287936e+07
2.833333333333333814e-01 4.898989804615835310e+05 2.078842745790042356e+07
2.999999999999999889e-01 2.463440008446887368e+05 9.880412244358165190e+06
3.166666666666667074e-01 1.284894965586966428e+05 4.887329975090157241e+06
3.333333333333333703e-01 6.924298667543016199e+04 2.505495190009558573e+06
3.499999999999999778e-01 3.842296770965376345e+04 1.326418423756657867e+06
3.666666666666666963e-01 2.188884242105984958e+04 7.229036857903593918e+05
3.833333333333333592e-01 1.276820160001387740e+04 4.044925452111413470e+05
4.000000000000000222e-01 7.608315486214800330e+03 2.318071052430562850e+05
4.166666666666666852e-01 4.621357815678776205e+03 1.357684851909751305e+05
4.333333333333333481e-01 2.855720775972100000e+03 8.111304757054908259e+04
4.500000000000000666e-01 1.791937624996140812e+03 4.934489494413063949e+04
4.666666666666667296e-01 1.139782761344991968e+03 3.051800096771543758e+04
4.833333333333333370e-01 7.336032674291647027e+02 1.915951918754440703e+04
5.000000000000000000e-01 4.769637958584289095e+02 1.219322242243187793e+04
5.166666666666667185e-01 3.126895605403323657e+02 7.855541252791042098e+03
5.333333333333333259e-01 2.063043112931210601e+02 5.116734706488481606e+03
5.500000000000000444e-01 1.366902465716899542e+02 3.365195471211565746e+03
5.666666666666667629e-01 9.072237093929521734e+01 2.231841776125806064e+03
5.833333333333333703e-01 6.013238812709600012e+01 1.490618010107311420e+03
5.999999999999999778e-01 3.964588319024650076e+01 1.001138058887864304e+03
6.166666666666666963e-01 2.585897697540972473e+01 6.750830431406066054e+02
6.333333333333334147e-01 1.655124408684034520e+01 4.562143634757497921e+02
6.500000000000000222e-01 1.025984378123124507e+01 3.083143260698524273e+02
6.666666666666667407e-01 6.012241881390596454e+00 2.078115233499733279e+02
6.833333333333334592e-01 3.156487482653441035e+00 1.392135883043603428e+02
6.999999999999999556e-01 1.252244096755551706e+00 9.224462645744006295e+01
7.166666666666666741e-01 9.995381401359562082e-05 6.003073913845879872e+01
7.333333333333333925e-01 -8.047370161822141599e-01 3.793759322412505952e+01
7.500000000000000000e-01 -1.303048717705511450e+00 2.281820231560837442e+01
7.666666666666667185e-01 -1.592014470967223483e+00 1.252152208698745817e+01
7.833333333333334370e-01 -1.738925850309483767e+00 5.568543249756368496e+00
8.000000000000000444e-01 -1.790472478407457713e+00 9.369804536718870924e-01
8.166666666666666519e-01 -1.779072642329151410e+00 -2.082994123562842415e+00
8.333333333333333703e-01 -1.727216826003824313e+00 -3.986140267686426597e+00
8.500000000000000888e-01 -1.650465366103295528e+00 -5.118357389743310115e+00
8.666666666666666963e-01 -1.559528295298257428e+00 -5.721990899332737968e+00
8.833333333333334147e-01 -1.461715288923737255e+00 -5.967026391892177983e+00
9.000000000000001332e-01 -1.361950741334819748e+00 -5.972690007639589460e+00
9.166666666666667407e-01 -1.263486962019779503e+00 -5.822484354716531918e+00
9.333333333333334592e-01 -1.168406750730392796e+00 -5.574705397884576641e+00
9.500000000000001776e-01 -1.077978346083276362e+00 -5.269830573984300770e+00
9.666666666666666741e-01 -9.929064729697117953e-01 -4.935729090693737220e+00
9.833333333333332815e-01 -9.135099963682462576e-01 -4.591348783545100787e+00
1.000000000000000000e+00 -8.398475692741426135e-01 -4.249332379496084222e+00
1.016666666666666607e+00 -7.718063351883176493e-01 -3.917878231425261593e+00
1.033333333333333437e+00 -7.091643329514647487e-01 -3.602065830373098798e+00
1.050000000000000044e+00 -6.516341592648393632e-01 -3.304800870421015446e+00
1.066666666666666652e+00 -5.988932671164856059e-01 -3.027489080113133113e+00
1.083333333333333481e+00 -5.506047391028177085e-01 -2.770516198702650534e+00
1.100000000000000089e+00 -5.064312821392004116e-01 -2.533589124670802217e+00
1.116666666666666696e+00 -4.660444118621031029e-01 -2.315977501840263297e+00
1.133333333333333526e+00 -4.291302389301892006e-01 -2.116683846029012273e+00
1.150000000000000133e+00 -3.953928709138235242e-01 -1.934562379256615117e+00
1.166666666666666741e+00 -3.645561571694557745e-01 -1.768401075920030818e+00
1.183333333333333348e+00 -3.363642980072921729e-01 -1.616977371372796179e+00
1.199999999999999956e+00 -3.105816908770114848e-01 -1.479095072184691384e+00
1.216666666666666785e+00 -2.869922790605616281e-01 -1.353607911181160528e+00
1.233333333333333393e+00 -2.653985909322248982e-01 -1.239433677417541624e+00
1.250000000000000000e+00 -2.456206019520295325e-01 -1.135561757053893173e+00
1.266666666666666829e+00 -2.274945112512238021e-01 -1.041056128475112530e+00
1.283333333333333437e+00 -2.108714956588682854e-01 -9.550552801522352864e-01
1.300000000000000044e+00 -1.956164832056579428e-01 -8.767701025398574322e-01
1.316666666666666874e+00 -1.816069732776758872e-01 -8.054805024733660002e-01
1.333333333333333481e+00 -1.687319200471698311e-01 -7.405312688234144680e-01
1.350000000000000089e+00 -1.568906883927964624e-01 -6.813275589646721198e-01
1.366666666666666918e+00 -1.459920863737300956e-01 -6.273302605055612879e-01
1.383333333333333526e+00 -1.359534748105074020e-01 -5.780513997649286972e-01
1.399999999999999911e+00 -1.266999521909739357e-01 -5.330497089679303580e-01
1.416666666666666741e+00 -1.181636116271414377e-01 -4.919264217135509432e-01
1.433333333333333348e+00 -1.102828656939752738e-01 -4.543213362955562662e-01
1.449999999999999956e+00 -1.030018345064122737e-01 -4.199091655383144217e-01
1.466666666666666785e+00 -9.626979220725197239e-02 -3.883961774498356223e-01
1.483333333333333393e+00 -9.004066705257680880e-02 -3.595171213735043891e-01
1.500000000000000000e+00 -8.427259042578512382e-02 -3.330324281024016342e-01
1.516666666666666829e+00 -7.892749033799714709e-02 -3.087256686292031982e-01
1.533333333333333437e+00 -7.397072524733554200e-02 -2.864012541269356782e-01
1.550000000000000044e+00 -6.937075432839483191e-02 -2.658823588714077646e-01
1.566666666666666874e+00 -6.509884062952894790e-02 -2.470090477472267620e-01
1.583333333333333481e+00 -6.112878385820855881e-02 -2.296365904528342439e-01
1.600000000000000089e+00 -5.743667982631616570e-02 -2.136339453396856325e-01
1.616666666666666696e+00 -5.400070386332162659e-02 -1.988823968466538472e-01
1.633333333333333304e+00 -5.080091576324483049e-02 -1.852743316243481986e-01
1.650000000000000133e+00 -4.781908406997740363e-02 -1.727121396168108391e-01
1.666666666666666741e+00 -4.503852772466539894e-02 -1.611072275334607951e-01
1.683333333333333348e+00 -4.244397329884318920e-02 -1.503791332714923823e-01
1.700000000000000178e+00 -4.002142621866686817e-02 -1.404547309189193294e-01
1.716666666666666785e+00 -3.775805454997917948e-02 -1.312675169699305533e-01
1.733333333333333393e+00 -3.564208406224384645e-02 -1.227569693117117611e-01
1.750000000000000222e+00 -3.366270342286299677e-02 -1.148679713938930563e-01
1.766666666666666829e+00 -3.180997849328971033e-02 -1.075502947694552403e-01
1.783333333333333437e+00 -3.007477480588566579e-02 -1.007581339021631217e-01
1.800000000000000266e+00 -2.844868739680858974e-02 -9.444968777436447971e-02
1.816666666666666874e+00 -2.692397725643408055e-02 -8.858678340486195180e-02
1.833333333333333481e+00 0.000000000000000000e+00 -8.313453690437193344e-02
1.850000000000000311e+00 0.000000000000000000e+00 -7.806104816070137675e-02
1.866666666666666918e+00 0.000000000000000000e+00 -7.333712566195975391e-02
1.883333333333333526e+00 0.000000000000000000e+00 -6.893603833843028883e-02
1.900000000000000355e+00 0.000000000000000000e+00 -6.483329163642082005e-02
1.916666666666666963e+00 0.000000000000000000e+00 -6.100642533447661608e-02
1.933333333333333348e+00 0.000000000000000000e+00 -5.743483087741498017e-02
1.949999999999999956e+00 0.000000000000000000e+00 -5.409958624007484007e-02
1.966666666666666563e+00 0.000000000000000000e+00 -5.098330654349773894e-02
1.983333333333333393e+00 0.000000000000000000e+00 -4.807000883420573661e-02
2.000000000000000000e+00 0.000000000000000000e+00 -4.534498960479670104e-02
