0.000000000000000000e+00 3.867477168393284485e+20 2.784753539702939462e+23
1.666666666666666644e-02 1.933974665086023762e+20 1.392461758972077183e+23
3.333333333333333287e-02 4.721617787625663200e+16 1.699782412149949235e+19
5.000000000000000278e-02 3.639114111176726250e+14 8.733874370437750400e+16
6.666666666666666574e-02 1.152737982416243945e+13 2.074929040592258500e+15
8.333333333333334259e-02 7.921540648948370361e+11 1.140703263244358750e+14
1.000000000000000056e-01 8.884491385405847168e+10 1.066142900730024414e+13
1.166666666666666824e-01 1.397224581177281570e+10 1.437158657454806396e+12
1.333333333333333315e-01 2.814186829601700783e+09 2.532820665627453308e+11
1.499999999999999944e-01 6.847060323887405396e+08 5.477878535108717346e+10
1.666666666666666852e-01 1.933668720124281943e+08 1.392351618785849953e+10
1.833333333333333481e-01 6.160512309373246878e+07 4.032900523643830299e+09
2.000000000000000111e-01 2.168056684574355930e+07 1.301141392097982645e+09
2.166666666666666741e-01 8.294664200345242396e+06 4.595723130136086941e+08
2.333333333333333648e-01 3.407193045168295503e+06 1.753315549426058829e+08
2.500000000000000000e-01 1.487895372588176746e+06 7.148344042623060942e+07
2.666666666666666630e-01 6.852622489190509077e+05 3.087783165910989791e+07
2.833333333333333814e-01 3.306756534977911506e+05 1.403192781622435339e+07
2.999999999999999889e-01 1.662790979999390256e+05 6.669154232403267175e+06
3.166666666666667074e-01 8.672878785571952176e+04 3.298886303872168064e+06
3.333333333333333703e-01 4.673813887353606697e+04 1.691177710100978846e+06
3.499999999999999778e-01 2.593501443027412097e+04 8.953157019649981521e+05
3.666666666666666963e-01 1.477468869376194016e+04 4.879508434682622901e+05
3.833333333333333592e-01 8.618371679439029322e+03 2.730273342001959682e+05
4.000000000000000222e-01 5.135514161051731207e+03 1.564668416547500819e+05
4.166666666666666852e-01 3.119355888336520820e+03 9.164198819977055246e+04
4.333333333333333481e-01 1.927573568819801949e+03 5.475026140598287748e+04
4.500000000000000666e-01 1.209533702910402553e+03 3.330716302773891948e+04
4.666666666666667296e-01 7.693376774875353021e+02 2.059925047652689318e+04
4.833333333333333370e-01 4.951718719466487642e+02 1.293242138803198213e+04
5.000000000000000000e-01 3.219436523054425265e+02 8.230261264690991084e+03
5.166666666666667185e-01 2.110607671648005805e+02 5.302383068545458627e+03
5.333333333333333259e-01 1.392521892606776817e+02 3.453724709557532606e+03
5.500000000000000444e-01 9.226367442877042890e+01 2.271459035995187151e+03
5.666666666666667629e-01 6.123602074023968811e+01 1.506460566688713698e+03
5.833333333333333703e-01 4.058823605628997200e+01 1.006144663502882054e+03
5.999999999999999778e-01 2.676015964891731613e+01 6.757525086479239462e+02
6.166666666666666963e-01 1.745421828020322152e+01 4.556700032896653170e+02
6.333333333333334147e-01 1.117165461460410292e+01 3.079368265189580711e+02
6.500000000000000222e-01 6.925071040045729376e+00 2.081065110561799258e+02
6.666666666666667407e-01 4.058020406653727541e+00 1.402686693016474351e+02
6.833333333333334592e-01 2.130445004038235890e+00 9.396616096394748752e+01
6.999999999999999556e-01 8.451240047473117523e-01 6.226289643093421944e+01
7.166666666666666741e-01 -4.115347684576147554e-05 4.051908839754490543e+01
7.333333333333333925e-01 -5.432820422469899491e-01 2.560662652217102675e+01
7.500000000000000000e-01 -8.796242694015304897e-01 1.540133953508410691e+01
7.666666666666667185e-01 -1.074662321052762604e+00 8.451303551051372764e+00
7.833333333333334370e-01 -1.173816890356489395e+00 3.758209104300223036e+00
8.000000000000000444e-01 -1.208602660249169292e+00 6.320290274981870127e-01
8.166666666666666519e-01 -1.200901380507586991e+00 -1.406359433945061799e+00
8.333333333333333703e-01 -1.165893690248565928e+00 -2.690911204588909644e+00
8.500000000000000888e-01 -1.114082492125684443e+00 -3.455102640268238545e+00
8.666666666666666963e-01 -1.052696815700020938e+00 -3.862512698966142910e+00
8.833333333333334147e-01 -9.866705094439316426e-01 -4.027878576458424398e+00
9.000000000000001332e-01 -9.193274014759056367e-01 -4.031675638468899869e+00
9.166666666666667407e-01 -8.528626955017837297e-01 -3.930266449026179387e+00
9.333333333333334592e-01 -7.886822006994175238e-01 -3.762999513532769846e+00
9.500000000000001776e-01 -7.276419159199731812e-01 -3.557196144079282973e+00
9.666666666666666741e-01 -6.702174821869909538e-01 -3.331667329697245883e+00
9.833333333333332815e-01 -6.166240956787963912e-01 -3.099202305630896603e+00
1.000000000000000000e+00 -5.669013175870356580e-01 -2.868334487916539555e+00
1.016666666666666607e+00 -5.209729464245883568e-01 -2.644597437272381946e+00
1.033333333333333437e+00 -4.786891398753522764e-01 -2.431419556250860925e+00
1.050000000000000044e+00 -4.398558859231079810e-01 -2.230761990457158728e+00
1.066666666666666652e+00 -4.042554534707324954e-01 -2.043573451606011560e+00
1.083333333333333481e+00 -3.716604137044766665e-01 -1.870114191592677333e+00
1.100000000000000089e+00 -3.418430860396388660e-01 -1.710186270260438901e+00
1.116666666666666696e+00 -3.145817372170696125e-01 -1.563296620340327348e+00
1.133333333333333526e+00 -2.896644867645035148e-01 -1.428771878599409240e+00
1.150000000000000133e+00 -2.668916030436424558e-01 -1.305838595597314633e+00
1.166666666666666741e+00 -2.460766808609201883e-01 -1.193678614285511586e+00
1.183333333333333348e+00 -2.270470525140111384e-01 -1.091466671308278791e+00
1.199999999999999956e+00 -2.096436838548392800e-01 -9.983953098798175052e-01
1.216666666666666785e+00 -1.937207345677242620e-01 -9.136907782261255440e-01
1.233333333333333393e+00 -1.791449095983335404e-01 -8.366225663682239633e-01
1.250000000000000000e+00 -1.657946909417172821e-01 -7.665084954644564297e-01
1.266666666666666829e+00 -1.535595117911012775e-01 -7.027167389244427520e-01
1.283333333333333437e+00 -1.423389154682478119e-01 -6.446657664949442257e-01
1.300000000000000044e+00 -1.320417275079639741e-01 -5.918229209152419124e-01
1.316666666666666874e+00 -1.225852592369220673e-01 -5.437021323346040713e-01
1.333333333333333481e+00 -1.138945540689718511e-01 -4.998611273873064254e-01
1.350000000000000089e+00 -1.059016827344689965e-01 -4.598983823639158364e-01
1.366666666666666918e+00 -9.854509018639340256e-02 -4.234499922207868861e-01
1.383333333333333526e+00 -9.176899455589365706e-02 -3.901865711732810382e-01
1.399999999999999911e+00 -8.552283695421335208e-02 -3.598102604480987177e-01
1.416666666666666741e+00 -7.976077991056595984e-02 -3.320518901379543308e-01
1.433333333333333348e+00 -7.444125163161251224e-02 -3.066683218726279914e-01
1.449999999999999956e+00 -6.952653294781434290e-02 -2.834399848999328286e-01
1.466666666666666785e+00 -6.498238368800894615e-02 -2.621686084783548254e-01
1.483333333333333393e+00 -6.077770523305013606e-02 -2.426751469894921354e-01
1.500000000000000000e+00 -5.688423609687053017e-02 -2.247978899819283172e-01
1.516666666666666829e+00 -5.327627753635368058e-02 -2.083907467995993745e-01
1.533333333333333437e+00 -4.993044637687119036e-02 -1.933216940454945965e-01
1.550000000000000044e+00 -4.682545244205389007e-02 -1.794713735347054917e-01
1.566666666666666874e+00 -4.394189818314048895e-02 -1.667318283444699234e-01
1.583333333333333481e+00 -4.126209830752646662e-02 -1.550053648886053070e-01
1.600000000000000089e+00 -3.876991740298566663e-02 -1.442035294971133752e-01
1.616666666666666696e+00 -3.645062374039332448e-02 -1.342461886743343547e-01
1.633333333333333304e+00 -3.429075761191030525e-02 -1.250607029742781262e-01
1.650000000000000133e+00 -3.227801272269228278e-02 -1.165811852234312634e-01
1.666666666666666741e+00 -3.040112930210325110e-02 -1.087478346080305996e-01
1.683333333333333348e+00 -2.864979773540844363e-02 -1.015063389037781927e-01
1.700000000000000178e+00 -2.701457163954294749e-02 -9.480733784824237065e-02
1.716666666666666785e+00 -2.548678941751379712e-02 -8.860594133220434099e-02
1.733333333333333393e+00 -2.405850342610126036e-02 -8.286129671228521787e-02
1.750000000000000222e+00 -2.272241598162267132e-02 -7.753620012230709457e-02
1.766666666666666829e+00 -2.147182150945493515e-02 -7.259674718578260078e-02
1.783333333333333437e+00 -2.030055421560075443e-02 -6.801201900864839445e-02
1.800000000000000266e+00 -1.920294072361057244e-02 -6.375379976253524317e-02
1.816666666666666874e+00 -1.817375717837128174e-02 -5.979632255758739884e-02
1.833333333333333481e+00 0.000000000000000000e+00 -5.611604065336830982e-02
1.850000000000000311e+00 0.000000000000000000e+00 -5.269142137001242565e-02
1.866666666666666918e+00 0.000000000000000000e+00 -4.950276034271196279e-02
1.883333333333333526e+00 0.000000000000000000e+00 -4.653201401393876335e-02
1.900000000000000355e+00 0.000000000000000000e+00 -4.376264848237431532e-02
1.916666666666666963e+00 0.000000000000000000e+00 -4.117950302804015972e-02
1.933333333333333348e+00 0.000000000000000000e+00 -3.876866681205089205e-02
1.949999999999999956e+00 0.000000000000000000e+00 -3.651736740900572709e-02
1.966666666666666563e+00 0.000000000000000000e+00 -3.441386997234255340e-02
1.983333333333333393e+00 0.000000000000000000e+00 -3.244738595984462265e-02
2.000000000000000000e+00 0.000000000000000000e+00 -3.060799045959148104e-02
