0.000000000000000000e+00 1.499458429552262119e+21 1.079675971541104308e+24
1.666666666666666644e-02 7.498207456283338998e+20 5.398709368774429864e+23
3.333333333333333287e-02 1.830617044057345600e+17 6.590221378170931610e+19
5.000000000000000278e-02 1.410919923353199000e+15 3.386207930554046720e+17
6.666666666666666574e-02 4.469278220948022656e+13 8.044702326181967000e+15
8.333333333333334259e-02 3.071261322370935059e+12 4.422619509659653125e+14
1.000000000000000056e-01 3.444614042404290771e+11 4.133545796695269531e+13
1.166666666666666824e-01 5.417216988829635620e+10 5.572025025382413086e+12
1.333333333333333315e-01 1.091106256753220177e+10 9.820075722929465332e+11
1.499999999999999944e-01 2.654764039951134205e+09 2.123863589697328491e+11
1.666666666666666852e-01 7.497511830783934593e+08 5.398458943594642639e+10
1.833333333333333481e-01 2.388767310526947081e+08 1.563685292914707565e+10
2.000000000000000111e-01 8.407409014505760372e+07 5.045144300119177818e+09
2.166666666666666741e-01 3.216938114355228841e+07 1.782087895579644442e+09
2.333333333333333648e-01 1.321653313480965421e+07 6.799449832093179226e+08
2.500000000000000000e-01 5.773021390527002513e+06 2.772515948983227611e+08
2.666666666666666630e-01 2.659752164664194919e+06 1.197821381524538398e+08
2.833333333333333814e-01 1.284093921177934855e+06 5.444618327007742226e+07
2.999999999999999889e-01 6.461224844884951599e+05 2.588580386111846939e+07
3.166666666666667074e-01 3.372986394966781954e+05 1.280985899340679310e+07
3.333333333333333703e-01 1.819747895629181585e+05 6.570656911000235006e+06
3.499999999999999778e-01 1.011245340520924947e+05 3.481030997242300771e+06
3.666666666666666963e-01 5.771556520608171559e+04 1.898912718305304181e+06
3.833333333333333592e-01 3.374563793108288519e+04 1.063740202638650546e+06
4.000000000000000222e-01 2.016758256153306138e+04 6.104875660313273547e+05
4.166666666666666852e-01 1.229497612237093745e+04 3.581982825728489552e+05
4.333333333333333481e-01 7.632188180529736201e+03 2.144708236397468718e+05
4.500000000000000666e-01 4.816099923915313411e+03 1.308233750364928565e+05
4.666666666666667296e-01 3.084594545409415787e+03 8.117412082587440091e+04
4.833333333333333370e-01 2.002299821758242842e+03 5.116402347094150173e+04
5.000000000000000000e-01 1.315498044148468352e+03 3.271701675508371045e+04
5.166666666666667185e-01 8.735764580871921225e+02 2.119973815075280072e+04
5.333333333333333259e-01 5.855805872758802479e+02 1.390439713999689775e+04
5.500000000000000444e-01 3.956993822752170331e+02 9.221039799070496883e+03
5.666666666666667629e-01 2.691730373821829971e+02 6.176923669932871235e+03
5.833333333333333703e-01 1.840501890888720880e+02 4.175401564836349280e+03
5.999999999999999778e-01 1.262874432411392718e+02 2.845315127156090512e+03
6.166666666666666963e-01 8.679116834716495532e+01 1.952704100674727215e+03
6.333333333333334147e-01 5.960597241224135701e+01 1.348249854390159271e+03
6.500000000000000222e-01 4.079032108661210287e+01 9.355366645446679286e+02
6.666666666666667407e-01 2.770973779047422880e+01 6.516228328471424902e+02
6.833333333333334592e-01 1.858715323734497815e+01 4.549938769414314379e+02
6.999999999999999556e-01 1.221360101325509007e+01 3.180019193722123418e+02
7.166666666666666741e-01 7.760086041687413783e+00 2.220659358500642497e+02
7.333333333333333925e-01 4.654007738514718717e+00 1.545914527445375484e+02
7.500000000000000000e-01 2.497211823550593124e+00 1.069732917952910469e+02
7.666666666666667185e-01 1.011157623768735858e+00 7.328787147165608928e+01
7.833333333333334370e-01 -8.355838615353536499e-05 4.942904006943916784e+01
8.000000000000000444e-01 -6.749980509950816998e-01 3.253197599550702535e+01
8.166666666666666519e-01 -1.111880572852355753e+00 2.058591866551913441e+01
8.333333333333333703e-01 -1.380741873804971265e+00 1.217177208413001921e+01
8.500000000000000888e-01 -1.531583281366025062e+00 6.282979920910580773e+00
8.666666666666666963e-01 -1.600182771868070120e+00 2.202374556588654997e+00
8.833333333333334147e-01 -1.612164720436303211e+00 -5.830622705720619470e-01
9.000000000000001332e-01 -1.585878103072288603e+00 -2.441574717386787441e+00
9.166666666666667407e-01 -1.534442328703566005e+00 -3.638241187249001030e+00
9.333333333333334592e-01 -1.467208198190626645e+00 -4.364297807734358159e+00
9.500000000000001776e-01 -1.390805627242871267e+00 -4.757914482864102013e+00
9.666666666666666741e-01 -1.309897888606263994e+00 -4.918988608730622936e+00
9.833333333333332815e-01 -1.227726414171781411e+00 -4.919728166195312724e+00
1.000000000000000000e+00 -1.146505458333485938e+00 -4.812255378748219847e+00
1.016666666666666607e+00 -1.067708684903287519e+00 -4.634091483220615260e+00
1.033333333333333437e+00 -9.922776588770917394e-01 -4.412127437121412754e+00
1.050000000000000044e+00 -9.207737120851775536e-01 -4.165507902052297595e+00
1.066666666666666652e+00 -8.534886230336479196e-01 -3.907731959991120441e+00
1.083333333333333481e+00 -7.905252604717646348e-01 -3.648187079462258620e+00
1.100000000000000089e+00 -7.318562721385625247e-01 -3.393271517276243099e+00
1.116666666666666696e+00 -6.773666966405422762e-01 -3.147216860106725633e+00
1.133333333333333526e+00 -6.268847872469089921e-01 -2.912691436992583149e+00
1.150000000000000133e+00 -5.802041857786182089e-01 -2.691243170557025888e+00
1.166666666666666741e+00 -5.370997486171608104e-01 -2.483624506918394648e+00
1.183333333333333348e+00 -4.973387171402009477e-01 -2.290030570575706470e+00
1.199999999999999956e+00 -4.606884788717488521e-01 -2.110273364238541838e+00
1.216666666666666785e+00 -4.269218384118764753e-01 -1.943908779541229315e+00
1.233333333333333393e+00 -3.958204765085222565e-01 -1.790328767421152101e+00
1.250000000000000000e+00 -3.671770981572692327e-01 -1.648827783569059680e+00
1.266666666666666829e+00 -3.407966394872824489e-01 -1.518650250321070816e+00
1.283333333333333437e+00 -3.164968061408341415e-01 -1.399024028358881733e+00
1.300000000000000044e+00 -2.941081439252006824e-01 -1.289183601200302620e+00
1.316666666666666874e+00 -2.734737891533648435e-01 -1.188385720659269840e+00
1.333333333333333481e+00 -2.544490064794364126e-01 -1.095919553482064268e+00
1.350000000000000089e+00 -2.369005926300380704e-01 -1.011112843458348953e+00
1.366666666666666918e+00 -2.207062026152243062e-01 -9.333352120425359999e-01
1.383333333333333526e+00 -2.057536388327979582e-01 -8.619994290756336497e-01
1.399999999999999911e+00 -1.919401315191319457e-01 -7.965612679152428433e-01
1.416666666666666741e+00 -1.791716301776052900e-01 -7.365183972104472065e-01
1.433333333333333348e+00 -1.673621191351152004e-01 -6.814086406628423465e-01
1.449999999999999956e+00 -1.564329656426967086e-01 -6.308078459733867938e-01
1.466666666666666785e+00 -1.463123055033130060e-01 -5.843275370318905537e-01
1.483333333333333393e+00 -1.369344687455829601e-01 -5.416124734784067973e-01
1.500000000000000000e+00 -1.282394461174295452e-01 -5.023382047325495314e-01
1.516666666666666829e+00 -1.201723959616954746e-01 -4.662086782138707419e-01
1.533333333333333437e+00 -1.126831902168462379e-01 -4.329539413399428049e-01
1.550000000000000044e+00 -1.057259977552399283e-01 -4.023279621695902697e-01
1.566666666666666874e+00 -9.925890295072720138e-02 -3.741065828902657153e-01
1.583333333333333481e+00 -9.324355719801015463e-02 -3.480856127035471537e-01
1.600000000000000089e+00 -8.764486104458847626e-02 -3.240790612685288119e-01
1.616666666666666696e+00 -8.243067460981290395e-02 -3.019175101383914095e-01
1.633333333333333304e+00 -7.757155403053606069e-02 -2.814466171337640654e-01
1.650000000000000133e+00 -7.304051177141628048e-02 -2.625257470093370071e-01
1.666666666666666741e+00 -6.881279875717016825e-02 -2.450267208413001718e-01
1.683333333333333348e+00 -6.486570641462087450e-02 -2.288326761080680671e-01
1.700000000000000178e+00 -6.117838684756157774e-02 -2.138370293176561354e-01
1.716666666666666785e+00 -5.773168950254353726e-02 -1.999425331494515123e-01
1.733333333333333393e+00 -5.450801281547892896e-02 -1.870604203500073059e-01
1.750000000000000222e+00 -5.149116945528509764e-02 -1.751096269959590279e-01
1.766666666666666829e+00 -4.866626390035513200e-02 -1.640160881713657592e-01
1.783333333333333437e+00 -4.601958119566633421e-02 -1.537120995721895089e-01
1.800000000000000266e+00 -4.353848584249890574e-02 -1.441357390262135718e-01
1.816666666666666874e+00 -4.121132986899241069e-02 -1.352303423877588839e-01
1.833333333333333481e+00 0.000000000000000000e+00 -1.269440287230882980e-01
1.850000000000000311e+00 0.000000000000000000e+00 -1.192292701378831338e-01
1.866666666666666918e+00 0.000000000000000000e+00 -1.120425020086519702e-01
1.883333333333333526e+00 0.000000000000000000e+00 -1.053437697632768483e-01
1.900000000000000355e+00 0.000000000000000000e+00 -9.909640871131204787e-02
1.916666666666666963e+00 0.000000000000000000e+00 -9.326675375225779163e-02
1.933333333333333348e+00 0.000000000000000000e+00 -8.782387609060314515e-02
1.949999999999999956e+00 0.000000000000000000e+00 -8.273934436115332192e-02
1.966666666666666563e+00 0.000000000000000000e+00 -7.798700781847844876e-02
1.983333333333333393e+00 0.000000000000000000e+00 -7.354279947182068566e-02
2.000000000000000000e+00 0.000000000000000000e+00 -6.938455725314035538e-02
