0.000000000000000000e+00 2.864851008415908823e+20 2.062818638363697412e+23
1.666666666666666644e-02 1.432600382182552207e+20 1.031472275253022698e+23
3.333333333333333287e-02 3.497559491955962400e+16 1.259121423477981184e+19
5.000000000000000278e-02 2.695690052516421250e+14 6.469656499085070400e+16
6.666666666666666574e-02 8.538958157016030273e+12 1.537012966218732750e+15
8.333333333333334259e-02 5.867916662332692871e+11 8.449810436650089062e+13
1.000000000000000056e-01 6.581226727585993958e+10 7.897501217295450195e+12
1.166666666666666824e-01 1.035000357533894730e+10 1.064581702917566528e+12
1.333333333333333315e-01 2.084621481426472902e+09 1.876198236084405518e+11
1.499999999999999944e-01 5.071990565554406047e+08 4.057763026591177368e+10
1.666666666666666852e-01 1.432373757170171142e+08 1.031390690248565292e+10
1.833333333333333481e-01 4.563427072598952800e+07 2.987389108011604786e+09
2.000000000000000111e-01 1.605997702001660503e+07 9.638263102030193806e+08
2.166666666666666741e-01 6.144309706743301824e+06 3.404302490581135750e+08
2.333333333333333648e-01 2.523893553229317535e+06 1.298776351693423241e+08
2.500000000000000000e-01 1.102165195985432714e+06 5.295167925189785659e+07
2.666666666666666630e-01 5.076111057971838163e+05 2.287289257382643968e+07
2.833333333333333814e-01 2.449494902307917655e+05 1.039421372895021178e+07
2.999999999999999889e-01 1.231720004223443684e+05 4.940206122179082595e+06
3.166666666666667074e-01 6.424474827934832138e+04 2.443664987545078620e+06
3.333333333333333703e-01 3.462149333771508100e+04 1.252747595004779287e+06
3.499999999999999778e-01 1.921148385482688172e+04 6.632092118783289334e+05
3.666666666666666963e-01 1.094442121052992479e+04 3.614518428951796959e+05
3.833333333333333592e-01 6.384100800006938698e+03 2.022462726055706735e+05
4.000000000000000222e-01 3.804157743107400165e+03 1.159035526215281425e+05
4.166666666666666852e-01 2.310678907839388103e+03 6.788424259548756527e+04
4.333333333333333481e-01 1.427860387986050000e+03 4.055652378527454130e+04
4.500000000000000666e-01 8.959688124980704060e+02 2.467244747206531974e+04
4.666666666666667296e-01 5.698913806724959841e+02 1.525900048385771879e+04
4.833333333333333370e-01 3.668016337145823513e+02 9.579759593772203516e+03
5.000000000000000000e-01 2.384818979292144547e+02 6.096611211215938965e+03
5.166666666666667185e-01 1.563447802701661828e+02 3.927770626395521049e+03
5.333333333333333259e-01 1.031521556465605300e+02 2.558367353244240803e+03
5.500000000000000444e-01 6.834512328584497709e+01 1.682597735605782873e+03
5.666666666666667629e-01 4.536118546964760867e+01 1.115920888062903032e+03
5.833333333333333703e-01 3.006619406354800006e+01 7.453090050536557101e+02
5.999999999999999778e-01 1.982294159512325038e+01 5.005690294439321519e+02
6.166666666666666963e-01 1.292948848770486237e+01 3.375415215703033027e+02
6.333333333333334147e-01 8.275622043420172602e+00 2.281071817378748960e+02
6.500000000000000222e-01 5.129921890615622537e+00 1.541571630349262136e+02
6.666666666666667407e-01 3.006120940695298227e+00 1.039057616749866639e+02
6.833333333333334592e-01 1.578243741326720517e+00 6.960679415218017141e+01
6.999999999999999556e-01 6.261220483777758528e-01 4.612231322872003147e+01
7.166666666666666741e-01 4.997690700679781041e-05 3.001536956922939936e+01
7.333333333333333925e-01 -4.023685080911070799e-01 1.896879661206252976e+01
7.500000000000000000e-01 -6.515243588527557250e-01 1.140910115780418721e+01
7.666666666666667185e-01 -7.960072354836117414e-01 6.260761043493729083e+00
7.833333333333334370e-01 -8.694629251547418836e-01 2.784271624878184248e+00
8.000000000000000444e-01 -8.952362392037288563e-01 4.684902268359435462e-01
8.166666666666666519e-01 -8.895363211645757051e-01 -1.041497061781421207e+00
8.333333333333333703e-01 -8.636084130019121563e-01 -1.993070133843213299e+00
8.500000000000000888e-01 -8.252326830516477640e-01 -2.559178694871655058e+00
8.666666666666666963e-01 -7.797641476491287138e-01 -2.860995449666368984e+00
8.833333333333334147e-01 -7.308576444618686274e-01 -2.983513195946088992e+00
9.000000000000001332e-01 -6.809753706674098739e-01 -2.986345003819794730e+00
9.166666666666667407e-01 -6.317434810098897513e-01 -2.911242177358265959e+00
9.333333333333334592e-01 -5.842033753651963979e-01 -2.787352698942288320e+00
9.500000000000001776e-01 -5.389891730416381810e-01 -2.634915286992150385e+00
9.666666666666666741e-01 -4.964532364848558976e-01 -2.467864545346868610e+00
9.833333333333332815e-01 -4.567549981841231288e-01 -2.295674391772550393e+00
1.000000000000000000e+00 -4.199237846370713068e-01 -2.124666189748042111e+00
1.016666666666666607e+00 -3.859031675941588246e-01 -1.958939115712630796e+00
1.033333333333333437e+00 -3.545821664757323743e-01 -1.801032915186549399e+00
1.050000000000000044e+00 -3.258170796324196816e-01 -1.652400435210507723e+00
1.066666666666666652e+00 -2.994466335582428029e-01 -1.513744540056566557e+00
1.083333333333333481e+00 -2.753023695514088542e-01 -1.385258099351325267e+00
1.100000000000000089e+00 -2.532156410696002058e-01 -1.266794562335401109e+00
1.116666666666666696e+00 -2.330222059310515514e-01 -1.157988750920131649e+00
1.133333333333333526e+00 -2.145651194650946003e-01 -1.058341923014506136e+00
1.150000000000000133e+00 -1.976964354569117621e-01 -9.672811896283075583e-01
1.166666666666666741e+00 -1.822780785847278873e-01 -8.842005379600154091e-01
1.183333333333333348e+00 -1.681821490036460864e-01 -8.084886856863980897e-01
1.199999999999999956e+00 -1.552908454385057424e-01 -7.395475360923456920e-01
1.216666666666666785e+00 -1.434961395302808140e-01 -6.768039555905802640e-01
1.233333333333333393e+00 -1.326992954661124491e-01 -6.197168387087708119e-01
1.250000000000000000e+00 -1.228103009760147662e-01 -5.677808785269465863e-01
1.266666666666666829e+00 -1.137472556256119011e-01 -5.205280642375562650e-01
1.283333333333333437e+00 -1.054357478294341427e-01 -4.775276400761176432e-01
1.300000000000000044e+00 -9.780824160282897139e-02 -4.383850512699287161e-01
1.316666666666666874e+00 -9.080348663883794358e-02 -4.027402512366830001e-01
1.333333333333333481e+00 -8.436596002358491553e-02 -3.702656344117072340e-01
1.350000000000000089e+00 -7.844534419639823120e-02 -3.406637794823360599e-01
1.366666666666666918e+00 -7.299604318686504778e-02 -3.136651302527806440e-01
1.383333333333333526e+00 -6.797673740525370101e-02 -2.890256998824643486e-01
1.399999999999999911e+00 -6.334997609548696784e-02 -2.665248544839651790e-01
1.416666666666666741e+00 -5.908180581357071887e-02 -2.459632108567754716e-01
1.433333333333333348e+00 -5.514143284698763692e-02 -2.271606681477781331e-01
1.449999999999999956e+00 -5.150091725320613684e-02 -2.099545827691572109e-01
1.466666666666666785e+00 -4.813489610362598620e-02 -1.941980887249178112e-01
1.483333333333333393e+00 -4.502033352628840440e-02 -1.797585606867521946e-01
1.500000000000000000e+00 -4.213629521289256191e-02 -1.665162140512008171e-01
1.516666666666666829e+00 -3.946374516899857354e-02 -1.543628343146015991e-01
1.533333333333333437e+00 -3.698536262366777100e-02 -1.432006270634678391e-01
1.550000000000000044e+00 -3.468537716419741596e-02 -1.329411794357038823e-01
1.566666666666666874e+00 -3.254942031476447395e-02 -1.235045238736133810e-01
1.583333333333333481e+00 -3.056439192910427941e-02 -1.148182952264171219e-01
1.600000000000000089e+00 -2.871833991315808285e-02 -1.068169726698428162e-01
1.616666666666666696e+00 -2.700035193166081329e-02 -9.944119842332692361e-02
1.633333333333333304e+00 -2.540045788162241525e-02 -9.263716581217409929e-02
1.650000000000000133e+00 -2.390954203498870181e-02 -8.635606980840541957e-02
1.666666666666666741e+00 -2.251926386233269947e-02 -8.055361376673039753e-02
1.683333333333333348e+00 -2.122198664942159460e-02 -7.518956663574619115e-02
1.700000000000000178e+00 -2.001071310933343408e-02 -7.022736545945966469e-02
1.716666666666666785e+00 -1.887902727498958974e-02 -6.563375848496527665e-02
1.733333333333333393e+00 -1.782104203112192323e-02 -6.137848465585588054e-02
1.750000000000000222e+00 -1.683135171143149839e-02 -5.743398569694652817e-02
1.766666666666666829e+00 -1.590498924664485517e-02 -5.377514738472762013e-02
1.783333333333333437e+00 -1.503738740294283290e-02 -5.037906695108156085e-02
1.800000000000000266e+00 -1.422434369840429487e-02 -4.722484388718223985e-02
1.816666666666666874e+00 -1.346198862821704027e-02 -4.429339170243097590e-02
1.833333333333333481e+00 0.000000000000000000e+00 -4.156726845218596672e-02
1.850000000000000311e+00 0.000000000000000000e+00 -3.903052408035068838e-02
1.866666666666666918e+00 0.000000000000000000e+00 -3.666856283097987695e-02
1.883333333333333526e+00 0.000000000000000000e+00 -3.446801916921514441e-02
1.900000000000000355e+00 0.000000000000000000e+00 -3.241664581821041002e-02
1.916666666666666963e+00 0.000000000000000000e+00 -3.050321266723830804e-02
1.933333333333333348e+00 0.000000000000000000e+00 -2.871741543870749008e-02
1.949999999999999956e+00 0.000000000000000000e+00 -2.704979312003742004e-02
1.966666666666666563e+00 0.000000000000000000e+00 -2.549165327174886947e-02
1.983333333333333393e+00 0.000000000000000000e+00 -2.403500441710286831e-02
2.000000000000000000e+00 0.000000000000000000e+00 -2.267249480239835052e-02
