0.000000000000000000e+00 3.109921471508235944e+21 2.239280142744471028e+24
1.666666666666666644e-02 1.555150573469496508e+21 1.119708412949974466e+24
3.333333333333333287e-02 3.796754307569571840e+17 1.366831554782634803e+20
5.000000000000000278e-02 2.926289970930086000e+15 7.023096167713419520e+17
6.666666666666666574e-02 9.269416229036521875e+13 1.668495238225728200e+16
8.333333333333334259e-02 6.369887516252386719e+12 9.172644671357546250e+14
1.000000000000000056e-01 7.144232185464730225e+11 8.573097175777515625e+13
1.166666666666666824e-01 1.123546948942220459e+11 1.155654596889406836e+13
1.333333333333333315e-01 2.262986896881907654e+10 2.036712972752670410e+12
1.499999999999999944e-01 5.506059748859462738e+09 4.404956386748270264e+11
1.666666666666666852e-01 1.555006303776289701e+09 1.119656475860419922e+11
1.833333333333333481e-01 4.954374623711365461e+08 3.243129909723561096e+10
2.000000000000000111e-01 1.743721703462286592e+08 1.046377969107372284e+10
2.166666666666666741e-01 6.672025629968489707e+07 3.696103436612245560e+09
2.333333333333333648e-01 2.741148429466913640e+07 1.410226177139471531e+09
2.500000000000000000e-01 1.197341886678804830e+07 5.750280815596853495e+08
2.666666666666666630e-01 5.516405563057506457e+06 2.484317312669155002e+08
2.833333333333333814e-01 2.663249274237975944e+06 1.129230112529440820e+08
2.999999999999999889e-01 1.340077439526148140e+06 5.368793169096834213e+07
3.166666666666667074e-01 6.995675394720875192e+05 2.656803138418427110e+07
3.333333333333333703e-01 3.774212168006092543e+05 1.362773969661208428e+07
3.499999999999999778e-01 2.097353570197181252e+05 7.219763055138978176e+06
3.666666666666666963e-01 1.197038474013159866e+05 3.938402308683272917e+06
3.833333333333333592e-01 6.998949330502876546e+04 2.206229423244034406e+06
4.000000000000000222e-01 4.182819402251542488e+04 1.266169807394233299e+06
4.166666666666666852e-01 2.550016783173996009e+04 7.429142148160611978e+05
4.333333333333333481e-01 1.582940228689507603e+04 4.448191091143013327e+05
4.500000000000000666e-01 9.988747963337766123e+03 2.713317545916452655e+05
4.666666666666667296e-01 6.397551618963459987e+03 1.683576821387631935e+05
4.833333333333333370e-01 4.152838093576277970e+03 1.061158161430830660e+05
5.000000000000000000e-01 2.728389157204075218e+03 6.785615191242206492e+04
5.166666666666667185e-01 1.811829365521436785e+03 4.396895558912154956e+04
5.333333333333333259e-01 1.214516347885701407e+03 2.883818758780125063e+04
5.500000000000000444e-01 8.206962675577060509e+02 1.912475451174693808e+04
5.666666666666667629e-01 5.582762086705157571e+02 1.281115879790594408e+04
5.833333333333333703e-01 3.817283564602151955e+02 8.659935869788116179e+03
5.999999999999999778e-01 2.619262678883113722e+02 5.901291841535136882e+03
6.166666666666666963e-01 1.800094608813703871e+02 4.049985874218419667e+03
6.333333333333334147e-01 1.236262598980506198e+02 2.796326453824136024e+03
6.500000000000000222e-01 8.460179342802491931e+01 1.940344325580320628e+03
6.666666666666667407e-01 5.747206922243016436e+01 1.351496400614312506e+03
6.833333333333334592e-01 3.855138523298623454e+01 9.436803041234885541e+02
6.999999999999999556e-01 2.533230319054188229e+01 6.595534355437677050e+02
7.166666666666666741e-01 1.609545786772325826e+01 4.605781350629544590e+02
7.333333333333333925e-01 9.653254769660749801e+00 3.206330404369517737e+02
7.500000000000000000e-01 5.179906956862197376e+00 2.218707170066889205e+02
7.666666666666667185e-01 2.097710249368597513e+00 1.520054494847114768e+02
7.833333333333334370e-01 3.006242636896341879e-04 1.025209323241544865e+02
8.000000000000000444e-01 -1.399548387773463132e+00 6.747542042379151894e+01
8.166666666666666519e-01 -2.305704364416808261e+00 4.269852045527341744e+01
8.333333333333333703e-01 -2.863372848948375182e+00 2.524697208413001448e+01
8.500000000000000888e-01 -3.176259051293611524e+00 1.303313692845352811e+01
8.666666666666666963e-01 -3.318568367772596339e+00 4.569579333058738868e+00
8.833333333333334147e-01 -3.343447192501753928e+00 -1.207722965709779661e+00
9.000000000000001332e-01 -3.288952417389622518e+00 -5.062525180000426062e+00
9.166666666666667407e-01 -3.182294567463894275e+00 -7.544612666835236681e+00
9.333333333333334592e-01 -3.042867888569421808e+00 -9.050618882142867250e+00
9.500000000000001776e-01 -2.884423368296368029e+00 -9.867115682460275039e+00
9.666666666666666741e-01 -2.716633066884568848e+00 -1.020129605268117956e+01
9.833333333333332815e-01 -2.546220061352710839e+00 -1.020292385305628535e+01
1.000000000000000000e+00 -2.377776995922447956e+00 -9.980104111036011361e+00
1.016666666666666607e+00 -2.214360477491811530e+00 -9.610658663266011814e+00
1.033333333333333437e+00 -2.057923498477038038e+00 -9.150361573207735688e+00
1.050000000000000044e+00 -1.909630414613481264e+00 -8.638920641471175443e+00
1.066666666666666652e+00 -1.770086501514390509e+00 -8.104334389123049931e+00
1.083333333333333481e+00 -1.639505214569905833e+00 -7.566073578180008141e+00
1.100000000000000089e+00 -1.517829913454561863e+00 -7.037409130181271344e+00
1.116666666666666696e+00 -1.404822242366215335e+00 -6.527118121753576752e+00
1.133333333333333526e+00 -1.300126061129114996e+00 -6.040735296599017978e+00
1.150000000000000133e+00 -1.203313435882753746e+00 -5.581471565854638328e+00
1.166666666666666741e+00 -1.113917463868384194e+00 -5.150887933889710446e+00
1.183333333333333348e+00 -1.031455442242763088e+00 -4.749389448255525892e+00
1.199999999999999956e+00 -9.554449657851131761e-01 -4.376586503406519668e+00
1.216666666666666785e+00 -8.854148596888955502e-01 -4.031558271514451341e+00
1.233333333333333393e+00 -8.209123544019107932e-01 -3.713043872327957295e+00
1.250000000000000000e+00 -7.615075413831284834e-01 -3.419580187881469335e+00
1.266666666666666829e+00 -7.067958766792178382e-01 -3.149600304000335971e+00
1.283333333333333437e+00 -6.563992979353802104e-01 -2.901502935112887371e+00
1.300000000000000044e+00 -6.099663712711234087e-01 -2.673700512563865761e+00
1.316666666666666874e+00 -5.671717737749972787e-01 -2.464651636316897765e+00
1.333333333333333481e+00 -5.277153352176657819e-01 -2.272882121563915003e+00
1.350000000000000089e+00 -4.913208015954919627e-01 -2.096997780998992145e+00
1.366666666666666918e+00 -4.577344378654248369e-01 -1.935691272013304820e+00
1.383333333333333526e+00 -4.267235536948090213e-01 -1.787744733593853219e+00
1.399999999999999911e+00 -3.980750112421566622e-01 -1.652029487051802414e+00
1.416666666666666741e+00 -3.715937556873253889e-01 -1.527503738561088120e+00
1.433333333333333348e+00 -3.471013957880562106e-01 -1.413208970742612314e+00
1.449999999999999956e+00 -3.244348519201153969e-01 -1.308265523569395183e+00
1.466666666666666785e+00 -3.034450819378939346e-01 -1.211867725608667179e+00
1.483333333333333393e+00 -2.839958900810395370e-01 -1.123278833063063420e+00
1.500000000000000000e+00 -2.659628205337343232e-01 -1.041825957262892510e+00
1.516666666666666829e+00 -2.492321347294587930e-01 -9.668951044874326550e-01
1.533333333333333437e+00 -2.336998697954383586e-01 -8.979264102279994608e-01
1.550000000000000044e+00 -2.192709744302709651e-01 -8.344096194761865259e-01
1.566666666666666874e+00 -2.058585178429400142e-01 -7.758798424928972093e-01
1.583333333333333481e+00 -1.933829670301146497e-01 -7.219135996568681879e-01
1.600000000000000089e+00 -1.817715275407907061e-01 -6.721251578028561990e-01
1.616666666666666696e+00 -1.709575429056481022e-01 -6.261631527343055614e-01
1.633333333333333304e+00 -1.608799480431894469e-01 -5.837074874269246871e-01
1.650000000000000133e+00 -1.514827721590941423e-01 -5.444664921473280073e-01
1.666666666666666741e+00 -1.427146869024856490e-01 -5.081743307839388102e-01
1.683333333333333348e+00 -1.345285958135340465e-01 -4.745886367430846020e-01
1.700000000000000178e+00 -1.268812613771329312e-01 -4.434883615158938253e-01
1.716666666666666785e+00 -1.197329662775394876e-01 -4.146718192585732154e-01
1.733333333333333393e+00 -1.130472057221568183e-01 -3.879549112923170173e-01
1.750000000000000222e+00 -1.067904079646408710e-01 -3.631695152034939977e-01
1.766666666666666829e+00 -1.009316804054600919e-01 -3.401620241251409604e-01
1.783333333333333437e+00 -9.544257888036630777e-02 -3.187920227459272171e-01
1.800000000000000266e+00 -9.029689796325147955e-02 -2.989310875790107680e-01
1.816666666666666874e+00 -8.547048030948810327e-02 -2.804617000000849680e-01
1.833333333333333481e+00 0.000000000000000000e+00 -2.632762615106846171e-01
1.850000000000000311e+00 0.000000000000000000e+00 -2.472762015859642226e-01
1.866666666666666918e+00 0.000000000000000000e+00 -2.323711693174284609e-01
1.883333333333333526e+00 0.000000000000000000e+00 -2.184783008561071715e-01
1.900000000000000355e+00 0.000000000000000000e+00 -2.055215553987387034e-01
1.916666666666666963e+00 0.000000000000000000e+00 -1.934311131389499505e-01
1.933333333333333348e+00 0.000000000000000000e+00 -1.821428292287735617e-01
1.949999999999999956e+00 0.000000000000000000e+00 -1.715977383655872268e-01
1.966666666666666563e+00 0.000000000000000000e+00 -1.617416051387031151e-01
1.983333333333333393e+00 0.000000000000000000e+00 -1.525245157416489361e-01
2.000000000000000000e+00 0.000000000000000000e+00 -1.439005070841233025e-01
