0.000000000000000000e+00 2.507143383599999709e+02 8.402163057333334564e+02
1.001999999999999939e-02 2.423121759999999938e+02 8.402163057333334564e+02
1.998000000000000123e-02 2.339100136400000167e+02 8.402163057333334564e+02
2.999999999999999889e-02 2.255078512800000112e+02 8.402163057333334564e+02
4.001999999999999308e-02 2.171056889199999773e+02 8.402163057333334564e+02
4.997999999999999665e-02 2.087035265600000002e+02 8.402163057333334564e+02
5.999999999999999778e-02 2.003013641999999948e+02 8.402163057333334564e+02
7.001999999999999891e-02 1.918992018399999893e+02 8.402163057333334564e+02
7.997999999999999554e-02 1.834970394799999838e+02 8.402163057333334564e+02
8.999999999999999667e-02 1.750948771200000067e+02 8.402163057333334564e+02
1.000199999999999839e-01 1.666927147600000012e+02 8.402163057333334564e+02
1.099799999999999944e-01 1.582905314799999985e+02 8.402163057333334564e+02
1.199999999999999956e-01 1.498883691199999930e+02 8.402163057333334564e+02
1.300199999999999967e-01 1.414862067599999875e+02 8.402163057333334564e+02
1.399799999999999933e-01 1.330840444000000105e+02 8.402163057333334564e+02
1.499999999999999944e-01 1.246818820399999908e+02 8.402163057333334564e+02
1.600199999999999956e-01 1.162797196800000137e+02 8.402163057333334564e+02
1.699799999999999922e-01 1.078775573199999940e+02 8.402163057333334564e+02
1.799999999999999933e-01 9.947539496000000270e+01 8.402163057333334564e+02
1.900199999999999945e-01 9.107323259999999721e+01 8.402163057333334564e+02
1.999799999999999911e-01 8.267107024000000592e+01 8.402163057333334564e+02
2.099999999999999922e-01 7.426890788000000043e+01 8.402163057333334564e+02
2.200200000000000211e-01 6.586674551999999494e+01 8.402163057333334564e+02
2.299799999999999622e-01 5.746458315999999655e+01 8.402163057333334564e+02
2.399999999999999911e-01 4.906242079999999817e+01 8.402163057333334564e+02
2.500200000000000200e-01 4.066025843999999978e+01 8.402163057333334564e+02
2.599799999999999889e-01 3.225809607999999429e+01 8.402163057333334564e+02
2.700000000000000178e-01 2.385593371999999945e+01 8.402163057333334564e+02
2.800199999999999911e-01 1.545377136000000107e+01 8.512330217999999604e+02
2.899800000000000155e-01 6.831279559999999584e+00 5.677019257333333826e+02
2.999999999999999889e-01 4.099734240000000085e+00 2.397150974666666912e+02
3.100200000000000178e-01 2.036959480000000156e+00 1.831129692000000091e+02
3.199799999999999867e-01 4.374790400000000412e-01 1.454035186000000124e+02
3.300000000000000155e-01 -8.711087999999999054e-01 1.189018534000000074e+02
3.400199999999999889e-01 -1.940560119999999777e+00 9.835729766666668183e+01
3.499800000000000133e-01 -2.838258240000000043e+00 8.121607726666667304e+01
3.599999999999999867e-01 -3.564893520000000038e+00 6.722439773333333335e+01
3.700200000000000156e-01 -4.182744800000000041e+00 5.743565080000000478e+01
3.799799999999999844e-01 -4.713610720000000143e+00 4.933225393333334097e+01
3.900000000000000133e-01 -5.169373840000000442e+00 4.244877199999999817e+01
4.000199999999999867e-01 -5.562586160000000390e+00 3.515278253333333680e+01
4.099800000000000111e-01 -5.872432279999999949e+00 2.649943373333333341e+01
4.199999999999999845e-01 -6.092573439999999785e+00 1.873058253333333312e+01
4.300200000000000133e-01 -6.247046720000000164e+00 1.225782993333333515e+01
4.399799999999999822e-01 -6.337714000000000070e+00 6.331960999999999729e+00
4.499999999999999556e-01 -6.373696400000000040e+00 -8.289201333333334754e-01
4.600199999999999845e-01 -6.321145360000000046e+00 -8.778380666666667054e+00
4.699799999999999534e-01 -6.198114839999999681e+00 -1.489252960000000137e+01
4.799999999999999822e-01 -6.023286399999999929e+00 -1.807285773333333623e+01
4.900199999999999556e-01 -5.836659079999999555e+00 -1.868173433333333477e+01
4.999799999999999800e-01 -5.649655199999999766e+00 -1.921268393333333435e+01
5.100000000000000089e-01 -5.452400519999999418e+00 -2.005297060000000187e+01
5.200200000000000378e-01 -5.248597879999999272e+00 -2.003672273333333465e+01
5.299800000000000066e-01 -5.051677920000000377e+00 -1.897980946666666924e+01
5.400000000000000355e-01 -4.869004480000000079e+00 -1.796756040000000354e+01
5.500199999999999534e-01 -4.692314159999999568e+00 -1.785853233333333279e+01
5.599800000000000333e-01 -4.511837319999999707e+00 -1.813893006666666707e+01
5.699999999999999512e-01 -4.329540439999999712e+00 -1.840932106666666712e+01
5.800199999999999800e-01 -4.143645319999999188e+00 -1.825503606666666556e+01
5.899799999999999489e-01 -3.964444600000000207e+00 -1.835409226666666527e+01
5.999999999999999778e-01 -3.776562079999999710e+00 -1.825538473333333300e+01
6.100199999999998957e-01 -3.599327840000000389e+00 -1.816633526666666754e+01
6.199800000000000866e-01 -3.413244439999999713e+00 -1.910794446666666602e+01
6.300000000000000044e-01 -3.217182200000000325e+00 -1.933384560000000008e+01
6.400199999999999223e-01 -3.026559160000000137e+00 -1.877266660000000087e+01
6.499799999999998912e-01 -2.841730960000000028e+00 -1.825304866666666825e+01
6.600000000000000311e-01 -2.661505159999999925e+00 -1.770365460000000013e+01
6.700199999999999489e-01 -2.487659959999999781e+00 -1.602367399999999975e+01
6.799799999999999178e-01 -2.341031679999999948e+00 -1.438650966666666697e+01
6.899999999999999467e-01 -2.199926280000000123e+00 -1.334891253333333516e+01
7.000199999999999756e-01 -2.074050639999999834e+00 -1.143794026666666674e+01
7.099799999999999445e-01 -1.971166079999999932e+00 -9.906979800000000225e+00
7.199999999999999734e-01 -1.875917320000000110e+00 -9.097062000000001092e+00
7.300199999999998912e-01 -1.789224839999999928e+00 -8.543449066666667591e+00
7.399799999999999711e-01 -1.705042759999999991e+00 -6.985571533333333250e+00
7.500000000000000000e-01 -1.649500160000000104e+00 -4.996602533333333263e+00
7.600199999999999179e-01 -1.605107920000000021e+00 -3.885122933333333251e+00
7.699799999999999978e-01 -1.571803279999999914e+00 -2.356428800000000212e+00
7.800000000000000266e-01 -1.557975160000000026e+00 -1.418933866666666876e+00
7.900199999999999445e-01 -1.543435759999999934e+00 -1.492432800000000226e+00
7.999799999999999134e-01 -1.528122320000000034e+00 -1.117302333333333397e+00
8.100000000000000533e-01 -1.521072280000000054e+00 -5.398057333333333707e-01
8.200199999999999712e-01 -1.517327599999999999e+00 -2.621624666666667047e-01
8.299799999999999400e-01 -1.515842279999999986e+00 1.236720666666666774e-01
8.399999999999999689e-01 -1.519817079999999931e+00 7.597446666666666237e-01
8.500199999999999978e-01 -1.531030200000000008e+00 1.063363599999999964e+00
8.599799999999999667e-01 -1.541071800000000103e+00 1.023720200000000080e+00
8.699999999999999956e-01 -1.551510880000000148e+00 1.212209400000000104e+00
8.800199999999999134e-01 -1.565318079999999945e+00 1.206072866666666688e+00
8.899799999999999933e-01 -1.575631639999999889e+00 6.881285333333333476e-01
8.999999999999999112e-01 -1.579083439999999783e+00 2.002044000000000323e-01
9.100199999999999401e-01 -1.579627359999999925e+00 -2.899163333333333314e-01
9.199800000000000200e-01 -1.573288599999999926e+00 -7.272489333333332917e-01
9.299999999999999378e-01 -1.565087960000000056e+00 -1.057610600000000067e+00
9.400199999999999667e-01 -1.552138479999999987e+00 -1.726701933333333550e+00
9.499799999999999356e-01 -1.530549040000000138e+00 -2.511306533333333757e+00
9.599999999999999645e-01 -1.501909559999999866e+00 -2.851082200000000011e+00
9.700199999999999934e-01 -1.473542040000000108e+00 -2.930055200000000415e+00
9.799799999999999622e-01 -1.443312640000000036e+00 -3.466722933333333589e+00
9.899999999999998801e-01 -1.404192239999999980e+00 -4.514849800000000357e+00
1.000019999999999909e+00 -1.353001000000000120e+00 -5.558688066666666927e+00
1.009979999999999878e+00 -1.293023359999999844e+00 -6.042079533333334140e+00
1.020000000000000018e+00 -1.232167079999999970e+00 -6.150480000000000835e+00
1.030019999999999936e+00 -1.170013760000000014e+00 -6.846837066666666693e+00
1.039979999999999905e+00 -1.095224759999999797e+00 -7.490092200000000311e+00
1.050000000000000044e+00 -1.020205639999999914e+00 -7.650409133333333500e+00
1.060019999999999962e+00 -9.422158799999998946e-01 -7.699082999999999899e+00
1.069979999999999931e+00 -8.662344399999999389e-01 -7.490580333333333840e+00
1.080000000000000071e+00 -7.924077599999999055e-01 -8.177000400000000724e+00
1.090019999999999989e+00 -7.026818799999999809e-01 -9.987452066666667960e+00
1.099979999999999958e+00 -5.926636000000000681e-01 -1.116960640000000105e+01
1.110000000000000098e+00 -4.792981199999999942e-01 -1.100643040000000106e+01
1.120020000000000016e+00 -3.725224400000000102e-01 -1.027757760000000076e+01
1.129979999999999984e+00 -2.737381999999999871e-01 -9.281123133333332831e+00
1.139999999999999902e+00 -1.868992800000000010e-01 -7.703162400000000076e+00
1.150020000000000042e+00 -1.196833200000000097e-01 -5.865305533333333265e+00
1.159980000000000011e+00 -6.960083999999999715e-02 -5.492894666666666481e+00
1.169999999999999929e+00 -9.832399999999999821e-03 -3.437713866666666895e+00
1.180019999999999847e+00 -8.577200000000000752e-04 -4.875754666666667347e-01
1.189980000000000038e+00 -8.367999999999999842e-05 -4.239786666666666565e-02
1.199999999999999956e+00 0.000000000000000000e+00 -7.496333333333333147e-03
