0.000000000000000000e+00 3.321886800000000335e+02 6.826928199999999833e+02
1.000000200000000089e-02 3.115720199999999522e+02 3.440677533333333486e+03
1.999999800000000147e-02 2.633744320000000130e+02 4.137069466666666813e+03
2.999999999999999889e-02 2.288313279999999850e+02 3.227910673333333762e+03
4.000000199999999978e-02 1.988167763999999806e+02 2.804531713333333300e+03
4.999999799999999689e-02 1.727397871999999950e+02 2.436688380000000052e+03
5.999999999999999778e-02 1.500830087999999876e+02 2.117090053333333344e+03
7.000000199999999173e-02 1.303979163999999855e+02 1.839408433333333505e+03
7.999999800000000272e-02 1.132947704000000044e+02 1.598148533333333489e+03
8.999999999999999667e-02 9.843487599999998849e+01 1.388533619999999928e+03
1.000000019999999906e-01 8.552409799999999507e+01 1.206414559999999938e+03
1.099999979999999877e-01 7.430658479999999599e+01 1.048179166666666788e+03
1.199999999999999956e-01 6.456058440000001042e+01 9.106998999999999569e+02
1.300000020000000034e-01 5.609279599999999988e+01 7.912501866666667638e+02
1.399999979999999866e-01 4.873544120000000390e+01 6.874695533333333515e+02
1.499999999999999944e-01 4.234333519999999851e+01 5.973008666666667068e+02
1.600000020000000023e-01 3.678949360000000013e+01 5.189589533333333975e+02
1.699999979999999855e-01 3.196408639999999934e+01 4.508887600000000475e+02
1.799999999999999933e-01 2.777171840000000103e+01 3.917514066666666395e+02
1.900000019999999734e-01 2.412912800000000146e+01 3.403687486666667041e+02
1.999999979999999844e-01 2.096435040000000072e+01 2.957254686666666430e+02
2.099999999999999922e-01 1.821462559999999797e+01 2.569376966666666817e+02
2.200000019999999723e-01 1.582558251999999932e+01 2.232376686666666501e+02
2.299999980000000110e-01 1.374987919999999875e+01 1.939573393333333513e+02
2.399999999999999911e-01 1.194642875999999987e+01 1.685179220000000271e+02
2.500000019999999989e-01 1.037952076000000012e+01 1.464148959999999988e+02
2.599999980000000099e-01 9.018130839999999537e+00 1.272110333333333472e+02
2.700000000000000178e-01 7.835314039999999203e+00 1.105259386666666614e+02
2.800000019999999701e-01 6.807619040000000510e+00 9.602907600000000343e+01
2.899999979999999811e-01 5.914732519999999383e+00 8.343384133333333352e+01
2.999999999999999889e-01 5.138935239999999460e+00 7.249058933333333243e+01
3.100000019999999967e-01 4.464913759999999954e+00 6.298244933333333506e+01
3.199999980000000077e-01 3.879300200000000309e+00 5.472183866666667029e+01
3.300000000000000155e-01 3.370483960000000057e+00 4.754453533333332871e+01
3.400000020000000234e-01 2.928402520000000120e+00 4.130828333333333546e+01
3.499999979999999788e-01 2.544311320000000265e+00 3.589035200000000714e+01
3.599999999999999867e-01 2.210595479999999835e+00 3.118293359999999836e+01
3.700000019999999945e-01 1.920650556000000009e+00 2.709293413333333689e+01
3.799999980000000055e-01 1.668736100000000055e+00 2.353939320000000279e+01
3.900000000000000133e-01 1.449862691999999953e+00 2.045194986666666992e+01
4.000000020000000212e-01 1.259697799999999868e+00 1.776944800000000058e+01
4.099999979999999766e-01 1.094473731999999977e+00 1.543878566666666607e+01
4.199999999999999845e-01 9.509227839999999654e-01 1.337732886666666765e+01
4.300000019999999368e-01 8.269278519999999633e-01 1.173263333333333414e+01
4.399999980000000033e-01 7.162694199999999345e-01 1.054462140000000048e+01
4.499999999999999556e-01 6.160354239999999981e-01 9.495518266666666207e+00
4.600000019999999634e-01 5.263597519999999585e-01 8.390698200000000995e+00
4.699999980000000299e-01 4.482214599999999605e-01 7.486989066666666304e+00
4.799999999999999822e-01 3.766185760000000382e-01 6.983130866666666492e+00
4.900000019999999901e-01 3.085595399999999655e-01 6.626200800000000335e+00
4.999999979999999455e-01 2.440945600000000160e-01 6.221224466666667396e+00
5.100000000000000089e-01 1.841342836000000038e-01 5.755684733333333192e+00
5.200000019999999612e-01 1.289816323999999903e-01 5.281637533333332968e+00
5.299999979999999722e-01 7.850167239999999991e-02 4.817527333333333495e+00
5.400000000000000355e-01 3.263122520000000248e-02 4.359344466666667195e+00
5.500000019999999878e-01 -8.685209959999998924e-03 3.913399800000000095e+00
5.599999979999999988e-01 -4.563656160000000017e-02 3.490571733333333704e+00
5.699999999999999512e-01 -7.849686079999999844e-02 3.096362226666666828e+00
5.800000019999999035e-01 -1.075637364000000123e-01 2.728348046666666971e+00
5.899999980000000255e-01 -1.330639611999999972e-01 2.381124859999999899e+00
5.999999999999999778e-01 -1.551862336000000009e-01 2.048835066666666815e+00
6.100000019999999301e-01 -1.740405927999999769e-01 1.726998299999999986e+00
6.199999980000000521e-01 -1.897261995999999784e-01 1.416203806666666676e+00
6.300000000000000044e-01 -2.023645991999999949e-01 1.123864240000000070e+00
6.400000019999999568e-01 -2.122041119999999725e-01 8.589229000000000447e-01
6.499999980000000788e-01 -2.195428479999999849e-01 6.245177866666666855e-01
6.600000000000000311e-01 -2.246933520000000128e-01 4.176712866666666968e-01
6.700000019999999834e-01 -2.278962039999999911e-01 2.343465373333333546e-01
6.799999979999998834e-01 -2.293815240000000033e-01 7.392744466666666125e-02
6.899999999999999467e-01 -2.293752480000000038e-01 -6.314771733333333914e-02
7.000000019999998990e-01 -2.281179560000000106e-01 -1.797700926666666588e-01
7.099999979999999100e-01 -2.257791000000000103e-01 -2.832121706666666516e-01
7.199999999999999734e-01 -2.224528199999999956e-01 -3.794922866666667338e-01
7.300000019999999257e-01 -2.181893239999999901e-01 -4.694587466666667042e-01
7.399999979999999367e-01 -2.130639239999999879e-01 -5.494289333333334246e-01
7.500000000000000000e-01 -2.072013032000000199e-01 -6.149399133333333101e-01
7.600000019999999523e-01 -2.007656835999999945e-01 -6.629164466666667144e-01
7.699999979999999633e-01 -1.939428347999999913e-01 -6.931702533333333749e-01
7.800000000000000266e-01 -1.869024179999999868e-01 -7.104641199999999213e-01
7.900000019999999790e-01 -1.797337616000000138e-01 -7.254637600000000131e-01
7.999999979999999900e-01 -1.723931427999999821e-01 -7.501981733333332736e-01
8.100000000000000533e-01 -1.647297283999999973e-01 -7.892104866666667107e-01
8.200000020000000056e-01 -1.566087936000000180e-01 -8.346452399999999550e-01
8.299999979999999056e-01 -1.480368235999999782e-01 -8.711436666666666495e-01
8.399999999999999689e-01 -1.391859900000000094e-01 -8.865163800000001038e-01
8.500000019999999212e-01 -1.303064959999999939e-01 -8.783296866666666647e-01
8.599999979999999322e-01 -1.216194659999999955e-01 -8.519147000000000247e-01
8.699999999999999956e-01 -1.132682019999999984e-01 -8.156742866666667480e-01
8.800000019999999479e-01 -1.053058407999999946e-01 -7.779102000000001071e-01
8.899999979999999589e-01 -9.770999800000000624e-02 -7.436781066666666717e-01
8.999999999999999112e-01 -9.043234840000000108e-02 -7.120226599999999184e-01
9.100000019999999745e-01 -8.346954480000000343e-02 -6.784948733333333593e-01
9.199999979999999855e-01 -7.686238119999999618e-02 -6.401450266666667277e-01
9.299999999999999378e-01 -7.066671400000000547e-02 -5.972346200000000493e-01
9.400000020000000012e-01 -6.491768879999999797e-02 -5.515802066666667391e-01
9.499999980000000122e-01 -5.963497039999999388e-02 -5.050192600000000809e-01
9.599999999999999645e-01 -5.481730360000000579e-02 -4.587302733333333271e-01
9.700000020000000278e-01 -5.046029519999999796e-02 -4.132955200000000273e-01
9.799999979999999278e-01 -4.655139319999999914e-02 -3.698969800000000419e-01
9.899999999999998801e-01 -4.306235559999999768e-02 -3.303867706666666626e-01
1.000000001999999943e+00 -3.994360199999999472e-02 -2.955023219999999839e-01
1.009999997999999843e+00 -3.715245560000000197e-02 -2.644420493333333178e-01
1.020000000000000018e+00 -3.465481680000000175e-02 -2.370187186666666834e-01
1.030000001999999970e+00 -3.241198359999999945e-02 -2.141772166666666699e-01
1.039999997999999870e+00 -3.037123759999999992e-02 -1.963230426666666695e-01
1.050000000000000044e+00 -2.848550879999999993e-02 -1.827121420000000218e-01
1.060000001999999997e+00 -2.671693199999999879e-02 -1.722748053333333362e-01
1.069999997999999897e+00 -2.503998479999999804e-02 -1.642997526666666874e-01
1.080000000000000071e+00 -2.343102760000000118e-02 -1.592730253333333457e-01
1.090000002000000023e+00 -2.185470559999999965e-02 -1.585450093333333477e-01
1.099999997999999923e+00 -2.026009952000000156e-02 -1.618162000000000211e-01
1.110000000000000098e+00 -1.861829791999999872e-02 -1.660089166666666727e-01
1.120000002000000050e+00 -1.693992815999999929e-02 -1.648143846666666745e-01
1.129999997999999950e+00 -1.532201719999999948e-02 -1.737416459999999996e-01
1.139999999999999902e+00 -1.346509523999999888e-02 -2.106874119999999906e-01
1.150000001999999855e+00 -1.110826896000000064e-02 -3.577075933333333513e-01
1.159999997999999977e+00 -6.310915480000000091e-03 -4.640927666666667117e-01
1.169999999999999929e+00 -1.826387127999999985e-03 -3.379054186666666793e-01
1.180000001999999881e+00 4.471880119999999538e-04 -9.301310933333334363e-02
1.189999998000000003e+00 3.387533760000000161e-05 2.235943546666666754e-02
1.199999999999999956e+00 0.000000000000000000e+00 -1.558438886666666662e-02
