0.000000000000000000e+00 2.318101141743616154e+03 1.362828269917406715e+03
1.000000200000000089e-02 2.237788091045772035e+03 1.469978186943521905e+04
1.999999800000000147e-02 2.024105504354283994e+03 2.496482775631931145e+04
2.999999999999999889e-02 1.738491535919315766e+03 2.860807621178083355e+04
4.000000199999999978e-02 1.451943980119016032e+03 2.644308535367669538e+04
4.999999799999999689e-02 1.209629828846339933e+03 2.140157565646752118e+04
5.999999999999999778e-02 1.023912466990083999e+03 1.660151987043529880e+04
7.000000199999999173e-02 8.775994314386800852e+02 1.356762962048958798e+04
7.999999800000000272e-02 7.525598745793159878e+02 1.176094838765739405e+04
8.999999999999999667e-02 6.423804636850439920e+02 1.018868922057244708e+04
1.000000019999999906e-01 5.487860901691919935e+02 8.677605691969853069e+03
1.099999979999999877e-01 4.688283498453679954e+02 7.413284757139746944e+03
1.199999999999999956e-01 4.005203950245839906e+02 6.333174477068319902e+03
1.300000020000000034e-01 3.421648603044200172e+02 5.410435491278307381e+03
1.399999979999999866e-01 2.923116852005520059e+02 4.622138914894840127e+03
1.499999999999999944e-01 2.497220820052680210e+02 3.948696585151106774e+03
1.600000020000000023e-01 2.133377534969719989e+02 3.373374320563433685e+03
1.699999979999999855e-01 1.822545955943480180e+02 2.881876097909187138e+03
1.799999999999999933e-01 1.557002315378120159e+02 2.461988814305686901e+03
1.900000019999999734e-01 1.330148193083039985e+02 2.103278807220539875e+03
1.999999979999999844e-01 1.136346553952839997e+02 1.796832591279880035e+03
2.099999999999999922e-01 9.707816748228799497e+01 1.535035369536106828e+03
2.200000019999999723e-01 8.293394800400399447e+01 1.311381815512713501e+03
2.299999980000000110e-01 7.085053117196399342e+01 1.120314424141140080e+03
2.399999999999999911e-01 6.052765952097200142e+01 9.570854148624866866e+02
2.500000019999999989e-01 5.170882287478400485e+01 8.176387553341867260e+02
2.599999980000000099e-01 4.417488441331200022e+01 6.985093742359866837e+02
2.700000000000000178e-01 3.773863539117999721e+01 5.967370586502667038e+02
2.800000019999999701e-01 3.224014324100399875e+01 5.097928965596800026e+02
2.899999979999999811e-01 2.754277745956800061e+01 4.355164366189533780e+02
2.999999999999999889e-01 2.352981450939200059e+01 3.720620037006667076e+02
3.100000019999999967e-01 2.010153738625200148e+01 3.178528362163467023e+02
3.199999980000000077e-01 1.717275778534400033e+01 2.715419056098199917e+02
3.300000000000000155e-01 1.467069927342799929e+01 2.319784444269466803e+02
3.400000020000000234e-01 1.253318889499199962e+01 1.981779385107199971e+02
3.499999979999999788e-01 1.070714050363200087e+01 1.693093384692866721e+02
3.599999999999999867e-01 9.147002125675999906e+00 1.446576983376333487e+02
3.700000019999999945e-01 7.813986537227999740e+00 1.235654628723600013e+02
3.799999980000000055e-01 6.675692869484000092e+00 1.054540817295799968e+02
3.900000000000000133e-01 5.704904901172000109e+00 8.990309457868667664e+01
4.000000020000000212e-01 4.877630977980000004e+00 7.669699196162666510e+01
4.099999979999999766e-01 4.170965061799999596e+00 6.579939828002666502e+01
4.199999999999999845e-01 3.561643012240000239e+00 5.723601978930666689e+01
4.300000019999999368e-01 3.026244667547999700e+00 5.089201711178667153e+01
4.399999980000000033e-01 2.543802669028000008e+00 4.637621373634667066e+01
4.499999999999999556e-01 2.098720393100000248e+00 4.307253115075999972e+01
4.600000019999999634e-01 1.682352047268000028e+00 4.035045219351999890e+01
4.699999980000000299e-01 1.291711347555999811e+00 3.775608731890666547e+01
4.799999999999999822e-01 9.272303003319999348e-01 3.509428198480000560e+01
4.900000019999999901e-01 5.898257078599999925e-01 3.237486991962000360e+01
4.999999979999999455e-01 2.797329013119999597e-01 2.967908063824667053e+01
5.100000000000000089e-01 -3.755903580000000391e-03 2.704562698770000040e+01
5.200000019999999612e-01 -2.611796373960000306e-01 2.446890484864666959e+01
5.299999979999999722e-01 -4.931340013199999595e-01 2.195535037763333364e+01
5.400000000000000355e-01 -7.002866446000000078e-01 1.953091455224000228e+01
5.500000019999999878e-01 -8.837522915279999447e-01 1.722346554252666806e+01
5.599999979999999988e-01 -1.044755956635999850e+00 1.503927047492666702e+01
5.699999999999999512e-01 -1.184537702211999832e+00 1.295433746361333505e+01
5.800000019999999035e-01 -1.303842704931999830e+00 1.094245085814000085e+01
5.899999980000000255e-01 -1.403386719583999964e+00 9.022452730693334644e+00
5.999999999999999778e-01 -1.484291761079999938e+00 7.241065512906667223e+00
6.100000019999999301e-01 -1.548208028307999973e+00 5.634963108406666699e+00
6.199999980000000521e-01 -1.596991022759999934e+00 4.194623583940000344e+00
6.300000000000000044e-01 -1.632100500195999837e+00 2.878430664960000218e+00
6.400000019999999568e-01 -1.654559634804000146e+00 1.643201566399999924e+00
6.499999980000000788e-01 -1.664964531524000035e+00 4.825177149733333448e-01
6.600000000000000311e-01 -1.664209991055999982e+00 -5.714992648600000225e-01
6.700000019999999834e-01 -1.653534546436000063e+00 -1.481645897106666832e+00
6.799999979999998834e-01 -1.634577072555999822e+00 -2.244353306473333198e+00
6.899999999999999467e-01 -1.608647481491999987e+00 -2.886257687706666797e+00
7.000000019999998990e-01 -1.576851918243999950e+00 -3.441695566779999993e+00
7.099999979999999100e-01 -1.539813568692000034e+00 -3.930801927666666806e+00
7.199999999999999734e-01 -1.498235880388000041e+00 -4.352092893846666755e+00
7.300000019999999257e-01 -1.452771712140000115e+00 -4.699724407533333981e+00
7.399999979999999367e-01 -1.404241391539999828e+00 -4.982436196206666779e+00
7.500000000000000000e-01 -1.353122986612000034e+00 -5.214329664800000153e+00
7.600000019999999523e-01 -1.299954798244000065e+00 -5.402474493706666436e+00
7.699999979999999633e-01 -1.245073498271999979e+00 -5.557090298180000332e+00
7.800000000000000266e-01 -1.188812992908000021e+00 -5.691849253566666711e+00
7.900000019999999790e-01 -1.131236512852000109e+00 -5.807068249053332742e+00
7.999999979999999900e-01 -1.072671627647999948e+00 -5.882435704486667305e+00
8.100000000000000533e-01 -1.013587798832000120e+00 -5.902109981246667303e+00
8.200000020000000056e-01 -9.546294272559999738e-01 -5.870742599493333103e+00
8.299999979999999056e-01 -8.961729474000000861e-01 -5.796733315786666729e+00
8.399999999999999689e-01 -8.386947620560000205e-01 -5.676386402926667074e+00
8.500000019999999212e-01 -7.826452181560000776e-01 -5.508284074160000543e+00
8.599999979999999322e-01 -7.285290797360000070e-01 -5.302227311133333565e+00
8.699999999999999956e-01 -6.766006712359999842e-01 -5.073245990220000223e+00
8.800000019999999479e-01 -6.270641593040000572e-01 -4.835139103806667116e+00
8.899999979999999589e-01 -5.798978896479999312e-01 -4.598390437933333352e+00
8.999999999999999112e-01 -5.350963519400000479e-01 -4.363447440019999846e+00
9.100000019999999745e-01 -4.926289423119999955e-01 -4.126556350786667160e+00
9.199999979999999855e-01 -4.525652239479999728e-01 -3.885921320726666739e+00
9.299999999999999378e-01 -4.149105147119999670e-01 -3.637481899873333813e+00
9.400000020000000012e-01 -3.798155871359999991e-01 -3.371933294113333535e+00
9.499999980000000122e-01 -3.474718487599999794e-01 -3.089916429486666782e+00
9.599999999999999645e-01 -3.180172586159999981e-01 -2.808571647753333789e+00
9.700000020000000278e-01 -2.913004165720000094e-01 -2.547407535786666788e+00
9.799999979999999278e-01 -2.670691069239999882e-01 -2.313617505319999879e+00
9.899999999999998801e-01 -2.450280668839999731e-01 -2.106023394253333514e+00
1.000000001999999943e+00 -2.249486387599999859e-01 -1.919155257160000128e+00
1.009999997999999843e+00 -2.066449609039999746e-01 -1.745676819626666765e+00
1.020000000000000018e+00 -1.900351022279999913e-01 -1.580794933093333521e+00
1.030000001999999970e+00 -1.750290627999999959e-01 -1.427905419126666686e+00
1.039999997999999870e+00 -1.614769947520000026e-01 -1.295265391266666732e+00
1.050000000000000044e+00 -1.491237535799999903e-01 -1.189369463513333391e+00
1.060000001999999997e+00 -1.376896054119999824e-01 -1.109983725860000048e+00
1.069999997999999897e+00 -1.269240792720000011e-01 -1.050294579633333392e+00
1.080000000000000071e+00 -1.166837141679999967e-01 -1.001847764699999921e+00
1.090000002000000023e+00 -1.068871250239999959e-01 -9.542867548666666977e-01
1.099999997999999923e+00 -9.759797767600000840e-02 -9.092115605466667416e-01
1.110000000000000098e+00 -8.870289409199999531e-02 -9.005849335600001337e-01
1.120000002000000050e+00 -7.958628026000000300e-02 -9.749171418733333372e-01
1.129999997999999950e+00 -6.920455034799999350e-02 -1.138203892353333302e+00
1.139999999999999902e+00 -5.682220108800000585e-02 -1.332572797819999932e+00
1.150000001999999855e+00 -4.255309376400000232e-02 -1.456033052973333186e+00
1.159999997999999977e+00 -2.770154016799999952e-02 -1.396528204973333409e+00
1.169999999999999929e+00 -1.462252980400000069e-02 -1.109748710580000131e+00
1.180000001999999881e+00 -5.506566584000000333e-03 -6.779305528466667008e-01
1.189999998000000003e+00 -1.063920071999999812e-03 -2.872182321199999722e-01
1.199999999999999956e+00 2.377976400000000044e-04 2.687474550666666892e-02
