0.000000000000000000e+00 1.911826245719492135e+03 3.020715056055097011e+04
1.000000200000000089e-02 1.609754740113807884e+03 2.785420657346505686e+04
1.999999800000000147e-02 1.354742114249911992e+03 2.351227851253241533e+04
2.999999999999999889e-02 1.139509169864135856e+03 1.984217670081377582e+04
4.000000199999999978e-02 9.578985802337759878e+02 1.674034288961054699e+04
4.999999799999999689e-02 8.047023120701120433e+02 1.411915054658808549e+04
5.999999999999999778e-02 6.755155693020840317e+02 1.190445635705152927e+04
7.000000199999999173e-02 5.666131849299880514e+02 1.003352782952125926e+04
7.999999800000000272e-02 4.748450127118679802e+02 8.453289249536081115e+03
8.999999999999999667e-02 3.975473999388479456e+02 7.118837093631380412e+03
1.000000019999999906e-01 3.324682708398679551e+02 5.992183521814747110e+03
1.099999979999999877e-01 2.777037295028320045e+02 5.041192921007940640e+03
1.199999999999999956e-01 2.316444124194999858e+02 4.238681850229620068e+03
1.300000020000000034e-01 1.929300924976120086e+02 3.561657291039560278e+03
1.399999979999999866e-01 1.604112665978720145e+02 2.990671960487100023e+03
1.499999999999999944e-01 1.331166532889160123e+02 2.509278705635560073e+03
1.600000020000000023e-01 1.102256924843240000e+02 2.103568760108086735e+03
1.699999979999999855e-01 9.104527808682399836e+01 1.761780980115446710e+03
1.799999999999999933e-01 7.499007288333999099e+01 1.473971155869033282e+03
1.900000019999999734e-01 6.156585496979199945e+01 1.231732168823753227e+03
1.999999979999999844e-01 5.035542950554000186e+01 1.027957182699793293e+03
2.099999999999999922e-01 4.100671131530799585e+01 1.206050649968359949e+03
2.200000019999999723e-01 2.623441650742799780e+01 1.271856524658500120e+03
2.299999980000000110e-01 1.556958082109199992e+01 5.849978510291133489e+02
2.399999999999999911e-01 1.453445948677600086e+01 2.701125669126799949e+02
2.500000019999999989e-01 1.016732948451199903e+01 2.897254037455999764e+02
2.599999980000000099e-01 8.739951411864000264e+00 8.972931956877334869e+01
2.700000000000000178e-01 8.372743093276000081e+00 6.223403979907999428e+01
2.800000019999999701e-01 7.495270615464000308e+00 9.063144944782000323e+01
2.899999979999999811e-01 6.560114103691999432e+00 8.939268441250668218e+01
2.999999999999999889e-01 5.707416926656000200e+00 8.018870130364000204e+01
3.100000019999999967e-01 4.956340076363999536e+00 7.124257134366666833e+01
3.199999980000000077e-01 4.282565500479999621e+00 6.540591822238000930e+01
3.300000000000000155e-01 3.648221712543999740e+00 6.208752710905333316e+01
3.400000020000000234e-01 3.040814958019999903e+00 5.912608407799999810e+01
3.499999979999999788e-01 2.465700030983999813e+00 5.544294093789999778e+01
3.599999999999999867e-01 1.931956140307999892e+00 5.129302697825333013e+01
3.700000019999999945e-01 1.439839491140000094e+00 4.712484416139334087e+01
3.799999980000000055e-01 9.894592565920000693e-01 4.319373908898000280e+01
3.900000000000000133e-01 5.759647099879999788e-01 3.971332365651999652e+01
4.000000020000000212e-01 1.951927838799999981e-01 3.661243156297999946e+01
4.099999979999999766e-01 -1.562839206440000128e-01 3.366492525810667047e+01
4.199999999999999845e-01 -4.781057218400000530e-01 3.068387996739333445e+01
4.300000019999999368e-01 -7.699615204799999946e-01 2.762444979366667042e+01
4.399999980000000033e-01 -1.030594717015999917e+00 2.447243092161999911e+01
4.499999999999999556e-01 -1.259410139539999918e+00 2.125055065794666476e+01
4.600000019999999634e-01 -1.455605731987999807e+00 1.807272236698666745e+01
4.699999980000000299e-01 -1.620864585763999832e+00 1.510284110749333486e+01
4.799999999999999822e-01 -1.757662553580000120e+00 1.241735572805333376e+01
4.900000019999999901e-01 -1.869211700604000104e+00 1.003194596740666711e+01
4.999999979999999455e-01 -1.958301472440000079e+00 7.940477195940000676e+00
5.100000000000000089e-01 -2.028021244731999850e+00 6.022960971966667465e+00
5.200000019999999612e-01 -2.078760692227999751e+00 4.052309656460000298e+00
5.299999979999999722e-01 -2.109067437651999999e+00 1.950492956920000243e+00
5.400000000000000355e-01 -2.117770550947999819e+00 -1.259295334066666550e-01
5.500000019999999878e-01 -2.106548847472000219e+00 -1.897281280753333244e+00
5.599999979999999988e-01 -2.079824926100000138e+00 -3.132213838313333110e+00
5.699999999999999512e-01 -2.043904570635999729e+00 -3.839246046259999989e+00
5.800000019999999035e-01 -2.003040005383999844e+00 -4.318649906400000127e+00
5.899999980000000255e-01 -1.957531572507999806e+00 -4.916720423353333480e+00
5.999999999999999778e-01 -1.904705595592000034e+00 -5.718552911826666474e+00
6.100000019999999301e-01 -1.843160514131999994e+00 -6.502041513506666703e+00
6.199999980000000521e-01 -1.774664764763999925e+00 -6.990553645280000339e+00
6.300000000000000044e-01 -1.703349440807999882e+00 -7.094872260820000776e+00
6.400000019999999568e-01 -1.632767321011999950e+00 -6.931256417820000237e+00
6.499999980000000788e-01 -1.564724313916000087e+00 -6.767134056293333977e+00
6.600000000000000311e-01 -1.497424640443999921e+00 -6.907328989999999891e+00
6.700000019999999834e-01 -1.426577734115999974e+00 -7.444973254986666511e+00
6.799999979999998834e-01 -1.348525174368000012e+00 -8.186369415026666374e+00
6.899999999999999467e-01 -1.262850345676000074e+00 -8.883374443826665967e+00
7.000000019999998990e-01 -1.170857685352000077e+00 -9.336553804360001152e+00
7.099999979999999100e-01 -1.076119268752000036e+00 -9.403483746120000930e+00
7.199999999999999734e-01 -9.827880108480000487e-01 -9.076244926399999358e+00
7.300000019999999257e-01 -8.945943702240000128e-01 -8.467621597866665795e+00
7.399999979999999367e-01 -8.134355795879999462e-01 -7.733063851106667386e+00
7.500000000000000000e-01 -7.399330926439999789e-01 -7.055546157946666952e+00
7.600000019999999523e-01 -6.723246546159999948e-01 -6.596155300746666228e+00
7.699999979999999633e-01 -6.080099869080000108e-01 -6.392531362873333123e+00
7.800000000000000266e-01 -5.444740285440000660e-01 -6.379592363793332943e+00
7.900000019999999790e-01 -4.804181391440000004e-01 -6.414017412746667368e+00
7.999999979999999900e-01 -4.161936805679999907e-01 -6.304894540126666058e+00
8.100000000000000533e-01 -3.543202492479999854e-01 -5.924268752073333921e+00
8.200000020000000056e-01 -2.977083046199999750e-01 -5.289050469086666872e+00
8.299999979999999056e-01 -2.485392399359999671e-01 -4.501765222126667076e+00
8.399999999999999689e-01 -2.076730010839999974e-01 -3.696549275806666923e+00
8.500000019999999212e-01 -1.746082549079999990e-01 -3.011460896146667121e+00
8.599999979999999322e-01 -1.474437834400000036e-01 -2.542332776133333194e+00
8.699999999999999956e-01 -1.237615986879999908e-01 -2.277168170920000012e+00
8.800000019999999479e-01 -1.019004183480000103e-01 -2.134941448460000224e+00
8.899999979999999589e-01 -8.106276992800000303e-02 -2.030646646853333515e+00
8.999999999999999112e-01 -6.128748513200000386e-02 -1.882563502886666740e+00
9.100000019999999745e-01 -4.341149994000000067e-02 -1.634557980266666766e+00
9.199999979999999855e-01 -2.859632622399999741e-02 -1.265503835686666800e+00
9.299999999999999378e-01 -1.810142329600000072e-02 -7.909167567333332816e-01
9.400000020000000012e-01 -1.277799039199999966e-02 -2.848084189666666988e-01
9.499999980000000122e-01 -1.240525456799999870e-02 1.329394976599999889e-01
9.599999999999999645e-01 -1.543678222800000041e-02 3.775764086599999736e-01
9.700000020000000278e-01 -1.995678253199999891e-02 4.529610045466666568e-01
9.799999979999999278e-01 -2.449600203999999920e-02 4.185083690866666650e-01
9.899999999999998801e-01 -2.832694984399999893e-02 3.384614548333333417e-01
1.000000001999999943e+00 -3.126523078799999661e-02 2.640422228066666710e-01
1.009999997999999843e+00 -3.360779381199999888e-02 2.191182382466666800e-01
1.020000000000000018e+00 -3.564759632000000233e-02 2.151989634133333329e-01
1.030000001999999970e+00 -3.791177419599999626e-02 2.523905952000000119e-01
1.039999997999999870e+00 -4.069540822399999452e-02 3.097278975933333567e-01
1.050000000000000044e+00 -4.410633263600000076e-02 3.531176651399999811e-01
1.060000001999999997e+00 -4.775775964399999601e-02 3.565200625600000173e-01
1.069999997999999897e+00 -5.123673263200000105e-02 3.102828180266666847e-01
1.080000000000000071e+00 -5.396341614399999265e-02 2.134283922400000144e-01
1.090000002000000023e+00 -5.550530173199999528e-02 7.353749237999999966e-02
1.099999997999999923e+00 -5.543416745600000112e-02 -8.157683220666667179e-02
1.110000000000000098e+00 -5.387376348400000486e-02 -2.142224352466666759e-01
1.120000002000000050e+00 -5.114971798399999686e-02 -3.082558652799999854e-01
1.129999997999999950e+00 -4.770864785199999819e-02 -3.779738537933333697e-01
1.139999999999999902e+00 -4.359024042000000237e-02 -4.528164403733333510e-01
1.150000001999999855e+00 -3.865231918400000022e-02 -5.474860197133333273e-01
1.159999997999999977e+00 -3.264051995600000117e-02 -1.777427556893333316e+00
1.169999999999999929e+00 -3.103766512000000113e-03 -1.613824649426666813e+00
1.180000001999999881e+00 -3.640268279999999855e-04 -1.533657403333333336e-01
1.189999998000000003e+00 -3.645309999999999832e-05 -1.820138324000000057e-02
1.199999999999999956e+00 0.000000000000000000e+00 -3.645226320000000131e-03
