0.000000000000000000e+00 2.756863427301611930e+20 3.308438056379944953e+23
1.000000000000000021e-02 1.378599999781914706e+20 1.654319999869148809e+23
2.000000000000000042e-02 3.365722622174218000e+16 2.019433583527265075e+19
2.999999999999999889e-02 2.594078817810510938e+14 1.037631586955480000e+17
4.000000000000000083e-02 8.217091004394529297e+12 2.465128099969482000e+15
5.000000000000000278e-02 5.646731642559997559e+11 1.355217269107199219e+14
5.999999999999999778e-02 6.333154225973289490e+10 1.266635519513073242e+13
7.000000000000000666e-02 9.959870946238546371e+09 1.707422336714442871e+12
8.000000000000000167e-02 2.006043840557336330e+09 3.009128155454992676e+11
8.999999999999999667e-02 4.880807148802763224e+08 6.508016442005514526e+10
1.000000000000000056e-01 1.378381914999999404e+08 1.654189148999999046e+10
1.100000000000000006e-01 4.391413419984621555e+07 4.791304294330691338e+09
1.199999999999999956e-01 1.545461280608261004e+07 1.545826461734482527e+09
1.300000000000000044e-01 5.912706293746000156e+06 5.459968056872451305e+08
1.400000000000000133e-01 2.428757980268510990e+06 2.083033866065475941e+08
1.499999999999999944e-01 1.060620205486592604e+06 8.492620047184923291e+07
1.600000000000000033e-01 4.884772198638528353e+05 3.668453728587336838e+07
1.700000000000000122e-01 2.357163648257815221e+05 1.667069076010237448e+07
1.799999999999999933e-01 1.185291535261194367e+05 7.923316766467578709e+06
1.900000000000000022e-01 6.182310466779139097e+04 3.919255814286069013e+06
2.000000000000000111e-01 3.331646874999998545e+04 2.009210859374998836e+06
2.099999999999999922e-01 1.848732441586796995e+04 1.063683644512790022e+06
2.200000000000000011e-01 1.053188071985371425e+04 5.797121002179773059e+05
2.300000000000000100e-01 6.143457294117620222e+03 3.243713111504724366e+05
2.399999999999999911e-01 3.660762838633608226e+03 1.858911194802874525e+05
2.500000000000000000e-01 2.223579381760000160e+03 1.088756731084800122e+05
2.600000000000000089e-01 1.374037974280338176e+03 6.504629679309970379e+04
2.700000000000000178e-01 8.621956408340115559e+02 3.957072960251333279e+04
2.800000000000000266e-01 5.484094683779112529e+02 2.447303757861427948e+04
2.899999999999999800e-01 3.529750635983069174e+02 1.536442666162177557e+04
2.999999999999999889e-01 2.294922738366066142e+02 9.778003710665912877e+03
3.099999999999999978e-01 1.504512824675038871e+02 6.299524272831702547e+03
3.200000000000000067e-01 9.926374083057962139e+01 4.103216813056142200e+03
3.300000000000000155e-01 6.576875735150571245e+01 2.698620225017412395e+03
3.400000000000000244e-01 4.365120265906159602e+01 1.789759878225393777e+03
3.500000000000000333e-01 2.893276241786723091e+01 1.195356910043456764e+03
3.599999999999999867e-01 1.907563701011878976e+01 8.028326768447041104e+02
3.699999999999999956e-01 1.244204052173881081e+01 5.413623736331148848e+02
3.800000000000000044e-01 7.963609206249519623e+00 3.658470629628347410e+02
3.900000000000000133e-01 4.936493322445862475e+00 2.472430022673698886e+02
4.000000000000000222e-01 2.892755508422849786e+00 1.666477775573729332e+02
4.100000000000000311e-01 1.518707930554311858e+00 1.116377306893122636e+02
4.199999999999999845e-01 6.024816075512178237e-01 7.397240445943594978e+01
4.299999999999999933e-01 1.386263767866324770e-05 4.813947471671753675e+01
4.400000000000000022e-01 -3.872314653578339261e-01 3.042257259643476885e+01
4.500000000000000111e-01 -6.269918837469503625e-01 1.829806413428833878e+01
4.600000000000000200e-01 -7.660254090462277343e-01 1.004098237261318971e+01
4.700000000000000289e-01 -8.367094979873712646e-01 4.465279401346961663e+00
4.799999999999999822e-01 -8.615089316055338786e-01 7.511638083545655320e-01
4.899999999999999911e-01 -8.560218072574935499e-01 -1.670589614010811630e+00
5.000000000000000000e-01 -8.310694400000000481e-01 -3.196738559999998230e+00
5.100000000000000089e-01 -7.941386918735099387e-01 -4.104666528105122225e+00
5.200000000000000178e-01 -7.503826932517749793e-01 -4.588714951186771529e+00
5.300000000000000266e-01 -7.033184878441128829e-01 -4.785198465654224798e+00
5.400000000000000355e-01 -6.553154387709605455e-01 -4.789726687084324475e+00
5.500000000000000444e-01 -6.079383842359433743e-01 -4.669261826649900193e+00
5.600000000000000533e-01 -5.621894524246215941e-01 -4.470552399136338728e+00
5.700000000000000622e-01 -5.186788455716910828e-01 -4.226057902449028347e+00
5.799999999999999600e-01 -4.777456317512980832e-01 -3.958127060731844171e+00
5.899999999999999689e-01 -4.395432231930452294e-01 -3.681954388140372458e+00
5.999999999999999778e-01 -4.040998318722117122e-01 -3.407678221806372143e+00
6.099999999999999867e-01 -3.713611487399534061e-01 -3.141872880683292735e+00
6.199999999999999956e-01 -3.412203697983894335e-01 -2.888611618885621901e+00
6.300000000000000044e-01 -3.135392042884573849e-01 -2.650224490702903779e+00
6.400000000000000133e-01 -2.881624527307189987e-01 -2.427838708158745362e+00
6.500000000000000222e-01 -2.649280019558411525e-01 -2.221763542335082775e+00
6.600000000000000311e-01 -2.436735586045182533e-01 -2.031763896084105347e+00
6.700000000000000400e-01 -2.242410681483582857e-01 -1.857254035775699252e+00
6.800000000000000488e-01 -2.064794989169513040e-01 -1.697434018389795796e+00
6.900000000000000577e-01 -1.902464788687365238e-01 -1.551384986275565314e+00
7.000000000000000666e-01 -1.754091350929116999e-01 -1.418134960949843260e+00
7.099999999999999645e-01 -1.618443868700546184e-01 -1.296703516336543016e+00
7.199999999999999734e-01 -1.494388716279040352e-01 -1.186131377334251891e+00
7.299999999999999822e-01 -1.380886315321616931e-01 -1.085499308632889015e+00
7.399999999999999911e-01 -1.276986511972221516e-01 -9.939394454408754243e-01
7.500000000000000000e-01 -1.181823101082528499e-01 -9.106413403328684764e-01
7.600000000000000089e-01 -1.094607939521537454e-01 -8.348543648102609849e-01
7.700000000000000178e-01 -1.014624950969309353e-01 -7.658876431847085886e-01
7.800000000000000266e-01 -9.412242244488648601e-02 -7.031083618339127872e-01
7.900000000000000355e-01 -8.738163373351526264e-02 -6.459390540331287900e-01
8.000000000000000444e-01 -8.118669828400013055e-02 -5.938542843796310589e-01
8.100000000000000533e-01 -7.548919462966204030e-02 -5.463770291619162167e-01
8.200000000000000622e-01 -7.024524497975871695e-02 -5.030749567166235003e-01
8.300000000000000711e-01 -6.541508678447603697e-02 -4.635567452886583117e-01
8.399999999999999689e-01 -6.096268054372750572e-02 -4.274685281851606788e-01
8.499999999999999778e-01 -5.685535228425012133e-02 -3.944905219969230825e-01
8.599999999999999867e-01 -5.306346869897326374e-02 -3.643338696270906341e-01
8.699999999999999956e-01 -4.956014271423963419e-02 -3.367377130907360794e-01
8.800000000000000044e-01 -4.632096716210290510e-02 -3.114664995342635856e-01
8.900000000000000133e-01 -4.332377424168047664e-02 -2.883075162085817489e-01
9.000000000000000222e-01 -4.054841852304077315e-02 -2.670686451441347531e-01
9.100000000000000311e-01 -3.797658135617871383e-02 -2.475763252359930722e-01
9.200000000000000400e-01 -3.559159467983218084e-02 -2.296737077811533689e-01
9.300000000000000488e-01 -3.337828236867309423e-02 -2.132189908010244661e-01
9.400000000000000577e-01 -3.132281740479575527e-02 -1.980839174268884673e-01
9.500000000000000666e-01 -2.941259330503704153e-02 -1.841524240059240758e-01
9.599999999999999645e-01 -2.763610837597896275e-02 -1.713194242427611147e-01
9.699999999999999734e-01 -2.598286150132109867e-02 -1.594897165143190909e-01
9.799999999999999822e-01 -2.444325829043360321e-02 -1.485770024047892712e-01
9.899999999999999911e-01 -2.300852653173796059e-02 -1.385030054481249662e-01
1.000000000000000000e+00 -2.167064000000000143e-02 -1.291966800000000082e-01
1.010000000000000009e+00 -2.042224976284631038e-02 -1.205935010652550016e-01
1.020000000000000018e+00 -1.925662221922188125e-02 -1.126348267649187884e-01
1.030000000000000027e+00 -1.816758318160207122e-02 -1.052673259300116460e-01
1.040000000000000036e+00 -1.714946738513077606e-02 -9.844246405312885584e-02
1.050000000000000044e+00 -1.619707287107993374e-02 -9.211604151205697588e-02
1.060000000000000053e+00 -1.530561974971595719e-02 -8.624777860332016877e-02
1.070000000000000062e+00 -1.447071289940148227e-02 -8.080094248990964123e-02
1.080000000000000071e+00 -1.368830820511324903e-02 -7.574201167970172344e-02
1.090000000000000080e+00 -1.295468198104258485e-02 -7.104037411287955628e-02
1.100000000000000089e+00 0.000000000000000000e+00 -6.666805535192017740e-02
1.110000000000000098e+00 0.000000000000000000e+00 -6.259947374030071232e-02
1.120000000000000107e+00 0.000000000000000000e+00 -5.881121972983228280e-02
1.130000000000000115e+00 0.000000000000000000e+00 -5.528185687509367535e-02
1.140000000000000124e+00 0.000000000000000000e+00 -5.199174226023886569e-02
1.150000000000000133e+00 0.000000000000000000e+00 -4.892286436167495728e-02
1.159999999999999920e+00 0.000000000000000000e+00 -4.605869656268188339e-02
1.169999999999999929e+00 0.000000000000000000e+00 -4.338406472564881877e-02
1.179999999999999938e+00 0.000000000000000000e+00 -4.088502739666795283e-02
1.189999999999999947e+00 0.000000000000000000e+00 -3.854876736794894676e-02
1.199999999999999956e+00 0.000000000000000000e+00 -3.636349345788471993e-02
