0.000000000000000000e+00 5.109318865858245689e+21 3.678934141612698712e+24
1.666666666666666644e-02 2.554971319074648228e+21 1.839579349819071585e+24
3.333333333333333287e-02 6.237722910504673280e+17 2.245580254447724462e+20
5.000000000000000278e-02 4.807628968272795000e+15 1.153830991400255488e+18
6.666666666666666574e-02 1.522881000339369062e+14 2.741186321395377200e+16
8.333333333333334259e-02 1.046514735495219336e+13 1.506982311277398750e+15
1.000000000000000056e-01 1.173732540407889404e+12 1.408482096519538438e+14
1.166666666666666824e-01 1.845885716879501953e+11 1.898635669552880078e+13
1.333333333333333315e-01 3.717882190975244141e+10 3.346134658167796875e+12
1.499999999999999944e-01 9.045956707475799561e+09 7.236943760058895264e+11
1.666666666666666852e-01 2.554734304493306637e+09 1.839494024569788513e+11
1.833333333333333481e-01 8.139588120127863884e+08 5.328168259783322144e+10
2.000000000000000111e-01 2.864776604615203738e+08 1.719104090118453598e+10
2.166666666666666741e-01 1.096153302139422596e+08 6.072362702582125664e+09
2.333333333333333648e-01 4.503458309250240773e+07 2.316873707901783943e+09
2.500000000000000000e-01 1.967124170046228543e+07 9.447189908690955639e+08
2.666666666666666630e-01 9.062954371006915346e+06 4.081508083365394473e+08
2.833333333333333814e-01 4.375477273062382825e+06 1.855222703731610179e+08
2.999999999999999889e-01 2.201625888708626851e+06 8.820440592198230326e+07
3.166666666666667074e-01 1.149326165227925638e+06 4.364886848072455078e+07
3.333333333333333703e-01 6.200689382170168683e+05 2.238914219347513095e+07
3.499999999999999778e-01 3.445762524744110997e+05 1.186141725627123937e+07
3.666666666666666963e-01 1.966626281237549847e+05 6.470438800356517546e+06
3.833333333333333592e-01 1.149864387494731200e+05 3.624635593992635142e+06
4.000000000000000222e-01 6.871996731580916094e+04 2.080202718640814768e+06
4.166666666666666852e-01 4.189449300191205111e+04 1.220541101277246606e+06
4.333333333333333481e-01 2.600629609285391416e+04 7.307977785384154413e+05
4.500000000000000666e-01 1.641062598679913935e+04 4.457737153066711617e+05
4.666666666666667296e-01 1.051061239952024880e+04 2.765965978756337427e+05
4.833333333333333370e-01 6.822748772849573470e+03 1.743388150034341670e+05
5.000000000000000000e-01 4.482506085775095926e+03 1.114816245500531804e+05
5.166666666666667185e-01 2.976679670318035733e+03 7.223710277317161672e+04
5.333333333333333259e-01 1.995347113175693266e+03 4.737860411854928680e+04
5.500000000000000444e-01 1.348335278245568588e+03 3.142029961362108588e+04
5.666666666666667629e-01 9.172019821212370516e+02 2.104762273665822431e+04
5.833333333333333703e-01 6.271491076300445684e+02 1.422753067579525487e+04
5.999999999999999778e-01 4.303245145877404525e+02 9.695321335795588311e+03
6.166666666666666963e-01 2.957421136908053541e+02 6.653787607033855238e+03
6.333333333333334147e-01 2.031092005706565260e+02 4.594134100310832764e+03
6.500000000000000222e-01 1.389951857295683624e+02 3.187829222150146961e+03
6.666666666666667407e-01 9.442321201127521135e+01 2.220402329191421813e+03
6.833333333333334592e-01 6.333799454056518385e+01 1.550394883044776861e+03
6.999999999999999556e-01 4.162003111655241128e+01 1.083598078114139071e+03
7.166666666666666741e-01 2.644455375111375517e+01 7.566979454411419965e+02
7.333333333333333925e-01 1.586044686139798010e+01 5.267793856935512622e+02
7.500000000000000000e-01 8.511012908279594669e+00 3.645206266996942759e+02
7.666666666666667185e-01 3.447132656915509852e+00 2.497373080980470377e+02
7.833333333333334370e-01 1.183874142156249570e-03 1.684378766976531665e+02
8.000000000000000444e-01 -2.298722945229718650e+00 1.108605555601517665e+02
8.166666666666666519e-01 -3.787525778035105262e+00 7.015374353777242789e+01
8.333333333333333703e-01 -4.703785850860421114e+00 4.148191204588910352e+01
8.500000000000000888e-01 -5.217882823199007092e+00 2.141524523470231856e+01
8.666666666666666963e-01 -5.451730604820133053e+00 7.510008676043304909e+00
8.833333333333334147e-01 -5.492644884940315997e+00 -1.981900023674053823e+00
9.000000000000001332e-01 -5.403150512824887564e+00 -8.315269920783739721e+00
9.166666666666667407e-01 -5.227952611421977203e+00 -1.239335554228205005e+01
9.333333333333334592e-01 -4.998914758675278236e+00 -1.486779554034319517e+01
9.500000000000001776e-01 -4.738629081803033216e+00 -1.620940636769145726e+01
9.666666666666666741e-01 -4.462986325813583122e+00 -1.675859139159285505e+01
9.833333333333332815e-01 -4.183032261320405176e+00 -1.676140247874563016e+01
1.000000000000000000e+00 -3.906312498618650597e+00 -1.639544926896385135e+01
1.016666666666666607e+00 -3.637849033784500197e+00 -1.578858841633554633e+01
1.033333333333333437e+00 -3.380850687027735280e+00 -1.503245370940095071e+01
1.050000000000000044e+00 -3.137230588347026394e+00 -1.419228321230466960e+01
1.066666666666666652e+00 -2.907983322891356970e+00 -1.331407744427624174e+01
1.083333333333333481e+00 -2.693459727785932678e+00 -1.242982637132482004e+01
1.100000000000000089e+00 -2.493566877801417281e+00 -1.156133400009530909e+01
1.116666666666666696e+00 -2.307913288885769632e+00 -1.072302120268014214e+01
1.133333333333333526e+00 -2.135913953544757327e+00 -9.923981861271480298e+00
1.150000000000000133e+00 -1.976865901383941360e+00 -9.169491900924816363e+00
1.166666666666666741e+00 -1.830002128962476382e+00 -8.462116505220741658e+00
1.183333333333333348e+00 -1.694529665504323379e+00 -7.802521645229097302e+00
1.199999999999999956e+00 -1.569656021208292840e+00 -7.190067680514342641e+00
1.216666666666666785e+00 -1.454607149890787543e+00 -6.623242161977554332e+00
1.233333333333333393e+00 -1.348639237502913479e+00 -6.099973914962299126e+00
1.250000000000000000e+00 -1.251046023311999322e+00 -5.617859463402083087e+00
1.266666666666666829e+00 -1.161162913719155920e+00 -5.174324766291064748e+00
1.283333333333333437e+00 -1.078368817982764849e+00 -4.766739281460103506e+00
1.300000000000000044e+00 -1.002086390019425455e+00 -4.392494974665192231e+00
1.316666666666666874e+00 -9.317811786200492774e-01 -4.049059638506353309e+00
1.333333333333333481e+00 -8.669600534443357986e-01 -3.734011473276617199e+00
1.350000000000000089e+00 -8.071691739589187398e-01 -3.445060089803638093e+00
1.366666666666666918e+00 -7.519916941392817966e-01 -3.180057761110741232e+00
1.383333333333333526e+00 -7.010453406559529199e-01 -2.937003756616856975e+00
1.399999999999999911e+00 -6.539799615079996409e-01 -2.714043852197268070e+00
1.416666666666666741e+00 -6.104751120048091950e-01 -2.509466557163226419e+00
1.433333333333333348e+00 -5.702377229133659409e-01 -2.321697187260301387e+00
1.449999999999999956e+00 -5.329998794548075347e-01 -2.149290605621656081e+00
1.466666666666666785e+00 -4.985167281354499491e-01 -1.990923224817438664e+00
1.483333333333333393e+00 -4.665645199997112136e-01 -1.845384693008220056e+00
1.500000000000000000e+00 -4.369387929464315645e-01 -1.711569561015040097e+00
1.516666666666666829e+00 -4.094526916198991673e-01 -1.588469133841451608e+00
1.533333333333333437e+00 -3.839354205959495392e-01 -1.475163641564258388e+00
1.550000000000000044e+00 -3.602308247749537173e-01 -1.370814814350821420e+00
1.566666666666666874e+00 -3.381960898003280591e-01 -1.274658910005280532e+00
1.583333333333333481e+00 -3.177005547438904176e-01 -1.186000216393211737e+00
1.600000000000000089e+00 -2.986246290892211608e-01 -1.104205032711364831e+00
1.616666666666666696e+00 -2.808588060906104245e-01 -1.028696120876085862e+00
1.633333333333333304e+00 -2.643027648063616120e-01 -9.589476098120242042e-01
1.650000000000000133e+00 -2.488645534409042182e-01 -8.944803300130952373e-01
1.666666666666666741e+00 -2.344598470363288834e-01 -8.348575525812620413e-01
1.683333333333333348e+00 -2.210112729986745961e-01 -7.796811053968281113e-01
1.700000000000000178e+00 -2.084477984047832522e-01 -7.285878386671733598e-01
1.716666666666666785e+00 -1.967041734957496735e-01 -6.812464124897976703e-01
1.733333333333333393e+00 -1.857204262119509508e-01 -6.373543799912787522e-01
1.750000000000000222e+00 -1.754414030550492942e-01 -5.966355408757235690e-01
1.766666666666666829e+00 -1.658163519696883026e-01 -5.588375416953026420e-01
1.783333333333333437e+00 -1.567985433192727873e-01 -5.237297007408717731e-01
1.800000000000000266e+00 -1.483449253850962490e-01 -4.911010370708388528e-01
1.816666666666666874e+00 -1.404158111460214187e-01 -4.607584848011960221e-01
1.833333333333333481e+00 0.000000000000000000e+00 -4.325252753349587698e-01
1.850000000000000311e+00 0.000000000000000000e+00 -4.062394716929179639e-01
1.866666666666666918e+00 0.000000000000000000e+00 -3.817526405060664429e-01
1.883333333333333526e+00 0.000000000000000000e+00 -3.589286485360985157e-01
1.900000000000000355e+00 0.000000000000000000e+00 -3.376425718012522337e-01
1.916666666666666963e+00 0.000000000000000000e+00 -3.177797065009224098e-01
1.933333333333333348e+00 0.000000000000000000e+00 -2.992346719565264768e-01
1.949999999999999956e+00 0.000000000000000000e+00 -2.819105967220932318e-01
1.966666666666666563e+00 0.000000000000000000e+00 -2.657183798708992462e-01
1.983333333333333393e+00 0.000000000000000000e+00 -2.505760202395901359e-01
2.000000000000000000e+00 0.000000000000000000e+00 -2.364080071142506123e-01
