0.000000000000000000e+00 9.995911577227212358e+21 7.197495663020376926e+24
1.666666666666666644e-02 4.998565965119453397e+21 3.598967495052945349e+24
3.333333333333333287e-02 1.220353011695596032e+18 4.393270855146240082e+20
5.000000000000000278e-02 9.405683090939686000e+15 2.257364018157858560e+18
6.666666666666666574e-02 2.979376355523132500e+14 5.362878458855300800e+16
8.333333333333334259e-02 2.047409651701719922e+13 2.948272035267302000e+15
1.000000000000000056e-01 2.296299564566483887e+12 2.755565440943376875e+14
1.166666666666666824e-01 3.611305319315771484e+11 3.714505742103517969e+13
1.333333333333333315e-01 7.273693924723458862e+10 6.546404134881027344e+12
1.499999999999999944e-01 1.769758074388919067e+10 1.415841362270181152e+12
1.666666666666666852e-01 4.998102246653917313e+09 3.598800556405351562e+11
1.833333333333333481e-01 1.592435403746489525e+09 1.042407021187445068e+11
2.000000000000000111e-01 5.604671388888828754e+08 3.363268728926763535e+10
2.166666666666666741e-01 2.144522889591846764e+08 1.188001798474476624e+10
2.333333333333333648e-01 8.810600940971641243e+07 4.532749855034004211e+09
2.500000000000000000e-01 3.848496996781468391e+07 1.848255612330735207e+09
2.666666666666666630e-01 1.773083387826014310e+07 7.985094200679175854e+08
2.833333333333333814e-01 8.560217237236835063e+06 3.629572088908686042e+08
2.999999999999999889e-01 4.307277563083915040e+06 1.725637803284035921e+08
3.166666666666667074e-01 2.248550288595991209e+06 8.539498071142110229e+07
3.333333333333333703e-01 1.213107410671605496e+06 4.380228773303056508e+07
3.499999999999999778e-01 6.741314398836389882e+05 2.320576567227514833e+07
3.666666666666666963e-01 3.847521233449681895e+05 1.265881424179920182e+07
3.833333333333333592e-01 2.249602285878824187e+05 7.091263308206770569e+06
4.000000000000000222e-01 1.344441727114444075e+05 4.069723274582940154e+06
4.166666666666666852e-01 8.196262816061185731e+04 2.387874946398470551e+06
4.333333333333333481e-01 5.087885315481246653e+04 1.429737562766073272e+06
4.500000000000000666e-01 3.210582271456612216e+04 8.721144671968489420e+05
4.666666666666667296e-01 2.056300053727377235e+04 5.411351898648556089e+05
4.833333333333333370e-01 1.334804354212345243e+04 3.410773835658378084e+05
5.000000000000000000e-01 8.769580943428885803e+03 2.181031760456562333e+05
5.166666666666667185e-01 5.823575524106518969e+03 1.413249570937616518e+05
5.333333333333333259e-01 3.903692956266853798e+03 9.269165047077850613e+04
5.500000000000000444e-01 2.637877258888028791e+03 6.147074133775159862e+04
5.666666666666667629e-01 1.794407392271426488e+03 4.117758868111831544e+04
5.833333333333333703e-01 1.226947868121686952e+03 2.783473376384861695e+04
5.999999999999999778e-01 8.418804875942247463e+02 1.896790510381398417e+04
6.166666666666666963e-01 5.785839026417417017e+02 1.301744167512851345e+04
6.333333333333334147e-01 3.973573696815485050e+02 8.987933109709527344e+03
6.500000000000000222e-01 2.719252270246971648e+02 6.236638325409258869e+03
6.666666666666667407e-01 1.847251195524663672e+02 4.343965814856677753e+03
6.833333333333334592e-01 1.239104711142565378e+02 3.033165403190455891e+03
6.999999999999999556e-01 8.142187978784171776e+01 2.119926570752115367e+03
7.166666666666666741e-01 5.173296699264798804e+01 1.480381627975136098e+03
7.333333333333333925e-01 3.102657077246902873e+01 1.030571339630936109e+03
7.500000000000000000e-01 1.664845029587590375e+01 7.131305205229782587e+02
7.666666666666667185e-01 6.741751740430014905e+00 4.885704570922139851e+02
7.833333333333334370e-01 3.423230056930439726e-04 3.295180669208756967e+02
8.000000000000000444e-01 -4.498979222389742461e+00 2.168754150985898264e+02
8.166666666666666519e-01 -7.411482348942938891e+00 1.372380417275063280e+02
8.333333333333333703e-01 -9.203885277246651953e+00 8.114573460803060811e+01
8.500000000000000888e-01 -1.020951608679625089e+01 4.188841901633985998e+01
8.666666666666666963e-01 -1.066688474718026036e+01 1.468518969437013588e+01
8.833333333333334147e-01 -1.074681354173153380e+01 -3.883925049914249250e+00
9.000000000000001332e-01 -1.057162420781605761e+01 -1.627377999677248255e+01
9.166666666666667407e-01 -1.022877620050932457e+01 -2.425148920853871459e+01
9.333333333333334592e-01 -9.780605982427626799e+00 -2.909190688934797464e+01
9.500000000000001776e-01 -9.271311532689086476e+00 -3.171612806271579643e+01
9.666666666666666741e-01 -8.731980406969796604e+00 -3.279010885580771628e+01
9.833333333333332815e-01 -8.184221593691651364e+00 -3.279521726210120391e+01
1.000000000000000000e+00 -7.642796490289759603e+00 -3.207892191970370277e+01
1.016666666666666607e+00 -7.117529402056109511e+00 -3.089135562275394875e+01
1.033333333333333437e+00 -6.614697429719058164e+00 -2.941178553718131283e+01
1.050000000000000044e+00 -6.138042866136438569e+00 -2.776783891871350463e+01
1.066666666666666652e+00 -5.689511032829410730e+00 -2.604950728515659719e+01
1.083333333333333481e+00 -5.269787883253247429e+00 -2.431937242349438577e+01
1.100000000000000089e+00 -4.878691246761693634e+00 -2.262008875576619005e+01
1.116666666666666696e+00 -4.515454897880275098e+00 -2.097986672500600491e+01
1.133333333333333526e+00 -4.178934041548534317e+00 -1.941649538418219123e+01
1.150000000000000133e+00 -3.867753134601851439e+00 -1.794029462255933183e+01
1.166666666666666741e+00 -3.580411389677383038e+00 -1.655628128331398941e+01
1.183333333333333348e+00 -3.315357243116970665e+00 -1.526575680511402489e+01
1.199999999999999956e+00 -3.071040095107806955e+00 -1.406746851412890997e+01
1.216666666666666785e+00 -2.845945448912317044e+00 -1.295845633455812340e+01
1.233333333333333393e+00 -2.638617971424789932e+00 -1.193466723934824358e+01
1.250000000000000000e+00 -2.447675814164960162e+00 -1.099139820791368116e+01
1.266666666666666829e+00 -2.271818659670826968e+00 -1.012361263145241352e+01
1.283333333333333437e+00 -2.109831311274696919e+00 -9.326163453602402953e+00
1.300000000000000044e+00 -1.960584164741611790e+00 -8.593947731994068917e+00
1.316666666666666874e+00 -1.823031544514485791e+00 -7.922010941173081910e+00
1.333333333333333481e+00 -1.696208623250372138e+00 -7.305614617751128748e+00
1.350000000000000089e+00 -1.579227447308585219e+00 -6.740277442734202928e+00
1.366666666666666918e+00 -1.471272445405504614e+00 -6.221797247664182962e+00
1.383333333333333526e+00 -1.371595689856646594e+00 -5.746259488318632869e+00
1.399999999999999911e+00 -1.279512100090856475e+00 -5.310036281220956944e+00
1.416666666666666741e+00 -1.194394719310007291e+00 -4.909779017781808363e+00
1.433333333333333348e+00 -1.115670151964503587e+00 -4.542406764952764853e+00
1.449999999999999956e+00 -1.042814218152855910e+00 -4.205092060351312000e+00
1.466666666666666785e+00 -9.753478581676371384e-01 -3.895245262212576165e+00
1.483333333333333393e+00 -9.128333039817843053e-01 -3.610498281683975463e+00
1.500000000000000000e+00 -8.548705228374544607e-01 -3.348688278098356008e+00
1.516666666666666829e+00 -8.010939300200961011e-01 -3.107841715380527781e+00
1.533333333333333437e+00 -7.511693624408475323e-01 -2.886159043502379618e+00
1.550000000000000044e+00 -7.047913011126690774e-01 -2.682000170775978187e+00
1.566666666666666874e+00 -6.616803284674025454e-01 -2.493870821652401037e+00
1.583333333333333481e+00 -6.215808053319079596e-01 -2.320409823727929144e+00
1.600000000000000089e+00 -5.842587519706181620e-01 -2.160377331698105419e+00
1.616666666666666696e+00 -5.494999176929885598e-01 -2.012643971170172019e+00
1.633333333333333304e+00 -5.171080239573047077e-01 -1.876180868632951526e+00
1.650000000000000133e+00 -4.869031665592849500e-01 -1.750050523301811323e+00
1.666666666666666741e+00 -4.587203632887189575e-01 -1.633398470363288668e+00
1.683333333333333348e+00 -4.324082343076042778e-01 -1.525445682109345613e+00
1.700000000000000178e+00 -4.078278034042865374e-01 -1.425481652656692244e+00
1.716666666666666785e+00 -3.848514091786018332e-01 -1.332858112708629195e+00
1.733333333333333393e+00 -3.633617160914701660e-01 -1.246983322628892665e+00
1.750000000000000222e+00 -3.432508161545456682e-01 -1.167316894586331921e+00
1.766666666666666829e+00 -3.244194128325073589e-01 -1.093365097423450560e+00
1.783333333333333437e+00 -3.067760794773509714e-01 -1.024676601004188781e+00
1.800000000000000266e+00 -2.902365853083836433e-01 -9.608386199665032157e-01
1.816666666666666874e+00 -2.747232825932686695e-01 -9.014734199453362518e-01
1.833333333333333481e+00 0.000000000000000000e+00 -8.462351523747909665e-01
1.850000000000000311e+00 0.000000000000000000e+00 -7.948069868813174566e-01
1.866666666666666918e+00 0.000000000000000000e+00 -7.468985130159672137e-01
1.883333333333333526e+00 0.000000000000000000e+00 -7.022433856291639964e-01
1.900000000000000355e+00 0.000000000000000000e+00 -6.605971905606223826e-01
1.916666666666666963e+00 0.000000000000000000e+00 -6.217355095009008403e-01
1.933333333333333348e+00 0.000000000000000000e+00 -5.854521648847179627e-01
1.949999999999999956e+00 0.000000000000000000e+00 -5.515576275074755008e-01
1.966666666666666563e+00 0.000000000000000000e+00 -5.198775712251039183e-01
1.983333333333333393e+00 0.000000000000000000e+00 -4.902515606138905246e-01
2.000000000000000000e+00 0.000000000000000000e+00 -4.625318588424597865e-01
