0.000000000000000000e+00 2.864803213103782167e+21 2.062784223638329718e+24
1.666666666666666644e-02 1.432576481608938553e+21 1.031455066840020638e+24
3.333333333333333287e-02 3.497501140946163200e+17 1.259100417114453279e+20
5.000000000000000278e-02 2.695645079370552000e+15 6.469548563534984960e+17
6.666666666666666574e-02 8.538815698496010938e+13 1.536987323685129200e+16
8.333333333333334259e-02 5.867818765583170898e+12 8.449669465330778750e+14
1.000000000000000056e-01 6.581116929866586914e+11 7.897369460032162500e+13
1.166666666666666824e-01 1.034983089939294281e+11 1.064563941963120117e+13
1.333333333333333315e-01 2.084586701514358902e+10 1.876166934163502930e+12
1.499999999999999944e-01 5.071905940646148682e+09 4.057695326664571533e+11
1.666666666666666852e-01 1.432349856596557379e+09 1.031373481835563354e+11
1.833333333333333481e-01 4.563350918005809188e+08 2.987339261368819809e+10
2.000000000000000111e-01 1.605970895917820930e+08 9.638102265527156830e+09
2.166666666666666741e-01 6.144207120743259043e+07 3.404245673719573975e+09
2.333333333333333648e-01 2.523851396015936881e+07 1.298754670840827465e+09
2.500000000000000000e-01 1.102146774984884821e+07 5.295079504387156367e+08
2.666666666666666630e-01 5.076026146077029407e+06 2.287251047029979825e+08
2.833333333333333814e-01 2.449453879888781812e+06 1.039403998693975210e+08
2.999999999999999889e-01 1.231699343845451251e+06 4.940123480667112768e+07
3.166666666666667074e-01 6.424366842517087935e+05 2.443624066755196825e+07
3.333333333333333703e-01 3.462090982761709020e+05 1.252726588641251624e+07
3.499999999999999778e-01 1.921115893457043567e+05 6.631980717552507296e+06
3.666666666666666963e-01 1.094423528623025923e+05 3.614457580999178346e+06
3.833333333333333592e-01 6.383991737797419046e+04 2.022428584842291661e+06
4.000000000000000222e-01 3.804092298566776299e+04 1.159015892853094265e+06
4.166666666666666852e-01 2.310638809330783988e+04 6.788308775843976764e+05
4.333333333333333481e-01 1.427835342575883442e+04 4.055583022006993415e+05
4.500000000000000666e-01 8.959528888286024085e+03 2.467202284087950538e+05
4.666666666666667296e-01 5.698810883840730639e+03 1.525873582501255732e+05
4.833333333333333370e-01 3.667948786057660072e+03 9.579591880725730152e+04
5.000000000000000000e-01 2.384774006146275951e+03 6.096503275665854744e+04
5.166666666666667185e-01 1.563417459039239930e+03 3.927700150792476052e+04
5.333333333333333259e-01 1.031500826022536785e+03 2.558320709747336514e+04
5.500000000000000444e-01 6.834369030282064159e+02 1.682566470521615338e+04
5.666666666666667629e-01 4.536018394574291506e+02 1.115899679321391886e+04
5.833333333333333703e-01 3.006548678287316534e+02 7.452944552797731376e+03
5.999999999999999778e-01 1.982243719136366735e+02 5.005589413687405795e+03
6.166666666666666963e-01 1.292912541998702807e+02 3.375344564687671209e+03
6.333333333333334147e-01 8.275358407146383399e+01 2.281021865242661988e+03
6.500000000000000222e-01 5.129728856957995475e+01 1.541535993366315552e+03
6.666666666666667407e-01 3.005978482175280320e+01 1.039031974216263279e+03
6.833333333333334592e-01 1.578137815455786708e+01 6.960493399054425936e+02
6.999999999999999556e-01 6.260427221432925293e+00 4.612095335041458384e+02
7.166666666666666741e-01 -9.834890892331802682e-05 3.001436806935759023e+02
7.333333333333333925e-01 -4.024138997658298855e+00 1.896805383920342081e+02
7.500000000000000000e-01 -6.515590212151774807e+00 1.140854656000543770e+02
7.666666666666667185e-01 -7.960338619996075948e+00 6.260344280634657821e+01
7.833333333333334370e-01 -8.694834951422954816e+00 2.783956510175238819e+01
8.000000000000000444e-01 -8.952522168747796272e+00 4.682505617701826495e+00
8.166666666666666519e-01 -8.895487965899819827e+00 -1.041680374154740285e+01
8.333333333333333703e-01 -8.636182026768642217e+00 -1.993211105162523467e+01
8.500000000000000888e-01 -8.252404021435385317e+00 -2.559287670286585126e+01
8.666666666666666963e-01 -7.797702622512201920e+00 -2.861080113387634327e+01
8.833333333333334147e-01 -7.308625096303990709e+00 -2.983579288801598750e+01
9.000000000000001332e-01 -6.809792582820261231e+00 -2.986396838681343624e+01
9.166666666666667407e-01 -6.317466003020248522e+00 -2.911283011728033188e+01
9.333333333333334592e-01 -5.842058881309245777e+00 -2.787385005930222448e+01
9.500000000000001776e-01 -5.389912049777842995e+00 -2.634940953553996579e+01
9.666666666666666741e-01 -4.964548856813442157e+00 -2.467885018130861141e+01
9.833333333333332815e-01 -4.567563415186721265e+00 -2.295690785007723989e+01
1.000000000000000000e+00 -4.199248826142653712e+00 -2.124679365474370840e+01
1.016666666666666607e+00 -3.859040680248800204e+00 -1.958949743747373162e+01
1.033333333333333437e+00 -3.545829072878031951e+00 -1.801041518165436273e+01
1.050000000000000044e+00 -3.258176910272056137e+00 -1.652407422579489804e+01
1.066666666666666652e+00 -2.994471396725755241e+00 -1.513750233842809756e+01
1.083333333333333481e+00 -2.753027897436650218e+00 -1.385262753788624224e+01
1.100000000000000089e+00 -2.532159909189713787e+00 -1.266798378873995645e+01
1.116666666666666696e+00 -2.330224980170182647e+00 -1.157991889754400283e+01
1.133333333333333526e+00 -2.145653639777666655e+00 -1.058344511972209823e+01
1.150000000000000133e+00 -1.976966406767000750e+00 -9.672833310521854244e+00
1.166666666666666741e+00 -1.822782512606738736e+00 -8.842023140554600147e+00
1.183333333333333348e+00 -1.681822946528580776e+00 -8.084901626924921203e+00
1.199999999999999956e+00 -1.552909685839548359e+00 -7.395487675468366717e+00
1.216666666666666785e+00 -1.434962438902645188e+00 -6.768049848945293157e+00
1.233333333333333393e+00 -1.326993841056919976e+00 -6.197177011479231723e+00
1.250000000000000000e+00 -1.228103764284330435e+00 -5.677816028701616169e+00
1.266666666666666829e+00 -1.137473199899365461e+00 -5.205286740048423511e+00
1.283333333333333437e+00 -1.054358028493120214e+00 -4.775281545477028544e+00
1.300000000000000044e+00 -9.780828873018677649e-01 -4.383854862916931161e+00
1.316666666666666874e+00 -9.080352708555050611e-01 -4.027406198649493341e+00
1.333333333333333481e+00 -8.436599480349703528e-01 -3.702659474309161869e+00
1.350000000000000089e+00 -7.844537415959161875e-01 -3.406640458218329837e+00
1.366666666666666918e+00 -7.299606904767339532e-01 -3.136653573232927705e+00
1.383333333333333526e+00 -6.797675976522364882e-01 -2.890258938484686624e+00
1.399999999999999911e+00 -6.334999546224341360e-01 -2.665250204847348758e+00
1.416666666666666741e+00 -5.908182261635359644e-01 -2.459633531862304157e+00
1.433333333333333348e+00 -5.514144744947734322e-01 -2.271607904011804457e+00
1.449999999999999956e+00 -5.150092996413512259e-01 -2.099546879630522778e+00
1.466666666666666785e+00 -4.813490718557781323e-01 -1.941981793954328239e+00
1.483333333333333393e+00 -4.502034320300995485e-01 -1.797586389703422771e+00
1.500000000000000000e+00 -4.213630367538337973e-01 -1.665162817511273818e+00
1.516666666666666829e+00 -3.946375258059248159e-01 -1.543628929557842255e+00
1.533333333333333437e+00 -3.698536912428202483e-01 -1.432006779378402817e+00
1.550000000000000044e+00 -3.468538287389281716e-01 -1.329412236397974345e+00
1.566666666666666874e+00 -3.254942533673409466e-01 -1.235045623397636350e+00
1.583333333333333481e+00 -3.056439635218698991e-01 -1.148183287487281934e+00
1.600000000000000089e+00 -2.871834381395667601e-01 -1.068170019258322778e+00
1.616666666666666696e+00 -2.700035537632993754e-01 -9.944122399200499007e-01
1.633333333333333304e+00 -2.540046092738056926e-01 -9.263718818917281439e-01
1.650000000000000133e+00 -2.390954473139907388e-01 -8.635608941866265154e-01
1.666666666666666741e+00 -2.251926625239005775e-01 -8.055363097514340875e-01
1.683333333333333348e+00 -2.122198877047614396e-01 -7.518958175613507100e-01
1.700000000000000178e+00 -2.001071499387734876e-01 -7.022737876212260533e-01
1.716666666666666785e+00 -1.887902895132773373e-01 -6.563377020305715126e-01
1.733333333333333393e+00 -1.782104352394469904e-01 -6.137849499078278370e-01
1.750000000000000222e+00 -1.683135304230486684e-01 -5.743399482293535252e-01
1.766666666666666829e+00 -1.590499043443013849e-01 -5.377515545270314945e-01
1.783333333333333437e+00 -1.503738846415688113e-01 -5.037907409196117348e-01
1.800000000000000266e+00 -1.422434464752895811e-01 -4.722485021467999200e-01
1.816666666666666874e+00 -1.346198947796542755e-01 -4.429339731544783554e-01
1.833333333333333481e+00 0.000000000000000000e+00 -4.156727343685023834e-01
1.850000000000000311e+00 0.000000000000000000e+00 -3.903052851176234683e-01
1.866666666666666918e+00 0.000000000000000000e+00 -3.666856677470398118e-01
1.883333333333333526e+00 0.000000000000000000e+00 -3.446802268256222157e-01
1.900000000000000355e+00 0.000000000000000000e+00 -3.241664895133563040e-01
1.916666666666666963e+00 0.000000000000000000e+00 -3.050321546408650830e-01
1.933333333333333348e+00 0.000000000000000000e+00 -2.871741793782662810e-01
1.949999999999999956e+00 0.000000000000000000e+00 -2.704979535527977097e-01
1.966666666666666563e+00 0.000000000000000000e+00 -2.549165527287620692e-01
1.983333333333333393e+00 0.000000000000000000e+00 -2.403500621030943973e-01
2.000000000000000000e+00 0.000000000000000000e+00 -2.267249641076337918e-01
