0.000000000000000000e+00 8.885148523508361331e+21 6.397697445517300081e+24
1.666666666666666644e-02 4.443116634387044631e+21 3.199043976907060519e+24
3.333333333333333287e-02 1.084745265727324032e+18 3.905082968211190579e+20
5.000000000000000278e-02 8.360507251629520000e+15 2.006521808241173760e+18
6.666666666666666574e-02 2.648302880806858438e+14 4.766946091141708800e+16
8.333333333333334259e-02 1.819897935602293359e+13 2.620654926635562500e+15
1.000000000000000056e-01 2.041130769124177979e+12 2.449362223737240312e+14
1.166666666666666824e-01 3.210010800744132080e+11 3.301743413314307812e+13
1.333333333333333315e-01 6.465428424197786713e+10 5.818956338759531250e+12
1.499999999999999944e-01 1.573099483809940529e+10 1.258510611322898926e+12
1.666666666666666852e-01 4.442704445506689072e+09 3.198895588910131836e+11
1.833333333333333481e-01 1.415481216418681383e+09 9.265729427827363586e+10
2.000000000000000111e-01 4.981870572168768048e+08 2.989536467381506348e+10
2.166666666666666741e-01 1.906219782640810311e+08 1.055988975721900177e+10
2.333333333333333648e-01 7.831551668706002831e+07 4.029062820718541145e+09
2.500000000000000000e-01 3.420845330432689190e+07 1.642874239750827074e+09
2.666666666666666630e-01 1.576055284859504178e+07 7.097776671049274206e+08
2.833333333333333814e-01 7.608991047763875686e+06 3.226247738513282537e+08
2.999999999999999889e-01 3.828645411391364411e+06 1.533881936036723554e+08
3.166666666666667074e-01 1.998687483776250854e+06 7.590574230943760276e+07
3.333333333333333703e-01 1.078304814471796621e+06 3.893490155951240659e+07
3.499999999999999778e-01 5.992207880400915165e+05 2.062710076755966246e+07
3.666666666666666963e-01 3.419978026112663210e+05 1.125214487491958588e+07
3.833333333333333592e-01 1.999622599070641736e+05 6.303269855056748725e+06
4.000000000000000222e-01 1.195045047684844321e+05 3.617488586823746096e+06
4.166666666666666852e-01 7.285480015296366764e+04 2.122530158133842982e+06
4.333333333333333481e-01 4.522510787721252564e+04 1.270862659068888286e+06
4.500000000000000666e-01 2.853816892952795388e+04 7.752036062717606546e+05
4.666666666666667296e-01 1.827800500395394556e+04 4.810033180572362035e+05
4.833333333333333370e-01 1.186478640857217033e+04 3.031762803904134198e+05
5.000000000000000000e-01 7.795090406151151910e+03 1.938671786783770076e+05
5.166666666666667185e-01 5.176450131091987714e+03 1.256206874558950512e+05
5.333333333333333259e-01 3.469908173284551594e+03 8.239159732195352262e+04
5.500000000000000444e-01 2.344752054170320662e+03 5.464000905152521591e+04
5.666666666666667629e-01 1.595009975173498560e+03 3.660186614824663411e+04
5.833333333333333703e-01 1.090607499137062405e+03 2.474169195772269086e+04
5.999999999999999778e-01 7.483294421717513387e+02 1.686016031232359819e+04
6.166666666666666963e-01 5.142908042487782723e+02 1.157092240576631048e+04
6.333333333333334147e-01 3.532024562265118561e+02 7.989179581962052907e+03
6.500000000000000222e-01 2.417085326872911821e+02 5.543613251225170643e+03
6.666666666666667407e-01 1.641982372130762826e+02 3.861257633333221747e+03
6.833333333333334592e-01 1.101414052131600556e+02 2.696115505868135642e+03
6.999999999999999556e-01 7.237420906002458310e+01 1.884357248278633051e+03
7.166666666666666741e-01 4.598437060259850995e+01 1.315879559141062145e+03
7.333333333333333925e-01 2.757889726328581048e+01 9.160528956006178305e+02
7.500000000000000000e-01 1.479849182857710943e+01 6.338865885694939379e+02
7.666666666666667185e-01 5.992637107844212885e+00 4.342799766129464274e+02
7.833333333333334370e-01 3.399058930899208028e-04 2.929017199243089635e+02
8.000000000000000444e-01 -3.999013442922699113e+00 1.927760778031382927e+02
8.166666666666666519e-01 -6.587877817522747037e+00 1.219881160152725670e+02
8.333333333333333703e-01 -8.181108986615679868e+00 7.212885659655835013e+01
8.500000000000000888e-01 -9.074995107277636919e+00 3.723385918615290535e+01
8.666666666666666963e-01 -9.481542567737376359e+00 1.305348037161850883e+01
8.833333333333334147e-01 -9.552591633390344228e+00 -3.452218879026702769e+00
9.000000000000001332e-01 -9.396871480473388161e+00 -1.446530605983866735e+01
9.166666666666667407e-01 -9.092122953601075253e+00 -2.155653081412402372e+01
9.333333333333334592e-01 -8.693755609938069284e+00 -2.585908363565098611e+01
9.500000000000001776e-01 -8.241056098324991197e+00 -2.819170612169459034e+01
9.666666666666666741e-01 -7.761657493330537783e+00 -2.914635240911852065e+01
9.833333333333332815e-01 -7.274767573897811701e+00 -2.915090022108521950e+01
1.000000000000000000e+00 -6.793507441475285624e+00 -2.851420702622436920e+01
1.016666666666666607e+00 -6.326609721337358216e+00 -2.745861055396593997e+01
1.033333333333333437e+00 -5.879654003795963924e+00 -2.614345759788363921e+01
1.050000000000000044e+00 -5.455966741909297646e+00 -2.468219334174493085e+01
1.066666666666666652e+00 -5.057277098584394892e+00 -2.315480936648761556e+01
1.083333333333333481e+00 -4.684194810644557450e+00 -2.161693332782655119e+01
1.100000000000000089e+00 -4.336557957257668683e+00 -2.010647987043845575e+01
1.116666666666666696e+00 -4.013685463083947802e+00 -1.864852469202257979e+01
1.133333333333333526e+00 -3.714559749763954866e+00 -1.725888013641001706e+01
1.150000000000000133e+00 -3.437958131324536204e+00 -1.594671936443747384e+01
1.166666666666666741e+00 -3.182546594395648576e+00 -1.471650176967457213e+01
1.183333333333333348e+00 -2.946945991185535352e+00 -1.356938419923676342e+01
1.199999999999999956e+00 -2.729778030231014618e+00 -1.250425320161819620e+01
1.216666666666666785e+00 -2.529696510949714927e+00 -1.151847764978747790e+01
1.233333333333333393e+00 -2.345407821714362129e+00 -1.060845491350604242e+01
1.250000000000000000e+00 -2.175683669512815666e+00 -9.770004595183344520e+00
1.266666666666666829e+00 -2.019368232246251615e+00 -8.998649775994612909e+00
1.283333333333333437e+00 -1.875381349632796901e+00 -8.289815361023697093e+00
1.300000000000000044e+00 -1.742718942462355036e+00 -7.638965465892093576e+00
1.316666666666666874e+00 -1.620451533743288541e+00 -7.041696129551653804e+00
1.333333333333333481e+00 -1.507721510564419942e+00 -6.493795442752836600e+00
1.350000000000000089e+00 -1.403739591254538954e+00 -5.991280065374032127e+00
1.366666666666666918e+00 -1.307780833137830001e+00 -5.530414787323331360e+00
1.383333333333333526e+00 -1.219180420367629081e+00 -5.107720060730098766e+00
1.399999999999999911e+00 -1.137329400445515670e+00 -4.719971143609460462e+00
1.416666666666666741e+00 -1.061670485756462501e+00 -4.364191534810604622e+00
1.433333333333333348e+00 -9.916939980484575923e-01 -4.037642663676994204e+00
1.449999999999999956e+00 -9.269340057301793667e-01 -3.737811263699816422e+00
1.466666666666666785e+00 -8.669646835174459332e-01 -3.462395461580701550e+00
1.483333333333333393e+00 -8.113969093563553336e-01 -3.209290317265911074e+00
1.500000000000000000e+00 -7.598751032117847526e-01 -2.976573331067245753e+00
1.516666666666666829e+00 -7.120743051281837044e-01 -2.762490271781715467e+00
1.533333333333333437e+00 -6.676974851167002400e-01 -2.565441560399088772e+00
1.550000000000000044e+00 -6.264730742780808548e-01 -2.383969356764507275e+00
1.566666666666666874e+00 -5.881527046701704453e-01 -2.216745433344740501e+00
1.583333333333333481e+00 -5.525091444252399064e-01 -2.062559874943934446e+00
1.600000000000000089e+00 -5.193344142572130506e-01 -1.920310611249576027e+00
1.616666666666666696e+00 -4.884380715798576911e-01 -1.788993767018513648e+00
1.633333333333333304e+00 -4.596456488418823594e-01 -1.667694799947259332e+00
1.650000000000000133e+00 -4.327972332688402868e-01 -1.555580386865188958e+00
1.666666666666666741e+00 -4.077461759082218196e-01 -1.451891013384321028e+00
1.683333333333333348e+00 -3.843579186476399623e-01 -1.355934219441949251e+00
1.700000000000000178e+00 -3.625089286769225261e-01 -1.267078452466129379e+00
1.716666666666666785e+00 -3.420857306653544150e-01 -1.184747480571339384e+00
1.733333333333333393e+00 -3.229840277061462595e-01 -1.108415319802305676e+00
1.750000000000000222e+00 -3.051079028287778661e-01 -1.037601631656666745e+00
1.766666666666666829e+00 -2.883690935882814443e-01 -9.718675496897665189e-01
1.783333333333333437e+00 -2.726863329043193174e-01 -9.108118967624307949e-01
1.800000000000000266e+00 -2.579847499400987898e-01 -8.540677573105033282e-01
1.816666666666666874e+00 -2.441953253815052904e-01 -8.012993718059941983e-01
1.833333333333333481e+00 0.000000000000000000e+00 -7.521993232847604682e-01
1.850000000000000311e+00 0.000000000000000000e+00 -7.064859883960297182e-01
1.866666666666666918e+00 0.000000000000000000e+00 -6.639012278612637097e-01
1.883333333333333526e+00 0.000000000000000000e+00 -6.242082935012935874e-01
1.900000000000000355e+00 0.000000000000000000e+00 -5.871899310965613683e-01
1.916666666666666963e+00 0.000000000000000000e+00 -5.526466602864877897e-01
1.933333333333333348e+00 0.000000000000000000e+00 -5.203952144949717251e-01
1.949999999999999956e+00 0.000000000000000000e+00 -4.902671254968444803e-01
1.966666666666666563e+00 0.000000000000000000e+00 -4.621074387233410907e-01
1.983333333333333393e+00 0.000000000000000000e+00 -4.357735467526757112e-01
2.000000000000000000e+00 0.000000000000000000e+00 -4.111341296544682722e-01
