0.000000000000000000e+00 2.578365907574317384e+21 1.856536774527327201e+24
1.666666666666666644e-02 1.289340343964296806e+21 9.283250477277200924e+23
3.333333333333333287e-02 3.147803542760365440e+17 1.133209281130182902e+20
5.000000000000000278e-02 2.426121047264778500e+15 5.822690849176564480e+17
6.666666666666666574e-02 7.685062341314426562e+13 1.383311669596859400e+16
8.333333333333334259e-02 5.281124996099422852e+12 7.604829392985080000e+14
1.000000000000000056e-01 5.923104054827393799e+11 7.107751095565906250e+13
1.166666666666666824e-01 9.315003217805055237e+10 9.581235326258097656e+12
1.333333333333333315e-01 1.876159333283825302e+10 1.688578412475964600e+12
1.499999999999999944e-01 4.564791508998965263e+09 3.651986723932059326e+11
1.666666666666666852e-01 1.289136381453154087e+09 9.282516212237086487e+10
1.833333333333333481e-01 4.107084365339057446e+08 2.688650197210443878e+10
2.000000000000000111e-01 1.445397931801494360e+08 8.674436791827175140e+09
2.166666666666666741e-01 5.529878736068970710e+07 3.063872241523022175e+09
2.333333333333333648e-01 2.271504197906385362e+07 1.168898716524080753e+09
2.500000000000000000e-01 9.919486763868894428e+06 4.765651132670807838e+08
2.666666666666666630e-01 4.568499952174654230e+06 2.058560331644379199e+08
2.833333333333333814e-01 2.204545412077126093e+06 9.354792356055191159e+07
2.999999999999999889e-01 1.108548003801099258e+06 4.446185509961174428e+07
3.166666666666667074e-01 5.782027345141349360e+05 2.199298488790570945e+07
3.333333333333333703e-01 3.115934400394357508e+05 1.127472835504301265e+07
3.499999999999999778e-01 1.729033546934419137e+05 5.968882906904960051e+06
3.666666666666666963e-01 9.849979089476932131e+04 3.253066586056616623e+06
3.833333333333333592e-01 5.745690720006245829e+04 1.820216453450136119e+06
4.000000000000000222e-01 3.423741968796659057e+04 1.043131973593753297e+06
4.166666666666666852e-01 2.079611017055448974e+04 6.109581833593881456e+05
4.333333333333333481e-01 1.285074349187445114e+04 3.650087140674709226e+05
4.500000000000000666e-01 8.063719312482633541e+03 2.220520272485878668e+05
4.666666666666667296e-01 5.129022426052463743e+03 1.373310043547194800e+05
4.833333333333333370e-01 3.301214703431241105e+03 8.621783634394983528e+04
5.000000000000000000e-01 2.146337081362930348e+03 5.486950090094345796e+04
5.166666666666667185e-01 1.407103022431495674e+03 3.534993563755969080e+04
5.333333333333333259e-01 9.283694008190446993e+02 2.302530617919816723e+04
5.500000000000000444e-01 6.151061095726047370e+02 1.514337962045204404e+04
5.666666666666667629e-01 4.082506692268284496e+02 1.004328799256612729e+04
5.833333333333333703e-01 2.705957465719320112e+02 6.707781045482902300e+03
5.999999999999999778e-01 1.784064743561092712e+02 4.505121264995389538e+03
6.166666666666666963e-01 1.163653963893437719e+02 3.037873694132730179e+03
6.333333333333334147e-01 7.448059839078155164e+01 2.052964635640873894e+03
6.500000000000000222e-01 4.616929701554058596e+01 1.387414467314335752e+03
6.666666666666667407e-01 2.705508846625767916e+01 9.351518550748800180e+02
6.833333333333334592e-01 1.420419367194049265e+01 6.264611473696216990e+02
6.999999999999999556e-01 5.635098435399986450e+00 4.151008190584802264e+02
7.166666666666666741e-01 4.497921630648952108e-04 2.701383261230645871e+02
7.333333333333333925e-01 -3.621316572819957447e+00 1.707191695085627714e+02
7.500000000000000000e-01 -5.863719229674797973e+00 1.026819104202377417e+02
7.666666666666667185e-01 -7.164065119352502897e+00 5.634684939144358395e+01
7.833333333333334370e-01 -7.825166326392677618e+00 2.505844462390369642e+01
8.000000000000000444e-01 -8.057126152833559374e+00 4.216412041523510013e+00
8.166666666666666519e-01 -8.005826890481179348e+00 -9.373473556032768883e+00
8.333333333333333703e-01 -7.772475717017208297e+00 -1.793763120458889659e+01
8.500000000000000888e-01 -7.427094147464828211e+00 -2.303260825384487021e+01
8.666666666666666963e-01 -7.017877328842157425e+00 -2.574895904699731020e+01
8.833333333333334147e-01 -6.577718800156816314e+00 -2.685161876351478938e+01
9.000000000000001332e-01 -6.128778336006688754e+00 -2.687710503437813969e+01
9.166666666666667407e-01 -5.685691329089006985e+00 -2.620117959622437454e+01
9.333333333333334592e-01 -5.257830378286767470e+00 -2.508617429048058511e+01
9.500000000000001776e-01 -4.850902557374743296e+00 -2.371423758292934636e+01
9.666666666666666741e-01 -4.468079128363703134e+00 -2.221078090812180861e+01
9.833333333333332815e-01 -4.110794983657108048e+00 -2.066106952595294288e+01
1.000000000000000000e+00 -3.779314061733641594e+00 -1.912199570773237411e+01
1.016666666666666607e+00 -3.473128508347429033e+00 -1.763045204141367250e+01
1.033333333333333437e+00 -3.191239498281591036e+00 -1.620929623667894148e+01
1.050000000000000044e+00 -2.932353716691777024e+00 -1.487160391689456418e+01
1.066666666666666652e+00 -2.695019702024185282e+00 -1.362370086050909457e+01
1.083333333333333481e+00 -2.477721325962679355e+00 -1.246732289416192430e+01
1.100000000000000089e+00 -2.278940769626401686e+00 -1.140115106101860754e+01
1.116666666666666696e+00 -2.097199853379464241e+00 -1.042189875828118062e+01
1.133333333333333526e+00 -1.931086075185851403e+00 -9.525077307130551674e+00
1.150000000000000133e+00 -1.779267919112205387e+00 -8.705530706654766249e+00
1.166666666666666741e+00 -1.640502707262550430e+00 -7.957804841640135685e+00
1.183333333333333348e+00 -1.513639341032814389e+00 -7.276398171177580920e+00
1.199999999999999956e+00 -1.397617608946551293e+00 -6.655927824831107564e+00
1.216666666666666785e+00 -1.291465255772527021e+00 -6.091235600315220822e+00
1.233333333333333393e+00 -1.194293659195011958e+00 -5.577451548378935087e+00
1.250000000000000000e+00 -1.105292708784132882e+00 -5.110027906742518056e+00
1.266666666666666829e+00 -1.023725300630507151e+00 -4.684752578138004608e+00
1.283333333333333437e+00 -9.489217304649072426e-01 -4.297748760685057512e+00
1.300000000000000044e+00 -8.802741744254606315e-01 -3.945465461429357834e+00
1.316666666666666874e+00 -8.172313797495414089e-01 -3.624662261130146224e+00
1.333333333333333481e+00 -7.592936402122641981e-01 -3.332390709705363996e+00
1.350000000000000089e+00 -7.060080977675839975e-01 -3.065974015341023762e+00
1.366666666666666918e+00 -6.569643886817854161e-01 -2.822986172275025130e+00
1.383333333333333526e+00 -6.117906366472831703e-01 -2.601231298942178416e+00
1.399999999999999911e+00 -5.701497848593826134e-01 -2.398723690355686333e+00
1.416666666666666741e+00 -5.317362523221363935e-01 -2.213668897710978634e+00
1.433333333333333348e+00 -4.962728956228886212e-01 -2.044446013330002643e+00
1.449999999999999956e+00 -4.635082552788550858e-01 -1.889591244922414148e+00
1.466666666666666785e+00 -4.332140649326337578e-01 -1.747782798524259773e+00
1.483333333333333393e+00 -4.051830017365956049e-01 -1.617827046180769335e+00
1.500000000000000000e+00 -3.792266569160329670e-01 -1.498645926460806743e+00
1.516666666666666829e+00 -3.551737065209870647e-01 -1.389265508831414087e+00
1.533333333333333437e+00 -3.328682636130099182e-01 -1.288805643571210524e+00
1.550000000000000044e+00 -3.121683944777766673e-01 -1.196470614921334885e+00
1.566666666666666874e+00 -2.929447828328802794e-01 -1.111540714862520263e+00
1.583333333333333481e+00 -2.750795273619385251e-01 -1.033364657037753931e+00
1.600000000000000089e+00 -2.584650592184227214e-01 -9.613527540285851103e-01
1.616666666666666696e+00 -2.430031673849472884e-01 -8.949707858099422708e-01
1.633333333333333304e+00 -2.286041209346016956e-01 -8.337344923095669769e-01
1.650000000000000133e+00 -2.151858783148982990e-01 -7.772046282756485125e-01
1.666666666666666741e+00 -2.026733747609942571e-01 -7.249825239005734945e-01
1.683333333333333348e+00 -1.909978798447943271e-01 -6.767060997217154705e-01
1.700000000000000178e+00 -1.800964179840008617e-01 -6.320462891351368295e-01
1.716666666666666785e+00 -1.699112454749062417e-01 -5.907038263646873233e-01
1.733333333333333393e+00 -1.603893782800972778e-01 -5.524063619027028693e-01
1.750000000000000222e+00 -1.514821654028834785e-01 -5.169058712725187466e-01
1.766666666666666829e+00 -1.431449032198036653e-01 -4.839763264625485673e-01
1.783333333333333437e+00 -1.353364866264854804e-01 -4.534116025597340616e-01
1.800000000000000266e+00 -1.280190932856386243e-01 -4.250235949846400962e-01
1.816666666666666874e+00 -1.211578976539533642e-01 -3.986405253218786582e-01
1.833333333333333481e+00 0.000000000000000000e+00 -3.741054160696736242e-01
1.850000000000000311e+00 0.000000000000000000e+00 -3.512747167231560774e-01
1.866666666666666918e+00 0.000000000000000000e+00 -3.300170654788188163e-01
1.883333333333333526e+00 0.000000000000000000e+00 -3.102121725229362026e-01
1.900000000000000355e+00 0.000000000000000000e+00 -2.917498123638936347e-01
1.916666666666666963e+00 0.000000000000000000e+00 -2.745289140051447307e-01
1.933333333333333348e+00 0.000000000000000000e+00 -2.584567389483673483e-01
1.949999999999999956e+00 0.000000000000000000e+00 -2.434481380803367179e-01
1.966666666666666563e+00 0.000000000000000000e+00 -2.294248794457397489e-01
1.983333333333333393e+00 0.000000000000000000e+00 -2.163150397539257419e-01
2.000000000000000000e+00 0.000000000000000000e+00 -2.040524532215851061e-01
