0.000000000000000000e+00 1.114611835755565608e+02 2.935130992540040893e+02
1.000000000000000021e-02 1.085260525830165079e+02 2.935130992540040893e+02
2.000000000000000042e-02 1.055909215904764693e+02 2.935130992540052830e+02
2.999999999999999889e-02 1.026557905979364023e+02 2.935130992540052830e+02
4.000000000000000083e-02 9.972065960539636365e+01 2.935130992540052830e+02
4.999999999999999584e-02 9.678552861285631082e+01 2.935130992540052830e+02
5.999999999999999778e-02 9.385039762031625798e+01 2.935130992540052830e+02
6.999999999999999278e-02 9.091526662777620515e+01 2.935130992540052830e+02
8.000000000000000167e-02 8.798013563523615232e+01 2.935130992540046577e+02
8.999999999999999667e-02 8.504500464269609949e+01 2.935130992540052830e+02
9.999999999999999167e-02 8.210987365015604666e+01 2.935130992540052830e+02
1.099999999999999867e-01 7.917474265761599383e+01 2.935130992540052830e+02
1.199999999999999956e-01 7.623961166507594100e+01 2.935130992540052830e+02
1.300000000000000044e-01 7.330448067253590239e+01 2.935130992540052830e+02
1.399999999999999856e-01 7.036934967999584956e+01 2.935130992540052830e+02
1.499999999999999944e-01 6.743421868745579673e+01 2.935130992540052830e+02
1.600000000000000033e-01 6.449908769491574390e+01 2.935130992540046577e+02
1.699999999999999845e-01 6.156395670237569817e+01 2.935130992540052830e+02
1.799999999999999933e-01 5.862882570983563113e+01 2.935130992540052830e+02
1.899999999999999745e-01 5.569369471729559251e+01 2.935130992540046577e+02
1.999999999999999833e-01 5.275856372475553968e+01 2.935130992540052830e+02
2.099999999999999922e-01 4.982343273221548685e+01 2.935130992540052830e+02
2.199999999999999734e-01 4.688830173967543402e+01 2.935130992540052830e+02
2.299999999999999822e-01 4.395317074713538119e+01 2.935130992540058514e+02
2.399999999999999911e-01 4.101803975459531415e+01 2.935130992540058514e+02
2.500000000000000000e-01 3.808290876205526843e+01 2.935130992540046577e+02
2.600000000000000089e-01 3.514777776951522270e+01 2.935130992540046577e+02
2.700000000000000178e-01 3.221264677697516987e+01 2.935130992540052830e+02
2.799999999999999711e-01 2.927751578443512059e+01 2.935130992540052830e+02
2.899999999999999800e-01 2.634238479189506776e+01 2.935130992540052830e+02
2.999999999999999889e-01 2.340725379935501493e+01 2.935130992540046577e+02
3.099999999999999423e-01 2.047212280681497276e+01 2.935130992540051125e+02
3.200000000000000067e-01 1.753699181427491283e+01 2.935130992540061925e+02
3.300000000000000155e-01 1.460186082173485111e+01 2.935130992540051125e+02
3.399999999999999689e-01 1.166672982919481072e+01 2.935130992540051125e+02
3.500000000000000333e-01 8.731598836654749007e+00 2.935130992540051125e+02
3.599999999999999867e-01 5.796467844114707724e+00 2.886610640002396053e+02
3.699999999999999956e-01 2.958377556649957274e+00 1.631095027540471563e+02
3.799999999999999489e-01 2.534277789033765327e+00 5.340069253201966859e+01
3.900000000000000133e-01 1.890363706009564160e+00 6.012515563844580413e+01
3.999999999999999667e-01 1.331774676264849244e+00 5.047118114627635777e+01
4.099999999999999756e-01 8.809400830840369290e-01 4.014021586568992461e+01
4.199999999999999845e-01 5.289703589510508230e-01 3.150571530152448219e+01
4.299999999999999933e-01 2.508257770535471942e-01 2.448709386995167492e+01
4.399999999999999467e-01 3.922848155201733023e-02 1.842144434844923495e+01
4.499999999999999556e-01 -1.176031099154374870e-01 1.328620072296373600e+01
4.599999999999999645e-01 -2.264955329072573520e-01 9.428695693760195340e+00
4.699999999999999734e-01 -3.061770237906413783e-01 7.153024366523692557e+00
4.799999999999999822e-01 -3.695560202377312087e-01 6.082413799175493629e+00
4.899999999999999911e-01 -4.278252997741512353e-01 5.517503298377435250e+00
5.000000000000000000e-01 -4.799060862052799137e-01 4.764466762069603512e+00
5.100000000000000089e-01 -5.231146350155433389e-01 3.572879835314834107e+00
5.200000000000000178e-01 -5.513636829115765581e-01 1.982339847993915827e+00
5.299999999999999156e-01 -5.627614319754216110e-01 2.275916271809990676e-01
5.400000000000000355e-01 -5.559155154551965738e-01 -1.443798173948472430e+00
5.499999999999999334e-01 -5.338854684964521313e-01 -2.662262765601818071e+00
5.599999999999999423e-01 -5.026702601431601858e-01 -3.051952115116954634e+00
5.699999999999999512e-01 -4.728464261941131008e-01 -2.691140401341064692e+00
5.799999999999999600e-01 -4.488474521163389186e-01 -2.384188768633979105e+00
5.899999999999999689e-01 -4.251626508214335076e-01 -2.121242915576763366e+00
5.999999999999999778e-01 -4.064225938048036668e-01 -2.513682905263347145e+00
6.099999999999999867e-01 -3.748889927161665470e-01 -3.885832282281558747e+00
6.199999999999998845e-01 -3.287059481591724786e-01 -5.415747652253439348e+00
6.300000000000000044e-01 -2.665740396710977733e-01 -5.530344669898363819e+00
6.400000000000000133e-01 -2.180990547612051966e-01 -4.325082243520316005e+00
6.499999999999999112e-01 -1.800723948006914821e-01 -3.016795858010720366e+00
6.600000000000000311e-01 -1.577631376009907826e-01 -1.791184981067402093e+00
6.700000000000000400e-01 -1.442486951793434391e-01 -1.216291270814463310e+00
6.799999999999999378e-01 -1.334373121847015342e-01 -1.141409801086800568e+00
6.899999999999999467e-01 -1.214204991576074283e-01 -1.288142359597301612e+00
7.000000000000000666e-01 -1.076744649927555003e-01 -1.386732149816187309e+00
7.099999999999999645e-01 -9.368585616128367877e-02 -1.303828338057400948e+00
7.199999999999999734e-01 -8.159789823160748523e-02 -9.474506410913571264e-01
7.299999999999998712e-01 -7.473684333945654346e-02 -2.922977379507864515e-01
7.399999999999999911e-01 -7.575194347259174565e-02 4.632173580031506144e-01
7.500000000000000000e-01 -8.400119049951955408e-02 9.200074806877266420e-01
7.599999999999998979e-01 -9.415209308634628349e-02 8.638850839824453454e-01
7.699999999999999067e-01 -1.012788921791684532e-01 5.293164520103754711e-01
7.800000000000000266e-01 -1.047384221265537929e-01 2.644097501454270027e-01
7.899999999999999245e-01 -1.065670871820769972e-01 7.211857478030000990e-02
7.999999999999999334e-01 -1.061807936221597914e-01 -2.145308169057762449e-01
8.100000000000000533e-01 -1.022764708439614645e-01 -5.580277743380573918e-01
8.199999999999999512e-01 -9.502023813539864361e-02 -7.455444839261429202e-01
8.299999999999999600e-01 -8.736558116543861885e-02 -6.592707090087631672e-01
8.399999999999999689e-01 -8.183482395522338748e-02 -3.907822392760476604e-01
8.499999999999999778e-01 -7.954993637991765454e-02 -1.574742901387482796e-01
8.599999999999999867e-01 -7.868533815244842244e-02 -6.506589873295157145e-02
8.699999999999999956e-01 -7.824861840525862422e-02 -7.080686155391525960e-02
8.799999999999998934e-01 -7.726920092137011531e-02 -1.915151042544905036e-01
8.900000000000000133e-01 -7.441831632016882025e-02 -4.203186249254350360e-01
8.999999999999999112e-01 -6.886282842286141348e-02 -6.943397129853854377e-01
9.099999999999999201e-01 -6.053152206046111261e-02 -9.130872368217783919e-01
9.199999999999999289e-01 -5.060108368642584481e-02 -1.043240175277691861e+00
9.299999999999999378e-01 -3.966671855490727649e-02 -9.990520084376128818e-01
9.399999999999999467e-01 -3.062004351767358759e-02 -7.012240537142644392e-01
9.499999999999999556e-01 -2.564223748062198840e-02 -3.187229928439322402e-01
9.599999999999999645e-01 -2.424558366079494418e-02 8.718216382587130886e-02
9.699999999999999734e-01 -2.738588075713941500e-02 7.481161302801629664e-02
9.799999999999999822e-01 -2.574181592135526761e-02 -4.484125994519312375e-01
9.899999999999998801e-01 -1.841762876810078969e-02 -9.283855578317284918e-01
1.000000000000000000e+00 -7.174104764720700550e-03 -9.862616283153172736e-01
1.010000000000000009e+00 1.307603798205554018e-03 -8.489623528354566240e-01
1.020000000000000018e+00 9.805142291988431028e-03 -8.114477224938101418e-01
1.029999999999999805e+00 1.753655824808175723e-02 -6.881637412320235070e-01
1.040000000000000036e+00 2.356841711662890221e-02 -4.813358957821540773e-01
1.050000000000000044e+00 2.716327616372483586e-02 -2.417043033118990991e-01
1.059999999999999831e+00 2.840250318286688391e-02 -6.804485841245344613e-02
1.069999999999999840e+00 2.852417333197390659e-02 -1.335336272002774806e-02
1.080000000000000071e+00 2.866957043726743939e-02 -1.377877228141004620e-02
1.089999999999999858e+00 2.879974877760210772e-02 5.173343021960130628e-02
1.099999999999999867e+00 2.763490183287541091e-02 2.498293555060834004e-01
1.109999999999999876e+00 2.380316166748043874e-02 5.268098691031707359e-01
1.119999999999999885e+00 1.709870445081199813e-02 7.816550147647560731e-01
1.129999999999999893e+00 8.170061372185320053e-03 8.953864883666639019e-01
1.139999999999999902e+00 -8.090253165212795642e-04 7.038452853912813278e-01
1.149999999999999911e+00 -5.906844335640303381e-03 2.534268138727167052e-01
1.159999999999999920e+00 -5.877561593975613383e-03 -2.433475853146449819e-01
1.169999999999999929e+00 -1.039892629347403345e-03 -2.882007563401682293e-01
1.179999999999999938e+00 -1.135464671722492092e-04 -5.133099055405058314e-02
1.189999999999999947e+00 -1.327281826639183848e-05 -5.677323358612460652e-03
1.199999999999999956e+00 0.000000000000000000e+00 -1.327281826639184004e-03
