0.000000000000000000e+00 1.253571691799999854e+02 4.201081528666667282e+02
1.001999999999999939e-02 1.211560879999999969e+02 4.201081528666667282e+02
1.998000000000000123e-02 1.169550068200000084e+02 4.201081528666667282e+02
2.999999999999999889e-02 1.127539256400000056e+02 4.201081528666667282e+02
4.001999999999999308e-02 1.085528444599999887e+02 4.201081528666667282e+02
4.997999999999999665e-02 1.043517632800000001e+02 4.201081528666667282e+02
5.999999999999999778e-02 1.001506820999999974e+02 4.201081528666667282e+02
7.001999999999999891e-02 9.594960091999999463e+01 4.201081528666667282e+02
7.997999999999999554e-02 9.174851973999999188e+01 4.201081528666667282e+02
8.999999999999999667e-02 8.754743856000000335e+01 4.201081528666667282e+02
1.000199999999999839e-01 8.334635738000000060e+01 4.201081528666667282e+02
1.099799999999999944e-01 7.914526573999999925e+01 4.201081528666667282e+02
1.199999999999999956e-01 7.494418455999999651e+01 4.201081528666667282e+02
1.300199999999999967e-01 7.074310337999999376e+01 4.201081528666667282e+02
1.399799999999999933e-01 6.654202220000000523e+01 4.201081528666667282e+02
1.499999999999999944e-01 6.234094101999999538e+01 4.201081528666667282e+02
1.600199999999999956e-01 5.813985984000000684e+01 4.201081528666667282e+02
1.699799999999999922e-01 5.393877865999999699e+01 4.201081528666667282e+02
1.799999999999999933e-01 4.973769748000000135e+01 4.201081528666667282e+02
1.900199999999999945e-01 4.553661629999999860e+01 4.201081528666667282e+02
1.999799999999999911e-01 4.133553512000000296e+01 4.201081528666667282e+02
2.099999999999999922e-01 3.713445394000000022e+01 4.201081528666667282e+02
2.200200000000000211e-01 3.293337275999999747e+01 4.201081528666667282e+02
2.299799999999999622e-01 2.873229157999999828e+01 4.201081528666667282e+02
2.399999999999999911e-01 2.453121039999999908e+01 4.201081528666667282e+02
2.500200000000000200e-01 2.033012921999999989e+01 4.201081528666667282e+02
2.599799999999999889e-01 1.612904803999999714e+01 4.201081528666667282e+02
2.700000000000000178e-01 1.192796685999999973e+01 4.201081528666667282e+02
2.800199999999999911e-01 7.726885680000000534e+00 4.256165108999999802e+02
2.899800000000000155e-01 3.415639779999999792e+00 2.838509628666666913e+02
2.999999999999999889e-01 2.049867120000000043e+00 1.198575487333333456e+02
3.100200000000000178e-01 1.018479740000000078e+00 9.155648460000000455e+01
3.199799999999999867e-01 2.187395200000000206e-01 7.270175930000000619e+01
3.300000000000000155e-01 -4.355543999999999527e-01 5.945092670000000368e+01
3.400199999999999889e-01 -9.702800599999998887e-01 4.917864883333334092e+01
3.499800000000000133e-01 -1.419129120000000022e+00 4.060803863333333652e+01
3.599999999999999867e-01 -1.782446760000000019e+00 3.361219886666666667e+01
3.700200000000000156e-01 -2.091372400000000020e+00 2.871782540000000239e+01
3.799799999999999844e-01 -2.356805360000000071e+00 2.466612696666667048e+01
3.900000000000000133e-01 -2.584686920000000221e+00 2.122438599999999909e+01
4.000199999999999867e-01 -2.781293080000000195e+00 1.757639126666666840e+01
4.099800000000000111e-01 -2.936216139999999974e+00 1.324971686666666670e+01
4.199999999999999845e-01 -3.046286719999999892e+00 9.365291266666666559e+00
4.300200000000000133e-01 -3.123523360000000082e+00 6.128914966666667574e+00
4.399799999999999822e-01 -3.168857000000000035e+00 3.165980499999999864e+00
4.499999999999999556e-01 -3.186848200000000020e+00 -4.144600666666667377e-01
4.600199999999999845e-01 -3.160572680000000023e+00 -4.389190333333333527e+00
4.699799999999999534e-01 -3.099057419999999841e+00 -7.446264800000000683e+00
4.799999999999999822e-01 -3.011643199999999965e+00 -9.036428866666668114e+00
4.900199999999999556e-01 -2.918329539999999778e+00 -9.340867166666667387e+00
4.999799999999999800e-01 -2.824827599999999883e+00 -9.606341966666667176e+00
5.100000000000000089e-01 -2.726200259999999709e+00 -1.002648530000000093e+01
5.200200000000000378e-01 -2.624298939999999636e+00 -1.001836136666666732e+01
5.299800000000000066e-01 -2.525838960000000188e+00 -9.489904733333334619e+00
5.400000000000000355e-01 -2.434502240000000040e+00 -8.983780200000001770e+00
5.500199999999999534e-01 -2.346157079999999784e+00 -8.929266166666666393e+00
5.599800000000000333e-01 -2.255918659999999853e+00 -9.069465033333333537e+00
5.699999999999999512e-01 -2.164770219999999856e+00 -9.204660533333333561e+00
5.800199999999999800e-01 -2.071822659999999594e+00 -9.127518033333332781e+00
5.899799999999999489e-01 -1.982222300000000104e+00 -9.177046133333332634e+00
5.999999999999999778e-01 -1.888281039999999855e+00 -9.127692366666666501e+00
6.100199999999998957e-01 -1.799663920000000195e+00 -9.083167633333333768e+00
6.199800000000000866e-01 -1.706622219999999857e+00 -9.553972233333333008e+00
6.300000000000000044e-01 -1.608591100000000162e+00 -9.666922800000000038e+00
6.400199999999999223e-01 -1.513279580000000069e+00 -9.386333300000000435e+00
6.499799999999998912e-01 -1.420865480000000014e+00 -9.126524333333334127e+00
6.600000000000000311e-01 -1.330752579999999963e+00 -8.851827300000000065e+00
6.700199999999999489e-01 -1.243829979999999891e+00 -8.011836999999999875e+00
6.799799999999999178e-01 -1.170515839999999974e+00 -7.193254833333333487e+00
6.899999999999999467e-01 -1.099963140000000061e+00 -6.674456266666667581e+00
7.000199999999999756e-01 -1.037025319999999917e+00 -5.718970133333333372e+00
7.099799999999999445e-01 -9.855830399999999658e-01 -4.953489900000000112e+00
7.199999999999999734e-01 -9.379586600000000551e-01 -4.548531000000000546e+00
7.300199999999998912e-01 -8.946124199999999638e-01 -4.271724533333333795e+00
7.399799999999999711e-01 -8.525213799999999953e-01 -3.492785766666666625e+00
7.500000000000000000e-01 -8.247500800000000520e-01 -2.498301266666666631e+00
7.600199999999999179e-01 -8.025539600000000107e-01 -1.942561466666666625e+00
7.699799999999999978e-01 -7.859016399999999569e-01 -1.178214400000000106e+00
7.800000000000000266e-01 -7.789875800000000128e-01 -7.094669333333334382e-01
7.900199999999999445e-01 -7.717178799999999672e-01 -7.462164000000001129e-01
7.999799999999999134e-01 -7.640611600000000170e-01 -5.586511666666666986e-01
8.100000000000000533e-01 -7.605361400000000272e-01 -2.699028666666666854e-01
8.200199999999999712e-01 -7.586637999999999993e-01 -1.310812333333333524e-01
8.299799999999999400e-01 -7.579211399999999932e-01 6.183603333333333868e-02
8.399999999999999689e-01 -7.599085399999999657e-01 3.798723333333333119e-01
8.500199999999999978e-01 -7.655151000000000039e-01 5.316817999999999822e-01
8.599799999999999667e-01 -7.705359000000000513e-01 5.118601000000000401e-01
8.699999999999999956e-01 -7.757554400000000738e-01 6.061047000000000518e-01
8.800199999999999134e-01 -7.826590399999999725e-01 6.030364333333333438e-01
8.899799999999999933e-01 -7.878158199999999445e-01 3.440642666666666738e-01
8.999999999999999112e-01 -7.895417199999998914e-01 1.001022000000000162e-01
9.100199999999999401e-01 -7.898136799999999624e-01 -1.449581666666666657e-01
9.199800000000000200e-01 -7.866442999999999630e-01 -3.636244666666666459e-01
9.299999999999999378e-01 -7.825439800000000279e-01 -5.288053000000000337e-01
9.400199999999999667e-01 -7.760692399999999935e-01 -8.633509666666667748e-01
9.499799999999999356e-01 -7.652745200000000692e-01 -1.255653266666666878e+00
9.599999999999999645e-01 -7.509547799999999329e-01 -1.425541100000000005e+00
9.700199999999999934e-01 -7.367710200000000542e-01 -1.465027600000000207e+00
9.799799999999999622e-01 -7.216563200000000178e-01 -1.733361466666666795e+00
9.899999999999998801e-01 -7.020961199999999902e-01 -2.257424900000000179e+00
1.000019999999999909e+00 -6.765005000000000601e-01 -2.779344033333333464e+00
1.009979999999999878e+00 -6.465116799999999220e-01 -3.021039766666667070e+00
1.020000000000000018e+00 -6.160835399999999851e-01 -3.075240000000000418e+00
1.030019999999999936e+00 -5.850068800000000069e-01 -3.423418533333333347e+00
1.039979999999999905e+00 -5.476123799999998987e-01 -3.745046100000000155e+00
1.050000000000000044e+00 -5.101028199999999568e-01 -3.825204566666666750e+00
1.060019999999999962e+00 -4.711079399999999473e-01 -3.849541499999999949e+00
1.069979999999999931e+00 -4.331172199999999695e-01 -3.745290166666666920e+00
1.080000000000000071e+00 -3.962038799999999528e-01 -4.088500200000000362e+00
1.090019999999999989e+00 -3.513409399999999905e-01 -4.993726033333333980e+00
1.099979999999999958e+00 -2.963318000000000341e-01 -5.584803200000000523e+00
1.110000000000000098e+00 -2.396490599999999971e-01 -5.503215200000000529e+00
1.120020000000000016e+00 -1.862612200000000051e-01 -5.138788800000000379e+00
1.129979999999999984e+00 -1.368690999999999935e-01 -4.640561566666666415e+00
1.139999999999999902e+00 -9.344964000000000048e-02 -3.851581200000000038e+00
1.150020000000000042e+00 -5.984166000000000485e-02 -2.932652766666666633e+00
1.159980000000000011e+00 -3.480041999999999858e-02 -2.746447333333333241e+00
1.169999999999999929e+00 -4.916199999999999910e-03 -1.718856933333333448e+00
1.180019999999999847e+00 -4.288600000000000376e-04 -2.437877333333333674e-01
1.189980000000000038e+00 -4.183999999999999921e-05 -2.119893333333333282e-02
1.199999999999999956e+00 0.000000000000000000e+00 -3.748166666666666574e-03
