0.000000000000000000e+00 1.660943400000000167e+02 3.413464099999999917e+02
1.000000200000000089e-02 1.557860099999999761e+02 1.720338766666666743e+03
1.999999800000000147e-02 1.316872160000000065e+02 2.068534733333333406e+03
2.999999999999999889e-02 1.144156639999999925e+02 1.613955336666666881e+03
4.000000199999999978e-02 9.940838819999999032e+01 1.402265856666666650e+03
4.999999799999999689e-02 8.636989359999999749e+01 1.218344190000000026e+03
5.999999999999999778e-02 7.504150439999999378e+01 1.058545026666666672e+03
7.000000199999999173e-02 6.519895819999999276e+01 9.197042166666667526e+02
7.999999800000000272e-02 5.664738520000000221e+01 7.990742666666667446e+02
8.999999999999999667e-02 4.921743799999999425e+01 6.942668099999999640e+02
1.000000019999999906e-01 4.276204899999999753e+01 6.032072799999999688e+02
1.099999979999999877e-01 3.715329239999999800e+01 5.240895833333333940e+02
1.199999999999999956e-01 3.228029220000000521e+01 4.553499499999999784e+02
1.300000020000000034e-01 2.804639799999999994e+01 3.956250933333333819e+02
1.399999979999999866e-01 2.436772060000000195e+01 3.437347766666666757e+02
1.499999999999999944e-01 2.117166759999999925e+01 2.986504333333333534e+02
1.600000020000000023e-01 1.839474680000000006e+01 2.594794766666666987e+02
1.699999979999999855e-01 1.598204319999999967e+01 2.254443800000000238e+02
1.799999999999999933e-01 1.388585920000000051e+01 1.958757033333333197e+02
1.900000019999999734e-01 1.206456400000000073e+01 1.701843743333333521e+02
1.999999979999999844e-01 1.048217520000000036e+01 1.478627343333333215e+02
2.099999999999999922e-01 9.107312799999998987e+00 1.284688483333333409e+02
2.200000019999999723e-01 7.912791259999999660e+00 1.116188343333333250e+02
2.299999980000000110e-01 6.874939599999999373e+00 9.697866966666667565e+01
2.399999999999999911e-01 5.973214379999999935e+00 8.425896100000001354e+01
2.500000019999999989e-01 5.189760380000000062e+00 7.320744799999999941e+01
2.599999980000000099e-01 4.509065419999999769e+00 6.360551666666667359e+01
2.700000000000000178e-01 3.917657019999999601e+00 5.526296933333333072e+01
2.800000019999999701e-01 3.403809520000000255e+00 4.801453800000000172e+01
2.899999979999999811e-01 2.957366259999999691e+00 4.171692066666666676e+01
2.999999999999999889e-01 2.569467619999999730e+00 3.624529466666666622e+01
3.100000019999999967e-01 2.232456879999999977e+00 3.149122466666666753e+01
3.199999980000000077e-01 1.939650100000000155e+00 2.736091933333333515e+01
3.300000000000000155e-01 1.685241980000000028e+00 2.377226766666666435e+01
3.400000020000000234e-01 1.464201260000000060e+00 2.065414166666666773e+01
3.499999979999999788e-01 1.272155660000000132e+00 1.794517600000000357e+01
3.599999999999999867e-01 1.105297739999999918e+00 1.559146679999999918e+01
3.700000019999999945e-01 9.603252780000000044e-01 1.354646706666666844e+01
3.799999980000000055e-01 8.343680500000000277e-01 1.176969660000000140e+01
3.900000000000000133e-01 7.249313459999999765e-01 1.022597493333333496e+01
4.000000020000000212e-01 6.298488999999999338e-01 8.884724000000000288e+00
4.099999979999999766e-01 5.472368659999999885e-01 7.719392833333333037e+00
4.199999999999999845e-01 4.754613919999999827e-01 6.688664433333333825e+00
4.300000019999999368e-01 4.134639259999999816e-01 5.866316666666667068e+00
4.399999980000000033e-01 3.581347099999999672e-01 5.272310700000000239e+00
4.499999999999999556e-01 3.080177119999999991e-01 4.747759133333333104e+00
4.600000019999999634e-01 2.631798759999999793e-01 4.195349100000000497e+00
4.699999980000000299e-01 2.241107299999999802e-01 3.743494533333333152e+00
4.799999999999999822e-01 1.883092880000000191e-01 3.491565433333333246e+00
4.900000019999999901e-01 1.542797699999999828e-01 3.313100400000000167e+00
4.999999979999999455e-01 1.220472800000000080e-01 3.110612233333333698e+00
5.100000000000000089e-01 9.206714180000000192e-02 2.877842366666666596e+00
5.200000019999999612e-01 6.449081619999999515e-02 2.640818766666666484e+00
5.299999979999999722e-01 3.925083619999999995e-02 2.408763666666666747e+00
5.400000000000000355e-01 1.631561260000000124e-02 2.179672233333333597e+00
5.500000019999999878e-01 -4.342604979999999462e-03 1.956699900000000047e+00
5.599999979999999988e-01 -2.281828080000000009e-02 1.745285866666666852e+00
5.699999999999999512e-01 -3.924843039999999922e-02 1.548181113333333414e+00
5.800000019999999035e-01 -5.378186820000000617e-02 1.364174023333333485e+00
5.899999980000000255e-01 -6.653198059999999858e-02 1.190562429999999949e+00
5.999999999999999778e-01 -7.759311680000000044e-02 1.024417533333333408e+00
6.100000019999999301e-01 -8.702029639999998845e-02 8.634991499999999931e-01
6.199999980000000521e-01 -9.486309979999998920e-02 7.081019033333333379e-01
6.300000000000000044e-01 -1.011822995999999975e-01 5.619321200000000349e-01
6.400000019999999568e-01 -1.061020559999999863e-01 4.294614500000000223e-01
6.499999980000000788e-01 -1.097714239999999924e-01 3.122588933333333427e-01
6.600000000000000311e-01 -1.123466760000000064e-01 2.088356433333333484e-01
6.700000019999999834e-01 -1.139481019999999956e-01 1.171732686666666773e-01
6.799999979999998834e-01 -1.146907620000000017e-01 3.696372233333333063e-02
6.899999999999999467e-01 -1.146876240000000019e-01 -3.157385866666666957e-02
7.000000019999998990e-01 -1.140589780000000053e-01 -8.988504633333332938e-02
7.099999979999999100e-01 -1.128895500000000052e-01 -1.416060853333333258e-01
7.199999999999999734e-01 -1.112264099999999978e-01 -1.897461433333333669e-01
7.300000019999999257e-01 -1.090946619999999950e-01 -2.347293733333333521e-01
7.399999979999999367e-01 -1.065319619999999939e-01 -2.747144666666667123e-01
7.500000000000000000e-01 -1.036006516000000099e-01 -3.074699566666666550e-01
7.600000019999999523e-01 -1.003828417999999972e-01 -3.314582233333333572e-01
7.699999979999999633e-01 -9.697141739999999566e-02 -3.465851266666666874e-01
7.800000000000000266e-01 -9.345120899999999342e-02 -3.552320599999999606e-01
7.900000019999999790e-01 -8.986688080000000689e-02 -3.627318800000000065e-01
7.999999979999999900e-01 -8.619657139999999107e-02 -3.750990866666666368e-01
8.100000000000000533e-01 -8.236486419999999864e-02 -3.946052433333333553e-01
8.200000020000000056e-01 -7.830439680000000902e-02 -4.173226199999999775e-01
8.299999979999999056e-01 -7.401841179999998910e-02 -4.355718333333333248e-01
8.399999999999999689e-01 -6.959299500000000471e-02 -4.432581900000000519e-01
8.500000019999999212e-01 -6.515324799999999694e-02 -4.391648433333333323e-01
8.599999979999999322e-01 -6.080973299999999776e-02 -4.259573500000000124e-01
8.699999999999999956e-01 -5.663410099999999919e-02 -4.078371433333333740e-01
8.800000019999999479e-01 -5.265292039999999729e-02 -3.889551000000000536e-01
8.899999979999999589e-01 -4.885499900000000312e-02 -3.718390533333333359e-01
8.999999999999999112e-01 -4.521617420000000054e-02 -3.560113299999999592e-01
9.100000019999999745e-01 -4.173477240000000171e-02 -3.392474366666666796e-01
9.199999979999999855e-01 -3.843119059999999809e-02 -3.200725133333333638e-01
9.299999999999999378e-01 -3.533335700000000273e-02 -2.986173100000000247e-01
9.400000020000000012e-01 -3.245884439999999899e-02 -2.757901033333333696e-01
9.499999980000000122e-01 -2.981748519999999694e-02 -2.525096300000000404e-01
9.599999999999999645e-01 -2.740865180000000290e-02 -2.293651366666666636e-01
9.700000020000000278e-01 -2.523014759999999898e-02 -2.066477600000000137e-01
9.799999979999999278e-01 -2.327569659999999957e-02 -1.849484900000000209e-01
9.899999999999998801e-01 -2.153117779999999884e-02 -1.651933853333333313e-01
1.000000001999999943e+00 -1.997180099999999736e-02 -1.477511609999999920e-01
1.009999997999999843e+00 -1.857622780000000098e-02 -1.322210246666666589e-01
1.020000000000000018e+00 -1.732740840000000088e-02 -1.185093593333333417e-01
1.030000001999999970e+00 -1.620599179999999973e-02 -1.070886083333333350e-01
1.039999997999999870e+00 -1.518561879999999996e-02 -9.816152133333333474e-02
1.050000000000000044e+00 -1.424275439999999997e-02 -9.135607100000001091e-02
1.060000001999999997e+00 -1.335846599999999940e-02 -8.613740266666666812e-02
1.069999997999999897e+00 -1.251999239999999902e-02 -8.214987633333334371e-02
1.080000000000000071e+00 -1.171551380000000059e-02 -7.963651266666667283e-02
1.090000002000000023e+00 -1.092735279999999982e-02 -7.927250466666667383e-02
1.099999997999999923e+00 -1.013004976000000078e-02 -8.090810000000001057e-02
1.110000000000000098e+00 -9.309148959999999362e-03 -8.300445833333333634e-02
1.120000002000000050e+00 -8.469964079999999645e-03 -8.240719233333333726e-02
1.129999997999999950e+00 -7.661008599999999738e-03 -8.687082299999999979e-02
1.139999999999999902e+00 -6.732547619999999441e-03 -1.053437059999999953e-01
1.150000001999999855e+00 -5.554134480000000318e-03 -1.788537966666666756e-01
1.159999997999999977e+00 -3.155457740000000046e-03 -2.320463833333333559e-01
1.169999999999999929e+00 -9.131935639999999924e-04 -1.689527093333333396e-01
1.180000001999999881e+00 2.235940059999999769e-04 -4.650655466666667182e-02
1.189999998000000003e+00 1.693766880000000080e-05 1.117971773333333377e-02
1.199999999999999956e+00 0.000000000000000000e+00 -7.792194433333333309e-03
