0.000000000000000000e+00 9.559131228597460677e+02 1.510357528027548506e+04
1.000000200000000089e-02 8.048773700569039420e+02 1.392710328673252843e+04
1.999999800000000147e-02 6.773710571249559962e+02 1.175613925626620767e+04
2.999999999999999889e-02 5.697545849320679281e+02 9.921088350406887912e+03
4.000000199999999978e-02 4.789492901168879939e+02 8.370171444805273495e+03
4.999999799999999689e-02 4.023511560350560217e+02 7.059575273294042745e+03
5.999999999999999778e-02 3.377577846510420159e+02 5.952228178525764633e+03
7.000000199999999173e-02 2.833065924649940257e+02 5.016763914760629632e+03
7.999999800000000272e-02 2.374225063559339901e+02 4.226644624768040558e+03
8.999999999999999667e-02 1.987736999694239728e+02 3.559418546815690206e+03
1.000000019999999906e-01 1.662341354199339776e+02 2.996091760907373555e+03
1.099999979999999877e-01 1.388518647514160023e+02 2.520596460503970320e+03
1.199999999999999956e-01 1.158222062097499929e+02 2.119340925114810034e+03
1.300000020000000034e-01 9.646504624880600431e+01 1.780828645519780139e+03
1.399999979999999866e-01 8.020563329893600724e+01 1.495335980243550011e+03
1.499999999999999944e-01 6.655832664445800617e+01 1.254639352817780036e+03
1.600000020000000023e-01 5.511284624216200001e+01 1.051784380054043368e+03
1.699999979999999855e-01 4.552263904341199918e+01 8.808904900577233548e+02
1.799999999999999933e-01 3.749503644166999550e+01 7.369855779345166411e+02
1.900000019999999734e-01 3.078292748489599973e+01 6.158660844118766136e+02
1.999999979999999844e-01 2.517771475277000093e+01 5.139785913498966465e+02
2.099999999999999922e-01 2.050335565765399792e+01 6.030253249841799743e+02
2.200000019999999723e-01 1.311720825371399890e+01 6.359282623292500602e+02
2.299999980000000110e-01 7.784790410545999961e+00 2.924989255145566744e+02
2.399999999999999911e-01 7.267229743388000429e+00 1.350562834563399974e+02
2.500000019999999989e-01 5.083664742255999514e+00 1.448627018727999882e+02
2.599999980000000099e-01 4.369975705932000132e+00 4.486465978438667435e+01
2.700000000000000178e-01 4.186371546638000041e+00 3.111701989953999714e+01
2.800000019999999701e-01 3.747635307732000154e+00 4.531572472391000161e+01
2.899999979999999811e-01 3.280057051845999716e+00 4.469634220625334109e+01
2.999999999999999889e-01 2.853708463328000100e+00 4.009435065182000102e+01
3.100000019999999967e-01 2.478170038181999768e+00 3.562128567183333416e+01
3.199999980000000077e-01 2.141282750239999810e+00 3.270295911119000465e+01
3.300000000000000155e-01 1.824110856271999870e+00 3.104376355452666658e+01
3.400000020000000234e-01 1.520407479009999951e+00 2.956304203899999905e+01
3.499999979999999788e-01 1.232850015491999907e+00 2.772147046894999889e+01
3.599999999999999867e-01 9.659780701539999459e-01 2.564651348912666506e+01
3.700000019999999945e-01 7.199197455700000470e-01 2.356242208069667043e+01
3.799999980000000055e-01 4.947296282960000346e-01 2.159686954449000140e+01
3.900000000000000133e-01 2.879823549939999894e-01 1.985666182825999826e+01
4.000000020000000212e-01 9.759639193999999907e-02 1.830621578148999973e+01
4.099999979999999766e-01 -7.814196032200000641e-02 1.683246262905333523e+01
4.199999999999999845e-01 -2.390528609200000265e-01 1.534193998369666723e+01
4.300000019999999368e-01 -3.849807602399999973e-01 1.381222489683333521e+01
4.399999980000000033e-01 -5.152973585079999586e-01 1.223621546080999956e+01
4.499999999999999556e-01 -6.297050697699999589e-01 1.062527532897333238e+01
4.600000019999999634e-01 -7.278028659939999034e-01 9.036361183493333726e+00
4.699999980000000299e-01 -8.104322928819999161e-01 7.551420553746667430e+00
4.799999999999999822e-01 -8.788312767900000599e-01 6.208677864026666882e+00
4.900000019999999901e-01 -9.346058503020000519e-01 5.015972983703333554e+00
4.999999979999999455e-01 -9.791507362200000397e-01 3.970238597970000338e+00
5.100000000000000089e-01 -1.014010622365999925e+00 3.011480485983333732e+00
5.200000019999999612e-01 -1.039380346113999876e+00 2.026154828230000149e+00
5.299999979999999722e-01 -1.054533718825999999e+00 9.752464784600001213e-01
5.400000000000000355e-01 -1.058885275473999910e+00 -6.296476670333332748e-02
5.500000019999999878e-01 -1.053274423736000109e+00 -9.486406403766666218e-01
5.599999979999999988e-01 -1.039912463050000069e+00 -1.566106919156666555e+00
5.699999999999999512e-01 -1.021952285317999864e+00 -1.919623023129999995e+00
5.800000019999999035e-01 -1.001520002691999922e+00 -2.159324953200000063e+00
5.899999980000000255e-01 -9.787657862539999032e-01 -2.458360211676666740e+00
5.999999999999999778e-01 -9.523527977960000168e-01 -2.859276455913333237e+00
6.100000019999999301e-01 -9.215802570659999970e-01 -3.251020756753333352e+00
6.199999980000000521e-01 -8.873323823819999623e-01 -3.495276822640000169e+00
6.300000000000000044e-01 -8.516747204039999408e-01 -3.547436130410000388e+00
6.400000019999999568e-01 -8.163836605059999751e-01 -3.465628208910000119e+00
6.499999980000000788e-01 -7.823621569580000434e-01 -3.383567028146666988e+00
6.600000000000000311e-01 -7.487123202219999607e-01 -3.453664494999999945e+00
6.700000019999999834e-01 -7.132888670579999868e-01 -3.722486627493333256e+00
6.799999979999998834e-01 -6.742625871840000062e-01 -4.093184707513333187e+00
6.899999999999999467e-01 -6.314251728380000372e-01 -4.441687221913332984e+00
7.000000019999998990e-01 -5.854288426760000386e-01 -4.668276902180000576e+00
7.099999979999999100e-01 -5.380596343760000178e-01 -4.701741873060000465e+00
7.199999999999999734e-01 -4.913940054240000244e-01 -4.538122463199999679e+00
7.300000019999999257e-01 -4.472971851120000064e-01 -4.233810798933332897e+00
7.399999979999999367e-01 -4.067177897939999731e-01 -3.866531925553333693e+00
7.500000000000000000e-01 -3.699665463219999895e-01 -3.527773078973333476e+00
7.600000019999999523e-01 -3.361623273079999974e-01 -3.298077650373333114e+00
7.699999979999999633e-01 -3.040049934540000054e-01 -3.196265681436666561e+00
7.800000000000000266e-01 -2.722370142720000330e-01 -3.189796181896666472e+00
7.900000019999999790e-01 -2.402090695720000002e-01 -3.207008706373333684e+00
7.999999979999999900e-01 -2.080968402839999953e-01 -3.152447270063333029e+00
8.100000000000000533e-01 -1.771601246239999927e-01 -2.962134376036666961e+00
8.200000020000000056e-01 -1.488541523099999875e-01 -2.644525234543333436e+00
8.299999979999999056e-01 -1.242696199679999836e-01 -2.250882611063333538e+00
8.399999999999999689e-01 -1.038365005419999987e-01 -1.848274637903333462e+00
8.500000019999999212e-01 -8.730412745399999952e-02 -1.505730448073333561e+00
8.599999979999999322e-01 -7.372189172000000179e-02 -1.271166388066666597e+00
8.699999999999999956e-01 -6.188079934399999538e-02 -1.138584085460000006e+00
8.800000019999999479e-01 -5.095020917400000515e-02 -1.067470724230000112e+00
8.899999979999999589e-01 -4.053138496400000151e-02 -1.015323323426666757e+00
8.999999999999999112e-01 -3.064374256600000193e-02 -9.412817514433333699e-01
9.100000019999999745e-01 -2.170574997000000034e-02 -8.172789901333333829e-01
9.199999979999999855e-01 -1.429816311199999870e-02 -6.327519178433334002e-01
9.299999999999999378e-01 -9.050711648000000359e-03 -3.954583783666666408e-01
9.400000020000000012e-01 -6.388995195999999828e-03 -1.424042094833333494e-01
9.499999980000000122e-01 -6.202627283999999352e-03 6.646974882999999445e-02
9.599999999999999645e-01 -7.718391114000000205e-03 1.887882043299999868e-01
9.700000020000000278e-01 -9.978391265999999454e-03 2.264805022733333284e-01
9.799999979999999278e-01 -1.224800101999999960e-02 2.092541845433333325e-01
9.899999999999998801e-01 -1.416347492199999947e-02 1.692307274166666708e-01
1.000000001999999943e+00 -1.563261539399999830e-02 1.320211114033333355e-01
1.009999997999999843e+00 -1.680389690599999944e-02 1.095591191233333400e-01
1.020000000000000018e+00 -1.782379816000000117e-02 1.075994817066666664e-01
1.030000001999999970e+00 -1.895588709799999813e-02 1.261952976000000060e-01
1.039999997999999870e+00 -2.034770411199999726e-02 1.548639487966666783e-01
1.050000000000000044e+00 -2.205316631800000038e-02 1.765588325699999905e-01
1.060000001999999997e+00 -2.387887982199999801e-02 1.782600312800000086e-01
1.069999997999999897e+00 -2.561836631600000053e-02 1.551414090133333423e-01
1.080000000000000071e+00 -2.698170807199999632e-02 1.067141961200000072e-01
1.090000002000000023e+00 -2.775265086599999764e-02 3.676874618999999983e-02
1.099999997999999923e+00 -2.771708372800000056e-02 -4.078841610333333589e-02
1.110000000000000098e+00 -2.693688174200000243e-02 -1.071112176233333380e-01
1.120000002000000050e+00 -2.557485899199999843e-02 -1.541279326399999927e-01
1.129999997999999950e+00 -2.385432392599999910e-02 -1.889869268966666849e-01
1.139999999999999902e+00 -2.179512021000000119e-02 -2.264082201866666755e-01
1.150000001999999855e+00 -1.932615959200000011e-02 -2.737430098566666636e-01
1.159999997999999977e+00 -1.632025997800000058e-02 -8.887137784466666579e-01
1.169999999999999929e+00 -1.551883256000000056e-03 -8.069123247133334065e-01
1.180000001999999881e+00 -1.820134139999999927e-04 -7.668287016666666678e-02
1.189999998000000003e+00 -1.822654999999999916e-05 -9.100691620000000287e-03
1.199999999999999956e+00 0.000000000000000000e+00 -1.822613160000000065e-03
