0.000000000000000000e+00 8.727158560299012890e+01 1.898025725436969822e+02
1.000000000000000021e-02 8.537355987755314857e+01 1.898025725436963853e+02
2.000000000000000042e-02 8.347553415211619665e+01 1.898025725436957885e+02
2.999999999999999889e-02 8.157750842667923052e+01 1.898025725436963853e+02
4.000000000000000083e-02 7.967948270124226440e+01 1.898025725436969822e+02
4.999999999999999584e-02 7.778145697580529827e+01 1.898025725436963853e+02
5.999999999999999778e-02 7.588343125036834635e+01 1.898025725436963853e+02
6.999999999999999278e-02 7.398540552493136602e+01 1.898025725436963853e+02
8.000000000000000167e-02 7.208737979949441410e+01 1.898025725436963853e+02
8.999999999999999667e-02 7.018935407405744797e+01 1.898025725436957885e+02
9.999999999999999167e-02 6.829132834862049606e+01 1.898025725436957885e+02
1.099999999999999867e-01 6.639330262318352993e+01 1.898025725436969822e+02
1.199999999999999956e-01 6.449527689774656380e+01 1.898025725436969822e+02
1.300000000000000044e-01 6.259725117230959057e+01 1.898025725436963853e+02
1.399999999999999856e-01 6.069922544687263155e+01 1.898025725436957885e+02
1.499999999999999944e-01 5.880119972143567253e+01 1.898025725436963853e+02
1.600000000000000033e-01 5.690317399599870640e+01 1.898025725436969822e+02
1.699999999999999845e-01 5.500514827056173317e+01 1.898025725436963853e+02
1.799999999999999933e-01 5.310712254512477415e+01 1.898025725436961011e+02
1.899999999999999745e-01 5.120909681968781513e+01 1.898025725436963853e+02
1.999999999999999833e-01 4.931107109425084900e+01 1.898025725436961011e+02
2.099999999999999922e-01 4.741304536881388998e+01 1.898025725436963853e+02
2.199999999999999734e-01 4.551501964337692385e+01 1.898025725436963853e+02
2.299999999999999822e-01 4.361699391793996483e+01 1.898025725436963853e+02
2.399999999999999911e-01 4.171896819250299160e+01 1.898025725436969822e+02
2.500000000000000000e-01 3.982094246706602547e+01 1.898025725436963853e+02
2.600000000000000089e-01 3.792291674162906645e+01 1.898025725436961011e+02
2.700000000000000178e-01 3.602489101619210032e+01 1.898025725436963853e+02
2.799999999999999711e-01 3.412686529075514130e+01 1.898025725436963853e+02
2.899999999999999800e-01 3.222883956531817518e+01 1.898025725436963853e+02
2.999999999999999889e-01 3.033081383988121260e+01 1.898025725436961011e+02
3.099999999999999423e-01 2.843278811444425358e+01 -1.192644355985121649e+02
3.200000000000000067e-01 3.271610255185145633e+01 1.226489663759610096e+02
3.300000000000000155e-01 2.597980878692503381e+01 6.256311475382174194e+02
3.399999999999999689e-01 2.020347960108710694e+01 5.280928674990772151e+02
3.500000000000000333e-01 1.541795143694349157e+01 4.140172154096568988e+02
3.599999999999999867e-01 1.192313529289396890e+01 3.157797726874801469e+02
3.699999999999999956e-01 9.102355983193888278e+00 2.527137207140773683e+02
3.799999999999999489e-01 6.868860878612421672e+00 2.063721731294424728e+02
3.900000000000000133e-01 4.974912520605039745e+00 1.763244054289018266e+02
3.999999999999999667e-01 3.342372770034386154e+00 1.497165143004430377e+02
4.099999999999999756e-01 1.980582234596179436e+00 1.201653705731995387e+02
4.199999999999999845e-01 9.390653585703953032e-01 9.348919146095747124e+01
4.299999999999999933e-01 1.107984053770302429e-01 7.595624436623350562e+01
4.399999999999999467e-01 -5.800595287542746892e-01 6.179321687354441650e+01
4.499999999999999556e-01 -1.125065932093858079e+00 4.772367145042704095e+01
4.599999999999999645e-01 -1.534532957762815286e+00 3.440106951596306573e+01
4.699999999999999734e-01 -1.813087322413119207e+00 2.101742398429522041e+01
4.799999999999999822e-01 -1.954881437448719783e+00 9.917572176078655488e+00
4.899999999999999911e-01 -2.011438765934692174e+00 2.758722126901143934e+00
5.000000000000000000e-01 -2.010055879986742511e+00 -1.622659114143937487e+00
5.100000000000000089e-01 -1.978985583651813540e+00 -5.511032669697614850e+00
5.200000000000000178e-01 -1.899835226592790249e+00 -8.785524373247174168e+00
5.299999999999999156e-01 -1.803275096186870208e+00 -1.078389568093375850e+01
5.400000000000000355e-01 -1.684157312974115195e+00 -1.006708805218848468e+01
5.499999999999999334e-01 -1.601933335143100434e+00 -7.837488005971944283e+00
5.599999999999999423e-01 -1.527407552854676220e+00 -8.522781775202959764e+00
5.699999999999999512e-01 -1.431477699639041257e+00 -1.040136409649706195e+01
5.799999999999999600e-01 -1.319380270924735088e+00 -1.074568831504817190e+01
5.899999999999999689e-01 -1.216563933338077774e+00 -1.133118706553442401e+01
5.999999999999999778e-01 -1.092756529614046679e+00 -1.182214042766930184e+01
6.099999999999999867e-01 -9.801211247846918218e-01 -1.378145361794261348e+01
6.199999999999998845e-01 -8.171274572551943116e-01 -1.265581973127012105e+01
6.300000000000000044e-01 -7.270047301592894584e-01 -8.559063693185471777e+00
6.400000000000000133e-01 -6.459461833914849072e-01 -8.952557553653468503e+00
6.499999999999999112e-01 -5.479535790862201106e-01 -1.279937614497949561e+01
6.600000000000000311e-01 -3.899586604918949817e-01 -1.232972029339188147e+01
6.700000000000000400e-01 -3.013591732183825145e-01 -7.957437992961165385e+00
6.799999999999999378e-01 -2.308099006326717051e-01 -7.530662917080664265e+00
6.899999999999999467e-01 -1.507459148767692214e-01 -7.319758292975841130e+00
7.000000000000000666e-01 -8.441473477315492024e-02 -5.995624900777025701e+00
7.099999999999999645e-01 -3.083341686122871225e-02 -4.369376349366653756e+00
7.199999999999999734e-01 2.972792214178158424e-03 -5.280642143968184321e+00
7.299999999999998712e-01 7.477942601813496182e-02 -6.285292115636986310e+00
7.399999999999999911e-01 1.286786345269178844e-01 -3.276074610328651548e+00
7.500000000000000000e-01 1.403009182247079989e-01 -1.239605703188573216e+00
7.599999999999998979e-01 1.534707485906893487e-01 -1.518750804818489231e+00
7.699999999999999067e-01 1.706759343210777768e-01 -1.511407024922952980e+00
7.800000000000000266e-01 1.836988890891484150e-01 8.780701534619182735e-02
7.899999999999999245e-01 1.689197940141539400e-01 -2.992445737946948237e-01
7.999999999999999334e-01 1.896837805650423148e-01 -8.576415437652872287e-01
8.100000000000000533e-01 1.860726248894596924e-01 1.703981519294858415e+00
8.199999999999999512e-01 1.556041501791451398e-01 3.220354792615486073e+00
8.299999999999999600e-01 1.216655290371499720e-01 2.430173650449773515e+00
8.399999999999999689e-01 1.070006771701496745e-01 1.434534348643808466e+00
8.499999999999999778e-01 9.297484206427381048e-02 2.700608294099217765e+00
8.599999999999999867e-01 5.298851128816531308e-02 3.532631961081223348e+00
8.699999999999999956e-01 2.232220284264934199e-02 2.210011983888739096e+00
8.799999999999998934e-01 8.788271610390533534e-03 1.304436584793521314e+00
8.900000000000000133e-01 -3.766528853221082218e-03 2.381482729104783314e+00
8.999999999999999112e-01 -3.884138297170513371e-02 3.138346560716188893e+00
9.099999999999999201e-01 -6.653346006754484732e-02 1.325589102385205109e+00
9.199999999999999289e-01 -6.535316501940922895e-02 -5.726862389054528102e-02
9.299999999999999378e-01 -6.538808758973393975e-02 8.228462458138673385e-01
9.399999999999999467e-01 -8.181008993568657239e-02 1.537627037551699383e+00
9.499999999999999556e-01 -9.614062834076793351e-02 5.264157335619579214e-01
9.599999999999999645e-01 -9.233840460692573082e-02 -5.479807135352445790e-01
9.699999999999999734e-01 -8.518101407006303805e-02 -3.817609171374082289e-01
9.799999999999999822e-01 -8.470318626417756847e-02 -1.736344865667075188e-01
9.899999999999998801e-01 -8.170832433872889100e-02 -2.739469496930595493e-01
1.000000000000000000e+00 -7.922424727031637803e-02 -6.402128479632329672e-01
1.010000000000000009e+00 -6.890406737946423721e-02 -9.746293139158404006e-01
1.020000000000000018e+00 -5.973166099199957169e-02 -6.977610163616971839e-01
1.029999999999999805e+00 -5.494884705223029159e-02 -3.907512426862514987e-01
1.040000000000000036e+00 -5.191663613827454671e-02 -4.969544916185417160e-01
1.050000000000000044e+00 -4.500975721985945449e-02 -4.766936055552336571e-01
1.059999999999999831e+00 -4.238276402716987384e-02 -3.118280304953489623e-01
1.069999999999999840e+00 -3.877319660995247330e-02 -6.321626792277926787e-01
1.080000000000000071e+00 -2.973951044261402207e-02 -1.122844038390292454e+00
1.089999999999999858e+00 -1.631631584214662811e-02 -7.884990417840126442e-01
1.099999999999999867e+00 -1.396952960693376850e-02 -2.248580197951292603e-01
1.109999999999999876e+00 -1.181915544624404305e-02 -2.483230504802179939e-01
1.119999999999999885e+00 -9.003068597329409381e-03 -4.357763072874871191e-01
1.129999999999999893e+00 -3.103629300494299692e-03 -3.666014733236071521e-01
1.139999999999999902e+00 -1.671039130857265810e-03 -8.426777742963759144e-02
1.149999999999999911e+00 -1.418273751901548028e-03 -6.962305218648064120e-02
1.159999999999999920e+00 -2.785780871276529944e-04 -8.447869738491775582e-02
1.169999999999999929e+00 2.713001957968070796e-04 -1.523942392975425122e-02
1.179999999999999938e+00 2.621039146743199896e-05 1.342622934073930095e-02
1.189999999999999947e+00 2.775608982021055039e-06 1.310519573371599989e-03
1.199999999999999956e+00 0.000000000000000000e+00 2.775608982021055124e-04
