0.000000000000000000e+00 6.842616041902736761e+06 2.743033953041273355e+08
1.000000000000000021e-02 4.582594466678000987e+06 1.837330011477337182e+08
2.000000000000000042e-02 3.068817423821405042e+06 1.230632456282138526e+08
2.999999999999999889e-02 2.054917768704413669e+06 8.242358195170304179e+07
4.000000000000000083e-02 1.375857765889063012e+06 5.520170701834467053e+07
5.000000000000000278e-02 9.210823086080942303e+05 3.696804808530613780e+07
5.999999999999999778e-02 6.165340145267341286e+05 2.475526097371267527e+07
7.000000000000000666e-02 4.126050148191795452e+05 1.657555642025906593e+07
8.000000000000000167e-02 2.760658086111514131e+05 1.109735131329387985e+07
8.999999999999999667e-02 1.846583973084435274e+05 7.428654099031205289e+06
1.000000000000000056e-01 1.234742443512575264e+05 4.971952935887389816e+06
1.100000000000000006e-01 8.252790171958864084e+04 3.327004480986233335e+06
1.199999999999999956e-01 5.513161841042097512e+04 2.225711873448777013e+06
1.300000000000000044e-01 3.680652721639122319e+04 1.488499592943616211e+06
1.400000000000000133e-01 2.455328338054078267e+04 9.950892458718005801e+05
1.499999999999999944e-01 1.636349693074194511e+04 6.649226105975842802e+05
1.600000000000000033e-01 1.089246909545523704e+04 4.440474033419620828e+05
1.700000000000000122e-01 7.239982675752949035e+03 2.963324105750012095e+05
1.799999999999999933e-01 4.803474309727151194e+03 1.975828370638124761e+05
1.900000000000000022e-01 3.179692227436032226e+03 1.315984737813866232e+05
2.000000000000000111e-01 2.098831656906357694e+03 8.753332411493906693e+04
2.099999999999999922e-01 1.380424593485652849e+03 5.812704130257958604e+04
2.200000000000000011e-01 9.038007463761815643e+02 3.852035923304231983e+04
2.300000000000000100e-01 5.883079587767545036e+02 2.546171088112478174e+04
2.399999999999999911e-01 3.800690182728380933e+02 1.677587748815198574e+04
2.500000000000000000e-01 2.431159544830745460e+02 1.100814984548718166e+04
2.600000000000000089e-01 1.534557810743955883e+02 7.186046130016261486e+03
2.700000000000000178e-01 9.509915306516204225e+01 4.659764809093178883e+03
2.800000000000000266e-01 5.740326925258091251e+01 2.995368679007352966e+03
2.899999999999999800e-01 3.329459912949786116e+01 1.903282220531091980e+03
2.999999999999999889e-01 1.808051887770537292e+01 1.190435968905435629e+03
3.099999999999999978e-01 8.655057742725597691e+00 7.282442416668601481e+02
3.200000000000000067e-01 2.968330001778960003e+00 4.311831987811324893e+02
3.300000000000000155e-01 -3.276604792922248044e-01 2.424647531790898825e+02
3.400000000000000244e-01 -2.115285771088992739e+00 1.244596127025866963e+02
3.500000000000000333e-01 -2.968740437614473482e+00 5.229816058060044526e+01
3.599999999999999867e-01 -3.258836808485793490e+00 9.597205796112380227e+00
3.699999999999999956e-01 -3.222651784716368706e+00 -1.439158167623261697e+01
3.800000000000000044e-01 -3.009728212025621907e+00 -2.668284845749577272e+01
3.900000000000000133e-01 -2.712652541158373509e+00 -3.182371171895282913e+01
4.000000000000000222e-01 -2.387233661082949432e+00 -3.273585650868497510e+01
4.100000000000000311e-01 -2.065770850811838422e+00 -3.127466084826824044e+01
4.199999999999999845e-01 -1.765737419460658097e+00 -2.859966202219641218e+01
4.299999999999999933e-01 -1.495430404086249165e+00 -2.541938131788518973e+01
4.400000000000000022e-01 -1.257618199829870109e+00 -2.215258853893013935e+01
4.500000000000000111e-01 -1.051871871875738940e+00 -1.903408675787428805e+01
4.600000000000000200e-01 -8.760350254050682794e-01 -1.618373840938377484e+01
4.700000000000000289e-01 -7.271332637668102006e-01 -1.365120023967472029e+01
4.799999999999999822e-01 -6.019218723171884111e-01 -1.144465868233647399e+01
4.899999999999999911e-01 -4.972023201941206394e-01 -9.549070694225372691e+00
5.000000000000000000e-01 -4.099930374392435906e-01 -7.937557342315069597e+00
5.100000000000000089e-01 -3.376100564342803256e-01 -6.578360270733385029e+00
5.200000000000000178e-01 -2.776933985899378565e-01 -5.438948416028795307e+00
5.300000000000000266e-01 -2.282021311456845780e-01 -4.488316096579603176e+00
5.400000000000000355e-01 -1.873925413392030226e-01 -3.698151708461550058e+00
5.500000000000000444e-01 -1.537883611727402233e-01 -3.043317131006537224e+00
5.600000000000000533e-01 -1.261484173237648332e-01 -2.501920457642856643e+00
5.700000000000000622e-01 -1.034348074410599838e-01 -2.055161381329076775e+00
5.799999999999999600e-01 -8.478327176017340372e-02 -1.687061185610754688e+00
5.899999999999999689e-01 -6.947654361691311953e-02 -1.384145640026701152e+00
5.999999999999999778e-01 -5.692093003229817955e-02 -1.135121071106633739e+00
6.099999999999999867e-01 -4.662606656515722731e-02 -9.305660993579703000e-01
6.199999999999999956e-01 -3.818762565033673867e-02 -7.626504355567707005e-01
6.300000000000000044e-01 -3.127268040762528484e-02 -6.248853622863097534e-01
6.400000000000000133e-01 -2.560740141352142729e-02 -5.119065388233001723e-01
6.500000000000000222e-01 -2.096676982079275983e-02 -4.192875426271143735e-01
6.600000000000000311e-01 -1.716601241165759129e-02 -3.433814358294509095e-01
6.700000000000000400e-01 -1.405349398319794690e-02 -2.811871908036142620e-01
6.800000000000000488e-01 -1.150483466392659970e-02 -2.302377494644353428e-01
6.900000000000000577e-01 -9.418051340627361587e-03 -1.885066516084873411e-01
7.000000000000000666e-01 -7.709551722655601409e-03 -1.543304393149947662e-01
7.099999999999999645e-01 -6.310835936670299365e-03 -1.263443607513831946e-01
7.199999999999999734e-01 -5.165783695620804195e-03 -1.034292185607237347e-01
7.299999999999999822e-01 -4.228425086789856617e-03 -8.466751358040458530e-02
7.399999999999999911e-01 -3.461110099189752647e-03 -6.930731298893397230e-02
7.500000000000000000e-01 -2.833006458941172718e-03 -5.673251872068397345e-02
7.600000000000000089e-01 -2.318867483409702522e-03 -4.643842661839377856e-02
7.700000000000000178e-01 -1.898021815006174914e-03 -3.801165095574673969e-02
7.800000000000000266e-01 -1.553545345290238385e-03 -3.111364538494743731e-02
7.900000000000000355e-01 -1.271582651128691814e-03 -2.546718320456363427e-02
8.000000000000000444e-01 -1.040791066882946125e-03 -2.084527030518965734e-02
8.100000000000000533e-01 -8.518853083291112998e-04 -1.706205627250749132e-02
8.200000000000000622e-01 -6.972645145771631716e-04 -1.396538567359436808e-02
8.300000000000000711e-01 -5.707068268955817723e-04 -1.143069497189506088e-02
8.399999999999999689e-01 -4.671192984236328624e-04 -9.356012938486589145e-03
8.499999999999999778e-01 -3.823331268641830586e-04 -7.657865678564199433e-03
8.599999999999999867e-01 -3.129360071333768295e-04 -6.267923023423516496e-03
8.699999999999999956e-01 -2.561348820743419917e-04 -5.130252356561408079e-03
8.800000000000000044e-01 -2.096435842123727314e-04 -4.199070042741567289e-03
8.900000000000000133e-01 -1.715908576152459927e-04 -3.436900423944801684e-03
9.000000000000000222e-01 -1.404450653652852073e-04 -2.813068594595281163e-03
9.100000000000000311e-01 -1.149525571742330274e-04 -2.302466498737875192e-03
9.200000000000000400e-01 -9.408721977989459642e-05 -1.884542823352503699e-03
9.300000000000000488e-01 -7.700918173102315478e-05 -1.542476123254636188e-03
9.400000000000000577e-01 -6.303101187428009663e-05 -1.262497957061878328e-03
9.500000000000000666e-01 -5.159005197699967544e-05 -1.033338830964770048e-03
9.599999999999999645e-01 -4.222577048682218069e-05 -8.457746762835127892e-04
9.699999999999999734e-01 -3.456122631144242205e-05 -6.922556241240066183e-04
9.799999999999999822e-01 -2.828789678656175037e-05 -5.666021468321888032e-04
9.899999999999999911e-01 -2.315325931498789230e-05 -4.637563434390735225e-04
1.000000000000000000e+00 -1.895062693429856975e-05 -3.795783631811721921e-04
1.010000000000000009e+00 -1.551082875198637114e-05 -3.106797762430917346e-04
1.020000000000000018e+00 -1.269540041803794460e-05 -2.542871868521295398e-04
1.030000000000000027e+00 -1.039101056831857367e-05 -2.081306003654661641e-04
1.040000000000000036e+00 -8.504898910402861734e-06 -1.703520518582038457e-04
1.050000000000000044e+00 -6.961142336422928195e-06 -1.394308189384630618e-04
1.060000000000000053e+00 -5.697598772383780971e-06 -1.141222088368369322e-04
1.070000000000000062e+00 -4.663405750623312913e-06 -9.340745606175294654e-05
1.080000000000000071e+00 -3.816933018983922745e-06 -7.645271403996893589e-05
1.090000000000000080e+00 -3.124106775084742670e-06 -6.257549015219373829e-05
1.100000000000000089e+00 0.000000000000000000e+00 -5.121717314759644750e-05
1.110000000000000098e+00 0.000000000000000000e+00 -4.192054712824442854e-05
1.120000000000000107e+00 0.000000000000000000e+00 -3.431138700018338867e-05
1.130000000000000115e+00 0.000000000000000000e+00 -2.808339456729821553e-05
1.140000000000000124e+00 0.000000000000000000e+00 -2.298586890762839552e-05
1.150000000000000133e+00 0.000000000000000000e+00 -1.881361473041968918e-05
1.159999999999999920e+00 0.000000000000000000e+00 -1.539868249503152929e-05
1.169999999999999929e+00 0.000000000000000000e+00 -1.260360780529863773e-05
1.179999999999999938e+00 0.000000000000000000e+00 -1.031587794258355362e-05
1.189999999999999947e+00 0.000000000000000000e+00 -8.443402796509778203e-06
1.199999999999999956e+00 0.000000000000000000e+00 -6.910807882389526286e-06
