0.000000000000000000e+00 7.819719992737309076e+06 3.134728805503025651e+08
1.000000000000000021e-02 5.236975635593918152e+06 2.099694237766939700e+08
2.000000000000000042e-02 3.507036407356222160e+06 1.406362728730833530e+08
2.999999999999999889e-02 2.348355092310171109e+06 9.419341954488752782e+07
4.000000000000000083e-02 1.572327299896698212e+06 6.308435736470792443e+07
5.000000000000000278e-02 1.052611117540898034e+06 4.224699196224008501e+07
5.999999999999999778e-02 7.045740604512686841e+05 2.829025596973863244e+07
7.000000000000000666e-02 4.715244390285565169e+05 1.894251239878184721e+07
8.000000000000000167e-02 3.154876937900338671e+05 1.268203348182849400e+07
8.999999999999999667e-02 2.110274547561829095e+05 8.489454671592127532e+06
1.000000000000000056e-01 1.411062900097341044e+05 5.681941562370821834e+06
1.100000000000000006e-01 9.431285627327399561e+04 3.802097385483546183e+06
1.199999999999999956e-01 6.300440790421139536e+04 2.543541867132283282e+06
1.300000000000000044e-01 4.206250517588922230e+04 1.701056605741965352e+06
1.400000000000000133e-01 2.805950264787088963e+04 1.137187759635445895e+06
1.499999999999999944e-01 1.870021559939612780e+04 7.598735780451231403e+05
1.600000000000000033e-01 1.244792416867834254e+04 5.074575012525882339e+05
1.700000000000000122e-01 8.273861179924841053e+03 3.386488430686570937e+05
1.799999999999999933e-01 5.489417765066930770e+03 2.257978286436997878e+05
1.900000000000000022e-01 3.633758060984660005e+03 1.503908798558414856e+05
2.000000000000000111e-01 2.398549278718577170e+03 1.000332029108005518e+05
2.099999999999999922e-01 1.577552605915031791e+03 6.642767913113211398e+04
2.200000000000000011e-01 1.032866018605978525e+03 4.402114171157161763e+04
2.300000000000000100e-01 6.723202004995856669e+02 2.909770069863023673e+04
2.399999999999999911e-01 4.343442380253743522e+02 1.917151609812493189e+04
2.500000000000000000e-01 2.778339015449547560e+02 1.258014585157509464e+04
2.600000000000000089e-01 1.753699777319521331e+02 8.212237227158078895e+03
2.700000000000000178e-01 1.086798197285192202e+02 5.325196525307322190e+03
2.800000000000000266e-01 6.560081574975046692e+01 3.423119854870445124e+03
2.899999999999999800e-01 3.804932075001087810e+01 2.175079930897816666e+03
2.999999999999999889e-01 2.066259328872540024e+01 1.360436661681293572e+03
3.099999999999999978e-01 9.891121779071067266e+00 8.322420885453850588e+02
3.200000000000000067e-01 3.392290726724576988e+00 4.927593823558563599e+02
3.300000000000000155e-01 -3.743943279304055571e-01 2.770909776476866000e+02
3.400000000000000244e-01 -2.417311453683371525e+00 1.422340152019144455e+02
3.500000000000000333e-01 -3.392652565562598532e+00 5.976742003346194565e+01
3.599999999999999867e-01 -3.724183699466871111e+00 1.096842507150250690e+01
3.699999999999999956e-01 -3.682837560288648948e+00 -1.644620226050176370e+01
3.800000000000000044e-01 -3.439512583938862722e+00 -3.049282979494199353e+01
3.900000000000000133e-01 -3.100017185196583203e+00 -3.636792438716650366e+01
4.000000000000000222e-01 -2.728130199637511577e+00 -3.741040300215066594e+01
4.100000000000000311e-01 -2.360763550784298115e+00 -3.574060254780071233e+01
4.199999999999999845e-01 -2.017885951382165644e+00 -3.268364997758716584e+01
4.299999999999999933e-01 -1.708979404981406880e+00 -2.904924889741773697e+01
4.400000000000000022e-01 -1.437207736913015399e+00 -2.531597329896266046e+01
4.500000000000000111e-01 -1.202080831318366183e+00 -2.175215884187485571e+01
4.600000000000000200e-01 -1.001134408282479349e+00 -1.849478620805371776e+01
4.700000000000000289e-01 -8.309693595347301676e-01 -1.560060444134828295e+01
4.799999999999999822e-01 -6.878776464119815692e-01 -1.307896990569637730e+01
4.899999999999999911e-01 -5.682040015121041510e-01 -1.091269203359630424e+01
5.000000000000000000e-01 -4.685410951893513865e-01 -9.071054003005755817e+00
5.100000000000000089e-01 -3.858216942629183466e-01 -7.517762648499217271e+00
5.200000000000000178e-01 -3.173488178885769950e-01 -6.215641658171358941e+00
5.300000000000000266e-01 -2.607900892732822884e-01 -5.129257860195155061e+00
5.400000000000000355e-01 -2.141527936676047572e-01 -4.226256829445621754e+00
5.500000000000000444e-01 -1.757498516040227887e-01 -3.477910766810233145e+00
5.600000000000000533e-01 -1.441628494674073169e-01 -2.859201626161075982e+00
5.700000000000000622e-01 -1.182056715337294756e-01 -2.348644427856747541e+00
5.799999999999999600e-01 -9.689064076110119605e-02 -1.927978697350037462e+00
5.899999999999999689e-01 -7.939806382536797325e-02 -1.581806081349284687e+00
5.999999999999999778e-01 -6.504946745412408526e-02 -1.297220163975287166e+00
6.099999999999999867e-01 -5.328446229552701724e-02 -1.063454185268277730e+00
6.199999999999999956e-01 -4.364098201840303087e-02 -8.715596825553705296e-01
6.300000000000000044e-01 -3.573855707649318397e-02 -7.141213413675677746e-01
6.400000000000000133e-01 -2.926425457776343081e-02 -5.850087852393768273e-01
6.500000000000000222e-01 -2.396092243307208075e-02 -4.791634911373452987e-01
6.600000000000000311e-01 -1.961740132900670341e-02 -3.924177317522900554e-01
6.700000000000000400e-01 -1.606040213928892207e-02 -3.213419266782154837e-01
6.800000000000000488e-01 -1.314778318735604704e-02 -2.631167165747267944e-01
6.900000000000000577e-01 -1.076299786236229773e-02 -2.154262580021907569e-01
7.000000000000000666e-01 -8.810516629672002914e-03 -1.763695471242580359e-01
7.099999999999999645e-01 -7.212057607638683310e-03 -1.443869419629427719e-01
7.199999999999999734e-01 -5.903486339195094211e-03 -1.181994206798455266e-01
7.299999999999999822e-01 -4.832268243856676845e-03 -9.675846256300005277e-02
7.399999999999999911e-01 -3.955376749592596358e-03 -7.920475649316617572e-02
7.500000000000000000e-01 -3.237576615558691515e-03 -6.483422364032966068e-02
7.600000000000000089e-01 -2.650015832723259194e-03 -5.307008641977719460e-02
7.700000000000000178e-01 -2.169071088983888680e-03 -4.343992619765701946e-02
7.800000000000000266e-01 -1.775401441728853601e-03 -3.555685099546383732e-02
7.900000000000000355e-01 -1.453172853097651302e-03 -2.910404510989514706e-02
8.000000000000000444e-01 -1.189422873978470416e-03 -2.382209880075916372e-02
8.100000000000000533e-01 -9.735402387720021224e-04 -1.949862147662947270e-02
8.200000000000000622e-01 -7.968386476580027657e-04 -1.595972928501695337e-02
8.300000000000000711e-01 -6.522077302216130199e-04 -1.306307048972676216e-02
8.399999999999999689e-01 -5.338272413764832101e-04 -1.069211192619168999e-02
8.499999999999999778e-01 -4.369330525258680671e-04 -8.751459253186818360e-03
8.599999999999999867e-01 -3.576255635265929893e-04 -7.163024438863034929e-03
8.699999999999999956e-01 -2.927128536597260636e-04 -5.862887424073873893e-03
8.800000000000000044e-01 -2.395822781678677929e-04 -4.798726447733848814e-03
8.900000000000000133e-01 -1.960953552483650118e-04 -3.927714140784016074e-03
9.000000000000000222e-01 -1.605017214245446015e-04 -3.214795064117456028e-03
9.100000000000000311e-01 -1.313686977797800626e-04 -2.631275599687962242e-03
9.200000000000000400e-01 -1.075236359182649257e-04 -2.153669596575415787e-03
9.300000000000000488e-01 -8.800672559761886526e-05 -1.762753414730381480e-03
9.400000000000000577e-01 -7.203236619542119931e-05 -1.442792401893986222e-03
9.500000000000000666e-01 -5.895754829246573547e-05 -1.180907715725384045e-03
9.599999999999999645e-01 -4.825597343341038724e-05 -9.665580363200832912e-04
9.699999999999999734e-01 -3.949687083709691452e-05 -7.911153281752668050e-04
9.799999999999999822e-01 -3.232765871686615243e-05 -6.475175892042744690e-04
9.899999999999999911e-01 -2.645975250947549371e-05 -5.299846185333874317e-04
1.000000000000000000e+00 -2.165694890468063127e-05 -4.337853682849413970e-04
1.010000000000000009e+00 -1.772591819869547941e-05 -3.550475188092620349e-04
1.020000000000000018e+00 -1.450842232625113825e-05 -2.906016150139571113e-04
1.030000000000000027e+00 -1.187494536664891960e-05 -2.378534916716578697e-04
1.040000000000000036e+00 -9.719480160295038406e-06 -1.946798536681786920e-04
1.050000000000000044e+00 -7.955261199113171491e-06 -1.593428087870722069e-04
1.060000000000000053e+00 -6.511272038043888403e-06 -1.304199132435118454e-04
1.070000000000000062e+00 -5.329386647377218194e-06 -1.067469144304490159e-04
1.080000000000000071e+00 -4.362029640934698173e-06 -8.737088631923354035e-05
1.090000000000000080e+00 -3.570261199669689981e-06 -7.151187121262240305e-05
1.100000000000000089e+00 0.000000000000000000e+00 -5.853148390224700718e-05
1.110000000000000098e+00 0.000000000000000000e+00 -4.790721450654775171e-05
1.120000000000000107e+00 0.000000000000000000e+00 -3.921139563250568012e-05
1.130000000000000115e+00 0.000000000000000000e+00 -3.209398724378131939e-05
1.140000000000000124e+00 0.000000000000000000e+00 -2.626848628342288845e-05
1.150000000000000133e+00 0.000000000000000000e+00 -2.150039387481482073e-05
1.159999999999999920e+00 0.000000000000000000e+00 -1.759777587164538122e-05
1.169999999999999929e+00 0.000000000000000000e+00 -1.440353678952332213e-05
1.179999999999999938e+00 0.000000000000000000e+00 -1.178909611975148967e-05
1.189999999999999947e+00 0.000000000000000000e+00 -9.649212475495306244e-06
1.199999999999999956e+00 0.000000000000000000e+00 -7.897747224233078048e-06
