0.000000000000000000e+00 8.312387069245774910e+03 1.282269417338906933e+05
1.000000000000000021e-02 7.030117651906867650e+03 1.183597015986498300e+05
2.000000000000000042e-02 5.945193037272777474e+03 1.001419939730871120e+05
2.999999999999999889e-02 5.027277772445125265e+03 8.472482172798023385e+04
4.000000000000000083e-02 4.250696602713173888e+03 7.167794892407210136e+04
4.999999999999999584e-02 3.593718793963683765e+03 6.063721289421213442e+04
5.999999999999999778e-02 3.037952344828931018e+03 5.129437885424184060e+04
6.999999999999999278e-02 2.567831216878846590e+03 4.338855217117685243e+04
8.000000000000000167e-02 2.170181301405394152e+03 3.669890914746352064e+04
8.999999999999999667e-02 1.833853033929576441e+03 3.103854389361465292e+04
9.999999999999999167e-02 1.549410423533101039e+03 2.624925993879612361e+04
1.099999999999999867e-01 1.308867835153653914e+03 2.219716153519373984e+04
1.199999999999999956e-01 1.105467192829226178e+03 1.876892187968705184e+04
1.300000000000000044e-01 9.334893975599129590e+02 1.586862432550350240e+04
1.399999999999999856e-01 7.880947063191562165e+02 1.341508861191735923e+04
1.499999999999999944e-01 6.651876253215657471e+02 1.133960764596025911e+04
1.600000000000000033e-01 5.613025533999509662e+02 9.584031802555531613e+03
1.699999999999999845e-01 4.735069892704551648e+02 8.099147386808338524e+03
1.799999999999999933e-01 3.993196056637842162e+02 6.843304093809988444e+03
1.899999999999999745e-01 3.366409073942554073e+02 5.781253235342066546e+03
1.999999999999999833e-01 2.836945409569428875e+02 4.883164372361044116e+03
2.099999999999999922e-01 2.389776199470344977e+02 4.123792960529760421e+03
2.199999999999999734e-01 2.012186817463477269e+02 3.481775821682942933e+03
2.299999999999999822e-01 1.693421035133756618e+02 2.939034814066509171e+03
2.399999999999999911e-01 1.424379854650175332e+02 2.480272087601856128e+03
2.500000000000000000e-01 1.197366617613385245e+02 2.092542861201231972e+03
2.600000000000000089e-01 1.005871282409928966e+02 1.764893818323343112e+03
2.700000000000000178e-01 8.443878539487167245e+01 1.488057044631350436e+03
2.799999999999999711e-01 7.082598734836588505e+01 1.254190978689963458e+03
2.899999999999999800e-01 5.935496582107240471e+01 1.056661156192086992e+03
2.999999999999999889e-01 4.969276422452414721e+01 8.898546367038485414e+02
3.099999999999999423e-01 4.155787308699543559e+01 7.490229402268370222e+02
3.200000000000000067e-01 3.471230541998740904e+01 6.301491151261107007e+02
3.300000000000000155e-01 2.895489078447322129e+01 5.298352312785219738e+02
3.399999999999999689e-01 2.411560079441697013e+01 4.452071613801321632e+02
3.500000000000000333e-01 2.005074755687057930e+01 3.738339950609444031e+02
3.599999999999999867e-01 1.663892089319808321e+01 3.136598382044811046e+02
3.699999999999999956e-01 1.377755079278095707e+01 2.629460950136350448e+02
3.799999999999999489e-01 1.137999899292538331e+01 2.202226225145790295e+02
3.900000000000000133e-01 9.373098342489376122e+00 1.842463944834489666e+02
3.999999999999999667e-01 7.695071103256403866e+00 1.539665211029221439e+02
4.099999999999999756e-01 6.293767920430934026e+00 1.284946478374669425e+02
4.199999999999999845e-01 5.125178146507064270e+00 1.070799069915583885e+02
4.299999999999999933e-01 4.152169780599766824e+00 8.908772236164803360e+01
4.399999999999999467e-01 3.343423699274103988e+00 7.398187484590705765e+01
4.499999999999999556e-01 2.672532283681625653e+00 6.130932782868816133e+01
4.599999999999999645e-01 2.117237142700340691e+00 5.068738814269158155e+01
4.699999999999999734e-01 1.658784520827794040e+00 4.179284357549394713e+01
4.799999999999999822e-01 1.281380271190462050e+00 3.435277304360528206e+01
4.899999999999999911e-01 9.717290599556884789e-01 2.813677224314923819e+01
5.000000000000000000e-01 7.186448263274772819e-01 2.295037710220815796e+01
5.100000000000000089e-01 5.127215179115253152e-01 1.862950080682410459e+01
5.200000000000000178e-01 3.460548101909952101e-01 1.503572848247882021e+01
5.299999999999999156e-01 2.120069482619489354e-01 1.205233757443926912e+01
5.400000000000000355e-01 1.050080587022098610e-01 9.580932251361780061e+00
5.499999999999999334e-01 2.038830323471336678e-02 7.538597322185964344e+00
5.599999999999999423e-01 -4.576388774150943334e-02 5.855491685041875449e+00
5.699999999999999512e-01 -9.672153046612412541e-02 4.472813623589681598e+00
5.799999999999999600e-01 -1.352201602133030478e-01 3.341080673693359593e+00
5.899999999999999689e-01 -1.635431439399913089e-01 2.418675591740103936e+00
5.999999999999999778e-01 -1.835936720481051443e-01 1.670617410850626872e+00
6.099999999999999867e-01 -1.969554921570038364e-01 1.067522880561857290e+00
6.199999999999998845e-01 -2.049441296593422779e-01 5.847289252649569002e-01
6.300000000000000044e-01 -2.086500706623029833e-01 2.015512756857288368e-01
6.400000000000000133e-01 -2.089751551730568424e-01 -9.934174792842663526e-02
6.499999999999999112e-01 -2.066632357037344603e-01 -3.324580857942504020e-01
6.600000000000000311e-01 -2.023259934571718377e-01 -5.099284677719616576e-01
6.700000000000000400e-01 -1.964646663482952083e-01 -6.418833500495341182e-01
6.799999999999999378e-01 -1.894883264561811609e-01 -7.367710263739263299e-01
6.899999999999999467e-01 -1.817292458208167039e-01 -8.016260212714076960e-01
7.000000000000000666e-01 -1.734558060307530014e-01 -8.422954684109648094e-01
7.099999999999999645e-01 -1.648833364525973955e-01 -8.636299890505646504e-01
7.199999999999999734e-01 -1.561832062497417184e-01 -8.696445801551896393e-01
7.299999999999998712e-01 -1.474904448494936127e-01 -8.636541711794629705e-01
7.399999999999999911e-01 -1.389101228261524490e-01 -8.483877888752767715e-01
7.500000000000000000e-01 -1.305226890719880795e-01 -8.260846606802408898e-01
7.599999999999998979e-01 -1.223884296125476445e-01 -7.985750722238269539e-01
7.699999999999999067e-01 -1.145511876275115415e-01 -7.673483588313690928e-01
7.800000000000000266e-01 -1.070414624359202621e-01 -7.336100424041132051e-01
7.899999999999999245e-01 -9.987898677942927406e-02 -6.983298133747634084e-01
7.999999999999999334e-01 -9.307486616842500227e-02 -6.622817938392370207e-01
8.100000000000000533e-01 -8.663335090264454030e-02 -6.260782950467901342e-01
8.199999999999999512e-01 -8.055330026748919181e-02 -5.901980939302936546e-01
8.299999999999999600e-01 -7.482938902403866999e-02 -5.550100939762597774e-01
8.399999999999999689e-01 -6.945309838796399904e-02 -5.207931009863199234e-01
8.499999999999999778e-01 -6.441352700431227096e-02 -4.877523303727329673e-01
8.599999999999999867e-01 -5.969805178050933969e-02 -4.560331663488620957e-01
8.699999999999999956e-01 -5.529286367733502600e-02 -4.257326120041241002e-01
8.799999999999998934e-01 -5.118339954042686046e-02 -3.969088004923628787e-01
8.900000000000000133e-01 -4.735468766748777286e-02 -3.695888794674137556e-01
8.999999999999999112e-01 -4.379162195107858674e-02 -3.437755318236819790e-01
9.099999999999999201e-01 -4.047917703101413384e-02 -3.194523543502001961e-01
9.199999999999999289e-01 -3.740257486407458365e-02 -2.965882809057444058e-01
9.299999999999999378e-01 -3.454741141289924267e-02 -2.751412071733377318e-01
9.399999999999999467e-01 -3.189975072060782790e-02 -2.550609491115736760e-01
9.499999999999999556e-01 -2.944619243066777178e-02 -2.362916461745552532e-01
9.599999999999999645e-01 -2.717391779711672561e-02 -2.187737026185179179e-01
9.699999999999999734e-01 -2.507071837829741301e-02 -2.024453452411971166e-01
9.799999999999999822e-01 -2.312501089229278273e-02 -1.872438632779813983e-01
9.899999999999998801e-01 -2.132584111273778602e-02 -1.731065855422472266e-01
1.000000000000000000e+00 -1.966287918144784055e-02 -1.599716409372160530e-01
1.010000000000000009e+00 -1.812640829399346509e-02 -1.477785409223695279e-01
1.020000000000000018e+00 -1.670730836300044972e-02 -1.364686161683618948e-01
1.029999999999999805e+00 -1.539703597062622858e-02 -1.259853342940343568e-01
1.040000000000000036e+00 -1.418760167711976238e-02 -1.162745210899772536e-01
1.050000000000000044e+00 -1.307154554882668240e-02 -1.072845038618994717e-01
1.059999999999999831e+00 -1.204191159988177336e-02 -9.896619236134707176e-02
1.069999999999999840e+00 -1.109222170159974118e-02 -9.127311011600403035e-02
1.080000000000000071e+00 -1.021644939756169261e-02 -8.416138674658969754e-02
1.089999999999999858e+00 -9.408993966667947989e-03 -7.758971999439055744e-02
1.099999999999999867e+00 -8.664654997673881809e-03 -7.151931462550471796e-02
1.109999999999999876e+00 -7.978607674157853213e-03 -6.591380407658255225e-02
1.119999999999999885e+00 -7.346378916142230417e-03 -6.073915962140536556e-02
1.129999999999999893e+00 -6.763824481729746249e-03 -5.596359093362843207e-02
1.139999999999999902e+00 -6.227107097469661637e-03 -5.155744116940668559e-02
1.149999999999999911e+00 -5.732675658341612572e-03 -4.749307906992047273e-02
1.159999999999999920e+00 -5.277245516071252425e-03 -4.374479006740960435e-02
1.169999999999999929e+00 -4.857779856993421110e-03 -4.028866795176514609e-02
1.179999999999999938e+00 -4.471472157035949989e-03 -3.710250830343995998e-02
1.189999999999999947e+00 -4.115729690924621598e-03 -3.416570461004321546e-02
1.199999999999999956e+00 -3.788158064835085454e-03 -3.275716260895363691e-02
