0.000000000000000000e+00 1.807326074866110162e+02 5.028133505411685178e+02
1.000000000000000021e-02 1.757044739811993281e+02 5.028133505411696547e+02
2.000000000000000042e-02 1.706763404757876117e+02 5.028133505411696547e+02
2.999999999999999889e-02 1.656482069703759237e+02 5.028133505411685178e+02
4.000000000000000083e-02 1.606200734649642357e+02 5.028133505411696547e+02
4.999999999999999584e-02 1.555919399595525476e+02 5.028133505411696547e+02
5.999999999999999778e-02 1.505638064541408596e+02 5.028133505411696547e+02
6.999999999999999278e-02 1.455356729487291432e+02 5.028133505411696547e+02
8.000000000000000167e-02 1.405075394433174552e+02 5.028133505411696547e+02
8.999999999999999667e-02 1.354794059379057387e+02 5.028133505411685178e+02
9.999999999999999167e-02 1.304512724324940791e+02 5.028133505411685178e+02
1.099999999999999867e-01 1.254231389270823769e+02 5.028133505411708484e+02
1.199999999999999956e-01 1.203950054216706747e+02 5.028133505411696547e+02
1.300000000000000044e-01 1.153668719162589866e+02 5.028133505411685178e+02
1.399999999999999856e-01 1.103387384108472986e+02 5.028133505411696547e+02
1.499999999999999944e-01 1.053106049054355964e+02 5.028133505411696547e+02
1.600000000000000033e-01 1.002824714000239084e+02 5.028133505411685178e+02
1.699999999999999845e-01 9.525433789461222034e+01 5.028133505411696547e+02
1.799999999999999933e-01 9.022620438920051811e+01 5.028133505411696547e+02
1.899999999999999745e-01 8.519807088378883009e+01 5.028133505411685178e+02
1.999999999999999833e-01 8.016993737837714207e+01 5.028133505411696547e+02
2.099999999999999922e-01 7.514180387296543984e+01 5.028133505411696547e+02
2.199999999999999734e-01 7.011367036755375182e+01 5.028133505411685178e+02
2.299999999999999822e-01 6.508553686214207801e+01 5.028133505411696547e+02
2.399999999999999911e-01 6.005740335673036157e+01 5.028133505411703368e+02
2.500000000000000000e-01 5.502926985131866644e+01 5.028133505411696547e+02
2.600000000000000089e-01 5.000113634590697131e+01 5.028133505411693704e+02
2.700000000000000178e-01 4.497300284049527619e+01 5.028133505411691431e+02
2.799999999999999711e-01 3.994486933508358817e+01 5.028133505411693704e+02
2.899999999999999800e-01 3.491673582967189304e+01 5.028133505411693704e+02
2.999999999999999889e-01 2.988860232426020147e+01 2.877004326828698026e+02
3.099999999999999423e-01 2.916272717601449571e+01 2.501774024032937973e+02
3.200000000000000067e-01 2.488505427619432453e+01 4.350581002229990304e+02
3.300000000000000155e-01 2.046156517155451837e+01 4.213626053806522123e+02
3.399999999999999689e-01 1.645780216858128142e+01 3.664543813617354431e+02
3.500000000000000333e-01 1.313247754431980852e+01 3.046621380840475695e+02
3.599999999999999867e-01 1.036455940690033017e+01 2.524814436782372695e+02
3.699999999999999956e-01 8.082848670755064191e+00 2.088301929426428103e+02
3.799999999999999489e-01 6.187955548047474608e+00 1.720601588941291880e+02
3.900000000000000133e-01 4.641645492872480183e+00 1.410393050611695003e+02
3.999999999999999667e-01 3.367169446824084478e+00 1.165040904534103561e+02
4.099999999999999756e-01 2.311563683804272795e+00 9.732930757074181827e+01
4.199999999999999845e-01 1.420583295409248326e+00 8.135624383158358341e+01
4.299999999999999933e-01 6.844388071726014156e-01 6.933104674668604162e+01
4.399999999999999467e-01 3.396236047552750326e-02 5.975249326353937107e+01
4.499999999999999556e-01 -5.106110580981858549e-01 4.929689840643668219e+01
4.599999999999999645e-01 -9.519756076532061018e-01 3.748761122382894229e+01
4.699999999999999734e-01 -1.260363282574764821e+00 2.661891521997405263e+01
4.799999999999999822e-01 -1.484353912052687186e+00 1.930560264210401655e+01
4.899999999999999911e-01 -1.646475335416845098e+00 1.458606538680625597e+01
5.000000000000000000e-01 -1.776075219788812110e+00 1.074524011453386230e+01
5.100000000000000089e-01 -1.861380137707522309e+00 6.572958999577766193e+00
5.200000000000000178e-01 -1.907534399780367540e+00 3.595968672674987765e+00
5.299999999999999156e-01 -1.933299511161022055e+00 1.773420043716150252e+00
5.400000000000000355e-01 -1.943002800654690443e+00 9.375753185214522611e-01
5.499999999999999334e-01 -1.952051017531451160e+00 -7.530708421835473620e-01
5.599999999999999423e-01 -1.927941383811019538e+00 -4.563914917743737476e+00
5.699999999999999512e-01 -1.860772719176576384e+00 -7.529637052347371906e+00
5.799999999999999600e-01 -1.777348642764072117e+00 -8.522215531420457069e+00
5.899999999999999689e-01 -1.690328408548167349e+00 -8.724131851334286480e+00
5.999999999999999778e-01 -1.602866005737386468e+00 -9.143172635669053250e+00
6.099999999999999867e-01 -1.507464955834786124e+00 -9.358184720049276706e+00
6.199999999999998845e-01 -1.415702311336400898e+00 -1.000183817051227386e+01
6.300000000000000044e-01 -1.307428192424540780e+00 -1.058580000607670968e+01
6.400000000000000133e-01 -1.203986311214866767e+00 -9.906800492561918858e+00
6.499999999999999112e-01 -1.109292182573302421e+00 -9.616715737723446011e+00
6.600000000000000311e-01 -1.011651996460397829e+00 -1.035146755131230556e+01
6.700000000000000400e-01 -9.022628315470562210e-01 -1.072659734455616487e+01
6.799999999999999378e-01 -7.971200495692745136e-01 -9.777276718601532579e+00
6.899999999999999467e-01 -7.067172971750256272e-01 -8.060761574341345437e+00
7.000000000000000666e-01 -6.359048180824476981e-01 -6.789699596742406307e+00
7.099999999999999645e-01 -5.709233052401775366e-01 -6.335091164638686934e+00
7.199999999999999734e-01 -5.092029947896739017e-01 -6.050952322638787351e+00
7.299999999999998712e-01 -4.499042587874017562e-01 -5.450704305014992812e+00
7.399999999999999911e-01 -4.001889086893740677e-01 -4.432158811939330256e+00
7.500000000000000000e-01 -3.612610825486151644e-01 -3.754933676386221109e+00
7.599999999999998979e-01 -3.250902351616496433e-01 -3.335548865858648515e+00
7.699999999999999067e-01 -2.945501052314422052e-01 -2.973358976272041154e+00
7.800000000000000266e-01 -2.656230556362088047e-01 -2.377068884980340080e+00
7.899999999999999245e-01 -2.470087275318354203e-01 -1.854439328746280369e+00
7.999999999999999334e-01 -2.285342690612832128e-01 -1.521358712124037948e+00
8.100000000000000533e-01 -2.165815532893546613e-01 -1.198969716985639700e+00
8.199999999999999512e-01 -2.045548747215704399e-01 -8.907644828131289216e-01
8.299999999999999600e-01 -1.987662636330920773e-01 -7.849774966391728226e-01
8.399999999999999689e-01 -1.888553247887869713e-01 -8.360565626131668537e-01
8.499999999999999778e-01 -1.820451323808287558e-01 -6.014272652076100290e-01
8.599999999999999867e-01 -1.768267794846347662e-01 -5.121655237622315671e-01
8.699999999999999956e-01 -1.718018219055841289e-01 -3.870300743379884723e-01
8.799999999999998934e-01 -1.690861779978750090e-01 -3.333534735369718671e-01
8.900000000000000133e-01 -1.651347524348446838e-01 -4.509881247528446657e-01
8.999999999999999112e-01 -1.600664155028181102e-01 -7.813262651602242981e-01
9.099999999999999201e-01 -1.495082271316401923e-01 -1.004828208955852453e+00
9.199999999999999289e-01 -1.399698513237010722e-01 -9.928446860536206398e-01
9.299999999999999378e-01 -1.296513334105677817e-01 -1.016786426821392642e+00
9.399999999999999467e-01 -1.196341227872732144e-01 -9.643772323566530691e-01
9.499999999999999556e-01 -1.103637887634347226e-01 -9.447568984345500187e-01
9.599999999999999645e-01 -1.007389848185822195e-01 -1.062985617326623000e+00
9.699999999999999734e-01 -8.910407641690226699e-02 -1.206931319865395924e+00
9.799999999999999822e-01 -7.660035842127430050e-02 -1.059917274236040541e+00
9.899999999999998801e-01 -6.790573093218145451e-02 -7.764747559672966482e-01
1.000000000000000000e+00 -6.107086330192836726e-02 -6.611446251747203906e-01
1.010000000000000009e+00 -5.468283842868705558e-02 -5.725749285620636009e-01
1.020000000000000018e+00 -4.961936473068709330e-02 -4.166148152160582541e-01
1.029999999999999805e+00 -4.635054212436588716e-02 -2.176086413579810808e-01
1.040000000000000036e+00 -4.526719190352747335e-02 -1.190707337484342154e-01
1.050000000000000044e+00 -4.396912744939720369e-02 -1.123297443643077459e-01
1.059999999999999831e+00 -4.302059701624131455e-02 -9.504059514705798239e-02
1.069999999999999840e+00 -4.206831554645604210e-02 -1.095401382145321095e-01
1.080000000000000071e+00 -4.082979425195067125e-02 -1.896951853990813119e-01
1.089999999999999858e+00 -3.827441183847442308e-02 -2.617432662852801073e-01
1.099999999999999867e+00 -3.559492892624507160e-02 -2.797739189388875336e-01
1.109999999999999876e+00 -3.267893345969666991e-02 -3.393023797116100915e-01
1.119999999999999885e+00 -2.880888133201287005e-02 -4.236439746867265432e-01
1.129999999999999893e+00 -2.420605396596213835e-02 -4.756224388900097133e-01
1.139999999999999902e+00 -1.929643255421267800e-02 -4.641009636743443911e-01
1.149999999999999911e+00 -1.492403469247525170e-02 -3.997223072258177523e-01
1.159999999999999920e+00 -1.130198640969632198e-02 -6.943389208218937458e-01
1.169999999999999929e+00 -1.037256276037376839e-03 -5.602907311189390116e-01
1.179999999999999938e+00 -9.617178731754323032e-05 -5.152070609098178405e-02
1.189999999999999947e+00 -6.842154217741249277e-06 -4.808589365877161299e-03
1.199999999999999956e+00 0.000000000000000000e+00 -6.842154217741249107e-04
