0.000000000000000000e+00 5.014286767199999417e+02 1.680432611466666913e+03
1.001999999999999939e-02 4.846243519999999876e+02 1.680432611466666913e+03
1.998000000000000123e-02 4.678200272800000334e+02 1.680432611466666913e+03
2.999999999999999889e-02 4.510157025600000225e+02 1.680432611466666913e+03
4.001999999999999308e-02 4.342113778399999546e+02 1.680432611466666913e+03
4.997999999999999665e-02 4.174070531200000005e+02 1.680432611466666913e+03
5.999999999999999778e-02 4.006027283999999895e+02 1.680432611466666913e+03
7.001999999999999891e-02 3.837984036799999785e+02 1.680432611466666913e+03
7.997999999999999554e-02 3.669940789599999675e+02 1.680432611466666913e+03
8.999999999999999667e-02 3.501897542400000134e+02 1.680432611466666913e+03
1.000199999999999839e-01 3.333854295200000024e+02 1.680432611466666913e+03
1.099799999999999944e-01 3.165810629599999970e+02 1.680432611466666913e+03
1.199999999999999956e-01 2.997767382399999860e+02 1.680432611466666913e+03
1.300199999999999967e-01 2.829724135199999751e+02 1.680432611466666913e+03
1.399799999999999933e-01 2.661680888000000209e+02 1.680432611466666913e+03
1.499999999999999944e-01 2.493637640799999815e+02 1.680432611466666913e+03
1.600199999999999956e-01 2.325594393600000274e+02 1.680432611466666913e+03
1.699799999999999922e-01 2.157551146399999880e+02 1.680432611466666913e+03
1.799999999999999933e-01 1.989507899200000054e+02 1.680432611466666913e+03
1.900199999999999945e-01 1.821464651999999944e+02 1.680432611466666913e+03
1.999799999999999911e-01 1.653421404800000118e+02 1.680432611466666913e+03
2.099999999999999922e-01 1.485378157600000009e+02 1.680432611466666913e+03
2.200200000000000211e-01 1.317334910399999899e+02 1.680432611466666913e+03
2.299799999999999622e-01 1.149291663199999931e+02 1.680432611466666913e+03
2.399999999999999911e-01 9.812484159999999633e+01 1.680432611466666913e+03
2.500200000000000200e-01 8.132051687999999956e+01 1.680432611466666913e+03
2.599799999999999889e-01 6.451619215999998858e+01 1.680432611466666913e+03
2.700000000000000178e-01 4.771186743999999891e+01 1.680432611466666913e+03
2.800199999999999911e-01 3.090754272000000213e+01 1.702466043599999921e+03
2.899800000000000155e-01 1.366255911999999917e+01 1.135403851466666765e+03
2.999999999999999889e-01 8.199468480000000170e+00 4.794301949333333823e+02
3.100200000000000178e-01 4.073918960000000311e+00 3.662259384000000182e+02
3.199799999999999867e-01 8.749580800000000824e-01 2.908070372000000248e+02
3.300000000000000155e-01 -1.742217599999999811e+00 2.378037068000000147e+02
3.400199999999999889e-01 -3.881120239999999555e+00 1.967145953333333637e+02
3.499800000000000133e-01 -5.676516480000000087e+00 1.624321545333333461e+02
3.599999999999999867e-01 -7.129787040000000076e+00 1.344487954666666667e+02
3.700200000000000156e-01 -8.365489600000000081e+00 1.148713016000000096e+02
3.799799999999999844e-01 -9.427221440000000285e+00 9.866450786666668193e+01
3.900000000000000133e-01 -1.033874768000000088e+01 8.489754399999999634e+01
4.000199999999999867e-01 -1.112517232000000078e+01 7.030556506666667360e+01
4.099800000000000111e-01 -1.174486455999999990e+01 5.299886746666666681e+01
4.199999999999999845e-01 -1.218514687999999957e+01 3.746116506666666623e+01
4.300200000000000133e-01 -1.249409344000000033e+01 2.451565986666667030e+01
4.399799999999999822e-01 -1.267542800000000014e+01 1.266392199999999946e+01
4.499999999999999556e-01 -1.274739280000000008e+01 -1.657840266666666951e+00
4.600199999999999845e-01 -1.264229072000000009e+01 -1.755676133333333411e+01
4.699799999999999534e-01 -1.239622967999999936e+01 -2.978505920000000273e+01
4.799999999999999822e-01 -1.204657279999999986e+01 -3.614571546666667246e+01
4.900199999999999556e-01 -1.167331815999999911e+01 -3.736346866666666955e+01
4.999799999999999800e-01 -1.129931039999999953e+01 -3.842536786666666870e+01
5.100000000000000089e-01 -1.090480103999999884e+01 -4.010594120000000373e+01
5.200200000000000378e-01 -1.049719575999999854e+01 -4.007344546666666929e+01
5.299800000000000066e-01 -1.010335584000000075e+01 -3.795961893333333848e+01
5.400000000000000355e-01 -9.738008960000000158e+00 -3.593512080000000708e+01
5.500199999999999534e-01 -9.384628319999999135e+00 -3.571706466666666557e+01
5.599800000000000333e-01 -9.023674639999999414e+00 -3.627786013333333415e+01
5.699999999999999512e-01 -8.659080879999999425e+00 -3.681864213333333424e+01
5.800199999999999800e-01 -8.287290639999998376e+00 -3.651007213333333112e+01
5.899799999999999489e-01 -7.928889200000000415e+00 -3.670818453333333053e+01
5.999999999999999778e-01 -7.553124159999999421e+00 -3.651076946666666601e+01
6.100199999999998957e-01 -7.198655680000000778e+00 -3.633267053333333507e+01
6.199800000000000866e-01 -6.826488879999999426e+00 -3.821588893333333203e+01
6.300000000000000044e-01 -6.434364400000000650e+00 -3.866769120000000015e+01
6.400199999999999223e-01 -6.053118320000000274e+00 -3.754533320000000174e+01
6.499799999999998912e-01 -5.683461920000000056e+00 -3.650609733333333651e+01
6.600000000000000311e-01 -5.323010319999999851e+00 -3.540730920000000026e+01
6.700199999999999489e-01 -4.975319919999999563e+00 -3.204734799999999950e+01
6.799799999999999178e-01 -4.682063359999999896e+00 -2.877301933333333395e+01
6.899999999999999467e-01 -4.399852560000000246e+00 -2.669782506666667032e+01
7.000199999999999756e-01 -4.148101279999999669e+00 -2.287588053333333349e+01
7.099799999999999445e-01 -3.942332159999999863e+00 -1.981395960000000045e+01
7.199999999999999734e-01 -3.751834640000000221e+00 -1.819412400000000218e+01
7.300199999999998912e-01 -3.578449679999999855e+00 -1.708689813333333518e+01
7.399799999999999711e-01 -3.410085519999999981e+00 -1.397114306666666650e+01
7.500000000000000000e-01 -3.299000320000000208e+00 -9.993205066666666525e+00
7.600199999999999179e-01 -3.210215840000000043e+00 -7.770245866666666501e+00
7.699799999999999978e-01 -3.143606559999999828e+00 -4.712857600000000424e+00
7.800000000000000266e-01 -3.115950320000000051e+00 -2.837867733333333753e+00
7.900199999999999445e-01 -3.086871519999999869e+00 -2.984865600000000452e+00
7.999799999999999134e-01 -3.056244640000000068e+00 -2.234604666666666795e+00
8.100000000000000533e-01 -3.042144560000000109e+00 -1.079611466666666741e+00
8.200199999999999712e-01 -3.034655199999999997e+00 -5.243249333333334095e-01
8.299799999999999400e-01 -3.031684559999999973e+00 2.473441333333333547e-01
8.399999999999999689e-01 -3.039634159999999863e+00 1.519489333333333247e+00
8.500199999999999978e-01 -3.062060400000000016e+00 2.126727199999999929e+00
8.599799999999999667e-01 -3.082143600000000205e+00 2.047440400000000160e+00
8.699999999999999956e-01 -3.103021760000000295e+00 2.424418800000000207e+00
8.800199999999999134e-01 -3.130636159999999890e+00 2.412145733333333375e+00
8.899799999999999933e-01 -3.151263279999999778e+00 1.376257066666666695e+00
8.999999999999999112e-01 -3.158166879999999566e+00 4.004088000000000647e-01
9.100199999999999401e-01 -3.159254719999999850e+00 -5.798326666666666629e-01
9.199800000000000200e-01 -3.146577199999999852e+00 -1.454497866666666583e+00
9.299999999999999378e-01 -3.130175920000000112e+00 -2.115221200000000135e+00
9.400199999999999667e-01 -3.104276959999999974e+00 -3.453403866666667099e+00
9.499799999999999356e-01 -3.061098080000000277e+00 -5.022613066666667514e+00
9.599999999999999645e-01 -3.003819119999999732e+00 -5.702164400000000022e+00
9.700199999999999934e-01 -2.947084080000000217e+00 -5.860110400000000830e+00
9.799799999999999622e-01 -2.886625280000000071e+00 -6.933445866666667179e+00
9.899999999999998801e-01 -2.808384479999999961e+00 -9.029699600000000714e+00
1.000019999999999909e+00 -2.706002000000000240e+00 -1.111737613333333385e+01
1.009979999999999878e+00 -2.586046719999999688e+00 -1.208415906666666828e+01
1.020000000000000018e+00 -2.464334159999999940e+00 -1.230096000000000167e+01
1.030019999999999936e+00 -2.340027520000000028e+00 -1.369367413333333339e+01
1.039979999999999905e+00 -2.190449519999999595e+00 -1.498018440000000062e+01
1.050000000000000044e+00 -2.040411279999999827e+00 -1.530081826666666700e+01
1.060019999999999962e+00 -1.884431759999999789e+00 -1.539816599999999980e+01
1.069979999999999931e+00 -1.732468879999999878e+00 -1.498116066666666768e+01
1.080000000000000071e+00 -1.584815519999999811e+00 -1.635400080000000145e+01
1.090019999999999989e+00 -1.405363759999999962e+00 -1.997490413333333592e+01
1.099979999999999958e+00 -1.185327200000000136e+00 -2.233921280000000209e+01
1.110000000000000098e+00 -9.585962399999999883e-01 -2.201286080000000211e+01
1.120020000000000016e+00 -7.450448800000000205e-01 -2.055515520000000151e+01
1.129979999999999984e+00 -5.474763999999999742e-01 -1.856224626666666566e+01
1.139999999999999902e+00 -3.737985600000000019e-01 -1.540632480000000015e+01
1.150020000000000042e+00 -2.393666400000000194e-01 -1.173061106666666653e+01
1.159980000000000011e+00 -1.392016799999999943e-01 -1.098578933333333296e+01
1.169999999999999929e+00 -1.966479999999999964e-02 -6.875427733333333791e+00
1.180019999999999847e+00 -1.715440000000000150e-03 -9.751509333333334695e-01
1.189980000000000038e+00 -1.673599999999999968e-04 -8.479573333333333129e-02
1.199999999999999956e+00 0.000000000000000000e+00 -1.499266666666666629e-02
