0.000000000000000000e+00 6.074403164739436470e+06 2.641899265256944001e+08
1.000000000000000021e-02 3.931902629607145209e+06 1.710378144259062111e+08
2.000000000000000042e-02 2.544864104661411606e+06 1.107259479167539179e+08
2.999999999999999889e-02 1.646948593346841866e+06 7.167761251922053099e+07
4.000000000000000083e-02 1.065706887484907405e+06 4.639689073584477603e+07
5.000000000000000278e-02 6.894831779034738429e+05 3.003021464943147823e+07
5.999999999999999778e-02 4.459849088928399724e+05 1.943495250754221901e+07
7.000000000000000666e-02 2.884066698611094616e+05 1.257630776056491584e+07
8.000000000000000167e-02 1.864454074091693037e+05 8.136805296488836408e+06
8.999999999999999667e-02 1.204828102909497393e+05 5.263430835495377891e+06
1.000000000000000056e-01 7.781845875767167308e+04 3.403902485168218613e+06
1.100000000000000006e-01 5.023085043872094684e+04 2.200656358947538771e+06
1.199999999999999956e-01 3.239822547149383172e+04 1.422202580680086743e+06
1.300000000000000044e-01 2.087610703298597582e+04 9.186788686022290494e+05
1.400000000000000133e-01 1.343530881774499903e+04 5.930721452664036769e+05
1.499999999999999944e-01 8.633338152242287833e+03 3.825851971261267317e+05
1.600000000000000033e-01 5.536916307809337923e+03 2.465722093349476054e+05
1.700000000000000122e-01 3.542341292089263334e+03 1.587275812202973175e+05
1.799999999999999933e-01 2.259198440670510990e+03 1.020286682662420644e+05
1.900000000000000022e-01 1.435084229240102786e+03 6.546162029757706478e+04
2.000000000000000111e-01 9.068823518855562043e+02 4.190170893308542873e+04
2.099999999999999922e-01 5.692292162155547430e+02 2.674112879596024868e+04
2.200000000000000011e-01 3.541069513094711851e+02 1.700073782910039881e+04
2.300000000000000100e-01 2.176393088997166387e+02 1.075510559265342818e+04
2.399999999999999911e-01 1.315496574519632134e+02 6.760392765468998732e+03
2.500000000000000000e-01 7.763622715604837765e+01 4.213534176712822045e+03
2.600000000000000089e-01 4.419984073919540180e+01 2.596416389061061636e+03
2.700000000000000178e-01 2.373491696317401534e+01 1.575069159785285819e+03
2.800000000000000266e-01 1.143766332547011366e+01 9.344619642706130662e+02
2.899999999999999800e-01 4.242767445387934266e+00 5.363414172724644686e+02
2.999999999999999889e-01 2.017808809024369265e-01 2.919768021424388280e+02
3.099999999999999978e-01 -1.917663557966772014e+00 1.445497814195814499e+02
3.200000000000000067e-01 -2.889977648008026812e+00 5.778157405762920007e+01
3.300000000000000155e-01 -3.197641780405632961e+00 8.593117294964352837e+00
3.400000000000000244e-01 -3.137809552428808768e+00 -1.762807969963752086e+01
3.500000000000000333e-01 -2.890612757141644451e+00 -3.007701586278981409e+01
3.599999999999999867e-01 -2.562807965181710834e+00 -3.449288411299396273e+01
3.699999999999999956e-01 -2.215570030535853885e+00 -3.441911985482837366e+01
3.800000000000000044e-01 -1.882111930438145730e+00 -3.201111433312954091e+01
3.900000000000000133e-01 -1.578790593637787287e+00 -2.855263240139752412e+01
4.000000000000000222e-01 -1.312054031600999648e+00 -2.478489837396253037e+01
4.100000000000000311e-01 -1.082743311329855462e+00 -2.111541694303921801e+01
4.199999999999999845e-01 -8.887201028385246504e-01 -1.774975395110152476e+01
4.299999999999999933e-01 -7.264408761358128741e-01 -1.477410306042574639e+01
4.400000000000000022e-01 -5.918738757807907591e-01 -1.220652518278689946e+01
4.500000000000000111e-01 -4.810105214517274574e-01 -1.002833731684108187e+01
4.600000000000000200e-01 -3.901302773337885221e-01 -8.202997297673743304e+00
4.700000000000000289e-01 -3.159188317976573401e-01 -6.687173187960500975e+00
4.799999999999999822e-01 -2.555017084857706955e-01 -5.436978414842081442e+00
4.899999999999999911e-01 -2.064314990571529951e-01 -4.411258766819128319e+00
5.000000000000000000e-01 -1.666518094900948932e-01 -3.573116972595129504e+00
5.100000000000000089e-01 -1.344515551047625046e-01 -2.890414014332513659e+00
5.200000000000000178e-01 -1.084173733349359375e-01 -2.335702756455718454e+00
5.300000000000000266e-01 -8.738833187832541205e-02 -1.885870352209301437e+00
5.400000000000000355e-01 -7.041495095161753870e-02 -1.521653527470570255e+00
5.500000000000000444e-01 -5.672329450311017207e-02 -1.227120997448796436e+00
5.600000000000000533e-01 -4.568417472804935098e-02 -9.891743908184050804e-01
5.700000000000000622e-01 -3.678714096935001981e-02 -7.970931758172097314e-01
5.799999999999999600e-01 -2.961875224246519889e-02 -6.421338429174262563e-01
5.899999999999999689e-01 -2.384457755873719761e-02 -5.171849519525291150e-01
5.999999999999999778e-01 -1.919437779588616805e-02 -4.164750355198075793e-01
6.099999999999999867e-01 -1.544996545943807566e-02 -3.353281523792174257e-01
6.199999999999999956e-01 -1.243529554707935129e-02 -2.699610976755584812e-01
6.300000000000000044e-01 -1.000840111798961124e-02 -2.173162793982746921e-01
6.400000000000000133e-01 -8.054845236816076878e-03 -1.749246842608110364e-01
6.500000000000000222e-01 -6.482413821809251964e-03 -1.407939557085960414e-01
6.600000000000000311e-01 -5.216820433882939610e-03 -1.133172618074936855e-01
6.700000000000000400e-01 -4.198234038808369185e-03 -9.119926963756841420e-02
6.800000000000000488e-01 -3.378474623761658011e-03 -7.339612928179405082e-02
6.900000000000000577e-01 -2.718749865534984735e-03 -5.906688928193014332e-02
7.000000000000000666e-01 -2.187829531480406636e-03 -4.753421323524745223e-02
7.099999999999999645e-01 -1.760573643400345674e-03 -3.825264719385871454e-02
7.199999999999999734e-01 -1.416746297322551973e-03 -3.078300602224699062e-02
7.299999999999999822e-01 -1.140059986161179317e-03 -2.477171139431614058e-02
7.399999999999999911e-01 -9.174058189566638120e-04 -1.993413230580220324e-02
7.500000000000000000e-01 -7.382335966362270005e-04 -1.604115801005310399e-02
7.600000000000000089e-01 -5.940526488375251274e-04 -1.290837958642782751e-02
7.700000000000000178e-01 -4.780299578823203784e-04 -1.038737552534952507e-02
7.800000000000000266e-01 -3.846666411404527195e-04 -8.358693550057940541e-03
7.900000000000000355e-01 -3.095375344161755663e-04 -6.726199424887932543e-03
8.000000000000000444e-01 -2.490815823521341896e-04 -5.412527084878487361e-03
8.100000000000000533e-01 -2.004331322803104543e-04 -4.355415842036462759e-03
8.200000000000000622e-01 -1.612861552904805483e-04 -3.504761965791244188e-03
8.300000000000000711e-01 -1.297849716467109281e-04 -2.820245470346123898e-03
8.399999999999999689e-01 -1.044363092393856186e-04 -2.269419996024556619e-03
8.499999999999999778e-01 -8.403853189997301124e-05 -1.826175486747237979e-03
8.599999999999999867e-01 -6.762468630817279700e-05 -1.469500949005904129e-03
8.699999999999999956e-01 -5.441666997908146584e-05 -1.182488745437884799e-03
8.800000000000000044e-01 -4.378834916729301479e-05 -9.515332888325404165e-04
8.900000000000000133e-01 -3.523587925160148260e-05 -7.656861939265847657e-04
9.000000000000000222e-01 -2.835382124802277365e-05 -6.161373457288020321e-04
9.100000000000000311e-01 -2.281592264020983920e-05 -4.957973022009812226e-04
9.200000000000000400e-01 -1.835965168496388138e-05 -3.989612464489815879e-04
9.300000000000000488e-01 -1.477375219266200380e-05 -3.210385653014866092e-04
9.400000000000000577e-01 -1.188822891002128594e-05 -2.583352395230542760e-04
9.500000000000000666e-01 -9.566288818693363476e-06 -2.078787327480943693e-04
9.599999999999999645e-01 -7.697856360399496004e-06 -1.672770797925706809e-04
9.699999999999999734e-01 -6.194355197032992293e-06 -1.346054955344640105e-04
9.799999999999999822e-01 -4.984509145488375394e-06 -1.083151297320744980e-04
9.899999999999999911e-01 -4.010963235674095872e-06 -8.715964270454019242e-05
1.000000000000000000e+00 -3.227564715000302214e-06 -7.013612142706399501e-05
1.010000000000000009e+00 -2.597175105637631260e-06 -5.643753529618661044e-05
1.020000000000000018e+00 -2.089909594463936847e-06 -4.541447779524103033e-05
1.030000000000000027e+00 -1.681720292880392123e-06 -3.654438045082556184e-05
1.040000000000000036e+00 -1.353256204674481090e-06 -2.940673967371893133e-05
1.050000000000000044e+00 -1.088945857458411557e-06 -2.366318210692285083e-05
1.060000000000000053e+00 -8.762591086669484285e-07 -1.904142346732794154e-05
1.070000000000000062e+00 -7.051131309949849505e-07 -1.532236043642227227e-05
1.080000000000000071e+00 -5.673944171182029538e-07 -1.232968367745721722e-05
1.090000000000000080e+00 -4.565741435674104425e-07 -9.921519571329250764e-06
1.100000000000000089e+00 0.000000000000000000e+00 -7.983704436166236886e-06
1.110000000000000098e+00 0.000000000000000000e+00 -6.424372384977097020e-06
1.120000000000000107e+00 0.000000000000000000e+00 -5.169600250198172969e-06
1.130000000000000115e+00 0.000000000000000000e+00 -4.159903115574957650e-06
1.140000000000000124e+00 0.000000000000000000e+00 -3.347414320059618185e-06
1.150000000000000133e+00 0.000000000000000000e+00 -2.693616246838903327e-06
1.159999999999999920e+00 0.000000000000000000e+00 -2.167514321460221974e-06
1.169999999999999929e+00 0.000000000000000000e+00 -1.744167654092019271e-06
1.179999999999999938e+00 0.000000000000000000e+00 -1.403506668286997244e-06
1.189999999999999947e+00 0.000000000000000000e+00 -1.129381663720631931e-06
1.199999999999999956e+00 0.000000000000000000e+00 -9.087972082209078024e-07
