0.000000000000000000e+00 9.774890558165216818e+06 3.918508448360172510e+08
1.000000000000000021e-02 6.546379983118627220e+06 2.624682795657664537e+08
2.000000000000000042e-02 4.383902499207821675e+06 1.757996765936558843e+08
2.999999999999999889e-02 2.935515205281173345e+06 1.177446661073834002e+08
4.000000000000000083e-02 1.965456687743945280e+06 7.885737524957725406e+07
5.000000000000000278e-02 1.315795602796766208e+06 5.281002604955140501e+07
5.999999999999999778e-02 8.807387072660023114e+05 3.536367754439654201e+07
7.000000000000000666e-02 5.894196298914604122e+05 2.367871227729168534e+07
8.000000000000000167e-02 3.943689977648633649e+05 1.585292302424330823e+07
8.999999999999999667e-02 2.637905655995859415e+05 1.061207240323050506e+07
1.000000000000000056e-01 1.763870213550491026e+05 7.102596261517165229e+06
1.100000000000000006e-01 1.178938376787836314e+05 4.752734532582251355e+06
1.199999999999999956e-01 7.875735025588001008e+04 3.179502465052912012e+06
1.300000000000000044e-01 5.257935453800229880e+04 2.126370780939194839e+06
1.400000000000000133e-01 3.507519044132938870e+04 1.421517992173908744e+06
1.499999999999999944e-01 2.337580820124825914e+04 9.498641185185696231e+05
1.600000000000000033e-01 1.556026208182609298e+04 6.343365985187060433e+05
1.700000000000000122e-01 1.034256251244685882e+04 4.233208329247502843e+05
1.799999999999999933e-01 6.861928014443971733e+03 2.822537753759201150e+05
1.900000000000000022e-01 4.542300170850108771e+03 1.879929013370797329e+05
2.000000000000000111e-01 2.998253944257988223e+03 1.250443506840939372e+05
2.099999999999999922e-01 1.971984792026507876e+03 8.303647988444022485e+04
2.200000000000000011e-01 1.291111172255066094e+03 5.502766705322260532e+04
2.300000000000000100e-01 8.404187703477532523e+02 3.637294090892247186e+04
2.399999999999999911e-01 5.429421694793362576e+02 2.396492897333731526e+04
2.500000000000000000e-01 3.472999032785352824e+02 1.572553041659993505e+04
2.600000000000000089e-01 2.192171721622096641e+02 1.026552221138048299e+04
2.700000000000000178e-01 1.358526483531943825e+02 6.656640875312433309e+03
2.800000000000000266e-01 8.200272326300354564e+01 4.278992348719577421e+03
2.899999999999999800e-01 4.756261323154507892e+01 2.718908097668752362e+03
2.999999999999999889e-01 2.582874144417925066e+01 1.700581752508826639e+03
3.099999999999999978e-01 1.236411968751500545e+01 1.040324219944066272e+03
3.200000000000000067e-01 4.240413824748099358e+00 6.159617210008799475e+02
3.300000000000000155e-01 -4.680365356909398922e-01 3.463704875978202153e+02
3.400000000000000244e-01 -3.021731484552261371e+00 1.777957523062285929e+02
3.500000000000000333e-01 -4.240928673524993364e+00 7.471038737450280109e+01
3.599999999999999867e-01 -4.655347012589264644e+00 1.371042078896294747e+01
3.699999999999999956e-01 -4.603659572306546544e+00 -2.055852249669524312e+01
3.800000000000000044e-01 -4.299493873867024973e+00 -3.811711877593731401e+01
3.900000000000000133e-01 -3.875113161107711868e+00 -4.546109073103143317e+01
4.000000000000000222e-01 -3.410242583882321821e+00 -4.676417303841714812e+01
4.100000000000000311e-01 -2.951022944020294858e+00 -4.467684232012302203e+01
4.199999999999999845e-01 -2.522415589542376324e+00 -4.085554140413658075e+01
4.299999999999999933e-01 -2.136273214274026166e+00 -3.631242022183984375e+01
4.400000000000000022e-01 -1.796550631927573027e+00 -3.164570797220186904e+01
4.500000000000000111e-01 -1.502635142098426746e+00 -2.719083047839127332e+01
4.600000000000000200e-01 -1.251446294994050135e+00 -2.311901648609573456e+01
4.700000000000000289e-01 -1.038735087351936759e+00 -1.950120318966538235e+01
4.799999999999999822e-01 -8.598663503111062534e-01 -1.634908578815148417e+01
4.899999999999999911e-01 -7.102708850331618251e-01 -1.364117520827683450e+01
5.000000000000000000e-01 -5.856894251157577225e-01 -1.133907428032045495e+01
5.100000000000000089e-01 -4.822878366906137027e-01 -9.397415323622785976e+00
5.200000000000000178e-01 -3.966948134648878299e-01 -7.769726754732263707e+00
5.300000000000000266e-01 -3.259948157314913608e-01 -6.411716004742470609e+00
5.400000000000000355e-01 -2.676968918108466045e-01 -5.282939054305511029e+00
5.500000000000000444e-01 -2.196921433876538321e-01 -4.347485290225534982e+00
5.600000000000000533e-01 -1.802075124985350885e-01 -3.574081410677152792e+00
5.700000000000000622e-01 -1.477603204220320210e-01 -2.935870557836455674e+00
5.799999999999999600e-01 -1.211159426163369579e-01 -2.410026604328921351e+00
5.899999999999999689e-01 -9.924973908538205214e-02 -1.977301160944510805e+00
5.999999999999999778e-01 -8.131359899148436765e-02 -1.621560834742872714e+00
6.099999999999999867e-01 -6.660701980294023161e-02 -1.329346866050539422e+00
6.199999999999999956e-01 -5.455240558620878810e-02 -1.089473420233943335e+00
6.300000000000000044e-01 -4.467415872132780852e-02 -8.926711426701683383e-01
6.400000000000000133e-01 -3.658110432926588856e-02 -7.312768885376061956e-01
6.500000000000000222e-01 -2.995179511737366615e-02 -5.989673607610568329e-01
6.600000000000000311e-01 -2.452227606336423657e-02 -4.905327825328146263e-01
6.700000000000000400e-01 -2.007593094649516921e-02 -4.016860818112298337e-01
6.800000000000000488e-01 -1.643507873364033131e-02 -3.289029802953349901e-01
6.900000000000000577e-01 -1.345403294115961150e-02 -2.692886088748269180e-01
7.000000000000000666e-01 -1.101337901807278134e-02 -2.204666596987575888e-01
7.099999999999999645e-01 -9.015262460380831996e-03 -1.804875368823720128e-01
7.199999999999999734e-01 -7.379513438100178402e-03 -1.477524276193240560e-01
7.299999999999999822e-01 -6.040462288612182679e-03 -1.209506519851484135e-01
7.399999999999999911e-01 -4.944324622828383427e-03 -9.900804734580401223e-02
7.500000000000000000e-01 -4.047055430587305318e-03 -8.104449576500602492e-02
7.600000000000000089e-01 -3.312588917153064857e-03 -6.633900940979865768e-02
7.700000000000000178e-01 -2.711395302485330745e-03 -5.430105203585398888e-02
7.800000000000000266e-01 -2.219297885675594346e-03 -4.444699808873593672e-02
7.900000000000000355e-01 -1.816503692553801111e-03 -3.638081929560420952e-02
8.000000000000000444e-01 -1.486809313139850165e-03 -2.977824642084572412e-02
8.100000000000000533e-01 -1.216950380761881289e-03 -2.437378545848148739e-02
8.200000000000000622e-01 -9.960687881764098989e-04 -1.995007688309216251e-02
8.300000000000000711e-01 -8.152763825325181181e-04 -1.632917717798584509e-02
8.399999999999999689e-01 -6.672977024594965679e-04 -1.336541674621938985e-02
8.499999999999999778e-01 -5.461774606338835880e-04 -1.093955009602784641e-02
8.599999999999999867e-01 -4.470410535200128213e-04 -8.953965092802928030e-03
8.699999999999999956e-01 -3.658984958246790293e-04 -7.328759952017765630e-03
8.800000000000000044e-01 -2.994839126907871698e-04 -5.998531075486639164e-03
8.900000000000000133e-01 -2.451241455985735010e-04 -4.909743111289329581e-03
9.000000000000000222e-01 -2.006311942601956546e-04 -4.018575829189302215e-03
9.100000000000000311e-01 -1.642141725182264943e-04 -3.289161446143802972e-03
9.200000000000000400e-01 -1.344072392499307011e-04 -2.692141652545343607e-03
9.300000000000000488e-01 -1.100106066450325196e-04 -2.203486391308602001e-03
9.400000000000000577e-01 -9.004225350757284686e-05 -1.803526933119756984e-03
9.500000000000000666e-01 -7.369840139286165507e-05 -1.476164387028376657e-03
9.599999999999999645e-01 -6.032116362066911112e-05 -1.208221827158253775e-03
9.699999999999999734e-01 -4.937206560166119599e-05 -9.889139837833981796e-04
9.799999999999999822e-01 -4.041037102934514735e-05 -8.094131703031022789e-04
9.899999999999999911e-01 -3.307534179188840925e-05 -6.624939853997150602e-04
1.000000000000000000e+00 -2.707171770345268732e-05 -5.422424965714116654e-04
1.010000000000000009e+00 -2.215783169646196970e-05 -4.438182041127885862e-04
1.020000000000000018e+00 -1.813588215791496567e-05 -3.632592073954201187e-04
1.030000000000000027e+00 -1.484397089558200785e-05 -2.973227331294359945e-04
1.040000000000000036e+00 -1.214958627283675406e-05 -2.433546079195666979e-04
1.050000000000000044e+00 -9.944269210764005647e-06 -1.991824219970477709e-04
1.060000000000000053e+00 -8.139247361981422451e-06 -1.630280843008490282e-04
1.070000000000000062e+00 -6.661861727122193274e-06 -1.334362494111891717e-04
1.080000000000000071e+00 -5.452641879699212232e-06 -1.092157355762488817e-04
1.090000000000000080e+00 -4.462912071321791556e-06 -8.939157590401272289e-05
1.100000000000000089e+00 0.000000000000000000e+00 -7.316577274310033779e-05
1.110000000000000098e+00 0.000000000000000000e+00 -5.988517556394533289e-05
1.120000000000000107e+00 0.000000000000000000e+00 -4.901518936699986157e-05
1.130000000000000115e+00 0.000000000000000000e+00 -4.011825532378639631e-05
1.140000000000000124e+00 0.000000000000000000e+00 -3.283623744267974399e-05
1.150000000000000133e+00 0.000000000000000000e+00 -2.687600627404605609e-05
1.159999999999999920e+00 0.000000000000000000e+00 -2.199763935599674075e-05
1.169999999999999929e+00 0.000000000000000000e+00 -1.800476343157260696e-05
1.179999999999999938e+00 0.000000000000000000e+00 -1.473664967984880745e-05
1.189999999999999947e+00 0.000000000000000000e+00 -1.206174376710882522e-05
1.199999999999999956e+00 0.000000000000000000e+00 -9.872370280019128011e-06
