0.000000000000000000e+00 4.496280946518604644e+06 1.802433392127885222e+08
1.000000000000000021e-02 3.011230420500956010e+06 1.207303621825684011e+08
2.000000000000000042e-02 2.016531027739230776e+06 8.086470245055958629e+07
2.999999999999999889e-02 1.350297925404255278e+06 5.416059241231506318e+07
4.000000000000000083e-02 9.040865097029602621e+05 3.627318777834715694e+07
5.000000000000000278e-02 6.052519372724572895e+05 2.429187467824009806e+07
5.999999999999999778e-02 4.051315717719212989e+05 1.626684455620593019e+07
7.000000000000000666e-02 2.711283000950585119e+05 1.089193950938001461e+07
8.000000000000000167e-02 1.814070978802509781e+05 7.292186010928773321e+06
8.999999999999999667e-02 1.213422447134881077e+05 4.881461187555153854e+06
1.000000000000000056e-01 8.113731903774882085e+04 3.267142038737304043e+06
1.100000000000000006e-01 5.423084854131327302e+04 2.186229240744266193e+06
1.199999999999999956e-01 3.622827588196509168e+04 1.462556207875523949e+06
1.300000000000000044e-01 2.418650441861249783e+04 9.781234213540639030e+05
1.400000000000000133e-01 1.613463672604968087e+04 6.538954154780374374e+05
1.499999999999999944e-01 1.075293706808461684e+04 4.369368677428280935e+05
1.600000000000000033e-01 7.157786047339586730e+03 2.917952816961433855e+05
1.700000000000000122e-01 4.757637228666212650e+03 1.947284641142110922e+05
1.799999999999999933e-01 3.156535857437449977e+03 1.298377178506648488e+05
1.900000000000000022e-01 2.089497457362077057e+03 8.647765467560730758e+04
2.000000000000000111e-01 1.379227599065275626e+03 5.752119426065605512e+04
2.099999999999999922e-01 9.071365746136710868e+02 3.819743061986647081e+04
2.200000000000000011e-01 5.939288973384175279e+02 2.531324193218836081e+04
2.300000000000000100e-01 3.866058410781769794e+02 1.673195142474852764e+04
2.399999999999999911e-01 2.497631140984194360e+02 1.102417028753076556e+04
2.500000000000000000e-01 1.597650371363904469e+02 7.233971025971907693e+03
2.600000000000000089e-01 1.008450176439085908e+02 4.722308415547915502e+03
2.700000000000000178e-01 6.249588906409197619e+01 3.062178223172456001e+03
2.800000000000000266e-01 3.772386553415358890e+01 1.968426298048310173e+03
2.899999999999999800e-01 2.188064770670633408e+01 1.250762609274206852e+03
2.999999999999999889e-01 1.188251424083981433e+01 7.823141622978853320e+02
3.099999999999999978e-01 5.688393054653981373e+00 4.785823310604129688e+02
3.200000000000000067e-01 1.951207485440831002e+00 2.833659011971265613e+02
3.300000000000000155e-01 -2.148780150352563589e-01 1.593469663820372375e+02
3.400000000000000244e-01 -1.389716782363196401e+00 8.179760205177198884e+01
3.500000000000000333e-01 -1.950644294092607867e+00 3.437478557537777846e+01
3.599999999999999867e-01 -2.141343517179116862e+00 6.312289175274965025e+00
3.699999999999999956e-01 -2.117612890718755025e+00 -9.453192579239665605e+00
3.800000000000000044e-01 -1.977727392811650775e+00 -1.753138354405697541e+01
3.900000000000000133e-01 -1.782532616961264749e+00 -2.091046983407139592e+01
4.000000000000000222e-01 -1.568705324099763487e+00 -2.151047985989679745e+01
4.100000000000000311e-01 -1.357472535984040052e+00 -2.055071190761564637e+01
4.199999999999999845e-01 -1.160318054977558910e+00 -1.879318600192862831e+01
4.299999999999999933e-01 -9.826952255112892942e-01 -1.670353108900135197e+01
4.400000000000000022e-01 -8.264240292194663384e-01 -1.455696086489875896e+01
4.500000000000000111e-01 -6.912231527625790628e-01 -1.250779111113313924e+01
4.600000000000000200e-01 -5.756759504890296419e-01 -1.063480100528015626e+01
4.700000000000000289e-01 -4.778281249045416845e-01 -8.970631393907680717e+00
4.799999999999999822e-01 -3.955476607344644568e-01 -7.520668825375936173e+00
4.899999999999999911e-01 -3.267328324572408849e-01 -6.275032983646222640e+00
5.000000000000000000e-01 -2.694244446973130258e-01 -5.216064355133753772e+00
5.100000000000000089e-01 -2.218588366574725801e-01 -4.322895961415216703e+00
5.200000000000000178e-01 -1.824852304790449409e-01 -3.574152312179808000e+00
5.300000000000000266e-01 -1.499624891849129504e-01 -2.949459767845002744e+00
5.400000000000000355e-01 -1.231447786817140982e-01 -2.430214680644162240e+00
5.500000000000000444e-01 -1.010620046496745056e-01 -1.999898537172115853e+00
5.600000000000000533e-01 -8.289855648032107283e-02 -1.644125830483461614e+00
5.700000000000000622e-01 -6.797239645465931457e-02 -1.350542513679249490e+00
5.799999999999999600e-01 -5.571559106359366687e-02 -1.108648607995796453e+00
5.899999999999999689e-01 -4.565679952252631874e-02 -9.095898512795801416e-01
5.999999999999999778e-01 -3.740588463233558703e-02 -7.459448536734935020e-01
6.099999999999999867e-01 -3.064060938628808406e-02 -6.115225420416439128e-01
6.199999999999999956e-01 -2.509527428983941710e-02 -5.011773817391188546e-01
6.300000000000000044e-01 -2.055109959369898209e-02 -4.106454167942766853e-01
6.400000000000000133e-01 -1.682814053511806976e-02 -3.364015486858688564e-01
6.500000000000000222e-01 -1.377852754736309283e-02 -2.755370116330714825e-01
6.600000000000000311e-01 -1.128083798099640753e-02 -2.256552629592284420e-01
6.700000000000000400e-01 -9.235425467768502983e-03 -1.847842084162002185e-01
6.800000000000000488e-01 -7.560554215114185725e-03 -1.513026432134074728e-01
6.900000000000000577e-01 -6.189206269703989224e-03 -1.238788950046951498e-01
7.000000000000000666e-01 -5.066449072709297563e-03 -1.014198335895813707e-01
7.099999999999999645e-01 -4.147267954286801978e-03 -8.302861991861258673e-02
7.199999999999999734e-01 -3.394783427282312572e-03 -6.796977845582932720e-02
7.299999999999999822e-01 -2.778786282965851808e-03 -5.564037773561858469e-02
7.399999999999999911e-01 -2.274534712137703339e-03 -4.554628685028451474e-02
7.500000000000000000e-01 -1.861767169181655296e-03 -3.728263773875768045e-02
7.600000000000000089e-01 -1.523892675481663007e-03 -3.051776418103983174e-02
7.700000000000000178e-01 -1.247326928492918825e-03 -2.498000941776950395e-02
7.800000000000000266e-01 -1.020948135283282444e-03 -2.044689710159321508e-02
7.900000000000000355e-01 -8.356510965473232765e-04 -1.673624692144924306e-02
8.000000000000000444e-01 -6.839818798988764803e-04 -1.369888882774288573e-02
8.100000000000000533e-01 -5.598385700360101504e-04 -1.121269032175482676e-02
8.200000000000000622e-01 -4.582261794107842434e-04 -9.177661572990106903e-03
8.300000000000000711e-01 -3.750559404524779982e-04 -7.511944802801420393e-03
8.399999999999999689e-01 -3.069809582763517622e-04 -6.148528820688000524e-03
8.499999999999999778e-01 -2.512616472663683435e-04 -5.032558021356487235e-03
8.599999999999999867e-01 -2.056555609752132037e-04 -4.119128565073264768e-03
8.699999999999999956e-01 -1.683271980920426501e-04 -3.371483729860087070e-03
8.800000000000000044e-01 -1.377741655668968752e-04 -2.759536261141387961e-03
8.900000000000000133e-01 -1.127667345488940113e-04 -2.258658552478148493e-03
9.000000000000000222e-01 -9.229836131355653728e-05 -1.848692168473319583e-03
9.100000000000000311e-01 -7.554518499884867416e-05 -1.513136980755163492e-03
9.200000000000000400e-01 -6.183287415490888641e-05 -1.238487371455885720e-03
9.300000000000000488e-01 -5.060948914892402542e-05 -1.013688847399799205e-03
9.400000000000000577e-01 -4.142326910376583439e-05 -8.296932342730613990e-04
9.500000000000000666e-01 -3.390444992886151469e-05 -6.790945742357664544e-04
9.599999999999999645e-01 -2.775038203284992846e-05 -5.558310896518164727e-04
9.699999999999999734e-01 -2.271334897413098588e-05 -4.549412287177722540e-04
9.799999999999999822e-01 -1.859059692224232426e-05 -3.723639815445173892e-04
9.899999999999999911e-01 -1.521617372521910750e-05 -3.047754344626456779e-04
1.000000000000000000e+00 -1.245424917368300384e-05 -2.494549871451672853e-04
1.010000000000000009e+00 -1.019364764397642934e-05 -2.041758499046471644e-04
1.020000000000000018e+00 -8.343373083831211542e-06 -1.671154150332525182e-04
1.030000000000000027e+00 -6.828946235007866463e-06 -1.367818954836008357e-04
1.040000000000000036e+00 -5.589406673110639624e-06 -1.119542786231256351e-04
1.050000000000000044e+00 -4.574858999543932424e-06 -9.163317851632952126e-05
1.060000000000000053e+00 -3.744464420263454775e-06 -7.500060872095211004e-05
1.070000000000000062e+00 -3.064796871432301105e-06 -6.138705655035257640e-05
1.080000000000000071e+00 -2.508497524414278429e-06 -5.024453358630497790e-05
1.090000000000000080e+00 -2.053173512024157104e-06 -4.112451773921137449e-05
1.100000000000000089e+00 0.000000000000000000e+00 -3.365989901953776020e-05
1.110000000000000098e+00 0.000000000000000000e+00 -2.755020232403960096e-05
1.120000000000000107e+00 0.000000000000000000e+00 -2.254949243574451531e-05
1.130000000000000115e+00 0.000000000000000000e+00 -1.845647439441161936e-05
1.140000000000000124e+00 0.000000000000000000e+00 -1.510639075827822538e-05
1.150000000000000133e+00 0.000000000000000000e+00 -1.236438960416024056e-05
1.159999999999999920e+00 0.000000000000000000e+00 -1.012009631200935385e-05
1.169999999999999929e+00 0.000000000000000000e+00 -8.283170634303068964e-06
1.179999999999999938e+00 0.000000000000000000e+00 -6.779670210265499731e-06
1.189999999999999947e+00 0.000000000000000000e+00 -5.549074146084621949e-06
1.199999999999999956e+00 0.000000000000000000e+00 -4.541846851535071654e-06
