0.000000000000000000e+00 2.699734516398791689e+06 1.174177345507268608e+08
1.000000000000000021e-02 1.747512140677690040e+06 7.601679980758003891e+07
2.000000000000000042e-02 1.131050626686350908e+06 4.921152828771304339e+07
2.999999999999999889e-02 7.319770989257347537e+05 3.185671410894441232e+07
4.000000000000000083e-02 4.736474723078226671e+05 2.062083873098968342e+07
5.000000000000000278e-02 3.064369474134721677e+05 1.334676107547561452e+07
5.999999999999999778e-02 1.982155023965792207e+05 8.637756055928476155e+06
7.000000000000000666e-02 1.281807343703077204e+05 5.589469736031491309e+06
8.000000000000000167e-02 8.286462073786207475e+04 3.616357675213718787e+06
8.999999999999999667e-02 5.354791276451012527e+04 2.339302449318152387e+06
1.000000000000000056e-01 3.458597989126580796e+04 1.512845460431701271e+06
1.100000000000000006e-01 2.232482133810761661e+04 9.780694386922742706e+05
1.199999999999999956e-01 1.439921066905108637e+04 6.320900028237873921e+05
1.300000000000000044e-01 9.278269401042562095e+03 4.083016993141375715e+05
1.400000000000000133e-01 5.971248129784384219e+03 2.635876079857326113e+05
1.499999999999999944e-01 3.837039040278680659e+03 1.700378580906492716e+05
1.600000000000000033e-01 2.460851610959778100e+03 1.095876442286534439e+05
1.700000000000000122e-01 1.574373860233034748e+03 7.054558906156040030e+04
1.799999999999999933e-01 1.004088168630511404e+03 4.534607325851109636e+04
1.900000000000000022e-01 6.378151975815692367e+02 2.909405257547756264e+04
2.000000000000000111e-01 4.030588144956694805e+02 1.862298123527459757e+04
2.099999999999999922e-01 2.529907581177312466e+02 1.188494584059458612e+04
2.200000000000000011e-01 1.573808648095652529e+02 7.555883317683845235e+03
2.300000000000000100e-01 9.672858050832005006e+01 4.780046842231491610e+03
2.399999999999999911e-01 5.846651384722965616e+01 3.004618960874330696e+03
2.500000000000000000e-01 3.450498960404038939e+01 1.872681833439246020e+03
2.600000000000000089e-01 1.964437357889682190e+01 1.153962829117419687e+03
2.700000000000000178e-01 1.054885196971095773e+01 7.000307336061969181e+02
2.800000000000000266e-01 5.083405931889125817e+00 4.153164275692689102e+02
2.899999999999999800e-01 1.885674431949343255e+00 2.383739635585218650e+02
2.999999999999999889e-01 8.968039737169995751e-02 1.297674683759053096e+02
3.099999999999999978e-01 -8.522949166497458817e-01 6.424434806832972811e+01
3.200000000000000067e-01 -1.284434519236904215e+00 2.568070019834784645e+01
3.300000000000000155e-01 -1.421174138831399203e+00 3.819163663227258976e+00
3.400000000000000244e-01 -1.394582040783928223e+00 -7.834701849783626493e+00
3.500000000000000333e-01 -1.284716800056707742e+00 -1.336756251357529557e+01
3.599999999999999867e-01 -1.139025781757946998e+00 -1.533017073268765351e+01
3.699999999999999956e-01 -9.846978102546443123e-01 -1.529738669097530490e+01
3.800000000000000044e-01 -8.364942090781314343e-01 -1.422716205952101731e+01
3.900000000000000133e-01 -7.016847245858390814e-01 -1.269005900236227014e+01
4.000000000000000222e-01 -5.831351398327458968e-01 -1.101551055417779779e+01
4.100000000000000311e-01 -4.812192625013276825e-01 -9.384629916421706852e+00
4.199999999999999845e-01 -3.949867237917548124e-01 -7.888779689500432291e+00
4.299999999999999933e-01 -3.228626215361664054e-01 -6.566268170501562196e+00
4.400000000000000022e-01 -2.630550644547357542e-01 -5.425122433254427001e+00
4.500000000000000111e-01 -2.137824613045911926e-01 -4.457038922910795620e+00
4.600000000000000200e-01 -1.733912406130936334e-01 -3.645776678128214154e+00
4.700000000000000289e-01 -1.404083749833966721e-01 -2.972077060605088139e+00
4.799999999999999822e-01 -1.135563193577962815e-01 -2.416434927125460153e+00
4.899999999999999911e-01 -9.174733668402959563e-02 -1.960559517142773656e+00
5.000000000000000000e-01 -7.406747405108334015e-02 -1.588052043431235072e+00
5.100000000000000089e-01 -5.975624936673117060e-02 -1.284628498016185061e+00
5.200000000000000178e-01 -4.818550147880260037e-02 -1.038090153891301881e+00
5.300000000000000266e-01 -3.883926046448502728e-02 -8.381646346182718421e-01
5.400000000000000355e-01 -3.129553529935543560e-02 -6.762904849222428627e-01
5.500000000000000444e-01 -2.521035439635449862e-02 -5.453871336769150480e-01
5.600000000000000533e-01 -2.030407872367878674e-02 -4.396330824127937520e-01
5.700000000000000622e-01 -1.634984131614186306e-02 -3.542636502522743536e-01
5.799999999999999600e-01 -1.316389061947222626e-02 -2.853928328756955013e-01
5.899999999999999689e-01 -1.059759063392992466e-02 -2.298599901335426354e-01
5.999999999999999778e-01 -8.530835078873227895e-03 -1.851000253361873571e-01
6.099999999999999867e-01 -6.866651731080941103e-03 -1.490347423194417764e-01
6.199999999999999956e-01 -5.526798364382301543e-03 -1.199827166536459044e-01
6.300000000000000044e-01 -4.448178558174155015e-03 -9.658501851385767334e-02
6.400000000000000133e-01 -3.579931450231663322e-03 -7.774430862540158971e-02
6.500000000000000222e-01 -2.881073002487734899e-03 -6.257509515551183676e-02
6.600000000000000311e-01 -2.318587018342023638e-03 -5.036323055191096326e-02
6.700000000000000400e-01 -1.865881925814310638e-03 -4.053301127270920318e-02
6.800000000000000488e-01 -1.501544384861172501e-03 -3.262050400301837877e-02
6.900000000000000577e-01 -1.208333362104288631e-03 -2.625195252371194388e-02
7.000000000000000666e-01 -9.723687534447732986e-04 -2.112631842062950849e-02
7.099999999999999645e-01 -7.824772346579958980e-04 -1.700117770611171697e-02
7.199999999999999734e-01 -6.296650701629036544e-04 -1.368133697756717185e-02
7.299999999999999822e-01 -5.066933675215977992e-04 -1.100965030476453929e-02
7.399999999999999911e-01 -4.077359526432461335e-04 -8.859615012883612084e-03
7.500000000000000000e-01 -3.281038478882796600e-04 -7.129404098211346817e-03
7.600000000000000089e-01 -2.640234217581175283e-04 -5.737058036145534223e-03
7.700000000000000178e-01 -2.124577773198214816e-04 -4.616611707738477698e-03
7.800000000000000266e-01 -1.709629665833500422e-04 -3.714975209241815415e-03
7.900000000000000355e-01 -1.375722497787603684e-04 -2.989422211238134015e-03
8.000000000000000444e-01 -1.107029355310903111e-04 -2.405567793936443446e-03
8.100000000000000533e-01 -8.908140034579439457e-05 -1.935740538772833886e-03
8.200000000000000622e-01 -7.168274241373082958e-05 -1.557672119663445999e-03
8.300000000000000711e-01 -5.768221512694115079e-05 -1.253442541777205358e-03
8.399999999999999689e-01 -4.641614194401047088e-05 -1.008631199870208776e-03
8.499999999999999778e-01 -3.735046230591587983e-05 -8.116336237964399307e-04
8.599999999999999867e-01 -3.005541914880528677e-05 -6.531115935784791767e-04
8.699999999999999956e-01 -2.418518911926735169e-05 -5.255506031945378917e-04
8.800000000000000044e-01 -1.946149053068062834e-05 -4.229037245615675637e-04
8.900000000000000133e-01 -1.566039242223143127e-05 -3.403050083168065554e-04
9.000000000000000222e-01 -1.260169967511238832e-05 -2.738388475041282264e-04
9.100000000000000311e-01 -1.014041115879615545e-05 -2.203543787543748125e-04
9.200000000000000400e-01 -8.159846088565251871e-06 -1.773161276943742881e-04
9.300000000000000488e-01 -6.566112816421794054e-06 -1.426838216409795671e-04
9.400000000000000577e-01 -5.283657889771954426e-06 -1.148156741339155106e-04
9.500000000000000666e-01 -4.251684406092052854e-06 -9.239055779013717335e-05
9.599999999999999645e-01 -3.421269890548847711e-06 -7.434537688253866673e-05
9.699999999999999734e-01 -2.753047078088507783e-06 -5.982467128330860471e-05
9.799999999999999822e-01 -2.215337662102713994e-06 -4.814006304694642388e-05
9.899999999999999911e-01 -1.782650542313819829e-06 -3.873762337700175029e-05
1.000000000000000000e+00 -1.434473382226104850e-06 -3.117161311088467696e-05
1.010000000000000009e+00 -1.154300190048525837e-06 -2.508335194726677103e-05
1.020000000000000018e+00 -9.288488252712209905e-07 -2.018421474051766367e-05
1.030000000000000027e+00 -7.474313363070139663e-07 -1.624194881360770487e-05
1.040000000000000036e+00 -6.014472794969737700e-07 -1.306966366429109801e-05
1.050000000000000044e+00 -4.839759997131008538e-07 -1.051697111906060119e-05
1.060000000000000053e+00 -3.894485441051860294e-07 -8.462855928844508906e-06
1.070000000000000062e+00 -3.133836556040783164e-07 -6.809938831052298090e-06
1.080000000000000071e+00 -2.521753305552403399e-07 -5.479860112356954909e-06
1.090000000000000080e+00 -2.029218693131379130e-07 -4.409564824312542005e-06
1.100000000000000089e+00 0.000000000000000000e+00 -3.548313547344438844e-06
1.110000000000000098e+00 0.000000000000000000e+00 -2.855276993928207376e-06
1.120000000000000107e+00 0.000000000000000000e+00 -2.297600419317804397e-06
1.130000000000000115e+00 0.000000000000000000e+00 -1.848846080011624531e-06
1.140000000000000124e+00 0.000000000000000000e+00 -1.487739902030076732e-06
1.150000000000000133e+00 0.000000000000000000e+00 -1.197162942606718039e-06
1.159999999999999920e+00 0.000000000000000000e+00 -9.633398337187018694e-07
1.169999999999999929e+00 0.000000000000000000e+00 -7.751857341362639158e-07
1.179999999999999938e+00 0.000000000000000000e+00 -6.237808310411145439e-07
1.189999999999999947e+00 0.000000000000000000e+00 -5.019474789770634911e-07
1.199999999999999956e+00 0.000000000000000000e+00 -4.039099296048836205e-07
