0.000000000000000000e+00 9.983185572371102978e+01 2.666369552644482610e+02
1.000000000000000021e-02 9.716548617106654717e+01 2.666369552644482610e+02
2.000000000000000042e-02 9.449911661842206456e+01 2.666369552644482610e+02
2.999999999999999889e-02 9.183274706577758195e+01 2.666369552644482610e+02
4.000000000000000083e-02 8.916637751313309934e+01 2.666369552644482610e+02
4.999999999999999584e-02 8.650000796048861673e+01 2.666369552644488294e+02
5.999999999999999778e-02 8.383363840784411991e+01 2.666369552644482610e+02
6.999999999999999278e-02 8.116726885519965151e+01 2.666369552644482610e+02
8.000000000000000167e-02 7.850089930255515469e+01 2.666369552644482610e+02
8.999999999999999667e-02 7.583452974991068629e+01 2.666369552644482610e+02
9.999999999999999167e-02 7.316816019726618947e+01 2.666369552644482610e+02
1.099999999999999867e-01 7.050179064462172107e+01 2.666369552644482610e+02
1.199999999999999956e-01 6.783542109197722425e+01 2.666369552644482610e+02
1.300000000000000044e-01 6.516905153933275585e+01 2.666369552644482610e+02
1.399999999999999856e-01 6.250268198668826614e+01 2.666369552644482610e+02
1.499999999999999944e-01 5.983631243404379063e+01 2.666369552644482610e+02
1.600000000000000033e-01 5.716994288139930092e+01 2.666369552644482610e+02
1.699999999999999845e-01 5.450357332875483252e+01 2.666369552644479768e+02
1.799999999999999933e-01 5.183720377611034280e+01 2.666369552644485452e+02
1.899999999999999745e-01 4.917083422346586019e+01 2.666369552644479768e+02
1.999999999999999833e-01 4.650446467082138469e+01 2.666369552644479768e+02
2.099999999999999922e-01 4.383809511817690208e+01 2.666369552644485452e+02
2.199999999999999734e-01 4.117172556553241236e+01 2.666369552644485452e+02
2.299999999999999822e-01 3.850535601288792975e+01 2.666369552644485452e+02
2.399999999999999911e-01 3.583898646024344004e+01 2.666369552644485452e+02
2.500000000000000000e-01 3.317261690759895743e+01 2.666369552644482610e+02
2.600000000000000089e-01 3.050624735495447837e+01 2.666369552644482610e+02
2.700000000000000178e-01 2.783987780230999576e+01 2.666369552644482610e+02
2.799999999999999711e-01 2.517350824966551315e+01 2.982742151799043313e+02
2.899999999999999800e-01 2.187439349871191041e+01 2.991544500120841121e+02
2.999999999999999889e-01 1.919041924942383304e+01 2.458556644548050656e+02
3.099999999999999423e-01 1.695728020961580995e+01 2.065508471777262400e+02
3.200000000000000067e-01 1.505940230586930717e+01 1.767144273349869366e+02
3.300000000000000155e-01 1.342299166291607015e+01 1.528873317910280036e+02
3.399999999999999689e-01 1.200165567004874667e+01 1.333361631841229951e+02
3.500000000000000333e-01 1.075626839923361011e+01 1.172574205058074881e+02
3.599999999999999867e-01 9.656507259932597620e+00 1.041890083894945320e+02
3.699999999999999956e-01 8.672488231443720608e+00 9.394738597179180317e+01
3.799999999999999489e-01 7.777559540496762125e+00 8.622225292351679116e+01
3.900000000000000133e-01 6.948043172973384252e+00 8.031932172451084284e+01
3.999999999999999667e-01 6.171173106006545339e+00 7.528354750983734789e+01
4.099999999999999756e-01 5.442372222776637791e+00 7.039410717578275012e+01
4.199999999999999845e-01 4.763290962490890124e+00 6.535161415813253427e+01
4.299999999999999933e-01 4.135339939613986715e+00 6.026490592701934901e+01
4.399999999999999467e-01 3.557992843950503303e+00 5.553722666158535759e+01
4.499999999999999556e-01 3.024595406382279528e+00 5.150039948954511004e+01
4.599999999999999645e-01 2.527984854159601280e+00 4.802377294162675270e+01
4.699999999999999734e-01 2.064119947549744705e+00 4.478273950029985429e+01
4.799999999999999822e-01 1.632330064153604043e+00 4.158490143238462622e+01
4.899999999999999911e-01 1.232421918902052438e+00 3.833451685950527121e+01
5.000000000000000000e-01 8.656397269634985570e-01 3.501465807420687071e+01
5.100000000000000089e-01 5.321287574179148772e-01 3.169207949729778662e+01
5.200000000000000178e-01 2.317981370175428157e-01 2.842864753239292952e+01
5.299999999999999156e-01 -3.644419322994358473e-02 2.526381271437686138e+01
5.400000000000000355e-01 -2.734781172699943252e-01 2.220727224764925367e+01
5.499999999999999334e-01 -4.805896381829286579e-01 1.930811636126172814e+01
5.599999999999999423e-01 -6.596404444952288504e-01 1.663228747944024377e+01
5.699999999999999512e-01 -8.132353877717335422e-01 1.418105543755200415e+01
5.799999999999999600e-01 -9.432615532462689245e-01 1.196807006139637686e+01
5.899999999999999689e-01 -1.052596788999661026e+00 9.961443497835190897e+00
5.999999999999999778e-01 -1.142490423202972671e+00 8.033775770836637520e+00
6.099999999999999867e-01 -1.213272304416393776e+00 6.141799270890805573e+00
6.199999999999998845e-01 -1.265326408620788934e+00 4.338929057893681218e+00
6.300000000000000044e-01 -1.300050885574267401e+00 2.638197695274988153e+00
6.400000000000000133e-01 -1.318090362526288528e+00 1.125483207510299621e+00
6.499999999999999112e-01 -1.322560549724473455e+00 -5.734909831159392540e-02
6.600000000000000311e-01 -1.316943380560056776e+00 -8.965833698920185890e-01
6.700000000000000400e-01 -1.304628882326632988e+00 -1.521527989552498461e+00
6.799999999999999378e-01 -1.286512820769006860e+00 -2.105689777139374552e+00
6.899999999999999467e-01 -1.262515086783845497e+00 -2.806906562056432186e+00
7.000000000000000666e-01 -1.230374689527878207e+00 -3.667568241244355320e+00
7.099999999999999645e-01 -1.189163721958958364e+00 -4.548386341555678669e+00
7.199999999999999734e-01 -1.139406962696764447e+00 -5.193639369278735707e+00
7.299999999999998712e-01 -1.085290934573383659e+00 -5.429775550732010458e+00
7.399999999999999911e-01 -1.030811451682124291e+00 -5.301266301860213304e+00
7.500000000000000000e-01 -9.792656085361794993e-01 -4.998505377215014533e+00
7.599999999999998979e-01 -9.308413441378240449e-01 -4.740046922935283291e+00
7.699999999999999067e-01 -8.844646700774737580e-01 -4.700368967392744679e+00
7.800000000000000266e-01 -8.368339647899691869e-01 -4.955548048705389341e+00
7.899999999999999245e-01 -7.853537091033659934e-01 -5.405055431959785217e+00
7.999999999999999334e-01 -7.287328561507734337e-01 -5.782553373930742424e+00
8.100000000000000533e-01 -6.697026416247512381e-01 -5.805409615838458492e+00
8.199999999999999512e-01 -6.126246638340043793e-01 -5.418885577910469209e+00
8.299999999999999600e-01 -5.613249300665418273e-01 -4.832075981919867758e+00
8.399999999999999689e-01 -5.159831441956069797e-01 -4.319231533517050359e+00
8.499999999999999778e-01 -4.749402993962008046e-01 -4.054947140631361968e+00
8.599999999999999867e-01 -4.348842013829797293e-01 -4.045564743417343401e+00
8.699999999999999956e-01 -3.940290045278539433e-01 -4.128196840757507147e+00
8.799999999999998934e-01 -3.523202645678296108e-01 -4.114766529594742650e+00
8.900000000000000133e-01 -3.117336739359591324e-01 -3.904328813237148754e+00
8.999999999999999112e-01 -2.742336883030866423e-01 -3.490730155944808732e+00
9.099999999999999201e-01 -2.419190708170629311e-01 -2.967583519581202811e+00
9.199999999999999289e-01 -2.148820179114625806e-01 -2.481720189070838245e+00
9.299999999999999378e-01 -1.922846670356461729e-01 -2.107835426970200210e+00
9.399999999999999467e-01 -1.727253093720585997e-01 -1.810247845989304771e+00
9.499999999999999556e-01 -1.560797101158600819e-01 -1.518856136235778420e+00
9.599999999999999645e-01 -1.423481866473430280e-01 -1.212572393348398059e+00
9.699999999999999734e-01 -1.318282622488921307e-01 -8.918513275679865737e-01
9.799999999999999822e-01 -1.245111600959832865e-01 -5.669311833711215831e-01
9.899999999999998801e-01 -1.204896385814696880e-01 -2.755170532519919946e-01
1.000000000000000000e+00 -1.190008190309434499e-01 -7.403495523276494572e-02
1.010000000000000009e+00 -1.190089394768143877e-01 1.467126497328227058e-02
1.020000000000000018e+00 -1.192942443304090966e-01 -9.726292712936819920e-03
1.029999999999999805e+00 -1.188144136225556535e-01 -1.216903310424040652e-01
1.040000000000000036e+00 -1.168604377095610186e-01 -2.616219683933552198e-01
1.050000000000000044e+00 -1.135819742546885502e-01 -3.624179331493117551e-01
1.059999999999999831e+00 -1.096120790465747868e-01 -3.931977796200830100e-01
1.069999999999999840e+00 -1.057180186622868889e-01 -3.494500646666441890e-01
1.080000000000000071e+00 -1.026230777532418925e-01 -2.658552371633789435e-01
1.089999999999999858e+00 -1.004009139190193134e-01 -2.134749144567233692e-01
1.099999999999999867e+00 -9.835357946410742958e-02 -2.507045923544820587e-01
1.109999999999999876e+00 -9.538682207192966667e-02 -3.781095928801646022e-01
1.119999999999999885e+00 -9.079138760650413975e-02 -5.560142124103898409e-01
1.129999999999999893e+00 -8.426653782372187096e-02 -7.423019703643098932e-01
1.139999999999999902e+00 -7.594534819921794355e-02 -9.118755846765718154e-01
1.149999999999999911e+00 -6.602902613019043243e-02 -1.059492122427370786e+00
1.159999999999999920e+00 -5.475550575067052866e-02 -2.837502808204239280e+00
1.169999999999999929e+00 -9.278969966105643161e-03 -2.690156621377180812e+00
1.179999999999999938e+00 -9.523733231269187333e-04 -4.597700895669835641e-01
1.189999999999999947e+00 -8.356817476597252386e-05 -4.761866615634594013e-02
1.199999999999999956e+00 0.000000000000000000e+00 -8.356817476597252006e-03
