0.000000000000000000e+00 3.790422851897215471e+06 1.178654884099642336e+08
1.000000000000000021e-02 2.777367648248024285e+06 8.637416263266217709e+07
2.000000000000000042e-02 2.034987562795026228e+06 6.329543550974334776e+07
2.999999999999999889e-02 1.490973413134903647e+06 4.638214516807535291e+07
4.000000000000000083e-02 1.092331288101753453e+06 3.398736246257484704e+07
5.000000000000000278e-02 8.002232827802295797e+05 2.490406834976897016e+07
5.999999999999999778e-02 5.861862801131218439e+05 1.824765301894691959e+07
7.000000000000000666e-02 4.293607060126750730e+05 1.336979927825644426e+07
8.000000000000000167e-02 3.144594956451756298e+05 9.795367588447110727e+06
8.999999999999999667e-02 2.302795610352252843e+05 7.176139087822358124e+06
1.000000000000000056e-01 1.686108577633596433e+05 5.256913892058800906e+06
1.100000000000000006e-01 1.234368514967804076e+05 3.850664606883930974e+06
1.199999999999999956e-01 9.034855067359448003e+04 2.820326423635883722e+06
1.300000000000000044e-01 6.611506091523094801e+04 2.065451174011533847e+06
1.400000000000000133e-01 4.836885326625169546e+04 1.512426181666686898e+06
1.499999999999999944e-01 3.537510526146055781e+04 1.107305750512263505e+06
1.600000000000000033e-01 2.586265807387082896e+04 8.105574490804531379e+05
1.700000000000000122e-01 1.890013125511774706e+04 5.932117422363724327e+05
1.799999999999999933e-01 1.380513271249071840e+04 4.340401288881264045e+05
1.900000000000000022e-01 1.007772349545097495e+04 3.174870643894141540e+05
2.000000000000000111e-01 7.351658315172942821e+03 2.321543246204879833e+05
2.099999999999999922e-01 5.358653351220486002e+03 1.696902478709439747e+05
2.200000000000000011e-01 3.902201273864227460e+03 1.239757054795826552e+05
2.300000000000000100e-01 2.838382996678741165e+03 9.052753936059601256e+04
2.399999999999999911e-01 2.061806962038162510e+03 6.606137596094836772e+04
2.500000000000000000e-01 1.495306072467087233e+03 4.817124270612232067e+04
2.600000000000000089e-01 1.082388319986480383e+03 3.509478501055957167e+04
2.700000000000000178e-01 7.817053574295304088e+02 2.554121644154762544e+04
2.800000000000000266e-01 5.629998089297154138e+02 1.856524294568251935e+04
2.899999999999999800e-01 4.041361665167435149e+02 1.347467879086667563e+04
2.999999999999999889e-01 2.889256901144603944e+02 9.762752839620150553e+03
3.099999999999999978e-01 2.055330974746790105e+02 7.058508346950808118e+03
3.200000000000000067e-01 1.453095316072740104e+02 5.090461753810997834e+03
3.300000000000000155e-01 1.019378469133036731e+02 3.659977486911324831e+03
3.400000000000000244e-01 7.080670767871984594e+01 2.621762314916202740e+03
3.500000000000000333e-01 4.855230925637934547e+01 1.869576502754342528e+03
3.599999999999999867e-01 3.272288647391453509e+01 1.325767388629191601e+03
3.699999999999999956e-01 2.153315835117950883e+01 9.336035811726169413e+02
3.800000000000000044e-01 1.368464042673254433e+01 6.516610145022185634e+02
3.900000000000000133e-01 8.234191391991402043e+00 4.497121941983155011e+02
4.000000000000000222e-01 4.497876298330860223e+00 3.057166031185730617e+02
4.100000000000000311e-01 1.980683833458950049e+00 2.036176933503564328e+02
4.199999999999999845e-01 3.251668069764355185e-01 1.317306356648708743e+02
4.299999999999999933e-01 -7.260701714196189371e-01 8.156270106059677971e+01
4.400000000000000022e-01 -1.357752936785676656e+00 4.695043187861974587e+01
4.500000000000000111e-01 -1.701911555636743234e+00 2.342874238447545210e+01
4.600000000000000200e-01 -1.852438052723471840e+00 7.769789932347607397e+00
4.700000000000000289e-01 -1.875686355674450523e+00 -2.353909428084452138e+00
4.799999999999999822e-01 -1.818181557552116301e+00 -8.615461185571390956e+00
4.899999999999999911e-01 -1.712219142582769749e+00 -1.221308139069807197e+01
5.000000000000000000e-01 -1.579925082857238205e+00 -1.400096773356969138e+01
5.100000000000000089e-01 -1.436194173157798737e+00 -1.458463571848490758e+01
5.200000000000000178e-01 -1.290811591928725299e+00 -1.439029455174141425e+01
5.300000000000000266e-01 -1.149980442959520843e+00 -1.371526802909394505e+01
5.400000000000000355e-01 -1.017417874173918602e+00 -1.276458435948241643e+01
5.500000000000000444e-01 -8.951383748432975018e-01 -1.167748148783636175e+01
5.600000000000000533e-01 -7.840106898054861606e-01 -1.054656626037247236e+01
5.700000000000000622e-01 -6.841512867955665822e-01 -9.431627929795146414e+00
5.799999999999999600e-01 -5.952001476393082857e-01 -8.369566654151364915e+00
5.899999999999999689e-01 -5.165121246197001970e-01 -7.381502783034766146e+00
5.999999999999999778e-01 -4.472879642177562398e-01 -6.477844009822330662e+00
6.099999999999999867e-01 -3.866624398123087447e-01 -5.661876450086701595e+00
6.199999999999999956e-01 -3.337621854149724343e-01 -4.932291548205607334e+00
6.300000000000000044e-01 -2.877422957613646748e-01 -4.284948157670497970e+00
6.400000000000000133e-01 -2.478081968246524380e-01 -3.714087012721129621e+00
6.500000000000000222e-01 -2.132274337982781320e-01 -3.213154929809453275e+00
6.600000000000000311e-01 -1.833346798161576696e-01 -2.775352459496833735e+00
6.700000000000000400e-01 -1.575322985762579731e-01 -2.393986970895758404e+00
6.800000000000000488e-01 -1.352880956765607490e-01 -2.062690085765073622e+00
6.900000000000000577e-01 -1.161313924610289511e-01 -1.775541642969540090e+00
7.000000000000000666e-01 -9.964819824075880905e-02 -1.527130251702572217e+00
7.099999999999999645e-01 -8.547600235375667210e-02 -1.312571730545469162e+00
7.199999999999999734e-01 -7.329852786232174400e-02 -1.127500413671673529e+00
7.299999999999999822e-01 -6.284066282118214164e-02 -9.680437669305200776e-01
7.399999999999999911e-01 -5.386369777677949694e-02 -8.307875074924249148e-01
7.500000000000000000e-01 -4.616093845456310102e-02 -7.127361056607536272e-01
7.600000000000000089e-01 -3.955372248035327054e-02 -6.112719073729753205e-01
7.700000000000000178e-01 -3.388784270598439036e-02 -5.241149623865509755e-01
7.800000000000000266e-01 -2.903036312410503528e-02 -4.492848392382685629e-01
7.900000000000000355e-01 -2.486680348936536750e-02 -3.850651544232404633e-01
8.000000000000000444e-01 -2.129866348978526683e-02 -3.299711679024835975e-01
8.100000000000000533e-01 -1.824125512394245488e-02 -2.827205480127658044e-01
8.200000000000000622e-01 -1.562181177139670106e-02 -2.422072486358367582e-01
8.300000000000000711e-01 -1.337784354939879246e-02 -2.074783431540202505e-01
8.399999999999999689e-01 -1.145571041133865327e-02 -1.777136039983614191e-01
8.499999999999999778e-01 -9.809386708041854114e-03 -1.522075897512164822e-01
8.599999999999999867e-01 -8.399393364614782601e-03 -1.303539940709297906e-01
8.699999999999999956e-01 -7.191876267784832327e-03 -1.116320153232277235e-01
8.800000000000000044e-01 -6.157811813748746352e-03 -9.559451796809849411e-02
8.900000000000000133e-01 -5.272322776390447018e-03 -8.185777318290334004e-02
9.000000000000000222e-01 -4.514089689527443598e-03 -7.009258468070847514e-02
9.100000000000000311e-01 -3.864844782012739378e-03 -6.001662473477630683e-02
9.200000000000000400e-01 -3.308937160413789099e-03 -5.138782409980511418e-02
9.300000000000000488e-01 -2.832959407483025098e-03 -4.399867724861596802e-02
9.400000000000000577e-01 -2.425427067047596173e-03 -3.767134079267991931e-02
9.500000000000000666e-01 -2.076503630958564418e-03 -3.225341797020234158e-02
9.599999999999999645e-01 -1.777764645984456502e-03 -2.761433562370967792e-02
9.699999999999999734e-01 -1.521995432679048134e-03 -2.364223218018167774e-02
9.799999999999999822e-01 -1.303017668425883284e-03 -2.024128586516441008e-02
9.899999999999999911e-01 -1.115540746306106692e-03 -1.732942182743362966e-02
1.000000000000000000e+00 -9.550343923340310444e-04 -1.483634513400406904e-02
1.010000000000000009e+00 -8.176195170022226150e-04 -1.270185383110497904e-02
1.020000000000000018e+00 -6.999747028850106289e-04 -1.087439256728229761e-02
1.030000000000000027e+00 -5.992560970814893827e-04 -9.309812746327736366e-03
1.040000000000000036e+00 -5.130287933267353674e-04 -7.970309918831186557e-03
1.050000000000000044e+00 -4.392080605105206531e-04 -6.823513221713381829e-03
1.060000000000000053e+00 -3.760090081091381009e-04 -5.841705216154667937e-03
1.070000000000000062e+00 -3.219034798842371225e-04 -5.001153528239607807e-03
1.080000000000000071e+00 -2.755831396771653763e-04 -4.281538327504158872e-03
1.090000000000000080e+00 -2.359278611700347302e-04 -3.665461942891123318e-03
1.100000000000000089e+00 0.000000000000000000e+00 -3.138028862922664051e-03
1.110000000000000098e+00 0.000000000000000000e+00 -2.686486040448714339e-03
1.120000000000000107e+00 0.000000000000000000e+00 -2.299914859793510818e-03
1.130000000000000115e+00 0.000000000000000000e+00 -1.968967358206831671e-03
1.140000000000000124e+00 0.000000000000000000e+00 -1.685640352570628477e-03
1.150000000000000133e+00 0.000000000000000000e+00 -1.443082030824209116e-03
1.159999999999999920e+00 0.000000000000000000e+00 -1.235426346715374048e-03
1.169999999999999929e+00 0.000000000000000000e+00 -1.057651224511844176e-03
1.179999999999999938e+00 0.000000000000000000e+00 -9.054571529393328844e-04
1.189999999999999947e+00 0.000000000000000000e+00 -7.751632383806811256e-04
1.199999999999999956e+00 0.000000000000000000e+00 -6.636182079114268323e-04
