0.000000000000000000e+00 7.580565827511735260e+06 2.357221832289458513e+08
1.000000000000000021e-02 5.554530886389589868e+06 1.727419017988966405e+08
2.000000000000000042e-02 4.069825840574574657e+06 1.265861790057839900e+08
2.999999999999999889e-02 2.981837806670879945e+06 9.276086317793014646e+07
4.000000000000000083e-02 2.184582966894842684e+06 6.797222174386923015e+07
5.000000000000000278e-02 1.600388436966037611e+06 4.980630846628163010e+07
5.999999999999999778e-02 1.172330120013366453e+06 3.649397082783377916e+07
7.000000000000000666e-02 8.586904291822072119e+05 2.673862346945501491e+07
8.000000000000000167e-02 6.288963753739080857e+05 1.959002312832183391e+07
8.999999999999999667e-02 4.605426158220271464e+05 1.435175824629808031e+07
1.000000000000000056e-01 3.372096703131358372e+05 1.051344816952122375e+07
1.100000000000000006e-01 2.468649147591682849e+05 7.701052073316251859e+06
1.199999999999999956e-01 1.806906907734753331e+05 5.640450541143672541e+06
1.300000000000000044e-01 1.322254467920110910e+05 4.130754688038976397e+06
1.400000000000000133e-01 9.673429814703976444e+04 3.024744604586940259e+06
1.499999999999999944e-01 7.074772643772723677e+04 2.214532874707177747e+06
1.600000000000000033e-01 5.172350641767110210e+04 1.621057539764727466e+06
1.700000000000000122e-01 3.779894467401765723e+04 1.186381650839754147e+06
1.799999999999999933e-01 2.760930630083583674e+04 8.680497551632075338e+05
1.900000000000000022e-01 2.015474938046507668e+04 6.349518950760384323e+05
2.000000000000000111e-01 1.470280960792646147e+04 4.642924488038708805e+05
2.099999999999999922e-01 1.071693852314519609e+04 3.393686964870606316e+05
2.200000000000000011e-01 7.804135468455810951e+03 2.479428215540084639e+05
2.300000000000000100e-01 5.676572490945035497e+03 1.810488296704898239e+05
2.399999999999999911e-01 4.123473933873513488e+03 1.321182087193611078e+05
2.500000000000000000e-01 2.990511044633659822e+03 9.633918511355618830e+04
2.600000000000000089e-01 2.164703777702255138e+03 7.018717492447196855e+04
2.700000000000000178e-01 1.563358334724365932e+03 5.108069670497593324e+04
2.800000000000000266e-01 1.125962075715258834e+03 3.712922906845793477e+04
2.899999999999999800e-01 8.082455241647151070e+02 2.694844923799195749e+04
2.999999999999999889e-01 5.778323217512102019e+02 1.952485046056739884e+04
3.099999999999999978e-01 4.110527211597598694e+02 1.411654515748832273e+04
3.200000000000000067e-01 2.906096033911842937e+02 1.018058510698872851e+04
3.300000000000000155e-01 2.038691102054130511e+02 7.319712939180331887e+03
3.400000000000000244e-01 1.416088850240515740e+02 5.243352232256303978e+03
3.500000000000000333e-01 9.710154733686601958e+01 3.739030831373848287e+03
3.599999999999999867e-01 6.544373289266160043e+01 2.651448740149137848e+03
3.699999999999999956e-01 4.306500018264638641e+01 1.867147053245688312e+03
3.800000000000000044e-01 2.736846752433355334e+01 1.303280459326638720e+03
3.900000000000000133e-01 1.646791539115282532e+01 8.993960196571709957e+02
4.000000000000000222e-01 8.995519429372093256e+00 6.114141888596243462e+02
4.100000000000000311e-01 3.961289820083926383e+00 4.072229513550342404e+02
4.199999999999999845e-01 6.503557515291823465e-01 2.634534315049533006e+02
4.299999999999999933e-01 -1.452056677013083164e+00 1.631207377893983050e+02
4.400000000000000022e-01 -2.715387092614669040e+00 9.389836413459400433e+01
4.500000000000000111e-01 -3.403687076330538908e+00 4.685643412834878774e+01
4.600000000000000200e-01 -3.704734639902539151e+00 1.553947469693459205e+01
4.700000000000000289e-01 -3.751233406765254408e+00 -4.707329866717266498e+00
4.799999999999999822e-01 -3.636230624281273638e+00 -1.723008177756159398e+01
4.899999999999999911e-01 -3.424315244395144564e+00 -2.442513574561150946e+01
5.000000000000000000e-01 -3.159737849440912516e+00 -2.800083237426930793e+01
5.100000000000000089e-01 -2.872287129113823667e+00 -2.916816415732997569e+01
5.200000000000000178e-01 -2.581532864039690178e+00 -2.877952265222312533e+01
5.300000000000000266e-01 -2.299880910092228170e+00 -2.742953692526203113e+01
5.400000000000000355e-01 -2.034765365348143007e+00 -2.552825079433893407e+01
5.500000000000000444e-01 -1.790215114401733310e+00 -2.335413174133507042e+01
5.600000000000000533e-01 -1.567967621456364258e+00 -2.109238799662171004e+01
5.700000000000000622e-01 -1.368255840241654253e+00 -1.886259465624447884e+01
5.799999999999999600e-01 -1.190359779242835536e+00 -1.673855004168004257e+01
5.899999999999999689e-01 -1.032989202684109431e+00 -1.476249381862134413e+01
5.999999999999999778e-01 -8.945456700962918228e-01 -1.295524098065889262e+01
6.099999999999999867e-01 -7.732987965066112634e-01 -1.132336378079295969e+01
6.199999999999999956e-01 -6.675019165907963847e-01 -9.864245387764782436e+00
6.300000000000000044e-01 -5.754652828484885241e-01 -8.569603938641629171e+00
6.400000000000000133e-01 -4.955998055200659946e-01 -7.427921408780708390e+00
6.500000000000000222e-01 -4.264406280449909437e-01 -6.426091965998784517e+00
6.600000000000000311e-01 -3.666571443913967943e-01 -5.550517242839897669e+00
6.700000000000000400e-01 -3.150541244440810962e-01 -4.787812485921990380e+00
6.800000000000000488e-01 -2.705672169687846629e-01 -4.125241412839343980e+00
6.900000000000000577e-01 -2.322550976795517419e-01 -3.550964135383965825e+00
7.000000000000000666e-01 -1.992898140935770168e-01 -3.054158264005443435e+00
7.099999999999999645e-01 -1.709463700702739120e-01 -2.625055786338119201e+00
7.199999999999999734e-01 -1.465922336134495296e-01 -2.254925681496445122e+00
7.299999999999999822e-01 -1.256771997914457317e-01 -1.936023154977650762e+00
7.399999999999999911e-01 -1.077238660898282574e-01 -1.661519881109369656e+00
7.500000000000000000e-01 -9.231885810763643119e-02 -1.425425009970140433e+00
7.600000000000000089e-01 -7.910486328889672347e-02 -1.222503415646174041e+00
7.700000000000000178e-01 -6.777347783085162225e-02 -1.048195355703539056e+00
7.800000000000000266e-01 -5.805883874054932475e-02 -8.985401039894298503e-01
7.900000000000000355e-01 -4.973199327661163849e-02 -7.701050116237729837e-01
8.000000000000000444e-01 -4.259594746631963080e-02 -6.599207003892904044e-01
8.100000000000000533e-01 -3.648133101187032296e-02 -5.654225946714718232e-01
8.200000000000000622e-01 -3.124261556312663002e-02 -4.843986776752538526e-01
8.300000000000000711e-01 -2.675482554529371934e-02 -4.149431609896723216e-01
8.399999999999999689e-01 -2.291068445458140437e-02 -3.554156451325040100e-01
8.499999999999999778e-01 -1.961814406602113009e-02 -3.044052950189777285e-01
8.599999999999999867e-01 -1.679824886058543104e-02 -2.606995389097507276e-01
8.699999999999999956e-01 -1.438329286305650365e-02 -2.232568086263122809e-01
8.800000000000000044e-01 -1.231523079204151737e-02 -1.911828631488775576e-01
8.900000000000000133e-01 -1.054430984306055884e-02 -1.637102705742275455e-01
9.000000000000000222e-01 -9.027892493077574465e-03 -1.401806603658641293e-01
9.100000000000000311e-01 -7.729444405044056700e-03 -1.200293959311800329e-01
9.200000000000000400e-01 -6.617664822693494590e-03 -1.027723549181697310e-01
9.300000000000000488e-01 -5.665739792704366923e-03 -8.799454007906587494e-02
9.400000000000000577e-01 -4.850701156081832152e-03 -7.534027644642442290e-02
9.500000000000000666e-01 -4.152876540552005724e-03 -6.450478059671466147e-02
9.599999999999999645e-01 -3.555417590180806088e-03 -5.522691485192769700e-02
9.699999999999999734e-01 -3.043895416657612946e-03 -4.728296345103064763e-02
9.799999999999999822e-01 -2.605953776975666360e-03 -4.048128915910164521e-02
9.899999999999999911e-01 -2.231011801083380378e-03 -3.465774767157351471e-02
1.000000000000000000e+00 -1.910009234836206309e-03 -2.967175373686907133e-02
1.010000000000000009e+00 -1.635188150339502225e-03 -2.540290739185210520e-02
1.020000000000000018e+00 -1.399905927357198744e-03 -2.174810130514672618e-02
1.030000000000000027e+00 -1.198475043500336640e-03 -1.861904116607731793e-02
1.040000000000000036e+00 -1.026025842982842455e-03 -1.594012053883731017e-02
1.050000000000000044e+00 -8.783889975344166346e-04 -1.364659980233069898e-02
1.060000000000000053e+00 -7.519948405770623522e-04 -1.168304587800164662e-02
1.070000000000000062e+00 -6.437871574545619155e-04 -1.000199555556232148e-02
1.080000000000000071e+00 -5.511493594416256789e-04 -8.562810488080942542e-03
1.090000000000000080e+00 -4.718412653348482474e-04 -7.330696456374092423e-03
1.100000000000000089e+00 0.000000000000000000e+00 -6.275863397118604942e-03
1.110000000000000098e+00 0.000000000000000000e+00 -5.372806036083813824e-03
1.120000000000000107e+00 0.000000000000000000e+00 -4.599687842712815201e-03
1.130000000000000115e+00 0.000000000000000000e+00 -3.937813490366067273e-03
1.140000000000000124e+00 0.000000000000000000e+00 -3.371177124556128373e-03
1.150000000000000133e+00 0.000000000000000000e+00 -2.886075558465576833e-03
1.159999999999999920e+00 0.000000000000000000e+00 -2.470777073275702302e-03
1.169999999999999929e+00 0.000000000000000000e+00 -2.115237836841972301e-03
1.179999999999999938e+00 0.000000000000000000e+00 -1.810859099477622920e-03
1.189999999999999947e+00 0.000000000000000000e+00 -1.550279307109638611e-03
1.199999999999999956e+00 0.000000000000000000e+00 -1.327196113124965229e-03
