0.000000000000000000e+00 4.358769241600192152e+06 1.355375785828903019e+08
1.000000000000000021e-02 3.193820976899124682e+06 9.932484422158326209e+07
2.000000000000000042e-02 2.340129745580488350e+06 7.278592661054861546e+07
2.999999999999999889e-02 1.714545672458773712e+06 5.333678501294847578e+07
4.000000000000000083e-02 1.256129788334538229e+06 3.908358986016573757e+07
5.000000000000000278e-02 9.202213542912628036e+05 2.863836795527391508e+07
5.999999999999999778e-02 6.740898018186870031e+05 2.098388805963949114e+07
7.000000000000000666e-02 4.937480441224079113e+05 1.537463505482587405e+07
8.000000000000000167e-02 3.616169601267301477e+05 1.126423362725341879e+07
8.999999999999999667e-02 2.648137049847749295e+05 8.252256947995020077e+06
1.000000000000000056e-01 1.938972239245852688e+05 6.045242708622227423e+06
1.100000000000000006e-01 1.419488505522645719e+05 4.428121788477040827e+06
1.199999999999999956e-01 1.038984882058765652e+05 3.243278376711410936e+06
1.300000000000000044e-01 7.603077849172544666e+04 2.375203208873653784e+06
1.400000000000000133e-01 5.562318163497254136e+04 1.739246007729540812e+06
1.499999999999999944e-01 4.068073413982676720e+04 1.273372234289345564e+06
1.600000000000000033e-01 2.974166038141933313e+04 9.321216965825738152e+05
1.700000000000000122e-01 2.173491220322848676e+04 6.821808959184032865e+05
1.799999999999999933e-01 1.587576575837586097e+04 4.991380756561040180e+05
1.900000000000000022e-01 1.158930977508967953e+04 3.651050661442151759e+05
2.000000000000000111e-01 8.454374783734117955e+03 2.669743978142869892e+05
2.099999999999999922e-01 6.162442928676869997e+03 1.951419956461130932e+05
2.200000000000000011e-01 4.487536520031507280e+03 1.425710918789884890e+05
2.300000000000000100e-01 3.264152434369879302e+03 1.041062116774327878e+05
2.399999999999999911e-01 2.371092905148661885e+03 7.597043187192083860e+04
2.500000000000000000e-01 1.719617415477482609e+03 5.539695566694055015e+04
2.600000000000000089e-01 1.244761211212120770e+03 4.035912316806974559e+04
2.700000000000000178e-01 8.989743555563622976e+02 2.937256165840157337e+04
2.800000000000000266e-01 6.474612703181813913e+02 2.135020369140268303e+04
2.899999999999999800e-01 4.647663575556513251e+02 1.549604901792273267e+04
2.999999999999999889e-01 3.322726952289245901e+02 1.122731925747045716e+04
3.099999999999999978e-01 2.363697708811195355e+02 8.117419336738775201e+03
3.200000000000000067e-01 1.671114206063199674e+02 5.854146231556326711e+03
3.300000000000000155e-01 1.172329252059759881e+02 4.209070744628807915e+03
3.400000000000000244e-01 8.143123432994239863e+01 3.015106519418503467e+03
3.500000000000000333e-01 5.583795258389535121e+01 2.150078199552031947e+03
3.599999999999999867e-01 3.763352824674488772e+01 1.524685258052657446e+03
3.699999999999999956e-01 2.476486700300259969e+01 1.073686461852900493e+03
3.800000000000000044e-01 1.573869232400313578e+01 7.494439211990137437e+02
3.900000000000000133e-01 9.470374623805126291e+00 5.171957746755134622e+02
4.000000000000000222e-01 5.173374070415911241e+00 3.515951860706784942e+02
4.100000000000000311e-01 2.278415350150292618e+00 2.341769013264369619e+02
4.199999999999999845e-01 3.744240074335823398e-01 1.515031679376654097e+02
4.299999999999999933e-01 -8.346129907685971849e-01 9.380717604311526259e+01
4.400000000000000022e-01 -1.561137108846206045e+00 5.400080454897359772e+01
4.500000000000000111e-01 -1.956988354265107644e+00 2.694908457900095300e+01
4.600000000000000200e-01 -2.130146894188866824e+00 8.939898407394979429e+00
4.700000000000000289e-01 -2.156923192424442526e+00 -2.703440667107428919e+00
4.799999999999999822e-01 -2.090823831677954381e+00 -9.905068539931248139e+00
4.899999999999999911e-01 -1.968990765247549124e+00 -1.404298535436252848e+01
5.000000000000000000e-01 -1.816870545209993359e+00 -1.609955958357427619e+01
5.100000000000000089e-01 -1.651593502750887899e+00 -1.677116663044743561e+01
5.200000000000000178e-01 -1.484413620218323349e+00 -1.654797277259439170e+01
5.300000000000000266e-01 -1.322465265746348706e+00 -1.577192056496479644e+01
5.400000000000000355e-01 -1.170023779031556410e+00 -1.467880826529330740e+01
5.500000000000000444e-01 -1.029406302125034589e+00 -1.342877186793308653e+01
5.600000000000000533e-01 -9.016122615818434882e-01 -1.212831887672766129e+01
5.700000000000000622e-01 -7.867758801262539903e-01 -1.084621442076455899e+01
5.799999999999999600e-01 -6.844833555349588705e-01 -9.624899492316064453e+00
5.899999999999999689e-01 -5.939929353308492921e-01 -8.488666992947955237e+00
5.999999999999999778e-01 -5.143856056919057229e-01 -7.449489247592478769e+00
6.099999999999999867e-01 -4.446664530954455019e-01 -6.511147971595482531e+00
6.199999999999999956e-01 -3.838311801399874601e-01 -5.672140390932995935e+00
6.300000000000000044e-01 -3.309082011028161019e-01 -4.927705773291942037e+00
6.400000000000000133e-01 -2.849837972550950393e-01 -4.271222178580232232e+00
6.500000000000000222e-01 -2.452156763100969417e-01 -3.695154374743281345e+00
6.600000000000000311e-01 -2.108387349759218432e-01 -3.191683702805539813e+00
6.700000000000000400e-01 -1.811657079198073506e-01 -2.753114174684043736e+00
6.800000000000000488e-01 -1.555845833040937487e-01 -2.372122561686404119e+00
6.900000000000000577e-01 -1.335540888620750932e-01 -2.041900984046953305e+00
7.000000000000000666e-01 -1.145981408371825883e-01 -1.756226570642159146e+00
7.099999999999999645e-01 -9.829985552938846904e-02 -1.509482682065826031e+00
7.199999999999999734e-01 -8.429551656490878730e-02 -1.296648926772739907e+00
7.299999999999999822e-01 -7.226874624893162014e-02 -1.113271980371265846e+00
7.399999999999999911e-01 -6.194502898916456196e-02 -9.554254815258264033e-01
7.500000000000000000e-01 -5.308666611251004058e-02 -8.196646154288849129e-01
7.600000000000000089e-01 -4.548819526478335012e-02 -7.029791095802375711e-01
7.700000000000000178e-01 -3.897227736230487322e-02 -6.027470399566511317e-01
7.800000000000000266e-01 -3.338603498808234010e-02 -5.166909210857009160e-01
7.900000000000000355e-01 -2.859781477519325252e-02 -4.428369167895023772e-01
8.000000000000000444e-01 -2.449434025374141316e-02 -3.794775766802819805e-01
8.100000000000000533e-01 -2.097821912000050887e-02 -3.251382170636211155e-01
8.200000000000000622e-01 -1.796576869183509964e-02 -2.785468806286948151e-01
8.300000000000000711e-01 -1.538512458514034592e-02 -2.386076962038580773e-01
8.399999999999999689e-01 -1.317459978717130248e-02 -2.043773957605851121e-01
8.499999999999999778e-01 -1.128126390764356071e-02 -1.750447149650823098e-01
8.599999999999999867e-01 -9.659715184435761076e-03 -1.499123947186608019e-01
8.699999999999999956e-01 -8.271020629014951692e-03 -1.283815064298773623e-01
8.800000000000000044e-01 -7.081802404806348920e-03 -1.099378377443187005e-01
8.900000000000000133e-01 -6.063451072879898381e-03 -9.414009435011069793e-02
9.000000000000000222e-01 -5.191448678060137101e-03 -8.060969472369824973e-02
9.100000000000000311e-01 -4.444786770405700221e-03 -6.902195658744689211e-02
9.200000000000000400e-01 -3.805466361205059322e-03 -5.909849533011039130e-02
9.300000000000000488e-01 -3.258068507091699175e-03 -5.060067502689950814e-02
9.400000000000000577e-01 -2.789385713611427457e-03 -4.332397161177828360e-02
9.500000000000000666e-01 -2.388105666304285359e-03 -3.709312502126244082e-02
9.599999999999999645e-01 -2.044539949918722406e-03 -3.175797269720583016e-02
9.699999999999999734e-01 -1.750391421623076526e-03 -2.718987074024793033e-02
9.799999999999999822e-01 -1.498554778263388012e-03 -2.327862133130131558e-02
9.899999999999999911e-01 -1.282945616066820567e-03 -1.992983590002332661e-02
1.000000000000000000e+00 -1.098353937714902518e-03 -1.706267304466659029e-02
1.010000000000000009e+00 -9.403186291125693224e-04 -1.460789852870559256e-02
1.020000000000000018e+00 -8.050199178534995018e-04 -1.250622192510671311e-02
1.030000000000000027e+00 -6.891872474671171785e-04 -1.070687077127162323e-02
1.040000000000000036e+00 -5.900203649860212432e-04 -9.166368549859589543e-03
1.050000000000000044e+00 -5.051217320691980990e-04 -7.847487526279391806e-03
1.060000000000000053e+00 -4.324386387476084580e-04 -6.718351545816131018e-03
1.070000000000000062e+00 -3.702136298345256671e-04 -5.751667405316705783e-03
1.080000000000000071e+00 -3.169420523893376755e-04 -4.924066439834421001e-03
1.090000000000000080e+00 -2.713357028734005852e-04 -4.215540568587113415e-03
1.100000000000000089e+00 0.000000000000000000e+00 -3.608959283973946046e-03
1.110000000000000098e+00 0.000000000000000000e+00 -3.089655991975126786e-03
1.120000000000000107e+00 0.000000000000000000e+00 -2.645073765341600814e-03
1.130000000000000115e+00 0.000000000000000000e+00 -2.264461990180207957e-03
1.140000000000000124e+00 0.000000000000000000e+00 -1.938616604443832870e-03
1.150000000000000133e+00 0.000000000000000000e+00 -1.659657671629727891e-03
1.159999999999999920e+00 0.000000000000000000e+00 -1.420838929009735898e-03
1.169999999999999929e+00 0.000000000000000000e+00 -1.216384717952281218e-03
1.179999999999999938e+00 0.000000000000000000e+00 -1.041350362428204333e-03
1.189999999999999947e+00 0.000000000000000000e+00 -8.915026261807549972e-04
1.199999999999999956e+00 0.000000000000000000e+00 -7.632173626674823705e-04
