0.000000000000000000e+00 6.633344801288080402e+06 2.062678974723595679e+08
1.000000000000000021e-02 4.860469936204288155e+06 1.511571899481751621e+08
2.000000000000000042e-02 3.561284144117974676e+06 1.107687691778406501e+08
2.999999999999999889e-02 2.609244303638986312e+06 8.117003746682608128e+07
4.000000000000000083e-02 1.911609570917914389e+06 5.947882174667966366e+07
5.000000000000000278e-02 1.400412516987719806e+06 4.358280430506562442e+07
5.999999999999999778e-02 1.025841886760331923e+06 3.193389285032421723e+07
7.000000000000000666e-02 7.513928409654471325e+05 2.339751394193975255e+07
8.000000000000000167e-02 5.503125890588664915e+05 1.714215997644696012e+07
8.999999999999999667e-02 4.029954150882186368e+05 1.255843814901035838e+07
1.000000000000000056e-01 2.950735134052293724e+05 9.199741504826122895e+06
1.100000000000000006e-01 2.160177824394691270e+05 6.738766875192123465e+06
1.199999999999999956e-01 1.581123653441211791e+05 4.935647025176355615e+06
1.300000000000000044e-01 1.157031081253280718e+05 3.614594869824470021e+06
1.400000000000000133e-01 8.464677022749155003e+04 2.646786187119301874e+06
1.499999999999999944e-01 6.190736494666468934e+04 1.937814519873677054e+06
1.600000000000000033e-01 4.526032972450387024e+04 1.418497025334919337e+06
1.700000000000000122e-01 3.307572349952579680e+04 1.038136222527797334e+06
1.799999999999999933e-01 2.415934165066760761e+04 7.595816542343143374e+05
1.900000000000000022e-01 1.763627753556676180e+04 5.556106934748305939e+05
2.000000000000000111e-01 1.286559205703632142e+04 4.062761384802055545e+05
2.099999999999999922e-01 9.377781343936130725e+03 2.969623551804876188e+05
2.200000000000000011e-01 6.828952323801497187e+03 2.169607033202555613e+05
2.300000000000000100e-01 4.967242766596468755e+03 1.584255356899327307e+05
2.399999999999999911e-01 3.608214652123841006e+03 1.156091105424222042e+05
2.500000000000000000e-01 2.616823520740092590e+03 8.430091160117281834e+04
2.600000000000000089e-01 1.894206870841038608e+03 6.141677142101015488e+04
2.700000000000000178e-01 1.368004009781414652e+03 4.469777949481790711e+04
2.800000000000000266e-01 9.852637385084092330e+02 3.248964623151804699e+04
2.899999999999999800e-01 7.072483412178959270e+02 2.358102835794132989e+04
2.999999999999999889e-01 5.056271023881208748e+02 1.708506307375902543e+04
3.099999999999999978e-01 3.596879718474911556e+02 1.235256636616556352e+04
3.200000000000000067e-01 2.542952268868710064e+02 8.908434926032989097e+03
3.300000000000000155e-01 1.783937004457872320e+02 6.405051337540102395e+03
3.400000000000000244e-01 1.239134370219821051e+02 4.588148683077803071e+03
3.500000000000000333e-01 8.496769273359480223e+01 3.271804684790522515e+03
3.599999999999999867e-01 5.726581627393030516e+01 2.320125188034573057e+03
3.699999999999999956e-01 3.768352077844159709e+01 1.633828804711580460e+03
3.800000000000000044e-01 2.394842573767369842e+01 1.140422362423278400e+03
3.900000000000000133e-01 1.441001021125327775e+01 7.870069775206541181e+02
4.000000000000000222e-01 7.871370965800528197e+00 5.350111869147119705e+02
4.100000000000000311e-01 3.466225906158153514e+00 3.563356268314701651e+02
4.199999999999999845e-01 5.690336128706842134e-01 2.305315526715129408e+02
4.299999999999999933e-01 -1.270654175791940066e+00 1.427364763206528551e+02
4.400000000000000022e-01 -2.376112186621055944e+00 8.216419345321099854e+01
4.500000000000000111e-01 -2.978396242659477888e+00 4.100069341460729078e+01
4.600000000000000200e-01 -3.241819651242524358e+00 1.359717200893486755e+01
4.700000000000000289e-01 -3.282503372637461059e+00 -4.119524740531248064e+00
4.799999999999999822e-01 -3.181867421788546313e+00 -1.507737222055901327e+01
4.899999999999999911e-01 -2.996429652361852103e+00 -2.137327753954748744e+01
5.000000000000000000e-01 -2.764911026298199292e+00 -2.450210719624443101e+01
5.100000000000000089e-01 -2.513377772004246502e+00 -2.552352776683685676e+01
5.200000000000000178e-01 -2.258954167934229762e+00 -2.518341543405322369e+01
5.300000000000000266e-01 -2.012495777676425401e+00 -2.400209378857165632e+01
5.400000000000000355e-01 -1.780507684316964934e+00 -2.233836692217547792e+01
5.500000000000000444e-01 -1.566515279356003321e+00 -2.043590439252914237e+01
5.600000000000000533e-01 -1.372038875846611328e+00 -1.845677022969775294e+01
5.700000000000000622e-01 -1.197282285504236654e+00 -1.650559690519457590e+01
5.799999999999999600e-01 -1.041615459730693916e+00 -1.464696044421490306e+01
5.899999999999999689e-01 -9.039093676630529650e-01 -1.291782184661489197e+01
5.999999999999999778e-01 -7.827652906889543960e-01 -1.133639472363928391e+01
6.099999999999999867e-01 -6.766690566259092599e-01 -9.908429769651899477e+00
6.199999999999999956e-01 -5.840922500025166331e-01 -8.631636907551182958e+00
6.300000000000000044e-01 -5.035562629714084304e-01 -7.498768969836650200e+00
6.400000000000000133e-01 -4.336705691248554095e-01 -6.499747051471332249e+00
6.500000000000000222e-01 -3.731533526551326085e-01 -5.623102880738369613e+00
6.600000000000000311e-01 -3.208402736567549374e-01 -4.856937221892346557e+00
6.700000000000000400e-01 -2.756854526651811299e-01 -4.189537780265575329e+00
6.800000000000000488e-01 -2.367575353853127451e-01 -3.609759716173451150e+00
6.900000000000000577e-01 -2.032328217812931492e-01 -3.107242584859765344e+00
7.000000000000000666e-01 -1.743868173089254681e-01 -2.672516305384624591e+00
7.099999999999999645e-01 -1.495851188630361872e-01 -2.297033428827529367e+00
7.199999999999999734e-01 -1.282742335951665424e-01 -1.973153923439336044e+00
7.299999999999999822e-01 -1.099727084888906109e-01 -1.694100751764682000e+00
7.399999999999999911e-01 -9.426279585078702061e-02 -1.453898828838258828e+00
7.500000000000000000e-01 -8.078277539258846285e-02 -1.247305899120146444e+00
7.600000000000000089e-01 -6.921998338527303452e-02 -1.069740999652997626e+00
7.700000000000000178e-01 -5.930455338258230208e-02 -9.172141582251205350e-01
7.800000000000000266e-01 -5.080384398679247543e-02 -7.862595684686057851e-01
7.900000000000000355e-01 -4.351751186101021629e-02 -6.738735149351424703e-01
8.000000000000000444e-01 -3.727317896367478289e-02 -5.774576643437854262e-01
8.100000000000000533e-01 -3.192263915167037336e-02 -4.947679033781146596e-01
8.200000000000000622e-01 -2.733854900409336472e-02 -4.238686230280498957e-01
8.300000000000000711e-01 -2.341154965363473686e-02 -3.630921773920550155e-01
8.399999999999999689e-01 -2.004776967181549560e-02 -3.110031473432082194e-01
8.499999999999999778e-01 -1.716666301928627264e-02 -2.663669924848484638e-01
8.599999999999999867e-01 -1.469914032776034780e-02 -2.281226613567016448e-01
8.699999999999999956e-01 -1.258595605415431529e-02 -1.953587379325162909e-01
8.800000000000000044e-01 -1.077631816894479393e-02 -1.672927237379790155e-01
8.900000000000000133e-01 -9.226690908047339643e-03 -1.432530836742298141e-01
9.000000000000000222e-01 -7.899764676726310497e-03 -1.226637159698140273e-01
9.100000000000000311e-01 -6.763570423139536429e-03 -1.050305400254076538e-01
9.200000000000000400e-01 -5.790718696982029637e-03 -8.992992860558809975e-02
9.300000000000000488e-01 -4.957746187346152335e-03 -7.699874185663306558e-02
9.400000000000000577e-01 -4.244554813173216472e-03 -6.592574941675412303e-02
9.500000000000000666e-01 -3.633930443474597382e-03 -5.644425316241525464e-02
9.599999999999999645e-01 -3.111130078454871217e-03 -4.832574682665346372e-02
9.699999999999999734e-01 -2.663527852446750076e-03 -4.137446988507655077e-02
9.799999999999999822e-01 -2.280311549889313914e-03 -3.542273186268474205e-02
9.899999999999999911e-01 -1.952222479625862666e-03 -3.032689974390740534e-02
1.000000000000000000e+00 -1.671332551883615179e-03 -2.596395566410992020e-02
1.010000000000000009e+00 -1.430853265755913963e-03 -2.222854472371444540e-02
1.020000000000000018e+00 -1.224972060180963031e-03 -1.903044379218790660e-02
1.030000000000000027e+00 -1.048712123727121902e-03 -1.629239174449317873e-02
1.040000000000000036e+00 -8.978123115861727727e-04 -1.394822986963940165e-02
1.050000000000000044e+00 -7.686242940265869102e-04 -1.194130836705784536e-02
1.060000000000000053e+00 -6.580244696558337552e-04 -1.022312104347400212e-02
1.070000000000000062e+00 -5.633385283305105589e-04 -8.752135667359403279e-03
1.080000000000000071e+00 -4.822768503879518035e-04 -7.492792042130875900e-03
1.090000000000000080e+00 -4.128791879515868049e-04 -6.414643821882832879e-03
1.100000000000000089e+00 0.000000000000000000e+00 -5.491623501268342103e-03
1.110000000000000098e+00 0.000000000000000000e+00 -4.701412939900919546e-03
1.120000000000000107e+00 0.000000000000000000e+00 -4.024904297246513149e-03
1.130000000000000115e+00 0.000000000000000000e+00 -3.445738413654737906e-03
1.140000000000000124e+00 0.000000000000000000e+00 -2.949909526532500884e-03
1.150000000000000133e+00 0.000000000000000000e+00 -2.525426800583493048e-03
1.159999999999999920e+00 0.000000000000000000e+00 -2.162024514559005451e-03
1.169999999999999929e+00 0.000000000000000000e+00 -1.850913916029920140e-03
1.179999999999999938e+00 0.000000000000000000e+00 -1.584570757810165520e-03
1.189999999999999947e+00 0.000000000000000000e+00 -1.356553388518544519e-03
1.199999999999999956e+00 0.000000000000000000e+00 -1.161347005723127775e-03
