0.000000000000000000e+00 8.528252987870113924e+06 2.651911139338431954e+08
1.000000000000000021e-02 6.248932287480754778e+06 1.943373115420695841e+08
2.000000000000000042e-02 4.578616179728934541e+06 1.424114032271340191e+08
2.999999999999999889e-02 3.354612891151267570e+06 1.043573968031426519e+08
4.000000000000000083e-02 2.457688961244769394e+06 7.646979084665822983e+07
5.000000000000000278e-02 1.800461178410015302e+06 5.603285764336787909e+07
5.999999999999999778e-02 1.318889044720331207e+06 4.105627270382460952e+07
7.000000000000000666e-02 9.660396255379719660e+05 3.008135710982981697e+07
8.000000000000000167e-02 7.075178336935980478e+05 2.203907229450139031e+07
8.999999999999999667e-02 5.181173119889928494e+05 1.614594437206930295e+07
1.000000000000000056e-01 3.793658920000435901e+05 1.182778715626972727e+07
1.100000000000000006e-01 2.777266866795346141e+05 8.663798910949319601e+06
1.199999999999999956e-01 2.032796952438823064e+05 6.345591049238164909e+06
1.300000000000000044e-01 1.487555735016361577e+05 4.647160475744664669e+06
1.400000000000000133e-01 1.088275041226944304e+05 3.402882527945802081e+06
1.499999999999999944e-01 7.959222626066874363e+04 2.491382208610508125e+06
1.600000000000000033e-01 5.818969806362893723e+04 1.823713605978036299e+06
1.700000000000000122e-01 4.252436136175430875e+04 1.334696769919810351e+06
1.799999999999999933e-01 3.106086887963699337e+04 9.765686714073049370e+05
1.900000000000000022e-01 2.267438348585815766e+04 7.143301372182607884e+05
2.000000000000000111e-01 1.654087190383660709e+04 5.223357489632859360e+05
2.099999999999999922e-01 1.205670913350126284e+04 3.817946956478162901e+05
2.200000000000000011e-01 8.779763607607193990e+03 2.789392502173635294e+05
2.300000000000000100e-01 6.386224625544363334e+03 2.036825351130794734e+05
2.399999999999999911e-01 4.638966469089139537e+03 1.486348764084649156e+05
2.500000000000000000e-01 3.364367026245852685e+03 1.083829574167094252e+05
2.600000000000000089e-01 2.435322093085332199e+03 7.896156909208052093e+04
2.700000000000000178e-01 1.758799940941032901e+03 5.746650675662072899e+04
2.800000000000000266e-01 1.266722970729993676e+03 4.177090607911066036e+04
2.899999999999999800e-01 9.092873805015103699e+02 3.031738366932455028e+04
2.999999999999999889e-01 6.500693000973320750e+02 2.196572964342019259e+04
3.099999999999999978e-01 4.624399235603389684e+02 1.588130968883322566e+04
3.200000000000000067e-01 3.269397442896328698e+02 1.145329918944999736e+04
3.300000000000000155e-01 2.293554914906779061e+02 8.234777868604622199e+03
3.400000000000000244e-01 1.593118829103405574e+02 5.898843071351428989e+03
3.500000000000000333e-01 1.092405202054672060e+02 4.206460577709672179e+03
3.599999999999999867e-01 7.362504942654574336e+01 2.982915673625876025e+03
3.699999999999999956e-01 4.844867371390675714e+01 2.100565476070013574e+03
3.800000000000000044e-01 3.078986484167071325e+01 1.466207835326726354e+03
3.900000000000000133e-01 1.852659956585464229e+01 1.011832341592238663e+03
4.000000000000000222e-01 1.012005651922031291e+01 6.878488862617633686e+02
4.100000000000000311e-01 4.456483490991918650e+00 4.581310019202335297e+02
4.199999999999999845e-01 7.316410002889945918e-01 2.963883774397442608e+02
4.299999999999999933e-01 -1.633598622838086101e+00 1.835127739159880775e+02
4.400000000000000022e-01 -3.054859975857794563e+00 1.056367015547333779e+02
4.500000000000000111e-01 -3.829204650312858949e+00 5.271392648718322960e+01
4.600000000000000200e-01 -4.167885424954643092e+00 1.748195310221426269e+01
4.700000000000000289e-01 -4.220195639375347696e+00 -5.295949672830209565e+00
4.799999999999999822e-01 -4.090814671397811964e+00 -1.938419214147690894e+01
4.899999999999999911e-01 -3.852405932268156530e+00 -2.747870559629851073e+01
5.000000000000000000e-01 -3.554751894659300415e+00 -3.150139603934656662e+01
5.100000000000000089e-01 -3.231365209532759408e+00 -3.281464607465971994e+01
5.200000000000000178e-01 -2.904262120300884487e+00 -3.237740739523366784e+01
5.300000000000000266e-01 -2.587399361450755109e+00 -3.085864542093624152e+01
5.400000000000000355e-01 -2.289140375793989879e+00 -2.871966469832036495e+01
5.500000000000000444e-01 -2.014017697701414811e+00 -2.627374464914302621e+01
5.600000000000000533e-01 -1.763985985059942196e+00 -2.372924680958493937e+01
5.700000000000000622e-01 -1.539307303241309155e+00 -2.122069458424176602e+01
5.799999999999999600e-01 -1.339171643135822931e+00 -1.883111191666932882e+01
5.899999999999999689e-01 -1.162127464656005138e+00 -1.660801886204215094e+01
5.999999999999999778e-01 -1.006376494549142686e+00 -1.457483245247825998e+01
6.099999999999999867e-01 -8.699720212828208066e-01 -1.273894646389166319e+01
6.199999999999999956e-01 -7.509490185995085776e-01 -1.109741684475480561e+01
6.300000000000000044e-01 -6.474064943010248152e-01 -9.640926320288215834e+00
6.400000000000000133e-01 -5.575566981182729087e-01 -8.356516901729474256e+00
6.500000000000000222e-01 -4.797516443137269104e-01 -7.229444305103169377e+00
6.600000000000000311e-01 -4.124943812238157093e-01 -6.244410145669164081e+00
6.700000000000000400e-01 -3.544402572620653502e-01 -5.386356364086871906e+00
6.800000000000000488e-01 -3.043918616323490478e-01 -4.640954445141013629e+00
6.900000000000000577e-01 -2.612901907484255770e-01 -3.994884333745435612e+00
7.000000000000000666e-01 -2.242037860238839109e-01 -3.435970678292246561e+00
7.099999999999999645e-01 -1.923170163038944447e-01 -2.953224318828086670e+00
7.199999999999999734e-01 -1.649182739729662395e-01 -2.536822727352852525e+00
7.299999999999999822e-01 -1.413885705802026271e-01 -2.178052895947559353e+00
7.399999999999999911e-01 -1.211908214635513958e-01 -1.869232858213896842e+00
7.500000000000000000e-01 -1.038599745240717798e-01 -1.603622820687235606e+00
7.600000000000000089e-01 -8.899404805356245229e-02 -1.375333190770260394e+00
7.700000000000000178e-01 -7.624608339925438572e-02 -1.179234192347872856e+00
7.800000000000000266e-01 -6.531698093288779150e-02 -1.010869951487919804e+00
7.900000000000000355e-01 -5.594916558960803810e-02 -8.663786889596245544e-01
8.000000000000000444e-01 -4.792101637702862044e-02 -7.424198118080043152e-01
8.100000000000000533e-01 -4.104198933147227418e-02 -6.361081359029415738e-01
8.200000000000000622e-01 -3.514836301984080452e-02 -5.449551109003533123e-01
8.300000000000000711e-01 -3.009953817312928034e-02 -4.668166978134476452e-01
8.399999999999999689e-01 -2.577482722787996158e-02 -3.998474240219063169e-01
8.499999999999999778e-01 -2.207067464945306964e-02 -3.424600801476335166e-01
8.599999999999999867e-01 -1.889825438192861695e-02 -2.932905059133856240e-01
8.699999999999999956e-01 -1.618139626436875672e-02 -2.511669224880879181e-01
8.800000000000000044e-01 -1.385479855194166922e-02 -2.150832961909821817e-01
8.900000000000000133e-01 -1.186248865244757256e-02 -1.841762553976032113e-01
9.000000000000000222e-01 -1.015649876472470015e-02 -1.577051240654953057e-01
9.100000000000000311e-01 -8.695727256944816436e-03 -1.350346781633699755e-01
9.200000000000000400e-01 -7.444960348484681682e-03 -1.156202733155683587e-01
9.300000000000000488e-01 -6.374031974343841341e-03 -9.899503186097181884e-02
9.400000000000000577e-01 -5.457102641442434891e-03 -8.475881453643849262e-02
9.500000000000000666e-01 -4.672040662353062722e-03 -7.256873577852518409e-02
9.599999999999999645e-01 -3.999891407020826108e-03 -6.213101209756189541e-02
9.699999999999999734e-01 -3.424422179808417604e-03 -5.319396018249473307e-02
9.799999999999999822e-01 -2.931732039553244622e-03 -4.554198551074117862e-02
9.899999999999999911e-01 -2.509917364040439251e-03 -3.899042348837632871e-02
1.000000000000000000e+00 -2.148785244787289241e-03 -3.338111378280658043e-02
1.010000000000000009e+00 -1.839607908154490892e-03 -2.857860479032899373e-02
1.020000000000000018e+00 -1.574912316844719875e-03 -2.446689935687388490e-02
1.030000000000000027e+00 -1.348299931653398594e-03 -2.094666518092023338e-02
1.040000000000000036e+00 -1.154292324428346072e-03 -1.793284399480376060e-02
1.050000000000000044e+00 -9.881989449805246312e-04 -1.535260284669634837e-02
1.060000000000000053e+00 -8.460038706509322203e-04 -1.314357877274195674e-02
1.070000000000000062e+00 -7.242688191376970425e-04 -1.125237501996946034e-02
1.080000000000000071e+00 -6.200500932468305327e-04 -9.633272899922773469e-03
1.090000000000000080e+00 -5.308274593191493300e-04 -8.247128447556520761e-03
1.100000000000000089e+00 0.000000000000000000e+00 -7.060427441282172457e-03
1.110000000000000098e+00 0.000000000000000000e+00 -6.044476105455358871e-03
1.120000000000000107e+00 0.000000000000000000e+00 -5.174708050818537831e-03
1.130000000000000115e+00 0.000000000000000000e+00 -4.430090785042526888e-03
1.140000000000000124e+00 0.000000000000000000e+00 -3.792617508308804199e-03
1.150000000000000133e+00 0.000000000000000000e+00 -3.246871952983666071e-03
1.159999999999999920e+00 0.000000000000000000e+00 -2.779655779472266913e-03
1.169999999999999929e+00 0.000000000000000000e+00 -2.379669543369079387e-03
1.179999999999999938e+00 0.000000000000000000e+00 -2.037239537416092247e-03
1.189999999999999947e+00 0.000000000000000000e+00 -1.744083915984370389e-03
1.199999999999999956e+00 0.000000000000000000e+00 -1.493112455991985705e-03
