0.000000000000000000e+00 3.504884397565891163e+02 1.081957862926054304e+03
1.000000000000000021e-02 3.396688611273285687e+02 1.081957862926054304e+03
2.000000000000000042e-02 3.288492824980680211e+02 1.081957862926054304e+03
2.999999999999999889e-02 3.180297038688075304e+02 1.081957862926051803e+03
4.000000000000000083e-02 3.072101252395470397e+02 1.081957862926051803e+03
4.999999999999999584e-02 2.963905466102864921e+02 1.081957862926056578e+03
5.999999999999999778e-02 2.855709679810258876e+02 1.081957862926054304e+03
6.999999999999999278e-02 2.747513893517653969e+02 1.081957862926054304e+03
8.000000000000000167e-02 2.639318107225047925e+02 1.081957862926054304e+03
8.999999999999999667e-02 2.531122320932443017e+02 1.081957862926054304e+03
9.999999999999999167e-02 2.422926534639837257e+02 1.081957862926054304e+03
1.099999999999999867e-01 2.314730748347232350e+02 1.081957862926051803e+03
1.199999999999999956e-01 2.206534962054626874e+02 1.081957862926054304e+03
1.300000000000000044e-01 2.098339175762021398e+02 1.081957862926054304e+03
1.399999999999999856e-01 1.990143389469415922e+02 1.081957862926054304e+03
1.499999999999999944e-01 1.881947603176810446e+02 1.081957862926054304e+03
1.600000000000000033e-01 1.773751816884205255e+02 1.081957862926053167e+03
1.699999999999999845e-01 1.665556030591600063e+02 1.081957862926053167e+03
1.799999999999999933e-01 1.557360244298994587e+02 1.081957862926054304e+03
1.899999999999999745e-01 1.449164458006389111e+02 1.081957862926054304e+03
1.999999999999999833e-01 1.340968671713783635e+02 1.081957862926054304e+03
2.099999999999999922e-01 1.232772885421178302e+02 1.081957862926053167e+03
2.199999999999999734e-01 1.124577099128573110e+02 1.081957862926053167e+03
2.299999999999999822e-01 1.016381312835967776e+02 1.081957862926055441e+03
2.399999999999999911e-01 9.081855265433621582e+01 1.081957862926055441e+03
2.500000000000000000e-01 7.999897402507566824e+01 1.081957862926054304e+03
2.600000000000000089e-01 6.917939539581513486e+01 1.081957862926054304e+03
2.700000000000000178e-01 5.835981676655458728e+01 1.081957862926053622e+03
2.799999999999999711e-01 4.754023813729405390e+01 1.081957862926053167e+03
2.899999999999999800e-01 3.672065950803352052e+01 1.028008480683195103e+03
2.999999999999999889e-01 2.698006852363015184e+01 8.007006432829670075e+02
3.099999999999999423e-01 2.070664664237418151e+01 5.104534372478760815e+02
3.200000000000000067e-01 1.677099977867263192e+01 3.670076964994440232e+02
3.300000000000000155e-01 1.336649271238530190e+01 3.053964678345324728e+02
3.399999999999999689e-01 1.066307042198198296e+01 2.510377065043998925e+02
3.500000000000000333e-01 8.345738582297304475e+00 2.016507085448887153e+02
3.599999999999999867e-01 6.630056251084209151e+00 1.602823507435511772e+02
3.699999999999999956e-01 5.140091567426281038e+00 1.352390623033066390e+02
3.799999999999999489e-01 3.925275005018076246e+00 1.208455408074347730e+02
3.900000000000000133e-01 2.723180751277586076e+00 1.044632056688530781e+02
3.999999999999999667e-01 1.836010891641014720e+00 8.145180430892128243e+01
4.099999999999999756e-01 1.094144665099160640e+00 6.946382552839639857e+01
4.199999999999999845e-01 4.467343810730869391e-01 5.976440500263005617e+01
4.299999999999999933e-01 -1.011434349534404004e-01 4.989230384413572494e+01
4.399999999999999467e-01 -5.511116958096274887e-01 3.904684781139456362e+01
4.499999999999999556e-01 -8.820803911813316356e-01 3.077221853770680937e+01
4.599999999999999645e-01 -1.166556066563763538e+00 2.194316013620557371e+01
4.699999999999999734e-01 -1.320943593905443025e+00 1.355694811390969612e+01
4.799999999999999822e-01 -1.437695028841957434e+00 8.956553878825566528e+00
4.899999999999999911e-01 -1.500074671481954391e+00 2.469602761400019997e+00
5.000000000000000000e-01 -1.487087084069957932e+00 -2.722339922797115896e+00
5.100000000000000089e-01 -1.445627873026012145e+00 -5.052105159294424830e+00
5.200000000000000178e-01 -1.386044980884069355e+00 -4.484785656439105317e+00
5.299999999999999156e-01 -1.355932159897230038e+00 -5.180840901125074893e+00
5.400000000000000355e-01 -1.282428162861567911e+00 -6.334654835881347701e+00
5.499999999999999334e-01 -1.229239063179603075e+00 -5.454465478853697036e+00
5.599999999999999423e-01 -1.173338853284493943e+00 -5.047148626112041292e+00
5.699999999999999512e-01 -1.128296090657362249e+00 -6.631762308503739156e+00
5.799999999999999600e-01 -1.040703607114419116e+00 -8.051266561229953211e+00
5.899999999999999689e-01 -9.672707594327631941e-01 -7.033313177952559059e+00
5.999999999999999778e-01 -9.000373435553680190e-01 -7.143850731399509435e+00
6.099999999999999867e-01 -8.243937448047730099e-01 -9.170205203563048357e+00
6.199999999999998845e-01 -7.166332394841069542e-01 -1.045214890091546600e+01
6.300000000000000044e-01 -6.153507667864637209e-01 -9.019763537824706745e+00
6.400000000000000133e-01 -5.362379687276128681e-01 -7.807256870428228801e+00
6.499999999999999112e-01 -4.592056293778991050e-01 -9.075663026501459285e+00
6.600000000000000311e-01 -3.547247081975837268e-01 -8.185115275795009637e+00
6.700000000000000400e-01 -2.955033238619989011e-01 -5.405099706391175651e+00
6.799999999999999378e-01 -2.466227140697602183e-01 -4.054717669193122376e+00
6.899999999999999467e-01 -2.144089704781364514e-01 -5.249684279124965158e+00
7.000000000000000666e-01 -1.416290284872609162e-01 -5.942174701504311152e+00
7.099999999999999645e-01 -9.556547644805021835e-02 -4.261986237626868679e+00
7.199999999999999734e-01 -5.638930373472354068e-02 -2.878999369570701461e+00
7.299999999999998712e-01 -3.798548905663618608e-02 -2.305185025483214467e+00
7.399999999999999911e-01 -1.028560322505925675e-02 -2.208133428987100189e+00
7.500000000000000000e-01 6.177179523105822204e-03 -1.346740883386236431e+00
7.599999999999998979e-01 1.664921444266546577e-02 -1.277202501114195865e+00
7.699999999999999067e-01 3.172122954538973694e-02 -1.885842817973018670e+00
7.800000000000000266e-01 5.436607080212584042e-02 -1.127914984857985248e+00
7.899999999999999245e-01 5.427952924254943884e-02 3.329025822859503214e-01
7.999999999999999334e-01 4.770801915640683621e-02 1.242839884620769109e+00
8.100000000000000533e-01 2.942273155013406041e-02 1.115231066508392210e+00
8.199999999999999512e-01 2.540339782623899159e-02 1.191535175311770001e+00
8.299999999999999600e-01 5.592028043898659637e-03 1.683855866100927301e+00
8.399999999999999689e-01 -8.273719495779556857e-03 1.994420843446940594e+00
8.499999999999999778e-01 -3.429638882504015135e-02 1.303307833801920168e+00
8.599999999999999867e-01 -3.433987617181795404e-02 3.388608608585154669e-01
8.699999999999999956e-01 -4.107360604221045597e-02 1.072082600220946036e+00
8.799999999999998934e-01 -5.578152817623687615e-02 1.866091709338042470e+00
8.900000000000000133e-01 -7.839544022897131093e-02 1.432670386869532075e+00
8.999999999999999112e-01 -8.443493591362752348e-02 2.936474744155945782e-01
9.099999999999999201e-01 -8.426838971728320415e-02 -7.149631714928884885e-02
9.199999999999999289e-01 -8.300500957064174679e-02 3.804314307204770956e-02
9.299999999999999378e-01 -8.502925257872415155e-02 3.153845057894272275e-01
9.399999999999999467e-01 -8.931269968643028301e-02 2.558336349526464382e-01
9.499999999999999556e-01 -9.014592527777708086e-02 -3.688428364682684590e-02
9.599999999999999645e-01 -8.857501401349374137e-02 -1.484229098221866439e-01
9.699999999999999734e-01 -8.717746708133335132e-02 -2.233969657347246729e-01
9.799999999999999822e-01 -8.410707469879925846e-02 -5.270552972635671463e-01
9.899999999999998801e-01 -7.663636113606200895e-02 -4.986830941942428930e-01
1.000000000000000000e+00 -7.413341281491439561e-02 -2.807737545385611821e-01
1.010000000000000009e+00 -7.102088604529077642e-02 -4.651225009781277397e-01
1.020000000000000018e+00 -6.483096279535184581e-02 -7.642648184153727486e-01
1.029999999999999805e+00 -5.573558967698332561e-02 -7.080286889160929409e-01
1.040000000000000036e+00 -5.067038901702999171e-02 -6.486606623319552956e-01
1.050000000000000044e+00 -4.276237643034422331e-02 -6.619758953075650654e-01
1.059999999999999831e+00 -3.743087111087868568e-02 -5.437262244912377529e-01
1.069999999999999840e+00 -3.188785194051946964e-02 -5.893262452899543646e-01
1.080000000000000071e+00 -2.564434620507960449e-02 -6.546483527546280712e-01
1.089999999999999858e+00 -1.879488488542691016e-02 -4.253752661810132896e-01
1.099999999999999867e+00 -1.713684088145933648e-02 -2.404666858505448979e-01
1.109999999999999876e+00 -1.398555116841601435e-02 -3.747056654852850555e-01
1.119999999999999885e+00 -9.642727571753637733e-03 -3.174333300698076177e-01
1.129999999999999893e+00 -7.636884567019861653e-03 -9.297822929094022582e-02
1.139999999999999902e+00 -7.783162985934832627e-03 -1.433574586625759040e-01
1.149999999999999911e+00 -4.769735393768343226e-03 -2.441501262743769607e-01
1.159999999999999920e+00 -2.900160460447293725e-03 -2.310564168068232060e-01
1.169999999999999929e+00 -1.486070576318799358e-04 -1.435362774526510732e-01
1.179999999999999938e+00 -2.943491139427249014e-05 -7.367055161023745510e-03
1.189999999999999947e+00 -1.265954411405038387e-06 -1.471745569713624364e-03
1.199999999999999956e+00 0.000000000000000000e+00 -1.265954411405038362e-04
