0.000000000000000000e+00 1.029345872213708796e+07 2.632257352737707794e+08
1.000000000000000021e-02 7.970721458108623512e+06 2.038483163111983836e+08
2.000000000000000042e-02 6.171949283605260774e+06 1.578629174739030004e+08
2.999999999999999889e-02 4.778965440565011464e+06 1.222493463308867216e+08
4.000000000000000083e-02 3.700244766924036201e+06 9.466849943479108810e+07
5.000000000000000278e-02 2.864903428310524672e+06 7.330877235649308562e+07
5.999999999999999778e-02 2.218044006385611836e+06 5.676710481408675015e+07
7.000000000000000666e-02 1.717150305712251458e+06 4.395685060898659378e+07
8.000000000000000167e-02 1.329295163110715803e+06 3.403642331198125333e+07
8.999999999999999667e-02 1.028977923513315618e+06 2.635403271319134533e+07
1.000000000000000056e-01 7.964495891024700832e+05 2.040488352167218924e+07
1.100000000000000006e-01 6.164156684238079470e+05 1.579802603669812717e+07
1.199999999999999956e-01 4.770315515259219683e+05 1.223068223586351611e+07
1.300000000000000044e-01 3.691244442324785632e+05 9.468361542904797941e+06
1.400000000000000133e-01 2.855907704725759104e+05 7.329460675855856389e+06
1.499999999999999944e-01 2.209294728809581720e+05 5.673336392254548147e+06
1.600000000000000033e-01 1.708805650833954569e+05 4.391067972920209169e+06
1.700000000000000122e-01 1.321452000761813542e+05 3.398302890632481780e+06
1.799999999999999933e-01 1.021688716492823878e+05 2.629715890124122612e+06
1.900000000000000022e-01 7.897351132456588675e+04 2.034717641680834349e+06
2.000000000000000111e-01 6.102745396916903701e+04 1.574131177727830596e+06
2.099999999999999922e-01 4.714473190669865289e+04 1.217617867033785675e+06
2.200000000000000011e-01 3.640708325545630942e+04 9.416838967716050101e+05
2.300000000000000100e-01 2.810355182552799306e+04 7.281363500017831102e+05
2.399999999999999911e-01 2.168371114239029703e+04 5.628874878721645800e+05
2.500000000000000000e-01 1.672143988571130467e+04 4.350287102838853025e+05
2.600000000000000089e-01 1.288686898548627505e+04 3.361133771878337138e+05
2.700000000000000178e-01 9.924657303125757608e+03 2.596013877502415562e+05
2.800000000000000266e-01 7.637168481908724971e+03 2.004290368702129344e+05
2.899999999999999800e-01 5.871443472045661110e+03 1.546758953895164013e+05
2.999999999999999889e-01 4.509112558587574313e+03 1.193068319744527980e+05
3.099999999999999978e-01 3.458583816957379440e+03 9.197222943050942558e+04
3.200000000000000067e-01 2.648994470537142206e+03 7.085327015111639048e+04
3.300000000000000155e-01 2.025527447784910237e+03 5.454212545356341434e+04
3.400000000000000244e-01 1.545785138514532946e+03 4.194917607900434814e+04
3.500000000000000333e-01 1.176981820850152417e+03 3.223116666151972458e+04
3.599999999999999867e-01 8.937700341889303672e+02 2.473557208986695696e+04
3.699999999999999956e-01 6.765578426782859651e+02 1.895751869055352654e+04
3.800000000000000044e-01 5.102062048298826085e+02 1.450642798583926742e+04
3.900000000000000133e-01 3.830206574140165117e+02 1.108018958841704261e+04
4.000000000000000222e-01 2.859708772044843386e+02 8.445164534924460895e+03
4.100000000000000311e-01 2.120866737949787648e+02 6.420703522383294512e+03
4.199999999999999845e-01 1.559905752020496550e+02 4.867161257852396375e+03
4.299999999999999933e-01 1.135361578769692557e+02 3.676617950310003835e+03
4.400000000000000022e-01 8.152823466581693879e+01 2.765696958550771797e+03
4.500000000000000111e-01 5.750640558782134093e+01 2.070005449438745927e+03
4.600000000000000200e-01 3.957765129484027256e+01 1.539831670765821627e+03
4.700000000000000289e-01 2.628688208532113890e+01 1.136815114084016159e+03
4.799999999999999822e-01 1.651685885394696385e+01 8.313698657832923118e+02
4.899999999999999911e-01 9.410840921418593297e+00 6.006910252554297358e+02
5.000000000000000000e-01 4.312816750992229942e+00 4.272124645882392997e+02
5.100000000000000089e-01 7.213358186374824177e-01 2.974139376300192339e+02
5.200000000000000178e-01 -1.746140200616480342e+00 2.008985712612010559e+02
5.300000000000000266e-01 -3.380752040205739384e+00 1.296796014754841622e+02
5.400000000000000355e-01 -4.403468950931634929e+00 7.762902330352152092e+01
5.500000000000000444e-01 -4.981454438706417243e+00 4.005151429758438297e+01
5.600000000000000533e-01 -5.240676507639984827e+00 1.335526912412299438e+01
5.700000000000000622e-01 -5.275617072065032609e+00 -5.202207864823534145e+00
5.799999999999999600e-01 -5.156741538786028478e+00 -1.771034282031138929e+01
5.899999999999999689e-01 -4.936239681641827026e+00 -2.575691414849872984e+01
5.999999999999999778e-01 -4.652432947825852594e+00 -3.054483031302566332e+01
6.099999999999999867e-01 -4.333153593783619861e+00 -3.298213567831704296e+01
6.199999999999999956e-01 -3.998331620122369756e+00 -3.375133407875509306e+01
6.300000000000000044e-01 -3.661971770006256843e+00 -3.336274026353012800e+01
6.400000000000000133e-01 -3.333661320262924388e+00 -3.219550167426199039e+01
6.500000000000000222e-01 -3.019717277514566867e+00 -3.052910675084066838e+01
6.600000000000000311e-01 -2.724056762978941393e+00 -2.856755660768243388e+01
6.700000000000000400e-01 -2.448855180159435374e+00 -2.645788225952676243e+01
6.800000000000000488e-01 -2.195041932965279052e+00 -2.430430691344950489e+01
6.900000000000000577e-01 -1.962672009810826124e+00 -2.217905687131464987e+01
7.000000000000000666e-01 -1.751202907193536440e+00 -2.013059570788533748e+01
7.099999999999999645e-01 -1.559699542300627240e+00 -1.818987943250113304e+01
7.199999999999999734e-01 -1.386984540357657725e+00 -1.637509356113107728e+01
7.299999999999999822e-01 -1.231747224346641412e+00 -1.469522732832230361e+01
7.399999999999999911e-01 -1.092621508239703054e+00 -1.315275861692844117e+01
7.500000000000000000e-01 -9.682404879604235015e-01 -1.174566012992541530e+01
7.600000000000000089e-01 -8.572736728981332766e-01 -1.046888865697334836e+01
7.700000000000000178e-01 -7.584513781514233832e-01 -9.315481735943240693e+00
7.800000000000000266e-01 -6.705797057361648772e-01 -8.277357051770296792e+00
7.900000000000000355e-01 -5.925487059980687476e-01 -7.345887598467286672e+00
8.000000000000000444e-01 -5.233356698849560562e-01 -6.512308443957677717e+00
8.100000000000000533e-01 -4.620050133491062083e-01 -5.767997712921441256e+00
8.200000000000000622e-01 -4.077058420602653332e-01 -5.104664236378194886e+00
8.300000000000000711e-01 -3.596680008782814353e-01 -4.514466509582743647e+00
8.399999999999999689e-01 -3.171971973837135472e-01 -3.990081611939817030e+00
8.499999999999999778e-01 -2.796696261784250015e-01 -3.524738156760879537e+00
8.599999999999999867e-01 -2.465263983073764376e-01 -3.112223832435209836e+00
8.699999999999999956e-01 -2.172679885193847527e-01 -2.746875421052600519e+00
8.800000000000000044e-01 -1.914488448735391923e-01 -2.423557143565701733e+00
8.900000000000000133e-01 -1.686722547965108510e-01 -2.137631633985985324e+00
9.000000000000000222e-01 -1.485855247969157800e-01 -1.884926674572835026e+00
9.100000000000000311e-01 -1.308755043450741951e-01 -1.661699941423860905e+00
9.200000000000000400e-01 -1.152644654040141797e-01 -1.464603347483998785e+00
9.300000000000000488e-01 -1.015063358211162753e-01 -1.290648075578854748e+00
9.400000000000000577e-01 -8.938327578894131320e-02 -1.137171027532617229e+00
9.500000000000000666e-01 -7.870258074065815401e-02 -1.001803145954546448e+00
9.599999999999999645e-01 -6.929389051270951061e-02 -8.824398692526678190e-01
9.699999999999999734e-01 -6.100668274487272558e-02 -7.772138397743114657e-01
9.799999999999999822e-01 -5.370802781424943023e-02 -6.844698858565536614e-01
9.899999999999999911e-01 -4.728058275463550841e-02 -6.027422304492304761e-01
1.000000000000000000e+00 -4.162080232819923009e-02 -5.307338338225172647e-01
1.010000000000000009e+00 -3.663734649458620651e-02 -4.672977495977023166e-01
1.020000000000000018e+00 -3.224966481883551062e-02 -4.114203573348609866e-01
1.030000000000000027e+00 -2.838673976933069748e-02 -3.622063277012638194e-01
1.040000000000000036e+00 -2.498597230613383915e-02 -3.188651752242644410e-01
1.050000000000000044e+00 -2.199219459675192181e-02 -2.806992568588488335e-01
1.060000000000000053e+00 -1.935679608576430094e-02 -2.470930806336865959e-01
1.070000000000000062e+00 -1.703695046428215648e-02 -2.175037964233719201e-01
1.080000000000000071e+00 -1.499493232146382332e-02 -1.914527496608062485e-01
1.090000000000000080e+00 -1.319751340635443547e-02 -1.685179880024517407e-01
1.100000000000000089e+00 0.000000000000000000e+00 -1.483276202039532921e-01
1.110000000000000098e+00 0.000000000000000000e+00 -1.305539354897173043e-01
1.120000000000000107e+00 0.000000000000000000e+00 -1.149082003329168072e-01
1.130000000000000115e+00 0.000000000000000000e+00 -1.011360576937877787e-01
1.140000000000000124e+00 0.000000000000000000e+00 -8.901346133371766667e-02
1.150000000000000133e+00 0.000000000000000000e+00 -7.834308480463091084e-02
1.159999999999999920e+00 0.000000000000000000e+00 -6.895115110580544993e-02
1.169999999999999929e+00 0.000000000000000000e+00 -6.068463481825532579e-02
1.179999999999999938e+00 0.000000000000000000e+00 -5.340879379579770159e-02
1.189999999999999947e+00 0.000000000000000000e+00 -4.700499224415954219e-02
1.199999999999999956e+00 0.000000000000000000e+00 -4.136878129099398615e-02
