0.000000000000000000e+00 5.181514272134128027e+06 1.767450270882491767e+08
1.000000000000000021e-02 3.683889939768992364e+06 1.256761062634906173e+08
2.000000000000000042e-02 2.619002558990907855e+06 8.936097760765422881e+07
2.999999999999999889e-02 1.861832772744925926e+06 6.353760868741934747e+07
4.000000000000000083e-02 1.323476735151787754e+06 4.517511844961218536e+07
5.000000000000000278e-02 9.407135651013017632e+05 3.211814902209095284e+07
5.999999999999999778e-02 6.685863336304299301e+05 2.283396236453705281e+07
7.000000000000000666e-02 4.751261108233444975e+05 1.623258942170505598e+07
8.000000000000000167e-02 3.376000369593785144e+05 1.153893033713424578e+07
8.999999999999999667e-02 2.398431930387679313e+05 8.201799475820258260e+06
1.000000000000000056e-01 1.703612064820871456e+05 5.829243591963660903e+06
1.100000000000000006e-01 1.209809578176855139e+05 4.142544014190609567e+06
1.199999999999999956e-01 8.589106324120992213e+04 2.943505861709403805e+06
1.300000000000000044e-01 6.095954113001732912e+04 2.091196242250723764e+06
1.400000000000000133e-01 4.324859359706078976e+04 1.485402017910942668e+06
1.499999999999999944e-01 3.066956276670444640e+04 1.054866128494469449e+06
1.600000000000000033e-01 2.173756924513092963e+04 7.489221330306380987e+05
1.700000000000000122e-01 1.539703701050133895e+04 5.315453496845391346e+05
1.799999999999999933e-01 1.089762701549769190e+04 3.771225222828986589e+05
1.900000000000000022e-01 7.706017123274375081e+03 2.674435856740344316e+05
2.000000000000000111e-01 5.443172628975610678e+03 1.895625003023399331e+05
2.099999999999999922e-01 3.839743118887899072e+03 1.342761031736540899e+05
2.200000000000000011e-01 2.704348786025810568e+03 9.504244251301196346e+04
2.300000000000000100e-01 1.901032165525638447e+03 6.721163554018575815e+04
2.399999999999999911e-01 1.333227085529282022e+03 4.747896383302564209e+04
2.500000000000000000e-01 9.323616845933037212e+02 3.349600181152948062e+04
2.600000000000000089e-01 6.497563966014943162e+02 2.359412109205313391e+04
2.700000000000000178e-01 4.508646891465729141e+02 1.658790303584163848e+04
2.800000000000000266e-01 3.111794610286464717e+02 1.163537134839815371e+04
2.899999999999999800e-01 2.133236444489745054e+02 8.138626644123358346e+03
2.999999999999999889e-01 1.449826771879487808e+02 5.673208137079884182e+03
3.099999999999999978e-01 9.743543692938897038e+01 3.937880639375179271e+03
3.200000000000000067e-01 6.451057490756905111e+01 2.718943655244399451e+03
3.300000000000000155e-01 4.184520615403310018e+01 1.864865029452999806e+03
3.400000000000000244e-01 2.635848056483120061e+01 1.268254513257037843e+03
3.500000000000000333e-01 1.587784835231619596e+01 8.530550983800800395e+02
3.599999999999999867e-01 8.873814516197686686e+00 5.654432683643869950e+02
3.699999999999999956e-01 4.271761302009623229e+00 3.673654145465927741e+02
3.800000000000000044e-01 1.318506745075143982e+00 2.319477531095297991e+02
3.900000000000000133e-01 -5.122709316703044635e-01 1.402375643558140155e+02
4.000000000000000222e-01 -1.587019821347251058e+00 7.889034333449855296e+01
4.100000000000000311e-01 -2.159723310457076551e+00 3.852891146583174020e+01
4.199999999999999845e-01 -2.405422304306641834e+00 1.257978284545471581e+01
4.299999999999999933e-01 -2.443892082933142529e+00 -3.551584489323813987e+00
4.400000000000000022e-01 -2.356343084443347280e+00 -1.306497327729972469e+01
4.500000000000000111e-01 -2.197182125828187171e+00 -1.817888064679310034e+01
4.600000000000000200e-01 -2.002278960394530127e+00 -2.042289915862619409e+01
4.700000000000000289e-01 -1.794762874252613161e+00 -2.084424312735743001e+01
4.799999999999999822e-01 -1.589075646139984199e+00 -2.015343882753604632e+01
4.899999999999999911e-01 -1.393795378253728012e+00 -1.882693617134234998e+01
5.000000000000000000e-01 -1.213595388618242898e+00 -1.717924116045198346e+01
5.100000000000000089e-01 -1.050595724149987475e+00 -1.541350464761133132e+01
5.200000000000000178e-01 -9.052892475609354284e-01 -1.365690128862341091e+01
5.300000000000000266e-01 -7.771706736536968529e-01 -1.198528563112983925e+01
5.400000000000000355e-01 -6.651589887715649851e-01 -1.044030156506110529e+01
5.500000000000000444e-01 -5.678768397141942259e-01 -9.041191538612828538e+00
5.600000000000000533e-01 -4.838314995814464448e-01 -7.792892639722580839e+00
5.700000000000000622e-01 -4.115286170965660739e-01 -6.691539413608820652e+00
5.799999999999999600e-01 -3.495405067700030899e-01 -5.728162395110422800e+00
5.899999999999999689e-01 -2.965440856691498039e-01 -4.891137183201051286e+00
5.999999999999999778e-01 -2.513388897851627779e-01 -4.167773348505078523e+00
6.099999999999999867e-01 -2.128523284410405725e-01 -3.545315569909352149e+00
6.199999999999999956e-01 -1.801370473876443556e-01 -3.011546963724312853e+00
6.300000000000000044e-01 -1.523636787549166316e-01 -2.555126534687204298e+00
6.400000000000000133e-01 -1.288111526171337173e-01 -2.165751902802916184e+00
6.500000000000000222e-01 -1.088559847679159837e-01 -1.834209880681459071e+00
6.600000000000000311e-01 -9.196143539317983007e-02 -1.552357504345450945e+00
6.700000000000000400e-01 -7.766708103937382257e-02 -1.313062214885388768e+00
6.800000000000000488e-01 -6.557910645096863556e-02 -1.110120250061027214e+00
6.900000000000000577e-01 -5.536146754877905446e-02 -9.381656620855841622e-01
7.000000000000000666e-01 -4.672797683713762751e-02 -7.925778320316879677e-01
7.099999999999999645e-01 -3.943530024528495159e-02 -6.693922688907462115e-01
7.199999999999999734e-01 -3.327681755444793915e-02 -5.652174160417906545e-01
7.299999999999999822e-01 -2.807727862622830250e-02 -4.771588260767608558e-01
7.399999999999999911e-01 -2.368817876035806541e-02 -4.027511866366147442e-01
7.500000000000000000e-01 -1.998377465038035650e-02 -3.398981313449163100e-01
7.600000000000000089e-01 -1.685766484527680131e-02 -2.868194439272547247e-01
7.700000000000000178e-01 -1.421986353224436762e-02 -2.420050858397528870e-01
7.800000000000000266e-01 -1.199430262080137394e-02 -2.041753969080444264e-01
7.900000000000000355e-01 -1.011670374864409756e-02 -1.722467994524181367e-01
8.000000000000000444e-01 -8.532768454374863726e-03 -1.453023552700945797e-01
8.100000000000000533e-01 -7.196641077742770704e-03 -1.225665656272059839e-01
8.200000000000000622e-01 -6.069604792276563077e-03 -1.033838564741740712e-01
8.300000000000000711e-01 -5.118976472262616075e-03 -8.720024756727723370e-02
8.399999999999999689e-01 -4.317170825188362468e-03 -7.354776073578600526e-02
8.499999999999999778e-01 -3.640908395300545761e-03 -6.203117658315299848e-02
8.599999999999999867e-01 -3.070545696878970807e-03 -5.231679900961422325e-02
8.699999999999999956e-01 -2.589508910636051289e-03 -4.412293240576883879e-02
8.800000000000000044e-01 -2.183815321012154333e-03 -3.721181699048126124e-02
8.900000000000000133e-01 -1.841669034130741841e-03 -3.138280364977139719e-02
9.000000000000000222e-01 -1.553119541950157435e-03 -2.646658104957523225e-02
9.100000000000000311e-01 -1.309773430592483731e-03 -2.232029511048763334e-02
9.200000000000000400e-01 -1.104551008943825555e-03 -1.882342455203428119e-02
9.300000000000000488e-01 -9.314808923053313414e-04 -1.587429654794532755e-02
9.400000000000000577e-01 -7.855266459925769633e-04 -1.338714397708570120e-02
9.500000000000000666e-01 -6.624405023763339263e-04 -1.128962067472632884e-02
9.599999999999999645e-01 -5.586399354597400410e-04 -9.520703820373300694e-03
9.699999999999999734e-01 -4.711035300524954992e-04 -8.028923441163219113e-03
9.799999999999999822e-01 -3.972831354649304625e-04 -6.770868229142393627e-03
9.899999999999999911e-01 -3.350297614492388199e-04 -5.709924699135203625e-03
1.000000000000000000e+00 -2.825310697352191006e-04 -4.815213353805912998e-03
1.010000000000000009e+00 -2.382586489307306655e-04 -4.060691149118122317e-03
1.020000000000000018e+00 -2.009235431422675311e-04 -3.424394317631300911e-03
1.030000000000000027e+00 -1.694387433777333387e-04 -2.887799638492079008e-03
1.040000000000000036e+00 -1.428875523810462476e-04 -2.435285652441429149e-03
1.050000000000000044e+00 -1.204969037504071046e-04 -2.053678202304503198e-03
1.060000000000000053e+00 -1.016148598681705558e-04 -1.731867114880927035e-03
1.070000000000000062e+00 -8.569163443506817781e-05 -1.460482897479350962e-03
1.080000000000000071e+00 -7.226358773716043600e-05 -1.231624059778336968e-03
1.090000000000000080e+00 -6.093972912540080328e-05 -1.038627138650985524e-03
1.100000000000000089e+00 0.000000000000000000e+00 -8.758727419347407282e-04
1.110000000000000098e+00 0.000000000000000000e+00 -7.386219723191930027e-04
1.120000000000000107e+00 0.000000000000000000e+00 -6.228784745712153282e-04
1.130000000000000115e+00 0.000000000000000000e+00 -5.252720935987855366e-04
1.140000000000000124e+00 0.000000000000000000e+00 -4.429607588292610383e-04
1.150000000000000133e+00 0.000000000000000000e+00 -3.735477401767540420e-04
1.159999999999999920e+00 0.000000000000000000e+00 -3.150118678147200649e-04
1.169999999999999929e+00 0.000000000000000000e+00 -2.656486849905573332e-04
1.179999999999999938e+00 0.000000000000000000e+00 -2.240208211421951061e-04
1.189999999999999947e+00 0.000000000000000000e+00 -1.889161408233911885e-04
1.199999999999999956e+00 0.000000000000000000e+00 -1.593124501980423607e-04
