0.000000000000000000e+00 3.631356476172084920e+06 8.528181427363204956e+07
1.000000000000000021e-02 2.871250179128545802e+06 6.743690885958456993e+07
2.000000000000000042e-02 2.270196490824518260e+06 5.332538724270163476e+07
2.999999999999999889e-02 1.794919208723272430e+06 4.216624356615331769e+07
4.000000000000000083e-02 1.419103389921197901e+06 3.334184731257865950e+07
5.000000000000000278e-02 1.121939150147120701e+06 2.636376831167887896e+07
5.999999999999999778e-02 8.869700726004837779e+05 2.084575041214244813e+07
7.000000000000000666e-02 7.011825088296174072e+05 1.648233848289300501e+07
8.000000000000000167e-02 5.542853821448896779e+05 1.303197619700266793e+07
8.999999999999999667e-02 4.381406443939286983e+05 1.030363941223809496e+07
1.000000000000000056e-01 3.463128724712217227e+05 8.146265580982997082e+06
1.100000000000000006e-01 2.737130828802104807e+05 6.440394322334705852e+06
1.199999999999999956e-01 2.163170557316672348e+05 5.091556629706418142e+06
1.300000000000000044e-01 1.709425821759280807e+05 4.025046937097493093e+06
1.400000000000000133e-01 1.350733095250452461e+05 3.181788779277240857e+06
1.499999999999999944e-01 1.067194366081431508e+05 2.515065288706547115e+06
1.600000000000000033e-01 8.430755087141678086e+04 1.987933622850739630e+06
1.700000000000000122e-01 6.659351119607199507e+04 1.571180257102223579e+06
1.799999999999999933e-01 5.259355557815777865e+04 1.241704004529034719e+06
1.900000000000000022e-01 4.152982124710646167e+04 9.812372898418563418e+05
2.000000000000000111e-01 3.278726229023596534e+04 7.753349207318729023e+05
2.099999999999999922e-01 2.587958052276508533e+04 6.125744005838041194e+05
2.200000000000000011e-01 2.042228409160647061e+04 4.839235314184760209e+05
2.300000000000000100e-01 1.611138272175588645e+04 3.822403123775153654e+05
2.399999999999999911e-01 1.270654042961585401e+04 3.018774592752016033e+05
2.500000000000000000e-01 1.001775319631461389e+04 2.383696597266343888e+05
2.600000000000000089e-01 7.894814164217231337e+03 1.881862564144553326e+05
2.700000000000000178e-01 6.218983184702376093e+03 1.485356714774004067e+05
2.800000000000000266e-01 4.896399540502122363e+03 1.172107481076969416e+05
2.899999999999999800e-01 3.852873141625541393e+03 9.246644964444523794e+04
2.999999999999999889e-01 3.029765788282428730e+03 7.292314702392545587e+04
3.099999999999999978e-01 2.380734428835309700e+03 5.749014146744487516e+04
3.200000000000000067e-01 1.869156054126300432e+03 4.530518910150363081e+04
3.300000000000000155e-01 1.466091601699582498e+03 3.568667977359677025e+04
3.400000000000000244e-01 1.148676082356053485e+03 2.809582264918418514e+04
3.500000000000000333e-01 8.988457382773869995e+02 2.210674500100764271e+04
3.599999999999999867e-01 7.023317023995628006e+02 1.738284857519279467e+04
3.699999999999999956e-01 5.478643854190967204e+02 1.365811427353349245e+04
3.800000000000000044e-01 4.265444863930370047e+02 1.072231979287054492e+04
3.900000000000000133e-01 3.313457511393601180e+02 8.409351466515929133e+03
4.000000000000000222e-01 2.567219002624004247e+02 6.587962844904076519e+03
4.100000000000000311e-01 1.982959194918099968e+02 5.154468011580053826e+03
4.199999999999999845e-01 1.526144685227502009e+02 4.026964752057291662e+03
4.299999999999999933e-01 1.169537732572296562e+02 3.140767404814877864e+03
4.400000000000000022e-01 8.916622001348895310e+01 2.444796213589588206e+03
4.500000000000000111e-01 6.755912685007808705e+01 1.898722975372503242e+03
4.600000000000000200e-01 5.079895155860691602e+01 1.470714670881023039e+03
4.700000000000000289e-01 3.783560689763482543e+01 1.135649892208259644e+03
4.799999999999999822e-01 2.784266938847371620e+01 8.737090793307312424e+02
4.899999999999999911e-01 2.017015024831352932e+01 6.692602931217729747e+02
5.000000000000000000e-01 1.430719464995850210e+01 5.099786341029771393e+02
5.100000000000000089e-01 9.852627103373297501e+00 3.861503701380413531e+02
5.200000000000000178e-01 6.491696902785398571e+00 2.901230797142366100e+02
5.300000000000000266e-01 3.977722433403521940e+00 2.158712174397904278e+02
5.400000000000000355e-01 2.117605788618075469e+00 1.586529133560030402e+02
5.500000000000000444e-01 7.604047195141715454e-01 1.147388822526296366e+02
5.600000000000000533e-01 -2.116806295582551734e-01 8.119832382710448826e+01
5.700000000000000622e-01 -8.904140055797907793e-01 5.572986101625996014e+01
5.799999999999999600e-01 -1.347123639212504109e+00 3.652806753072637491e+01
5.899999999999999689e-01 -1.637114227936391275e+00 2.217811522395601997e+01
5.999999999999999778e-01 -1.803140831305891423e+00 1.157263710140269630e+01
6.099999999999999867e-01 -1.878142587130245067e+00 3.846139247056196808e+00
6.199999999999999956e-01 -1.887392573304071286e+00 -1.676726704651113620e+00
6.300000000000000044e-01 -1.850187274941295978e+00 -5.521945461766410546e+00
6.400000000000000133e-01 -1.781173144310461920e+00 -8.098277785470701318e+00
6.500000000000000222e-01 -1.691387217972059043e+00 -9.722578107378140544e+00
6.600000000000000311e-01 -1.589072539863241929e+00 -1.063972805654749010e+01
6.700000000000000400e-01 -1.480316328244394297e+00 -1.103832188782745938e+01
6.800000000000000488e-01 -1.369548704780996440e+00 -1.106300109975520485e+01
6.900000000000000577e-01 -1.259931811381664435e+00 -1.082414687747541926e+01
7.000000000000000666e-01 -1.153662828705243948e+00 -1.040548991142316559e+01
7.099999999999999645e-01 -1.052209426869221254e+00 -9.870079337368988348e+00
7.199999999999999734e-01 -9.564922450912245466e-01 -9.264959464455060356e+00
7.299999999999999822e-01 -8.670258924339219186e-01 -8.624829423624349900e+00
7.399999999999999911e-01 -7.840275123378291910e-01 -7.974902782787890665e+00
7.500000000000000000e-01 -7.075000215622380129e-01 -7.333138298437106961e+00
7.600000000000000089e-01 -6.372956107206901866e-01 -6.711976745719282711e+00
7.700000000000000178e-01 -5.731638928216646889e-01 -6.119690166099679196e+00
7.800000000000000266e-01 -5.147881401731492224e-01 -5.561427293527096083e+00
7.900000000000000355e-01 -4.618123050064948942e-01 -5.040021101671445791e+00
8.000000000000000444e-01 -4.138609328162858314e-01 -4.556610356564883446e+00
8.100000000000000533e-01 -3.705536162034753778e-01 -4.111115970681332499e+00
8.200000000000000622e-01 -3.315152744940951246e-01 -3.702604211650319055e+00
8.300000000000000711e-01 -2.963832596950943810e-01 -3.329561927922709774e+00
8.399999999999999689e-01 -2.648120659489323070e-01 -2.990103524838124915e+00
8.499999999999999778e-01 -2.364762445402518454e-01 -2.682125149588153512e+00
8.599999999999999867e-01 -2.110719894169788557e-01 -2.403418179127088106e+00
8.699999999999999956e-01 -1.883177510084267092e-01 -2.151751458891194346e+00
8.800000000000000044e-01 -1.679541524610313474e-01 -1.924929660403683851e+00
8.900000000000000133e-01 -1.497434172272071595e-01 -1.720833492559862732e+00
9.000000000000000222e-01 -1.334684662614722683e-01 -1.537446219939564873e+00
9.100000000000000311e-01 -1.189318037704259340e-01 -1.372869937158152087e+00
9.200000000000000400e-01 -1.059542800647327032e-01 -1.225334262074532887e+00
9.300000000000000488e-01 -9.437379663234272964e-02 -1.093199496102278845e+00
9.400000000000000577e-01 -8.404400056727788504e-02 -9.749558202256048967e-01
9.500000000000000666e-01 -7.483300174852672293e-02 -8.692197216762814760e-01
9.599999999999999645e-01 -6.662213572746066015e-02 -7.747285557805642098e-01
9.699999999999999734e-01 -5.930478741109575930e-02 -6.903339222756752491e-01
9.799999999999999822e-01 -5.278528474363924916e-02 -6.149943612808752569e-01
9.899999999999999911e-01 -4.697786723698580552e-02 -5.477677399594073071e-01
1.000000000000000000e+00 -4.180573102803902125e-02 -4.878035979723472915e-01
1.010000000000000009e+00 -3.720014987054986316e-02 -4.343356412253462362e-01
1.020000000000000018e+00 -3.309966988633919471e-02 -3.866745137437503921e-01
1.030000000000000027e+00 -2.944937483799594732e-02 -3.442009325439049361e-01
1.040000000000000036e+00 -2.620021801271484735e-02 -3.063592367786813209e-01
1.050000000000000044e+00 -2.330841642460168214e-02 -2.726513776251290877e-01
1.060000000000000053e+00 -2.073490287330472664e-02 -2.426313573210234220e-01
1.070000000000000062e+00 -1.844483138098795133e-02 -2.159001128605809172e-01
1.080000000000000071e+00 -1.640713162222694893e-02 -1.921008308939165798e-01
1.090000000000000080e+00 -1.459410812806882264e-02 -1.709146743811426339e-01
1.100000000000000089e+00 0.000000000000000000e+00 -1.520568977872879812e-01
1.110000000000000098e+00 0.000000000000000000e+00 -1.352733254942241892e-01
1.120000000000000107e+00 0.000000000000000000e+00 -1.203371672083700800e-01
1.130000000000000115e+00 0.000000000000000000e+00 -1.070461441190948965e-01
1.140000000000000124e+00 0.000000000000000000e+00 -9.521990015377637673e-02
1.150000000000000133e+00 0.000000000000000000e+00 -8.469767368525464579e-02
1.159999999999999920e+00 0.000000000000000000e+00 -7.533620632831303232e-02
1.169999999999999929e+00 0.000000000000000000e+00 -6.700786690370111320e-02
1.179999999999999938e+00 0.000000000000000000e+00 -5.959897016993337404e-02
1.189999999999999947e+00 0.000000000000000000e+00 -5.300827146570388781e-02
1.199999999999999956e+00 0.000000000000000000e+00 -4.714561992735225027e-02
