0.000000000000000000e+00 5.117394096167240292e+06 1.591289310157098472e+08
1.000000000000000021e-02 3.749679732883160934e+06 1.166127229577861577e+08
2.000000000000000042e-02 2.747401703205783386e+06 8.545433127032501996e+07
2.999999999999999889e-02 2.012935706729203230e+06 6.261986390275307000e+07
4.000000000000000083e-02 1.474734969131693710e+06 4.588580473226775974e+07
5.000000000000000278e-02 1.080364706749679754e+06 3.362256098098339885e+07
5.999999999999999778e-02 7.913970996868645307e+05 2.463582470198487863e+07
7.000000000000000666e-02 5.796698346366246697e+05 1.805030641251210123e+07
8.000000000000000167e-02 4.245440091800211230e+05 1.322452341700878926e+07
8.999999999999999667e-02 3.108944681807325105e+05 9.688348204419784248e+06
1.000000000000000056e-01 2.276369390040102880e+05 7.097237760302918963e+06
1.100000000000000006e-01 1.666485855003765610e+05 5.198688353267523460e+06
1.199999999999999956e-01 1.219768972786821978e+05 3.807650386787347030e+06
1.300000000000000044e-01 8.925989849595518899e+04 2.788510087152190041e+06
1.400000000000000133e-01 6.530123130016618234e+04 2.041884022778896382e+06
1.499999999999999944e-01 4.775874553716665105e+04 1.494940940450301860e+06
1.600000000000000033e-01 3.491627591493692307e+04 1.094308762515508570e+06
1.700000000000000122e-01 2.551638607440995111e+04 8.008762377819336252e+05
1.799999999999999933e-01 1.863779423514478549e+04 5.859831730069036130e+05
1.900000000000000022e-01 1.360554500634549004e+04 4.286283442483661929e+05
2.000000000000000111e-01 9.925180007626442602e+03 3.134232554832706228e+05
2.099999999999999922e-01 7.234496461983549125e+03 2.290925191352906404e+05
2.200000000000000011e-01 5.268195349530084059e+03 1.673748470833215979e+05
2.300000000000000100e-01 3.831975739117049670e+03 1.222176412346160796e+05
2.399999999999999911e-01 2.783551716856952680e+03 8.918675620361768233e+04
2.500000000000000000e-01 2.018742445170228166e+03 6.503395540945802350e+04
2.600000000000000089e-01 1.461279936870555957e+03 4.737993520182329667e+04
2.700000000000000178e-01 1.055341211634627825e+03 3.448204399114220723e+04
2.800000000000000266e-01 7.600768662962207145e+02 2.506407015161419258e+04
2.899999999999999800e-01 5.456025699986915924e+02 1.819151647467328803e+04
2.999999999999999889e-01 3.900625242204511665e+02 1.318020854297828009e+04
3.099999999999999978e-01 2.774783826590593776e+02 9.529330786126032763e+03
3.200000000000000067e-01 1.961736770365367306e+02 6.872363207131318632e+03
3.300000000000000155e-01 1.376198956976457168e+02 4.941135457781726473e+03
3.400000000000000244e-01 9.559147512547733072e+01 3.539492848714465254e+03
3.500000000000000333e-01 6.554709376673385179e+01 2.524005421451012353e+03
3.599999999999999867e-01 4.417673701430165067e+01 1.789837568045185435e+03
3.699999999999999956e-01 2.907018224921254301e+01 1.260398687361491966e+03
3.800000000000000044e-01 1.847440949653966769e+01 8.797639930773243577e+02
3.900000000000000133e-01 1.111613151516361953e+01 6.071247327142024233e+02
4.000000000000000222e-01 6.072003499588457309e+00 4.127250467330993047e+02
4.100000000000000311e-01 2.673737381160941506e+00 2.748877723143809249e+02
4.199999999999999845e-01 4.387636128534137536e-01 1.778378081314688188e+02
4.299999999999999933e-01 -9.804125113383654888e-01 1.101095599956110789e+02
4.400000000000000022e-01 -1.833178343052379144e+00 6.338207219470395160e+01
4.500000000000000111e-01 -2.297779525879771523e+00 3.162727779217879842e+01
4.600000000000000200e-01 -2.500973659547852890e+00 1.048744937463798976e+01
4.700000000000000289e-01 -2.532340743391693128e+00 -3.179612925579189397e+00
4.799999999999999822e-01 -2.454691046027572821e+00 -1.163266758627691111e+01
4.899999999999999911e-01 -2.311624316558559933e+00 -1.648935099575291829e+01
5.000000000000000000e-01 -2.133011094432648136e+00 -1.890285986969193388e+01
5.100000000000000089e-01 -1.938959586156592252e+00 -1.969065965473092916e+01
5.200000000000000178e-01 -1.742679858751197797e+00 -1.942814519612829827e+01
5.300000000000000266e-01 -1.552546080043049281e+00 -1.851671119643312124e+01
5.400000000000000355e-01 -1.373576319037520532e+00 -1.723315005818328771e+01
5.500000000000000444e-01 -1.208490023903011856e+00 -1.576543516914798460e+01
5.600000000000000533e-01 -1.058459873714975297e+00 -1.423858653528924911e+01
5.700000000000000622e-01 -9.236429705680957447e-01 -1.273331953362981928e+01
5.799999999999999600e-01 -8.035531645817753921e-01 -1.129944873907209413e+01
5.899999999999999689e-01 -6.973193889751007069e-01 -9.965485697298078094e+00
5.999999999999999778e-01 -6.038625441619560608e-01 -8.745479735763499463e+00
6.099999999999999867e-01 -5.220144776826662891e-01 -7.643866019200550532e+00
6.199999999999999956e-01 -4.505960597394984557e-01 -6.658876935071161185e+00
6.300000000000000044e-01 -3.884665928349980146e-01 -5.784920937786601769e+00
6.400000000000000133e-01 -3.345533362139021527e-01 -5.014222104110559464e+00
6.500000000000000222e-01 -2.878674187612929591e-01 -4.337932812687563811e+00
6.600000000000000311e-01 -2.475105998588675582e-01 -3.746873074604453180e+00
6.700000000000000400e-01 -2.126760280290078686e-01 -3.232007193616294405e+00
6.800000000000000488e-01 -1.826452043915510470e-01 -2.784737296000680651e+00
6.900000000000000577e-01 -1.567826815774847893e-01 -2.397070675231781411e+00
7.000000000000000666e-01 -1.345295455250167249e-01 -2.061701531106909346e+00
7.099999999999999645e-01 -1.153963841347572100e-01 -1.772035854869611127e+00
7.199999999999999734e-01 -9.895620420986839250e-02 -1.522179685388580062e+00
7.299999999999999822e-01 -8.483758818594773488e-02 -1.306904834241766178e+00
7.399999999999999911e-01 -7.271826433609553109e-02 -1.121601791245904867e+00
7.500000000000000000e-01 -6.231918353644921166e-02 -9.622263965618851334e-01
7.600000000000000089e-01 -5.339914152794154878e-02 -8.252446513604090317e-01
7.700000000000000178e-01 -4.574995013796157722e-02 -7.075784817509976898e-01
7.800000000000000266e-01 -3.919213853586146074e-02 -6.065541853932037153e-01
7.900000000000000355e-01 -3.357115227546243058e-02 -5.198545427878094038e-01
8.000000000000000444e-01 -2.875401075911942703e-02 -4.454750685405927668e-01
8.100000000000000533e-01 -2.462638080443040750e-02 -3.816845416962448834e-01
8.200000000000000622e-01 -2.109002376807431189e-02 -3.269897379515003255e-01
8.300000000000000711e-01 -1.806057517432542447e-02 -2.801041538153441479e-01
8.399999999999999689e-01 -1.546561831045029957e-02 -2.399204375657090493e-01
8.499999999999999778e-01 -1.324301631019589656e-02 -2.054862056168168249e-01
8.599999999999999867e-01 -1.133947052954618201e-02 -1.759829125283286222e-01
8.699999999999999956e-01 -9.709276316239769805e-03 -1.507074491243230174e-01
8.800000000000000044e-01 -8.313250454124723396e-03 -1.290561596152136059e-01
8.900000000000000133e-01 -7.117807546933590732e-03 -1.105109908020284609e-01
9.000000000000000222e-01 -6.094165351870093304e-03 -9.462751139084953078e-02
9.100000000000000311e-01 -5.217661564531877148e-03 -8.102456516775644046e-02
9.200000000000000400e-01 -4.467166792284651793e-03 -6.937534700423056422e-02
9.300000000000000488e-01 -3.824580442533010837e-03 -5.939971459773556173e-02
9.400000000000000577e-01 -3.274398010687969585e-03 -5.085757106082899187e-02
9.500000000000000666e-01 -2.803339798481425688e-03 -4.354317374418453790e-02
9.599999999999999645e-01 -2.400032446378314380e-03 -3.728024295665278293e-02
9.699999999999999734e-01 -2.054735843993178539e-03 -3.191776056944994888e-02
9.799999999999999822e-01 -1.759109008701548399e-03 -2.732636296222315866e-02
9.899999999999999911e-01 -1.506009412929539080e-03 -2.339524552038471997e-02
1.000000000000000000e+00 -1.289321011353633918e-03 -2.002950707606429917e-02
1.010000000000000009e+00 -1.103806885360304746e-03 -1.714787245390667417e-02
1.020000000000000018e+00 -9.449829969809744748e-04 -1.468073978910544759e-02
1.030000000000000027e+00 -8.090100400337375906e-04 -1.256850667201504269e-02
1.040000000000000036e+00 -6.926008028863912987e-04 -1.076013557447465588e-02
1.050000000000000044e+00 -5.929408243507007905e-04 -9.211924549002699011e-03
1.060000000000000053e+00 -5.076204398159006809e-04 -7.886453972674527593e-03
1.070000000000000062e+00 -4.345765858861630926e-04 -6.751684230459058071e-03
1.080000000000000071e+00 -3.720429646371542260e-04 -5.780182784621647196e-03
1.090000000000000080e+00 -3.185073684727469890e-04 -4.948462133769261986e-03
1.100000000000000089e+00 0.000000000000000000e+00 -4.236412794089184329e-03
1.110000000000000098e+00 0.000000000000000000e+00 -3.626817694724053086e-03
1.120000000000000107e+00 0.000000000000000000e+00 -3.104936319884692500e-03
1.130000000000000115e+00 0.000000000000000000e+00 -2.658148596387041249e-03
1.140000000000000124e+00 0.000000000000000000e+00 -2.275649955068641175e-03
1.150000000000000133e+00 0.000000000000000000e+00 -1.948190221082831547e-03
1.159999999999999920e+00 0.000000000000000000e+00 -1.667850039956153205e-03
1.169999999999999929e+00 0.000000000000000000e+00 -1.427849448167236961e-03
1.179999999999999938e+00 0.000000000000000000e+00 -1.222383970089263106e-03
1.189999999999999947e+00 0.000000000000000000e+00 -1.046484285700934351e-03
1.199999999999999956e+00 0.000000000000000000e+00 -8.958960812231556723e-04
