0.000000000000000000e+00 4.589290879045179114e+06 1.565437063753866255e+08
1.000000000000000021e-02 3.262839385259983130e+06 1.113118212002887726e+08
2.000000000000000042e-02 2.319664280503517017e+06 7.914739871751293540e+07
2.999999999999999889e-02 1.649035655191684142e+06 5.627555191502165794e+07
4.000000000000000083e-02 1.172211155043599196e+06 4.001182496359835565e+07
5.000000000000000278e-02 8.331958696607768070e+05 2.844721349434552714e+07
5.999999999999999778e-02 5.921713069812719477e+05 2.022416814171089232e+07
7.000000000000000666e-02 4.208224755538670579e+05 1.437730061686864682e+07
8.000000000000000167e-02 2.990147955953621422e+05 1.022010280204734951e+07
8.999999999999999667e-02 2.124309318768595695e+05 7.264387850731084123e+06
1.000000000000000056e-01 1.508902675212583272e+05 5.163001413051218726e+06
1.100000000000000006e-01 1.071538315737821686e+05 3.669081302077246830e+06
1.199999999999999956e-01 7.607445170947478618e+04 2.607085492528341245e+06
1.300000000000000044e-01 5.399240932168515428e+04 1.852189092272683280e+06
1.400000000000000133e-01 3.830567985908671108e+04 1.315632844191151671e+06
1.499999999999999944e-01 2.716432628619354728e+04 9.343040044559716480e+05
1.600000000000000033e-01 1.925318136145729295e+04 6.633270294905537739e+05
1.700000000000000122e-01 1.363731425266698898e+04 4.707946497959952685e+05
1.799999999999999933e-01 9.652144332989069881e+03 3.340210474024970317e+05
1.900000000000000022e-01 6.825304217315382630e+03 2.368774499364275835e+05
2.000000000000000111e-01 4.821079920263397980e+03 1.678974621949333814e+05
2.099999999999999922e-01 3.400905595674026699e+03 1.189297771084436536e+05
2.200000000000000011e-01 2.395274531866738016e+03 8.418013917001830123e+04
2.300000000000000100e-01 1.683768007911730137e+03 5.953011094583098020e+04
2.399999999999999911e-01 1.180856484452497625e+03 4.205267645503741369e+04
2.500000000000000000e-01 8.258052149508149569e+02 2.966781527520094460e+04
2.600000000000000089e-01 5.754982304422869674e+02 2.089760855538153555e+04
2.700000000000000178e-01 3.993373166032646395e+02 1.469212016977256098e+04
2.800000000000000266e-01 2.756162767179507682e+02 1.030560373125496699e+04
2.899999999999999800e-01 1.889440534006401435e+02 7.208493881422434242e+03
2.999999999999999889e-01 1.284135009980226982e+02 5.024841387680283333e+03
3.099999999999999978e-01 8.630022068899825172e+01 3.487839078238222100e+03
3.200000000000000067e-01 5.713817530086105023e+01 2.408210103730251376e+03
3.300000000000000155e-01 3.706310398072690759e+01 1.651740735732219491e+03
3.400000000000000244e-01 2.334625874014663083e+01 1.123314188971389513e+03
3.500000000000000333e-01 1.406338383943667836e+01 7.555658641497649342e+02
3.599999999999999867e-01 7.859784944317626199e+00 5.008236110360505222e+02
3.699999999999999956e-01 3.783658169614500189e+00 3.253828663016650466e+02
3.800000000000000044e-01 1.167899439872338796e+00 2.054411687594853504e+02
3.900000000000000133e-01 -4.536622480376050759e-01 1.242118395790614471e+02
4.000000000000000222e-01 -1.405595593471881122e+00 6.987546566227763378e+01
4.100000000000000311e-01 -1.912857722730431753e+00 3.412654583456520641e+01
4.199999999999999845e-01 -2.130485260714542584e+00 1.114284661186028202e+01
4.299999999999999933e-01 -2.164565239813187603e+00 -3.145087879148782406e+00
4.400000000000000022e-01 -2.087027214449374668e+00 -1.157135569181803803e+01
4.500000000000000111e-01 -1.946060341778817371e+00 -1.610091602106754749e+01
4.600000000000000200e-01 -1.773435192914572855e+00 -1.808855501077724171e+01
4.700000000000000289e-01 -1.589637886192856842e+00 -1.846180896502202984e+01
4.799999999999999822e-01 -1.407459857064570885e+00 -1.785000423253283230e+01
4.899999999999999911e-01 -1.234498970741643387e+00 -1.667514187022204553e+01
5.000000000000000000e-01 -1.074894546016256003e+00 -1.521578644287605897e+01
5.100000000000000089e-01 -9.305244139441499751e-01 -1.365187327561996433e+01
5.200000000000000178e-01 -8.018251698640137537e-01 -1.209604415956409618e+01
5.300000000000000266e-01 -6.883493228493289262e-01 -1.061548565898915264e+01
5.400000000000000355e-01 -5.891394411322958824e-01 -9.247083246072238083e+00
5.500000000000000444e-01 -5.029756128770437318e-01 -8.007880934782427573e+00
5.600000000000000533e-01 -4.285357318418503980e-01 -6.902252131447355943e+00
5.700000000000000622e-01 -3.644962480856326348e-01 -5.926773588079899291e+00
5.799999999999999600e-01 -3.095926545834190580e-01 -5.073501269065148200e+00
5.899999999999999689e-01 -2.626530891932015721e-01 -4.332139550598234301e+00
5.999999999999999778e-01 -2.226142926654886278e-01 -3.691448554111977920e+00
6.099999999999999867e-01 -1.885262630663751826e-01 -3.140130879504043016e+00
6.199999999999999956e-01 -1.595499206435564143e-01 -2.667365992103051475e+00
6.300000000000000044e-01 -1.349506866774836111e-01 -2.263109115529807092e+00
6.400000000000000133e-01 -1.140899025507420977e-01 -1.918235367257910662e+00
6.500000000000000222e-01 -9.641534197771575720e-02 -1.624584560474800821e+00
6.600000000000000311e-01 -8.145160884408228497e-02 -1.374944406572180755e+00
6.700000000000000400e-01 -6.879090107426227840e-02 -1.162997536156707090e+00
6.800000000000000488e-01 -5.808441207090668523e-02 -9.832492196662463435e-01
6.900000000000000577e-01 -4.903450371544538361e-02 -8.309467849642921955e-01
7.000000000000000666e-01 -4.138769636065885160e-02 -7.019977029788724288e-01
7.099999999999999645e-01 -3.492846608065071357e-02 -5.928905822975837347e-01
7.199999999999999734e-01 -2.947380680083807464e-02 -5.006214843684900773e-01
7.299999999999999822e-01 -2.486849727252403094e-02 -4.226267647687496076e-01
7.399999999999999911e-01 -2.098100498431351366e-02 -3.567228680754770398e-01
7.500000000000000000e-01 -1.769995745528935363e-02 -3.010530179903612158e-01
7.600000000000000089e-01 -1.493111351524837281e-02 -2.540404556213726739e-01
7.700000000000000178e-01 -1.259477152343530144e-02 -2.143477213704386430e-01
7.800000000000000266e-01 -1.062355693744542612e-02 -1.808414042866789695e-01
7.900000000000000355e-01 -8.960537525185880217e-03 -1.525617658901696483e-01
8.000000000000000444e-01 -7.557620380267373282e-03 -1.286966622044230235e-01
8.100000000000000533e-01 -6.374190494859659391e-03 -1.085592238545945720e-01
8.200000000000000622e-01 -5.375955820301464745e-03 -9.156880019810753613e-02
8.300000000000000711e-01 -4.533968437395915693e-03 -7.723472346861512405e-02
8.399999999999999689e-01 -3.823795646971606121e-03 -6.514249900621073286e-02
8.499999999999999778e-01 -3.224818488695756994e-03 -5.494207551807790690e-02
8.599999999999999867e-01 -2.719638431570966380e-03 -4.633789368644538470e-02
8.699999999999999956e-01 -2.293575791500041244e-03 -3.908045170675029240e-02
8.800000000000000044e-01 -1.934245862005663482e-03 -3.295916231958942455e-02
8.900000000000000133e-01 -1.631200836230119406e-03 -2.779630768210156200e-02
9.000000000000000222e-01 -1.375627392585977325e-03 -2.344192624997466085e-02
9.100000000000000311e-01 -1.160091350870312218e-03 -1.976949003456769660e-02
9.200000000000000400e-01 -9.783221148351123417e-04 -1.667225151955467610e-02
9.300000000000000488e-01 -8.250307320366728498e-04 -1.406015753142693912e-02
9.400000000000000577e-01 -6.957563496016769917e-04 -1.185724280776749920e-02
9.500000000000000666e-01 -5.867366493003958131e-04 -9.999429222018520538e-03
9.599999999999999645e-01 -4.947985278480876827e-04 -8.432667899902164532e-03
9.699999999999999734e-01 -4.172658666946327797e-04 -7.111371066221727766e-03
9.799999999999999822e-01 -3.518817252388466935e-04 -5.997088626405548337e-03
9.899999999999999911e-01 -2.967427057437704028e-04 -5.057391420840441111e-03
1.000000000000000000e+00 -2.502435886346179189e-04 -4.264928971070767495e-03
1.010000000000000009e+00 -2.110306330634201710e-04 -3.596634520479711442e-03
1.020000000000000018e+00 -1.779621879135984336e-04 -3.033054391805887953e-03
1.030000000000000027e+00 -1.500754698431750833e-04 -2.557782254521002129e-03
1.040000000000000036e+00 -1.265585435139720053e-04 -2.156981914895544829e-03
1.050000000000000044e+00 -1.067266899044304806e-04 -1.818984794329795134e-03
1.060000000000000053e+00 -9.000247585948031588e-05 -1.533950418635507624e-03
1.070000000000000062e+00 -7.589894543673445914e-05 -1.293580063152303819e-03
1.080000000000000071e+00 -6.400544424831786864e-05 -1.090875237453326147e-03
1.090000000000000080e+00 -5.397566448034122434e-05 -9.199339926954216897e-04
1.100000000000000089e+00 0.000000000000000000e+00 -7.757791314861917130e-04
1.110000000000000098e+00 0.000000000000000000e+00 -6.542133258797225726e-04
1.120000000000000107e+00 0.000000000000000000e+00 -5.516969303529307197e-04
1.130000000000000115e+00 0.000000000000000000e+00 -4.652449358349369617e-04
1.140000000000000124e+00 0.000000000000000000e+00 -3.923400670672232767e-04
1.150000000000000133e+00 0.000000000000000000e+00 -3.308594948224035629e-04
1.159999999999999920e+00 0.000000000000000000e+00 -2.790130303716680102e-04
1.169999999999999929e+00 0.000000000000000000e+00 -2.352910035234257130e-04
1.179999999999999938e+00 0.000000000000000000e+00 -1.984203072332913669e-04
1.189999999999999947e+00 0.000000000000000000e+00 -1.673273293755367657e-04
1.199999999999999956e+00 0.000000000000000000e+00 -1.411066926621953963e-04
