0.000000000000000000e+00 3.997067606234666426e+06 1.363423901258115768e+08
1.000000000000000021e-02 2.841788913703273050e+06 9.694753922305659950e+07
2.000000000000000042e-02 2.020326059170386521e+06 6.893382195932088792e+07
2.999999999999999889e-02 1.436238576977172634e+06 4.901349661422210932e+07
4.000000000000000083e-02 1.020945601982014603e+06 3.484853249244292080e+07
5.000000000000000278e-02 7.256781927936504362e+05 2.477627866579737514e+07
5.999999999999999778e-02 5.157562930706145125e+05 1.761437440010496601e+07
7.000000000000000666e-02 3.665188490091012209e+05 1.252201214286358096e+07
8.000000000000000167e-02 2.604295601981571235e+05 8.901275494131738320e+06
8.999999999999999667e-02 1.850186747891196574e+05 6.326976381434188224e+06
1.000000000000000056e-01 1.314193313374630525e+05 4.496759340833052061e+06
1.100000000000000006e-01 9.332670721917932678e+04 3.195618662924912293e+06
1.199999999999999956e-01 6.625784146043073270e+04 2.270665173160150182e+06
1.300000000000000044e-01 4.702527838222603896e+04 1.613181976244021440e+06
1.400000000000000133e-01 3.336276670820078289e+04 1.145863693565006834e+06
1.499999999999999944e-01 2.365909020127452459e+04 8.137418960938216187e+05
1.600000000000000033e-01 1.676879374352210652e+04 5.777319365673930151e+05
1.700000000000000122e-01 1.187759167272931700e+04 4.100439570796074695e+05
1.799999999999999933e-01 8.406661769113126866e+03 2.909195773535459302e+05
1.900000000000000022e-01 5.944591390123806377e+03 2.063113174432708765e+05
2.000000000000000111e-01 4.198987263591046030e+03 1.462324262586031982e+05
2.099999999999999922e-01 2.962068106647230252e+03 1.035834524902832054e+05
2.200000000000000011e-01 2.086200300020052509e+03 7.331783678715888527e+04
2.300000000000000100e-01 1.466503864749681497e+03 5.184858698525439831e+04
2.399999999999999911e-01 1.028485892652885013e+03 3.662638949291512108e+04
2.500000000000000000e-01 7.192487512006618999e+02 2.583962900986110253e+04
2.600000000000000089e-01 5.012400679778887138e+02 1.820109619385233964e+04
2.700000000000000178e-01 3.478099463406971381e+02 1.279633741579717389e+04
2.800000000000000266e-01 2.400530937877501572e+02 8.975836185006297455e+03
2.899999999999999800e-01 1.645644631671274283e+02 6.278361162905024685e+03
2.999999999999999889e-01 1.118443252732489270e+02 4.376474665308583099e+03
3.099999999999999978e-01 7.516500470211613560e+01 3.037797533236182062e+03
3.200000000000000067e-01 4.976577582310665804e+01 2.097476561532360392e+03
3.300000000000000155e-01 3.228100186590059195e+01 1.438616447136341549e+03
3.400000000000000244e-01 2.033403693636669018e+01 9.783738672953681998e+02
3.500000000000000333e-01 1.224891932935140559e+01 6.580766310688794647e+02
3.599999999999999867e-01 6.845755368192791401e+00 4.362039540499114878e+02
3.699999999999999956e-01 3.295555031862704709e+00 2.834003179868772690e+02
3.800000000000000044e-01 1.017292131055566262e+00 1.789345841594444835e+02
3.900000000000000133e-01 -3.950535651911001866e-01 1.081861145023032975e+02
4.000000000000000222e-01 -1.224171363434056969e+00 6.086058770797061612e+01
4.100000000000000311e-01 -1.665992130249717595e+00 2.972417997008521340e+01
4.199999999999999845e-01 -1.855548210327401915e+00 9.705910203747700749e+00
4.299999999999999933e-01 -1.885238388443055912e+00 -2.738591386329273902e+00
4.400000000000000022e-01 -1.817711335289545982e+00 -1.007773817353037771e+01
4.500000000000000111e-01 -1.694938548105043852e+00 -1.402295142141753637e+01
4.600000000000000200e-01 -1.544591415716514815e+00 -1.575421085707493773e+01
4.700000000000000289e-01 -1.384512888597806635e+00 -1.607937477327873665e+01
4.799999999999999822e-01 -1.225844058835371841e+00 -1.554656959171736474e+01
4.899999999999999911e-01 -1.075202554591083715e+00 -1.452334751271576074e+01
5.000000000000000000e-01 -9.361936953729458333e-01 -1.325233166292270148e+01
5.100000000000000089e-01 -8.104530963357963191e-01 -1.189024183874261631e+01
5.200000000000000178e-01 -6.983610854149779890e-01 -1.053518696566932000e+01
5.300000000000000266e-01 -5.995279659331420596e-01 -9.245685623872436310e+00
5.400000000000000355e-01 -5.131198879963926318e-01 -8.053864867183325060e+00
5.500000000000000444e-01 -4.380743811235541241e-01 -6.974570274888063359e+00
5.600000000000000533e-01 -3.732399597255214307e-01 -6.011611571360822914e+00
5.700000000000000622e-01 -3.174638751940460080e-01 -5.162007715156766707e+00
5.799999999999999600e-01 -2.696447989680436641e-01 -4.418840100027345841e+00
5.899999999999999689e-01 -2.287620896969193018e-01 -3.773141879265366150e+00
5.999999999999999778e-01 -1.938896928923616036e-01 -3.215123725031085566e+00
6.099999999999999867e-01 -1.642001953660318647e-01 -2.734946158183953813e+00
6.199999999999999956e-01 -1.389627918652958094e-01 -2.323184993045252167e+00
6.300000000000000044e-01 -1.175376928241161356e-01 -1.971091672110697246e+00
6.400000000000000133e-01 -9.936865093641372715e-02 -1.670718810325758863e+00
6.500000000000000222e-01 -8.397469784028845086e-02 -1.414959221466388195e+00
6.600000000000000311e-01 -7.094178112399340819e-02 -1.197531292309529594e+00
6.700000000000000400e-01 -5.991472009255777165e-02 -1.012932842997111615e+00
6.800000000000000488e-01 -5.058971680924966713e-02 -8.563781766656425321e-01
6.900000000000000577e-01 -4.270753911834350436e-02 -7.237278968497747877e-01
7.000000000000000666e-01 -3.604741522308950452e-02 -6.114175643534212057e-01
7.099999999999999645e-01 -3.042163134427547377e-02 -5.163888873799717949e-01
7.199999999999999734e-01 -2.567079555313971084e-02 -4.360255454649409335e-01
7.299999999999999822e-01 -2.165971549213998801e-02 -3.680946971877679386e-01
7.399999999999999911e-01 -1.827383084004400443e-02 -3.106945440773585809e-01
7.500000000000000000e-01 -1.541613994261501613e-02 -2.622078999277282496e-01
7.600000000000000089e-01 -1.300456191147070228e-02 -2.212614632420339955e-01
7.700000000000000178e-01 -1.096967927878787427e-02 -1.866903533794885273e-01
7.800000000000000266e-01 -9.252811051014655716e-03 -1.575074086229397152e-01
7.900000000000000355e-01 -7.804371126948204604e-03 -1.328767297013477844e-01
8.000000000000000444e-01 -6.582472155801131347e-03 -1.120909668725683789e-01
8.100000000000000533e-01 -5.551739782681684200e-03 -9.455188012788497132e-02
8.200000000000000622e-01 -4.682306737189678887e-03 -7.975374223797401796e-02
8.300000000000000711e-01 -3.948960307037501817e-03 -6.726919791935224990e-02
8.399999999999999689e-01 -3.330420386735963734e-03 -5.673723602774386615e-02
8.499999999999999778e-01 -2.808728511668859545e-03 -4.785297337826830560e-02
8.599999999999999867e-01 -2.368731105818319606e-03 -4.035898743881750211e-02
8.699999999999999956e-01 -1.997642620500000334e-03 -3.403797021286636415e-02
8.800000000000000044e-01 -1.684676358511457252e-03 -2.870650696552937489e-02
8.900000000000000133e-01 -1.420732600180372703e-03 -2.420981112748625541e-02
9.000000000000000222e-01 -1.198135210517529536e-03 -2.041727094628064190e-02
9.100000000000000311e-01 -1.010409243119348528e-03 -1.721868452586055448e-02
9.200000000000000400e-01 -8.520931967110636183e-04 -1.452107811563053442e-02
9.300000000000000488e-01 -7.185805511967369294e-04 -1.224601819621336414e-02
9.400000000000000577e-01 -6.059860355940203339e-04 -1.032734136509598152e-02
9.500000000000000666e-01 -5.110327811415056685e-04 -8.709237534917212836e-03
9.599999999999999645e-01 -4.309571073258531074e-04 -7.344631778501459381e-03
9.699999999999999734e-01 -3.634281922881642908e-04 -6.193818519084059830e-03
9.799999999999999822e-01 -3.064803055596596396e-04 -5.223308876135849925e-03
9.899999999999999911e-01 -2.584556419520108545e-04 -4.404858016175869882e-03
1.000000000000000000e+00 -2.179561006183324847e-04 -3.714644480119743027e-03
1.010000000000000009e+00 -1.838026112827491907e-04 -3.132577799193480596e-03
1.020000000000000018e+00 -1.550008276296006491e-04 -2.641714386679377188e-03
1.030000000000000027e+00 -1.307121919876322585e-04 -2.227764802688006040e-03
1.040000000000000036e+00 -1.102295309542616409e-04 -1.878678119289403170e-03
1.050000000000000044e+00 -9.295647290335503450e-05 -1.584291336691228107e-03
1.060000000000000053e+00 -7.839008915544657514e-05 -1.336033679917051839e-03
1.070000000000000062e+00 -6.610625413620651149e-05 -1.126677192509085252e-03
1.080000000000000071e+00 -5.574729879340794382e-05 -9.501263840824951141e-04
1.090000000000000080e+00 -4.701159815653476864e-05 -8.012408202045047303e-04
1.100000000000000089e+00 0.000000000000000000e+00 -6.756854983615897137e-04
1.110000000000000098e+00 0.000000000000000000e+00 -5.698046600656378165e-04
1.120000000000000107e+00 0.000000000000000000e+00 -4.805153695836633047e-04
1.130000000000000115e+00 0.000000000000000000e+00 -4.052177639346025138e-04
1.140000000000000124e+00 0.000000000000000000e+00 -3.417193632329411607e-04
1.150000000000000133e+00 0.000000000000000000e+00 -2.881712391602700820e-04
1.159999999999999920e+00 0.000000000000000000e+00 -2.430141841287728041e-04
1.169999999999999929e+00 0.000000000000000000e+00 -2.049333145449322804e-04
1.179999999999999938e+00 0.000000000000000000e+00 -1.728197869137958166e-04
1.189999999999999947e+00 0.000000000000000000e+00 -1.457385124573364597e-04
1.199999999999999956e+00 0.000000000000000000e+00 -1.229009304590001912e-04
