0.000000000000000000e+00 6.661626383258511312e+06 2.272313182142282426e+08
1.000000000000000021e-02 4.736211660317643546e+06 1.615751559949293137e+08
2.000000000000000042e-02 3.367140683323038276e+06 1.148869396956180632e+08
2.999999999999999889e-02 2.393684424232405145e+06 8.168729184035411477e+07
4.000000000000000083e-02 1.701544920726406155e+06 5.807962661860027164e+07
5.000000000000000278e-02 1.209442982981369598e+06 4.129294978430687636e+07
5.999999999999999778e-02 8.595801412180325715e+05 2.935672225816627219e+07
7.000000000000000666e-02 6.108557458519812208e+05 2.086964067014030367e+07
8.000000000000000167e-02 4.340433822854149039e+05 1.483520677829253487e+07
8.999999999999999667e-02 3.083606416804374312e+05 1.054479365216945857e+07
1.000000000000000056e-01 2.190297675968400727e+05 7.494489048566954210e+06
1.100000000000000006e-01 1.555429560074060864e+05 5.325959319763556123e+06
1.199999999999999956e-01 1.104287626795255637e+05 3.784395419146986213e+06
1.300000000000000044e-01 7.837486715474106313e+04 2.688606749024585355e+06
1.400000000000000133e-01 5.560425467078295333e+04 1.909753866892431630e+06
1.499999999999999944e-01 3.943161194183013868e+04 1.356224647103740834e+06
1.600000000000000033e-01 2.794787835172965424e+04 9.628793015909737442e+05
1.700000000000000122e-01 1.979593174642318991e+04 6.834022638541546185e+05
1.799999999999999933e-01 1.401108194482209547e+04 4.848634752523106290e+05
1.900000000000000022e-01 9.907650009341821715e+03 3.438508506063058157e+05
2.000000000000000111e-01 6.998319498271242082e+03 2.437200563346867275e+05
2.099999999999999922e-01 4.936791898960347680e+03 1.726388384948112071e+05
2.200000000000000011e-01 3.477013463356197008e+03 1.221963721418747446e+05
2.300000000000000100e-01 2.444185641162839602e+03 8.641440621709082916e+04
2.399999999999999911e-01 1.714154441931957081e+03 6.104412890131797030e+04
2.500000000000000000e-01 1.198757647273854218e+03 4.306620916875686089e+04
2.600000000000000089e-01 8.354082510984934515e+02 3.033531532494056592e+04
2.700000000000000178e-01 5.796899047158840403e+02 2.132736839699700795e+04
2.800000000000000266e-01 4.000938521307130600e+02 1.495984699824178279e+04
2.899999999999999800e-01 2.742783664850488776e+02 1.046403563691169256e+04
2.999999999999999889e-01 1.864105590340052174e+02 7.294206597319072898e+03
3.099999999999999978e-01 1.252776184683075797e+02 5.063062057141505647e+03
3.200000000000000067e-01 8.294497842764877760e+01 3.495846887531982247e+03
3.300000000000000155e-01 5.380322020622370616e+01 2.397735492766696098e+03
3.400000000000000244e-01 3.389124496553615984e+01 1.630655430597815439e+03
3.500000000000000333e-01 2.041576355860258118e+01 1.096819423120123474e+03
3.599999999999999867e-01 1.141026986734443582e+01 7.270258657883215392e+02
3.699999999999999956e-01 5.493100075596485610e+00 4.723486197995543989e+02
3.800000000000000044e-01 1.695866007294414057e+00 2.982355459670355344e+02
3.900000000000000133e-01 -6.581416872269102436e-01 1.803187097198956224e+02
4.000000000000000222e-01 -2.040078951870811341e+00 1.014407398490833714e+02
4.100000000000000311e-01 -2.776502802839214024e+00 4.954512612422020368e+01
4.199999999999999845e-01 -3.092471488307444893e+00 1.618012355279629944e+01
4.299999999999999933e-01 -3.141986342768192220e+00 -4.561637833507011131e+00
4.400000000000000022e-01 -3.029464404352528728e+00 -1.679424857764058032e+01
4.500000000000000111e-01 -2.824860151108687933e+00 -2.337013062329452850e+01
4.600000000000000200e-01 -2.574294077703500605e+00 -2.625595801783586936e+01
4.700000000000000289e-01 -2.307505585723550023e+00 -2.679819296082689561e+01
4.799999999999999822e-01 -2.043064034161678144e+00 -2.591040380734912674e+01
4.899999999999999911e-01 -1.791999462207129357e+00 -2.420519613611233112e+01
5.000000000000000000e-01 -1.560321231974643119e+00 -2.208695596956714979e+01
5.100000000000000089e-01 -1.350755741335423865e+00 -1.981689370513744208e+01
5.200000000000000178e-01 -1.163937149057648224e+00 -1.755853234612970581e+01
5.300000000000000266e-01 -9.992161686856958491e-01 -1.540940899603771541e+01
5.400000000000000355e-01 -8.552032049571965944e-01 -1.342307336649596827e+01
5.500000000000000444e-01 -7.301275880900282012e-01 -1.162427156230229919e+01
5.600000000000000533e-01 -6.220702596146731045e-01 -1.001935572673766117e+01
5.700000000000000622e-01 -5.291100334431068086e-01 -8.603359402854190208e+00
5.799999999999999600e-01 -4.494114067055364203e-01 -7.364753030229004516e+00
5.899999999999999689e-01 -3.812733426691065630e-01 -6.288592941507135770e+00
5.999999999999999778e-01 -3.231524400669375519e-01 -5.358564387417924735e+00
6.099999999999999867e-01 -2.736696929275918566e-01 -4.558268823271247605e+00
6.199999999999999956e-01 -2.316071034569601450e-01 -3.871999703109382018e+00
6.300000000000000044e-01 -1.958983629848959629e-01 -3.285176410722326690e+00
6.400000000000000133e-01 -1.656163972693543707e-01 -2.784553530061861348e+00
6.500000000000000222e-01 -1.399595950581025983e-01 -2.358285911708548177e+00
6.600000000000000311e-01 -1.182378703244719304e-01 -1.995904313364342375e+00
6.700000000000000400e-01 -9.985925562429415203e-02 -1.688238513096858240e+00
6.800000000000000488e-01 -8.431742080123175165e-02 -1.427312401503314732e+00
6.900000000000000577e-01 -7.118031157903238759e-02 -1.206227017765750587e+00
7.000000000000000666e-01 -6.007997401806892956e-02 -1.019041649683237072e+00
7.099999999999999645e-01 -5.070355072748376074e-02 -8.606591544497474988e-01
7.199999999999999734e-01 -4.278538733429249064e-02 -7.267190014216128313e-01
7.299999999999999822e-01 -3.610016207409943306e-02 -6.134997870904213002e-01
7.399999999999999911e-01 -3.045693993746241557e-02 -5.178318431438807545e-01
7.500000000000000000e-01 -2.569405041229158582e-02 -4.370198531192499569e-01
7.600000000000000089e-01 -2.167469099692143075e-02 -3.687749739546906103e-01
7.700000000000000178e-01 -1.828316496604507832e-02 -3.111557301439568102e-01
7.800000000000000266e-01 -1.542166979680909336e-02 -2.625168442517232248e-01
7.900000000000000355e-01 -1.300756119883034884e-02 -2.214651430589978931e-01
8.000000000000000444e-01 -1.097102620860828694e-02 -1.868217028818815462e-01
8.100000000000000533e-01 -9.253106928178309043e-03 -1.575894500250200614e-01
8.200000000000000622e-01 -7.804024001425081958e-03 -1.329254992550029379e-01
8.300000000000000711e-01 -6.581755731654279594e-03 -1.121175857730079134e-01
8.399999999999999689e-01 -5.550834824116016898e-03 -9.456401887463845857e-02
8.499999999999999778e-01 -4.681330104222111016e-03 -7.975665497123940462e-02
8.599999999999999867e-01 -3.947985258696306773e-03 -6.726645205569031782e-02
8.699999999999999956e-01 -3.329490728675497165e-03 -5.673122614390747886e-02
8.800000000000000044e-01 -2.807868412151955182e-03 -4.784528245141227154e-02
8.900000000000000133e-01 -2.367951869926416576e-03 -4.035064019813421748e-02
9.000000000000000222e-01 -1.996947333754466557e-03 -3.402961032544573466e-02
9.100000000000000311e-01 -1.684063042756082495e-03 -2.869852052788649660e-02
9.200000000000000400e-01 -1.420196334560331567e-03 -2.420241236902018894e-02
9.300000000000000488e-01 -1.197669535943969490e-03 -2.041056139382490392e-02
9.400000000000000577e-01 -1.010007073572340543e-03 -1.721269357645945769e-02
9.500000000000000666e-01 -8.517473936327696381e-04 -1.451579062475471735e-02
9.599999999999999645e-01 -7.182842699158519537e-04 -1.224139303159850825e-02
9.699999999999999734e-01 -6.057329194208756901e-04 -1.032332370388833014e-02
9.799999999999999822e-01 -5.108170553801953282e-04 -8.705766852955848512e-03
9.899999999999999911e-01 -4.307736090573601731e-04 -7.341646895309921102e-03
1.000000000000000000e+00 -3.632723603263852529e-04 -6.191260649463926728e-03
1.010000000000000009e+00 -3.063481470108597726e-04 -5.221123348744251616e-03
1.020000000000000018e+00 -2.583436862850335388e-04 -4.402995115372434522e-03
1.030000000000000027e+00 -2.178613483476759204e-04 -3.713059724330596695e-03
1.040000000000000036e+00 -1.837224817638236996e-04 -3.131231869091706532e-03
1.050000000000000044e+00 -1.549331087014857488e-04 -2.640572846896626063e-03
1.060000000000000053e+00 -1.306549930174519172e-04 -2.226797712544734131e-03
1.070000000000000062e+00 -1.101812400589847698e-04 -1.877859594793695151e-03
1.080000000000000071e+00 -9.291571862331028675e-05 -1.583599103311800508e-03
1.090000000000000080e+00 -7.835570654094583057e-05 -1.335448640212680543e-03
1.100000000000000089e+00 0.000000000000000000e+00 -1.126183022361549897e-03
1.110000000000000098e+00 0.000000000000000000e+00 -9.497091644632334748e-04
1.120000000000000107e+00 0.000000000000000000e+00 -8.008887070064565602e-04
1.130000000000000115e+00 0.000000000000000000e+00 -6.753884300776464211e-04
1.140000000000000124e+00 0.000000000000000000e+00 -5.695541014579729930e-04
1.150000000000000133e+00 0.000000000000000000e+00 -4.803040885921944811e-04
1.159999999999999920e+00 0.000000000000000000e+00 -4.050396386615606986e-04
1.169999999999999929e+00 0.000000000000000000e+00 -3.415692157383596944e-04
1.179999999999999938e+00 0.000000000000000000e+00 -2.880446928908123754e-04
1.189999999999999947e+00 0.000000000000000000e+00 -2.429075419995809827e-04
1.199999999999999956e+00 0.000000000000000000e+00 -2.048434549481933660e-04
