0.000000000000000000e+00 1.061293363604246452e+07 3.300147700559753776e+08
1.000000000000000021e-02 7.776451931993396021e+06 2.418415400697329044e+08
2.000000000000000042e-02 5.697839498866816983e+06 1.772228737763443589e+08
2.999999999999999889e-02 4.174636677011159249e+06 1.298669214710737467e+08
4.000000000000000083e-02 3.058464836346904282e+06 9.516242719304847717e+07
5.000000000000000278e-02 2.240580926794077270e+06 6.972984177717632055e+07
5.999999999999999778e-02 1.641290419547014171e+06 5.109233219366515428e+07
7.000000000000000666e-02 1.202188073996999301e+06 3.743466347258324921e+07
8.000000000000000167e-02 8.804712241161799757e+05 2.742648285140085220e+07
8.999999999999999667e-02 6.447720170588033507e+05 2.009280458206877112e+07
1.000000000000000056e-01 4.721028923473409959e+05 1.471908827663658001e+07
1.100000000000000006e-01 3.456179541887973901e+05 1.078167096600208431e+07
1.199999999999999956e-01 2.529723101279481780e+05 7.896780957886306569e+06
1.300000000000000044e-01 1.851196570282249013e+05 5.783170327141310088e+06
1.400000000000000133e-01 1.354310561127302935e+05 4.234728512586867437e+06
1.499999999999999944e-01 9.904910502456060203e+04 3.100411064250959549e+06
1.600000000000000033e-01 7.241462999070447404e+04 2.269529653422788717e+06
1.700000000000000122e-01 5.291981573366314842e+04 1.660971336484062020e+06
1.799999999999999933e-01 3.865399954326739680e+04 1.215297550678971456e+06
1.900000000000000022e-01 2.821737703311886798e+04 8.889536464472775115e+05
2.000000000000000111e-01 2.058447868165373438e+04 6.500252132446321193e+05
2.099999999999999922e-01 1.500412187594201532e+04 4.751280324058525148e+05
2.200000000000000011e-01 1.092609451926101246e+04 3.471288485893667093e+05
2.300000000000000100e-01 7.947429029408535825e+03 2.534750328909085947e+05
2.399999999999999911e-01 5.773033107384209870e+03 1.849704888641569123e+05
2.500000000000000000e-01 4.186841686736290285e+03 1.348785976239489974e+05
2.600000000000000089e-01 3.030679076317363524e+03 9.826483893561136210e+04
2.700000000000000178e-01 2.188771226921383459e+03 7.151506116807936633e+04
2.800000000000000266e-01 1.576398387507347934e+03 5.198247581443716626e+04
2.899999999999999800e-01 1.131581746160931743e+03 3.772898683056126174e+04
2.999999999999999889e-01 8.089932409875553958e+02 2.733565149946379097e+04
3.099999999999999978e-01 5.754943550659957054e+02 1.976380217584637285e+04
3.200000000000000067e-01 4.068684689697021781e+02 1.425329252235456261e+04
3.300000000000000155e-01 2.854276921001660980e+02 1.024794807453303838e+04
3.400000000000000244e-01 1.982603591920593260e+02 7.340951220562687922e+03
3.500000000000000333e-01 1.359478637940255794e+02 5.234832975550752963e+03
3.599999999999999867e-01 9.162529144861692032e+01 3.712167371638058739e+03
3.699999999999999956e-01 6.029387141383678994e+01 2.614107467643643304e+03
3.800000000000000044e-01 3.831785554448359932e+01 1.824666479649866005e+03
3.900000000000000133e-01 2.305645176913363414e+01 1.259207789933208687e+03
4.000000000000000222e-01 1.259464297546732325e+01 8.560181646351580866e+02
4.100000000000000311e-01 5.546396617406358587e+00 5.701393859453107780e+02
4.199999999999999845e-01 9.108588578473562070e-01 3.688539870393282172e+02
4.299999999999999933e-01 -2.032679447757221869e+00 2.283823444462731231e+02
4.400000000000000022e-01 -3.801452748065923259e+00 1.314667728166248253e+02
4.500000000000000111e-01 -4.765147236073582704e+00 6.560501655671363608e+01
4.600000000000000200e-01 -5.186662401540910849e+00 2.175909534105365850e+01
4.700000000000000289e-01 -5.251790842751545618e+00 -6.587968405671571936e+00
4.799999999999999822e-01 -5.090804197652919250e+00 -2.412089198395653256e+01
4.899999999999999911e-01 -4.794130988178440411e+00 -3.419470052758114775e+01
5.000000000000000000e-01 -4.423724911421552441e+00 -3.920116550004081546e+01
5.100000000000000089e-01 -4.021292200691181762e+00 -4.083574584543492847e+01
5.200000000000000178e-01 -3.614232019949143115e+00 -4.029184055493087868e+01
5.300000000000000266e-01 -3.219913602796488750e+00 -3.840196734677316925e+01
5.400000000000000355e-01 -2.848745405114026408e+00 -3.574021441772911345e+01
5.500000000000000444e-01 -2.506368354760895478e+00 -3.269645560317304245e+01
5.600000000000000533e-01 -2.195215226366153960e+00 -2.952999628549498468e+01
5.700000000000000622e-01 -1.915612362481615261e+00 -2.640825143232451921e+01
5.799999999999999600e-01 -1.666551899444545626e+00 -2.343454559036755569e+01
5.899999999999999689e-01 -1.446227573892206797e+00 -2.066801905638861570e+01
5.999999999999999778e-01 -1.252401596360308789e+00 -1.813781604701694405e+01
6.099999999999999867e-01 -1.082651428651528303e+00 -1.585313983824033635e+01
6.199999999999999956e-01 -9.345317230091181315e-01 -1.381032820314623599e+01
6.300000000000000044e-01 -8.056768061868881947e-01 -1.199778731825963440e+01
6.400000000000000133e-01 -6.938619199641137270e-01 -1.039939235060634282e+01
6.500000000000000222e-01 -5.970362299736837741e-01 -8.996795275806956482e+00
6.600000000000000311e-01 -5.133368521084631375e-01 -7.770958347072657979e+00
6.700000000000000400e-01 -4.410904294639461654e-01 -6.703142766876982961e+00
6.800000000000000488e-01 -3.788068373588415194e-01 -5.775517530776395958e+00
6.900000000000000577e-01 -3.251681911289991400e-01 -4.971506550672467384e+00
7.000000000000000666e-01 -2.790153291674404290e-01 -4.275958222105476381e+00
7.099999999999999645e-01 -2.393332313486371821e-01 -3.675197068261690792e+00
7.199999999999999734e-01 -2.052363299067843372e-01 -3.156999409071089779e+00
7.299999999999999822e-01 -1.759543174070487548e-01 -2.710522295628843725e+00
7.399999999999999911e-01 -1.508188120798812093e-01 -2.326205852714950506e+00
7.500000000000000000e-01 -1.292510736144012462e-01 -1.995662689880506546e+00
7.600000000000000089e-01 -1.107508501932700645e-01 -1.711563449263744374e+00
7.700000000000000178e-01 -9.488636397639767239e-02 -1.467524328363285280e+00
7.800000000000000266e-01 -8.128539579974448925e-02 -1.258000165009064197e+00
7.900000000000000355e-01 -6.962740222434465887e-02 -1.078185121533927981e+00
8.000000000000000444e-01 -5.963658330368249577e-02 -9.239219541736211072e-01
8.100000000000000533e-01 -5.107581330961667027e-02 -7.916201563994760271e-01
8.200000000000000622e-01 -4.374134618514932682e-02 -6.781828162621186262e-01
8.300000000000000711e-01 -3.745821058740403386e-02 -5.809417524843486502e-01
8.399999999999999689e-01 -3.207621459835045125e-02 -4.976003380106009399e-01
8.499999999999999778e-01 -2.746648652420093095e-02 -4.261833445463710235e-01
8.599999999999999867e-01 -2.351848501249699866e-02 -3.649931200690850752e-01
8.699999999999999956e-01 -2.013741855390669896e-02 -3.125714242131009679e-01
8.800000000000000044e-01 -1.724202102970973441e-02 -2.676662804860204248e-01
8.900000000000000133e-01 -1.476263615333615539e-02 -2.292032502789440596e-01
9.000000000000000222e-01 -1.263956934881068153e-02 -1.962605853691408719e-01
9.100000000000000311e-01 -1.082167077530465579e-02 -1.680477689564467969e-01
9.200000000000000400e-01 -9.265117843406405276e-03 -1.438870075756328859e-01
9.300000000000000488e-01 -7.932369694424326947e-03 -1.231972858640191792e-01
9.400000000000000577e-01 -6.791269760731158574e-03 -1.054806422214001893e-01
9.500000000000000666e-01 -5.814275731143362692e-03 -9.031036544117260201e-02
9.599999999999999645e-01 -4.977799051574255916e-03 -7.732085029772266249e-02
9.699999999999999734e-01 -4.261638538772921994e-03 -6.619888392950024070e-02
9.799999999999999822e-01 -3.648494813418129250e-03 -5.667616486813703558e-02
9.899999999999999911e-01 -3.123554105259085476e-03 -4.852288300988878700e-02
1.000000000000000000e+00 -2.674131581491587684e-03 -4.154221201833994265e-02
1.010000000000000009e+00 -2.289365731057420132e-03 -3.556558590732456643e-02
1.020000000000000018e+00 -1.959956529803760002e-03 -3.044864919428686909e-02
1.030000000000000027e+00 -1.677941139120639556e-03 -2.606778533442163925e-02
1.040000000000000036e+00 -1.436501775601058172e-03 -2.231714142084883362e-02
1.050000000000000044e+00 -1.229801150612247701e-03 -1.910607861751766751e-02
1.060000000000000053e+00 -1.052841533207919764e-03 -1.635698770639939723e-02
1.070000000000000062e+00 -9.013440521829814553e-04 -1.400341768137594242e-02
1.080000000000000071e+00 -7.716453359983436793e-04 -1.198847268759360880e-02
1.090000000000000080e+00 -6.606090038208117668e-04 -1.026343894508986894e-02
1.100000000000000089e+00 0.000000000000000000e+00 -8.786608747908458694e-03
1.110000000000000098e+00 0.000000000000000000e+00 -7.522273315823039055e-03
1.120000000000000107e+00 0.000000000000000000e+00 -6.439860300660293913e-03
1.130000000000000115e+00 0.000000000000000000e+00 -5.513195204627994485e-03
1.140000000000000124e+00 0.000000000000000000e+00 -4.719868933359405716e-03
1.150000000000000133e+00 0.000000000000000000e+00 -4.040696250207347767e-03
1.159999999999999920e+00 0.000000000000000000e+00 -3.459252079914082630e-03
1.169999999999999929e+00 0.000000000000000000e+00 -2.961474480250482575e-03
1.179999999999999938e+00 0.000000000000000000e+00 -2.535324703581368338e-03
1.189999999999999947e+00 0.000000000000000000e+00 -2.170496144459179919e-03
1.199999999999999956e+00 0.000000000000000000e+00 -1.858165146859573928e-03
