0.000000000000000000e+00 3.404844374991481192e+06 1.161410754225837439e+08
1.000000000000000021e-02 2.420738470787444618e+06 8.258325831401072443e+07
2.000000000000000042e-02 1.720987857552196598e+06 5.872024593840740621e+07
2.999999999999999889e-02 1.223441512319260277e+06 4.175144182186174393e+07
4.000000000000000083e-02 8.696800582319526002e+05 2.968524037159181759e+07
5.000000000000000278e-02 6.181605223146103090e+05 2.110534407836478576e+07
5.999999999999999778e-02 4.393412835368101951e+05 1.500458082428557426e+07
7.000000000000000666e-02 3.122152254590216908e+05 1.066672378272238746e+07
8.000000000000000167e-02 2.218443268468799070e+05 7.582448264324915595e+06
8.999999999999999667e-02 1.576064190968644689e+05 5.389564965649433434e+06
1.000000000000000056e-01 1.119483961038223497e+05 3.830517305224839132e+06
1.100000000000000006e-01 7.949958351027326717e+04 2.722156048781293444e+06
1.199999999999999956e-01 5.644123164926127356e+04 1.934244870847831015e+06
1.300000000000000044e-01 4.005814773902358138e+04 1.374174871826760704e+06
1.400000000000000133e-01 2.841985375724620098e+04 9.760945508284230018e+05
1.499999999999999944e-01 2.015385425090087665e+04 6.931797930809756508e+05
1.600000000000000033e-01 1.428440621584671680e+04 4.921368472627087031e+05
1.700000000000000122e-01 1.011786915313050122e+04 3.492932668045783066e+05
1.799999999999999933e-01 7.161179245415170044e+03 2.478181089470406005e+05
1.900000000000000022e-01 5.063878589566679693e+03 1.757451860515495355e+05
2.000000000000000111e-01 3.576894624485651093e+03 1.245673910582513490e+05
2.099999999999999922e-01 2.523230629139715802e+03 8.823712836190970847e+04
2.200000000000000011e-01 1.777126075676423852e+03 6.245553472874587897e+04
2.300000000000000100e-01 1.249239726436634555e+03 4.416706323846382293e+04
2.399999999999999911e-01 8.761153039582878819e+02 3.120010267080198537e+04
2.500000000000000000e-01 6.126922894170626250e+02 2.201144283556052687e+04
2.600000000000000089e-01 4.269819067425781327e+02 1.550458389102228466e+04
2.700000000000000178e-01 2.962825768338727244e+02 1.090055469928804087e+04
2.800000000000000266e-01 2.044899113128202544e+02 7.646068662378565932e+03
2.899999999999999800e-01 1.401848732007284752e+02 5.348228459053389997e+03
2.999999999999999889e-01 9.527514969976111558e+01 3.728107951866574695e+03
3.099999999999999978e-01 6.402978879677681334e+01 2.587755993533173751e+03
3.200000000000000067e-01 4.239337638612992976e+01 1.786743022369384789e+03
3.300000000000000155e-01 2.749889976900741573e+01 1.225492160190145341e+03
3.400000000000000244e-01 1.732181513851973520e+01 8.334335464427542775e+02
3.500000000000000333e-01 1.043445481957060217e+01 5.605873983356949566e+02
3.599999999999999867e-01 5.831725790332265902e+00 3.715842971517483306e+02
3.699999999999999956e-01 2.807451892226150658e+00 2.414177696302915592e+02
3.800000000000000044e-01 8.666848210890927273e-01 1.524279994634941318e+02
3.900000000000000133e-01 -3.364448824495883672e-01 9.216038931748127538e+01
4.000000000000000222e-01 -1.042747132455328130e+00 5.184570965491951000e+01
4.100000000000000311e-01 -1.419126535929834843e+00 2.532181402556748395e+01
4.199999999999999845e-01 -1.580611157406760947e+00 8.268973736855453893e+00
4.299999999999999933e-01 -1.605911534054423662e+00 -2.332094932090551964e+00
4.400000000000000022e-01 -1.548395452815341189e+00 -8.584120676366161717e+00
4.500000000000000111e-01 -1.443816750979197705e+00 -1.194498682874513129e+01
4.600000000000000200e-01 -1.315747635053579945e+00 -1.341986669947948840e+01
4.700000000000000289e-01 -1.179387887618738473e+00 -1.369694056971045093e+01
4.799999999999999822e-01 -1.044228257369518964e+00 -1.324313493362778438e+01
4.899999999999999911e-01 -9.159061353952998585e-01 -1.237155313449397731e+01
5.000000000000000000e-01 -7.974928419020772541e-01 -1.128887686037866978e+01
5.100000000000000089e-01 -6.903817761300996558e-01 -1.012861037858123581e+01
5.200000000000000178e-01 -5.948969986011999334e-01 -8.974329748658595562e+00
5.300000000000000266e-01 -5.107066068799271941e-01 -7.875885566410894434e+00
5.400000000000000355e-01 -4.371003329413153948e-01 -6.860646467120859349e+00
5.500000000000000444e-01 -3.731731476556961469e-01 -5.941259595236101809e+00
5.600000000000000533e-01 -3.179441860847457835e-01 -5.120970993061032317e+00
5.700000000000000622e-01 -2.704315009522138546e-01 -4.397241825608234400e+00
5.799999999999999600e-01 -2.296969421607869544e-01 -3.764178915935461500e+00
5.899999999999999689e-01 -1.948710891516664268e-01 -3.214144194392271725e+00
5.999999999999999778e-01 -1.651650921984384457e-01 -2.738798883839960396e+00
6.099999999999999867e-01 -1.398741268592547937e-01 -2.329761426084192788e+00
6.199999999999999956e-01 -1.183756623821900639e-01 -1.979003984431243257e+00
6.300000000000000044e-01 -1.001246983558032599e-01 -1.679074220249715532e+00
6.400000000000000133e-01 -8.464739878643545712e-02 -1.423202245958833156e+00
6.500000000000000222e-01 -7.153405323695399831e-02 -1.205333875927548481e+00
6.600000000000000311e-01 -6.043195299918537045e-02 -1.020118172324170791e+00
6.700000000000000400e-01 -5.103853875969883991e-02 -8.628681448329437176e-01
6.800000000000000488e-01 -4.309502124323865563e-02 -7.295071292964753207e-01
6.900000000000000577e-01 -3.638057425770725023e-02 -6.165090049280849138e-01
7.000000000000000666e-01 -3.070713385753392685e-02 -5.208374224148855092e-01
7.099999999999999645e-01 -2.591479641082860413e-02 -4.398871895830284706e-01
7.199999999999999734e-01 -2.186778413522106126e-02 -3.714296040619995964e-01
7.299999999999999822e-01 -1.845093356483140309e-02 -3.135626274395412194e-01
7.399999999999999911e-01 -1.556665656904002333e-02 -2.646662182018540976e-01
7.500000000000000000e-01 -1.313232232068812025e-02 -2.233627802402687879e-01
7.600000000000000089e-01 -1.107801021356438591e-02 -1.884824694576205384e-01
7.700000000000000178e-01 -9.344586953085308803e-03 -1.590329841744269335e-01
7.800000000000000266e-01 -7.882065094821470719e-03 -1.341734119108446699e-01
7.900000000000000355e-01 -6.648204668695895971e-03 -1.131916926078945923e-01
8.000000000000000444e-01 -5.607323879729120275e-03 -9.548527076058538343e-02
8.100000000000000533e-01 -4.729289026147433413e-03 -8.054453572880389267e-02
8.200000000000000622e-01 -3.988657615968089522e-03 -6.793868369865650736e-02
8.300000000000000711e-01 -3.363952143948661499e-03 -5.730367187143254465e-02
8.399999999999999689e-01 -2.837045098400256971e-03 -4.833197262015881401e-02
8.499999999999999778e-01 -2.392638510525647681e-03 -4.076387086935064769e-02
8.599999999999999867e-01 -2.017823759375266847e-03 -3.438008087383726680e-02
8.699999999999999956e-01 -1.701709431754488315e-03 -2.899548844624117577e-02
8.800000000000000044e-01 -1.435106839802250105e-03 -2.445385137716023227e-02
8.900000000000000133e-01 -1.210264351089127347e-03 -2.062331437165404111e-02
9.000000000000000222e-01 -1.020643017273779960e-03 -1.739261546985005139e-02
9.100000000000000311e-01 -8.607271257948717396e-04 -1.466787886891703432e-02
9.200000000000000400e-01 -7.258642703878775623e-04 -1.236990458453709162e-02
9.300000000000000488e-01 -6.121303633365328531e-04 -1.043187875193803647e-02
9.400000000000000577e-01 -5.162157155769525000e-04 -8.797439828920318450e-03
9.500000000000000666e-01 -4.353289078397415499e-04 -7.419045767673580934e-03
9.599999999999999645e-01 -3.671156824033524647e-04 -6.256595588430243111e-03
9.699999999999999734e-01 -3.095905141176517666e-04 -5.276265913121550195e-03
9.799999999999999822e-01 -2.610788826613618437e-04 -4.449529075488578740e-03
9.899999999999999911e-01 -2.201685754077632089e-04 -3.752324568378909500e-03
1.000000000000000000e+00 -1.856686102490249222e-04 -3.164359952248584507e-03
1.010000000000000009e+00 -1.565745874909481783e-04 -2.668521046312141709e-03
1.020000000000000018e+00 -1.320394656270200146e-04 -2.250374354520957160e-03
1.030000000000000027e+00 -1.113489126637748821e-04 -1.897747327732407160e-03
1.040000000000000036e+00 -9.390051714028918790e-05 -1.600374303908886665e-03
1.050000000000000044e+00 -7.918625483105572248e-05 -1.349597862145226861e-03
1.060000000000000053e+00 -6.677770153667419908e-05 -1.138116926745387893e-03
1.070000000000000062e+00 -5.631356205469726614e-05 -9.597743095130801400e-04
1.080000000000000071e+00 -4.748915267182503047e-05 -8.093775201560843421e-04
1.090000000000000080e+00 -4.004753126372394918e-05 -6.825476386954248183e-04
1.100000000000000089e+00 0.000000000000000000e+00 -5.755918575337183769e-04
1.110000000000000098e+00 0.000000000000000000e+00 -4.853959876726212166e-04
1.120000000000000107e+00 0.000000000000000000e+00 -4.093338031966679814e-04
1.130000000000000115e+00 0.000000000000000000e+00 -3.451905872381134358e-04
1.140000000000000124e+00 0.000000000000000000e+00 -2.910986553045948185e-04
1.150000000000000133e+00 0.000000000000000000e+00 -2.454829800039436561e-04
1.159999999999999920e+00 0.000000000000000000e+00 -2.070153349041247055e-04
1.169999999999999929e+00 0.000000000000000000e+00 -1.745756230223596698e-04
1.179999999999999938e+00 0.000000000000000000e+00 -1.472192644239724382e-04
1.189999999999999947e+00 0.000000000000000000e+00 -1.241496936879185695e-04
1.199999999999999956e+00 0.000000000000000000e+00 -1.046951666770008142e-04
