0.000000000000000000e+00 7.401911947367585264e+06 2.524834642918857634e+08
1.000000000000000021e-02 5.262527361140035093e+06 1.795307966683390439e+08
2.000000000000000042e-02 3.741313900634154212e+06 1.276540672975874245e+08
2.999999999999999889e-02 2.659680078222979791e+06 9.076493802184332907e+07
4.000000000000000083e-02 1.890625652600588277e+06 6.453377257836836576e+07
5.000000000000000278e-02 1.343838709879933856e+06 4.588162254735206813e+07
5.999999999999999778e-02 9.550975730215011863e+05 3.261895508893739060e+07
7.000000000000000666e-02 6.787340720119960606e+05 2.318873583246365190e+07
8.000000000000000167e-02 4.822738853652077960e+05 1.648372369451158121e+07
8.999999999999999667e-02 3.426250927389094722e+05 1.171654130322941393e+07
1.000000000000000056e-01 2.433677266593492532e+05 8.327276616023149341e+06
1.100000000000000006e-01 1.728262901974220295e+05 5.917774691166367382e+06
1.199999999999999956e-01 1.226990727484382514e+05 4.204910029983783141e+06
1.300000000000000044e-01 8.708342587650587666e+04 2.987356838511919603e+06
1.400000000000000133e-01 6.178262030004704866e+04 2.121958237890433520e+06
1.499999999999999944e-01 4.381294434070258285e+04 1.506921684759886703e+06
1.600000000000000033e-01 3.105319988446901698e+04 1.069868780839608284e+06
1.700000000000000122e-01 2.199546077570463603e+04 7.593372218636183534e+05
1.799999999999999933e-01 1.556784098107082355e+04 5.387376849391593132e+05
1.900000000000000022e-01 1.100846995746770517e+04 3.820565025803552126e+05
2.000000000000000111e-01 7.775881873388224449e+03 2.707998167047456373e+05
2.099999999999999922e-01 5.485298726132637057e+03 1.918205804440745560e+05
2.200000000000000011e-01 3.863326369391843855e+03 1.357733712450049934e+05
2.300000000000000100e-01 2.715743587099986598e+03 9.601565004481538199e+04
2.399999999999999911e-01 1.904601193985917234e+03 6.782649204626197752e+04
2.500000000000000000e-01 1.331941038948743426e+03 4.785107176883527427e+04
2.600000000000000089e-01 9.282219736727620329e+02 3.370568003533808951e+04
2.700000000000000178e-01 6.440925225269793373e+02 2.369689208335188596e+04
2.800000000000000266e-01 4.445430047079629503e+02 1.662190482729242649e+04
2.899999999999999800e-01 3.047493361356656010e+02 1.162658960941897567e+04
2.999999999999999889e-01 2.071194748401327388e+02 8.104582609491225412e+03
3.099999999999999978e-01 1.391947934262440754e+02 5.625553522171914665e+03
3.200000000000000067e-01 9.215915217212443622e+01 3.884219581239071431e+03
3.300000000000000155e-01 5.977990161797514901e+01 2.664108605855237329e+03
3.400000000000000244e-01 3.765585206877155144e+01 1.811807412983566792e+03
3.500000000000000333e-01 2.268337414807103514e+01 1.218664029067465663e+03
3.599999999999999867e-01 1.267748115976633905e+01 8.077882510964742551e+02
3.699999999999999956e-01 6.103006925713819975e+00 5.248180876313663248e+02
3.800000000000000044e-01 1.883976953320969594e+00 3.313625836902573951e+02
3.900000000000000133e-01 -7.314984472387896508e-01 2.003465039028659760e+02
4.000000000000000222e-01 -2.266918496309948683e+00 1.127062974420750407e+02
4.100000000000000311e-01 -3.085118667331485209e+00 5.504599406183497479e+01
4.199999999999999845e-01 -3.436159369468511304e+00 1.797488399073425214e+01
4.299999999999999933e-01 -3.491149924652980907e+00 -5.070686284110272446e+00
4.400000000000000022e-01 -3.366106790531631532e+00 -1.866185882957866227e+01
4.500000000000000111e-01 -3.138755301654323038e+00 -2.596793824138708118e+01
4.600000000000000200e-01 -2.860339053380792418e+00 -2.917407755679782255e+01
4.700000000000000289e-01 -2.563900778789496293e+00 -2.977631534993423301e+01
4.799999999999999822e-01 -2.270072318683322266e+00 -2.878970453700234700e+01
4.899999999999999911e-01 -1.991108692331620800e+00 -2.689490066194938223e+01
5.000000000000000000e-01 -1.733686539462945042e+00 -2.454120853983717510e+01
5.100000000000000089e-01 -1.500834874483685466e+00 -2.201885223467369102e+01
5.200000000000000178e-01 -1.293258085859515516e+00 -1.950951673176638224e+01
5.300000000000000266e-01 -1.110234574483805137e+00 -1.712157120729419546e+01
5.400000000000000355e-01 -9.502202224419925569e-01 -1.491451135053696397e+01
5.500000000000000444e-01 -8.112475301260686500e-01 -1.291582988535651388e+01
5.600000000000000533e-01 -6.911841470103203822e-01 -1.113258257852818822e+01
5.700000000000000622e-01 -5.878953772111298326e-01 -9.559249553691087087e+00
5.799999999999999600e-01 -4.993417420703707976e-01 -8.183019027705565662e+00
5.899999999999999689e-01 -4.236331796784912895e-01 -6.987286084249435092e+00
5.999999999999999778e-01 -3.590547858203170239e-01 -5.953922618367712083e+00
6.099999999999999867e-01 -3.040743228650240604e-01 -5.064707592739944531e+00
6.199999999999999956e-01 -2.573384548073061606e-01 -4.302188985001487609e+00
6.300000000000000044e-01 -2.176623916688862070e-01 -3.650165899019673699e+00
6.400000000000000133e-01 -1.840160501492149603e-01 -3.093921062158839774e+00
6.500000000000000222e-01 -1.555087514484639888e-01 -2.620293102561243703e+00
6.600000000000000311e-01 -1.313737344459517675e-01 -2.217649469168022858e+00
6.700000000000000400e-01 -1.109532591325617101e-01 -1.875800991800353978e+00
6.800000000000000488e-01 -9.368473829564359645e-02 -1.585885309431909196e+00
6.900000000000000577e-01 -7.908811358676695602e-02 -1.340236904805079732e+00
7.000000000000000666e-01 -6.675454926305962600e-02 -1.132254989405383050e+00
7.099999999999999645e-01 -5.633642791292167717e-02 -9.562760792570667023e-01
7.199999999999999734e-01 -4.753857982477518312e-02 -8.074551515201439100e-01
7.299999999999999822e-01 -4.011064917479992276e-02 -6.816573263571612529e-01
7.399999999999999911e-01 -3.384048751079055811e-02 -5.753607637789719398e-01
7.500000000000000000e-01 -2.854846235103857335e-02 -4.855706814670498472e-01
7.600000000000000089e-01 -2.408257220067429316e-02 -4.097439338238912931e-01
7.700000000000000178e-01 -2.031426629704809542e-02 -3.457233385260882197e-01
7.800000000000000266e-01 -1.713487620196542729e-02 -2.916808213738421585e-01
7.900000000000000355e-01 -1.445257584395968908e-02 -2.460684230346422141e-01
8.000000000000000444e-01 -1.218979607710073826e-02 -2.075762382591455346e-01
8.100000000000000533e-01 -1.028102884458056629e-02 -1.750964163965728904e-01
8.200000000000000622e-01 -8.670964383891994337e-03 -1.476924264019903177e-01
8.300000000000000711e-01 -7.312912477396854224e-03 -1.245728701916960363e-01
8.399999999999999689e-01 -6.167465507823061827e-03 -1.050692089931190981e-01
8.499999999999999778e-01 -5.201367041675559848e-03 -8.861684454473785222e-02
8.599999999999999867e-01 -4.386554881916104355e-03 -7.473906856826326162e-02
8.699999999999999956e-01 -3.699352066604360417e-03 -6.303345887891180499e-02
8.800000000000000044e-01 -3.119783210623686999e-03 -5.316035853162869723e-02
8.900000000000000133e-01 -2.630996961826362942e-03 -4.483312566148580508e-02
9.000000000000000222e-01 -2.218778236842081780e-03 -3.780988655557441375e-02
9.100000000000000311e-01 -1.871136376671588041e-03 -3.188656351450810250e-02
9.200000000000000400e-01 -1.577957473745936635e-03 -2.689098280293711341e-02
9.300000000000000488e-01 -1.330710920227339781e-03 -2.267789703633401113e-02
9.400000000000000577e-01 -1.122201756047498016e-03 -1.912478126965892755e-02
9.500000000000000666e-01 -9.463616931565894735e-04 -1.612828336745726621e-02
9.599999999999999645e-01 -7.980727933033405922e-04 -1.360122742254116397e-02
9.699999999999999734e-01 -6.730187094646122208e-04 -1.147008447986587985e-02
9.799999999999999822e-01 -5.675591908382033451e-04 -9.672837992460874001e-03
9.899999999999999911e-01 -4.786242195986178580e-04 -8.157182619535343834e-03
1.000000000000000000e+00 -4.036247127821559946e-04 -6.879004462325231245e-03
1.010000000000000009e+00 -3.403772004110201875e-04 -5.801098871154103907e-03
1.020000000000000018e+00 -2.870402946564019420e-04 -4.892088763154889275e-03
1.030000000000000027e+00 -2.420611058478809282e-04 -4.125512149208783799e-03
1.040000000000000036e+00 -2.041300491170558939e-04 -3.479052439273546196e-03
1.050000000000000044e+00 -1.721427286080843676e-04 -2.933889212587443597e-03
1.060000000000000053e+00 -1.451677914384948468e-04 -2.474150618422778745e-03
1.070000000000000062e+00 -1.224198168284176163e-04 -2.086451512078008053e-03
1.080000000000000071e+00 -1.032364520096731251e-04 -1.759503912835284510e-03
1.090000000000000080e+00 -8.705912988513790412e-05 -1.483788466247825929e-03
1.100000000000000089e+00 0.000000000000000000e+00 -1.251277362174644300e-03
1.110000000000000098e+00 0.000000000000000000e+00 -1.055200653103462432e-03
1.120000000000000107e+00 0.000000000000000000e+00 -8.898491773636787137e-04
1.130000000000000115e+00 0.000000000000000000e+00 -7.504083550874757419e-04
1.140000000000000124e+00 0.000000000000000000e+00 -6.328180218806829732e-04
1.150000000000000133e+00 0.000000000000000000e+00 -5.336542220187496816e-04
1.159999999999999920e+00 0.000000000000000000e+00 -4.500295214698500049e-04
1.169999999999999929e+00 0.000000000000000000e+00 -3.795089396474285231e-04
1.179999999999999938e+00 0.000000000000000000e+00 -3.200390531130668315e-04
1.189999999999999947e+00 0.000000000000000000e+00 -2.698882076601665978e-04
1.199999999999999956e+00 0.000000000000000000e+00 -2.275960984285325440e-04
