0.000000000000000000e+00 2.229223671511131215e+02 5.870261985080081786e+02
1.000000000000000021e-02 2.170521051660330158e+02 5.870261985080081786e+02
2.000000000000000042e-02 2.111818431809529386e+02 5.870261985080105660e+02
2.999999999999999889e-02 2.053115811958728045e+02 5.870261985080105660e+02
4.000000000000000083e-02 1.994413192107927273e+02 5.870261985080105660e+02
4.999999999999999584e-02 1.935710572257126216e+02 5.870261985080105660e+02
5.999999999999999778e-02 1.877007952406325160e+02 5.870261985080105660e+02
6.999999999999999278e-02 1.818305332555524103e+02 5.870261985080105660e+02
8.000000000000000167e-02 1.759602712704723046e+02 5.870261985080093154e+02
8.999999999999999667e-02 1.700900092853921990e+02 5.870261985080105660e+02
9.999999999999999167e-02 1.642197473003120933e+02 5.870261985080105660e+02
1.099999999999999867e-01 1.583494853152319877e+02 5.870261985080105660e+02
1.199999999999999956e-01 1.524792233301518820e+02 5.870261985080105660e+02
1.300000000000000044e-01 1.466089613450718048e+02 5.870261985080105660e+02
1.399999999999999856e-01 1.407386993599916991e+02 5.870261985080105660e+02
1.499999999999999944e-01 1.348684373749115935e+02 5.870261985080105660e+02
1.600000000000000033e-01 1.289981753898314878e+02 5.870261985080093154e+02
1.699999999999999845e-01 1.231279134047513963e+02 5.870261985080105660e+02
1.799999999999999933e-01 1.172576514196712623e+02 5.870261985080105660e+02
1.899999999999999745e-01 1.113873894345911850e+02 5.870261985080093154e+02
1.999999999999999833e-01 1.055171274495110794e+02 5.870261985080105660e+02
2.099999999999999922e-01 9.964686546443097370e+01 5.870261985080105660e+02
2.199999999999999734e-01 9.377660347935086804e+01 5.870261985080105660e+02
2.299999999999999822e-01 8.790634149427076238e+01 5.870261985080117029e+02
2.399999999999999911e-01 8.203607950919062830e+01 5.870261985080117029e+02
2.500000000000000000e-01 7.616581752411053685e+01 5.870261985080093154e+02
2.600000000000000089e-01 7.029555553903044540e+01 5.870261985080093154e+02
2.700000000000000178e-01 6.442529355395033974e+01 5.870261985080105660e+02
2.799999999999999711e-01 5.855503156887024119e+01 5.870261985080105660e+02
2.899999999999999800e-01 5.268476958379013553e+01 5.870261985080105660e+02
2.999999999999999889e-01 4.681450759871002987e+01 5.870261985080093154e+02
3.099999999999999423e-01 4.094424561362994552e+01 5.870261985080102249e+02
3.200000000000000067e-01 3.507398362854982565e+01 5.870261985080123850e+02
3.300000000000000155e-01 2.920372164346970223e+01 5.870261985080102249e+02
3.399999999999999689e-01 2.333345965838962144e+01 5.870261985080102249e+02
3.500000000000000333e-01 1.746319767330949801e+01 5.870261985080102249e+02
3.599999999999999867e-01 1.159293568822941545e+01 5.773221280004792106e+02
3.699999999999999956e-01 5.916755113299914548e+00 3.262190055080943125e+02
3.799999999999999489e-01 5.068555578067530654e+00 1.068013850640393372e+02
3.900000000000000133e-01 3.780727412019128320e+00 1.202503112768916083e+02
3.999999999999999667e-01 2.663549352529698488e+00 1.009423622925527155e+02
4.099999999999999756e-01 1.761880166168073858e+00 8.028043173137984923e+01
4.199999999999999845e-01 1.057940717902101646e+00 6.301143060304896437e+01
4.299999999999999933e-01 5.016515541070943884e-01 4.897418773990334984e+01
4.399999999999999467e-01 7.845696310403466045e-02 3.684288869689846990e+01
4.499999999999999556e-01 -2.352062198308749741e-01 2.657240144592747200e+01
4.599999999999999645e-01 -4.529910658145147040e-01 1.885739138752039068e+01
4.699999999999999734e-01 -6.123540475812827566e-01 1.430604873304738511e+01
4.799999999999999822e-01 -7.391120404754624174e-01 1.216482759835098726e+01
4.899999999999999911e-01 -8.556505995483024707e-01 1.103500659675487050e+01
5.000000000000000000e-01 -9.598121724105598274e-01 9.528933524139207023e+00
5.100000000000000089e-01 -1.046229270031086678e+00 7.145759670629668214e+00
5.200000000000000178e-01 -1.102727365823153116e+00 3.964679695987831654e+00
5.299999999999999156e-01 -1.125522863950843222e+00 4.551832543619981353e-01
5.400000000000000355e-01 -1.111831030910393148e+00 -2.887596347896944859e+00
5.499999999999999334e-01 -1.067770936992904263e+00 -5.324525531203636142e+00
5.599999999999999423e-01 -1.005340520286320372e+00 -6.103904230233909267e+00
5.699999999999999512e-01 -9.456928523882262017e-01 -5.382280802682129384e+00
5.799999999999999600e-01 -8.976949042326778372e-01 -4.768377537267958211e+00
5.899999999999999689e-01 -8.503253016428670152e-01 -4.242485831153526732e+00
5.999999999999999778e-01 -8.128451876096073336e-01 -5.027365810526694290e+00
6.099999999999999867e-01 -7.497779854323330939e-01 -7.771664564563117494e+00
6.199999999999998845e-01 -6.574118963183449571e-01 -1.083149530450687870e+01
6.300000000000000044e-01 -5.331480793421955466e-01 -1.106068933979672764e+01
6.400000000000000133e-01 -4.361981095224103933e-01 -8.650164487040632011e+00
6.499999999999999112e-01 -3.601447896013829642e-01 -6.033591716021440732e+00
6.600000000000000311e-01 -3.155262752019815653e-01 -3.582369962134804187e+00
6.700000000000000400e-01 -2.884973903586868782e-01 -2.432582541628926620e+00
6.799999999999999378e-01 -2.668746243694030684e-01 -2.282819602173601137e+00
6.899999999999999467e-01 -2.428409983152148566e-01 -2.576284719194603223e+00
7.000000000000000666e-01 -2.153489299855110006e-01 -2.773464299632374619e+00
7.099999999999999645e-01 -1.873717123225673575e-01 -2.607656676114801897e+00
7.199999999999999734e-01 -1.631957964632149705e-01 -1.894901282182714253e+00
7.299999999999998712e-01 -1.494736866789130869e-01 -5.845954759015729030e-01
7.399999999999999911e-01 -1.515038869451834913e-01 9.264347160063012288e-01
7.500000000000000000e-01 -1.680023809990391082e-01 1.840014961375453284e+00
7.599999999999998979e-01 -1.883041861726925670e-01 1.727770167964890691e+00
7.699999999999999067e-01 -2.025577843583369064e-01 1.058632904020750942e+00
7.800000000000000266e-01 -2.094768442531075858e-01 5.288195002908540054e-01
7.899999999999999245e-01 -2.131341743641539943e-01 1.442371495606000198e-01
7.999999999999999334e-01 -2.123615872443195829e-01 -4.290616338115524897e-01
8.100000000000000533e-01 -2.045529416879229290e-01 -1.116055548676114784e+00
8.199999999999999512e-01 -1.900404762707972872e-01 -1.491088967852285840e+00
8.299999999999999600e-01 -1.747311623308772377e-01 -1.318541418017526334e+00
8.399999999999999689e-01 -1.636696479104467750e-01 -7.815644785520953208e-01
8.499999999999999778e-01 -1.590998727598353091e-01 -3.149485802774965593e-01
8.599999999999999867e-01 -1.573706763048968449e-01 -1.301317974659031429e-01
8.699999999999999956e-01 -1.564972368105172484e-01 -1.416137231078305192e-01
8.799999999999998934e-01 -1.545384018427402306e-01 -3.830302085089810071e-01
8.900000000000000133e-01 -1.488366326403376405e-01 -8.406372498508700719e-01
8.999999999999999112e-01 -1.377256568457228270e-01 -1.388679425970770875e+00
9.099999999999999201e-01 -1.210630441209222252e-01 -1.826174473643556784e+00
9.199999999999999289e-01 -1.012021673728516896e-01 -2.086480350555383723e+00
9.299999999999999378e-01 -7.933343710981455299e-02 -1.998104016875225764e+00
9.399999999999999467e-01 -6.124008703534717518e-02 -1.402448107428528878e+00
9.499999999999999556e-01 -5.128447496124397681e-02 -6.374459856878644803e-01
9.599999999999999645e-01 -4.849116732158988835e-02 1.743643276517426177e-01
9.699999999999999734e-01 -5.477176151427883000e-02 1.496232260560325933e-01
9.799999999999999822e-01 -5.148363184271053522e-02 -8.968251989038624750e-01
9.899999999999998801e-01 -3.683525753620157939e-02 -1.856771115663456984e+00
1.000000000000000000e+00 -1.434820952944140110e-02 -1.972523256630634547e+00
1.010000000000000009e+00 2.615207596411108035e-03 -1.697924705670913248e+00
1.020000000000000018e+00 1.961028458397686206e-02 -1.622895444987620284e+00
1.029999999999999805e+00 3.507311649616351446e-02 -1.376327482464047014e+00
1.040000000000000036e+00 4.713683423325780442e-02 -9.626717915643081547e-01
1.050000000000000044e+00 5.432655232744967172e-02 -4.834086066237981982e-01
1.059999999999999831e+00 5.680500636573376783e-02 -1.360897168249068923e-01
1.069999999999999840e+00 5.704834666394781317e-02 -2.670672544005549612e-02
1.080000000000000071e+00 5.733914087453487879e-02 -2.755754456282009240e-02
1.089999999999999858e+00 5.759949755520421544e-02 1.034668604392026126e-01
1.099999999999999867e+00 5.526980366575082182e-02 4.996587110121668007e-01
1.109999999999999876e+00 4.760632333496087748e-02 1.053619738206341472e+00
1.119999999999999885e+00 3.419740890162399627e-02 1.563310029529512146e+00
1.129999999999999893e+00 1.634012274437064011e-02 1.790772976733327804e+00
1.139999999999999902e+00 -1.618050633042559128e-03 1.407690570782562656e+00
1.149999999999999911e+00 -1.181368867128060676e-02 5.068536277454334105e-01
1.159999999999999920e+00 -1.175512318795122677e-02 -4.866951706292899638e-01
1.169999999999999929e+00 -2.079785258694806689e-03 -5.764015126803364586e-01
1.179999999999999938e+00 -2.270929343444984185e-04 -1.026619811081011663e-01
1.189999999999999947e+00 -2.654563653278367696e-05 -1.135464671722492130e-02
1.199999999999999956e+00 0.000000000000000000e+00 -2.654563653278368008e-03
