0.000000000000000000e+00 1.204619252477037321e+02 3.358494584240268068e+02
1.000000000000000021e-02 1.171034306634634561e+02 3.358494584240256131e+02
2.000000000000000042e-02 1.137449360792232085e+02 3.358494584240244194e+02
2.999999999999999889e-02 1.103864414949829751e+02 3.358494584240244194e+02
4.000000000000000083e-02 1.070279469107427275e+02 3.358494584240244194e+02
4.999999999999999584e-02 1.036694523265024799e+02 3.358494584240244194e+02
5.999999999999999778e-02 1.003109577422622323e+02 3.358494584240256131e+02
6.999999999999999278e-02 9.695246315802197046e+01 3.358494584240244194e+02
8.000000000000000167e-02 9.359396857378175127e+01 3.358494584240244194e+02
8.999999999999999667e-02 9.023547398954148946e+01 3.358494584240244194e+02
9.999999999999999167e-02 8.687697940530125607e+01 3.358494584240244194e+02
1.099999999999999867e-01 8.351848482106099425e+01 3.358494584240256131e+02
1.199999999999999956e-01 8.015999023682074665e+01 3.358494584240244194e+02
1.300000000000000044e-01 7.680149565258051325e+01 3.358494584240244194e+02
1.399999999999999856e-01 7.344300106834026565e+01 3.358494584240244194e+02
1.499999999999999944e-01 7.008450648410001804e+01 3.358494584240244194e+02
1.600000000000000033e-01 6.672601189985977044e+01 3.358494584240249878e+02
1.699999999999999845e-01 6.336751731561952283e+01 3.358494584240249878e+02
1.799999999999999933e-01 6.000902273137927523e+01 3.358494584240249878e+02
1.899999999999999745e-01 5.665052814713902052e+01 3.358494584240247036e+02
1.999999999999999833e-01 5.329203356289878002e+01 3.358494584240241352e+02
2.099999999999999922e-01 4.993353897865853952e+01 3.358494584240247036e+02
2.199999999999999734e-01 4.657504439441829192e+01 3.358494584240247036e+02
2.299999999999999822e-01 4.321654981017804431e+01 3.358494584240249878e+02
2.399999999999999911e-01 3.985805522593778960e+01 3.358494584240249878e+02
2.500000000000000000e-01 3.649956064169754200e+01 3.358494584240247036e+02
2.600000000000000089e-01 3.314106605745729439e+01 3.358494584240249878e+02
2.700000000000000178e-01 2.978257147321704679e+01 3.358494584240245899e+02
2.799999999999999711e-01 2.642407688897680629e+01 3.358494584240244194e+02
2.899999999999999800e-01 2.306558230473655868e+01 3.358494584240245899e+02
2.999999999999999889e-01 1.970708772049631463e+01 3.358494584240241352e+02
3.099999999999999423e-01 1.634859313625607768e+01 3.358494584240247036e+02
3.200000000000000067e-01 1.299009855201581942e+01 3.358494584240256700e+02
3.300000000000000155e-01 9.631603967775562936e+00 2.848908744224024190e+02
3.399999999999999689e-01 7.292281063567772392e+00 2.003892533974074013e+02
3.500000000000000333e-01 5.623818899827415230e+00 1.490839344468967624e+02
3.599999999999999867e-01 4.310602374629837641e+00 1.192515121755303227e+02
3.699999999999999956e-01 3.238788656316808900e+00 9.819118382940776257e+01
3.799999999999999489e-01 2.346778698041682265e+00 8.149964112728865473e+01
3.900000000000000133e-01 1.608795833771035966e+00 6.753040995601726593e+01
3.999999999999999667e-01 9.961704989213373551e-01 5.579788244655495788e+01
4.099999999999999756e-01 4.928381848399366882e-01 4.601229330110314919e+01
4.199999999999999845e-01 7.592463289927438297e-02 3.788546576625551410e+01
4.299999999999999933e-01 -2.648711304851735227e-01 3.071974094105700104e+01
4.399999999999999467e-01 -5.384701859218655740e-01 2.425803960487664312e+01
4.499999999999999556e-01 -7.500319225827063452e-01 1.871576889233128682e+01
4.599999999999999645e-01 -9.127855637684912926e-01 1.418190632376993143e+01
4.699999999999999734e-01 -1.033670049058105000e+00 1.007697915375864106e+01
4.799999999999999822e-01 -1.114325146843664127e+00 6.221151339045266404e+00
4.899999999999999911e-01 -1.158093075839010222e+00 2.920189134835632583e+00
5.000000000000000000e-01 -1.172728929540376663e+00 2.075945381248801846e-01
5.100000000000000089e-01 -1.162244966601508001e+00 -2.051603861351336100e+00
5.200000000000000178e-01 -1.131696852313349932e+00 -3.629725370873236212e+00
5.299999999999999156e-01 -1.089650459184043241e+00 -4.345643009431491954e+00
5.400000000000000355e-01 -1.044783992124720173e+00 -4.322312798436882986e+00
5.499999999999999334e-01 -1.003204203215305457e+00 -3.806408574619113860e+00
5.599999999999999423e-01 -9.686558206323379050e-01 -3.153585895499171787e+00
5.699999999999999512e-01 -9.401324853053221187e-01 -2.870740775948169343e+00
5.799999999999999600e-01 -9.112410051133745803e-01 -3.121440677318119583e+00
5.899999999999999689e-01 -8.777036717589596915e-01 -3.552799745833035594e+00
5.999999999999999778e-01 -8.401850101967138773e-01 -4.017731307963766874e+00
6.099999999999999867e-01 -7.973490455996843362e-01 -4.562509094020177791e+00
6.199999999999998845e-01 -7.489348283163103082e-01 -5.031566271463895568e+00
6.300000000000000044e-01 -6.967177201704064515e-01 -5.267149385388605332e+00
6.400000000000000133e-01 -6.435918406085382459e-01 -5.533059274536367589e+00
6.499999999999999112e-01 -5.860565346796791086e-01 -5.846734659777232501e+00
6.600000000000000311e-01 -5.266571474129935204e-01 -5.741470014044678827e+00
6.700000000000000400e-01 -4.712271343987855521e-01 -5.195969841403432987e+00
6.799999999999999378e-01 -4.227377505849249095e-01 -4.551222889168051289e+00
6.899999999999999467e-01 -3.802026766154245063e-01 -3.938613471944486299e+00
7.000000000000000666e-01 -3.439654811460352013e-01 -3.481181777847436987e+00
7.099999999999999645e-01 -3.105790410584757799e-01 -3.384595635955468751e+00
7.199999999999999734e-01 -2.762735684269257974e-01 -3.451853617851308620e+00
7.299999999999998712e-01 -2.415419687014495886e-01 -3.319690774382365372e+00
7.399999999999999911e-01 -2.098797529392785188e-01 -2.887714338723110785e+00
7.500000000000000000e-01 -1.837876819269873840e-01 -2.265728724331631305e+00
7.599999999999998979e-01 -1.645651784526458994e-01 -1.520628402176121607e+00
7.699999999999999067e-01 -1.533751138834649475e-01 -9.423008827664071108e-01
7.800000000000000266e-01 -1.457191607973177538e-01 -9.052333215262013955e-01
7.899999999999999245e-01 -1.352704474529409229e-01 -1.327751094240930962e+00
7.999999999999999334e-01 -1.191641389124991346e-01 -1.662899657911654172e+00
8.100000000000000533e-01 -1.020124542947078439e-01 -1.549160174063164863e+00
8.199999999999999512e-01 -8.818093543123584066e-02 -1.113718879176121890e+00
8.299999999999999600e-01 -7.973807671118540719e-02 -6.122947969323848660e-01
8.399999999999999689e-01 -7.593503949258814667e-02 -3.102509173014832977e-01
8.499999999999999778e-01 -7.353305836515575122e-02 -3.837517915609936492e-01
8.599999999999999867e-01 -6.826000366136827924e-02 -6.291145741363197708e-01
8.699999999999999956e-01 -6.095076688242934831e-02 -7.130996265783566823e-01
8.799999999999998934e-01 -5.399801112980114060e-02 -5.963468658538889633e-01
8.900000000000000133e-01 -4.902382956535157599e-02 -3.753105208951063587e-01
8.999999999999999112e-01 -4.649180071189901869e-02 -1.707676735075693841e-01
9.099999999999999201e-01 -4.560847609520018303e-02 -1.157400033691921432e-01
9.199999999999999289e-01 -4.417700064451517139e-02 -2.346007188102411378e-01
9.299999999999999378e-01 -4.091646171899536444e-02 -3.914882914720578810e-01
9.399999999999999467e-01 -3.634723481507401432e-02 -4.609054117980308507e-01
9.499999999999999556e-01 -3.169835348303474964e-02 -4.275072379879005235e-01
9.599999999999999645e-01 -2.779709005531600524e-02 -3.672321369792805879e-01
9.699999999999999734e-01 -2.435371074344913622e-02 -3.369665712413201786e-01
9.799999999999999822e-01 -2.105775863048960084e-02 -3.138663714779063585e-01
9.899999999999998801e-01 -1.807638331389100836e-02 -2.614886528067052462e-01
1.000000000000000000e+00 -1.582798557435549994e-02 -1.883110845783667331e-01
1.010000000000000009e+00 -1.431016162232367356e-02 -1.196189566282493955e-01
1.020000000000000018e+00 -1.343560644179051140e-02 -8.738982990036013587e-02
1.029999999999999805e+00 -1.256236502431647140e-02 -5.924502182445748333e-02
1.040000000000000036e+00 -1.225070600530136188e-02 4.478036785745396348e-02
1.050000000000000044e+00 -1.345797238146555046e-02 2.031397167329699049e-01
1.059999999999999831e+00 -1.631350033996075907e-02 2.779728010646050351e-01
1.069999999999999840e+00 -1.901742840275765303e-02 1.707569108034863448e-01
1.080000000000000071e+00 -1.972863855603048527e-02 -6.552018250891786244e-02
1.089999999999999858e+00 -1.770702475257929578e-02 -2.750327505334217992e-01
1.099999999999999867e+00 -1.422798354536205026e-02 -3.271905336801294584e-01
1.109999999999999876e+00 -1.116321407897670655e-02 -2.348626426304361858e-01
1.119999999999999885e+00 -9.530730692753326336e-03 -9.478880893432134469e-02
1.129999999999999893e+00 -9.267437900290279723e-03 1.107969675753060941e-02
1.139999999999999902e+00 -9.752324627903938628e-03 3.351476416534813346e-02
1.149999999999999911e+00 -9.937733183597242254e-03 -3.885760406554553820e-02
1.159999999999999920e+00 -8.975172546593027795e-03 -3.478997676735177125e-01
1.169999999999999929e+00 -2.979737830126888767e-03 -4.295671470363606192e-01
1.179999999999999938e+00 -3.838296058658159865e-04 -1.474345041946832635e-01
1.189999999999999947e+00 -3.104774623322371533e-05 -1.919148029329080171e-02
1.199999999999999956e+00 0.000000000000000000e+00 -3.104774623322371831e-03
