0.000000000000000000e+00 2.689788999999999760e+03 4.098576666666667006e+04
1.000000200000000089e-02 2.306911159999999654e+03 3.559293933333333553e+04
1.999999800000000147e-02 1.977942068000000063e+03 3.057775286666666943e+04
2.999999999999999889e-02 1.695350523999999950e+03 2.626533893333333617e+04
4.000000199999999978e-02 1.452634592000000112e+03 2.255747813333333397e+04
4.999999799999999689e-02 1.244202356000000009e+03 1.936965366666666887e+04
5.999999999999999778e-02 1.065242215999999871e+03 1.662916853333333347e+04
7.000000199999999173e-02 9.116182880000000068e+02 1.427347193333333416e+04
7.999999800000000272e-02 7.797720799999999599e+02 1.224876460000000225e+04
8.999999999999999667e-02 6.666429960000000392e+02 1.050870873333333475e+04
1.000000019999999906e-01 5.695972079999999096e+02 9.013486600000000180e+03
1.099999979999999877e-01 4.863732640000000060e+02 7.728789400000000569e+03
1.199999999999999956e-01 4.150214199999999778e+02 6.625154800000001160e+03
1.300000020000000034e-01 3.538701679999999783e+02 5.677234733333333679e+03
1.399999979999999866e-01 3.014781199999999899e+02 4.863132933333333312e+03
1.499999999999999944e-01 2.566068119999999908e+02 4.164126000000000204e+03
1.600000020000000023e-01 2.181955999999999847e+02 3.564035800000000108e+03
1.699999979999999855e-01 1.853263051999999789e+02 3.049002833333333456e+03
1.799999999999999933e-01 1.572150551999999948e+02 2.607043426666667074e+03
1.900000019999999734e-01 1.331855064000000084e+02 2.227892833333333328e+03
1.999999979999999844e-01 1.126573379999999958e+02 1.902708866666666836e+03
2.099999999999999922e-01 9.513139879999999948e+01 1.623897566666666762e+03
2.200000019999999723e-01 8.017924720000000605e+01 1.384914460000000190e+03
2.299999980000000110e-01 6.743310960000000875e+01 1.180146013333333258e+03
2.399999999999999911e-01 5.657646640000000104e+01 1.004756220000000098e+03
2.500000019999999989e-01 4.733798519999999854e+01 8.545924600000000737e+02
2.599999980000000099e-01 3.948461720000000241e+01 7.260843866666666599e+02
2.700000000000000178e-01 3.281615800000000149e+01 7.891023999999999887e+02
2.800000019999999701e-01 2.370256919999999923e+01 1.062690673333333280e+03
2.899999979999999811e-01 1.156244215999999980e+01 7.467289400000000796e+02
2.999999999999999889e-01 8.767927639999999911e+00 1.678247726666666892e+02
3.100000019999999967e-01 8.205932759999999604e+00 1.070483373333333361e+02
3.199999980000000077e-01 6.626953920000000053e+00 1.578978840000000048e+02
3.300000000000000155e-01 5.047995999999999484e+00 1.073370333333333519e+02
3.400000020000000234e-01 4.480227199999999854e+00 6.089533066666666627e+01
3.499999979999999788e-01 3.830075439999999887e+00 6.281090533333333070e+01
3.599999999999999867e-01 3.224002119999999749e+00 5.690065666666666999e+01
3.700000019999999945e-01 2.692069279999999676e+00 4.987781266666667079e+01
3.799999980000000055e-01 2.226452839999999878e+00 4.445813800000000526e+01
3.900000000000000133e-01 1.802904428000000170e+00 4.098228000000000293e+01
4.000000020000000212e-01 1.406805147999999894e+00 3.828778400000000204e+01
4.099999979999999766e-01 1.037150840000000018e+00 3.544510466666667270e+01
4.199999999999999845e-01 6.979037519999999883e-01 3.241707413333333676e+01
4.300000019999999368e-01 3.888107519999999817e-01 2.949971040000000500e+01
4.399999980000000033e-01 1.079103807999999831e-01 2.681400079999999875e+01
4.499999999999999556e-01 -1.474703099999999933e-01 2.437497286666666696e+01
4.600000019999999634e-01 -3.795892160000000071e-01 2.215163013333333453e+01
4.699999980000000299e-01 -5.905025640000000076e-01 2.008204939999999894e+01
4.799999999999999822e-01 -7.812302039999999836e-01 1.806082873333333438e+01
4.900000019999999901e-01 -9.517198360000000967e-01 1.601161013333333472e+01
4.999999979999999455e-01 -1.101463103999999804e+00 1.395625500000000230e+01
5.100000000000000089e-01 -1.230844936000000001e+00 1.195288606666666809e+01
5.200000019999999612e-01 -1.340520128000000089e+00 1.007810540000000010e+01
5.299999979999999722e-01 -1.432407044000000074e+00 8.362804866666666115e+00
5.400000000000000355e-01 -1.507775528000000032e+00 6.775220933333333306e+00
5.500000019999999878e-01 -1.567910067999999990e+00 5.315597666666667109e+00
5.599999979999999988e-01 -1.614086783999999941e+00 4.033375999999999628e+00
5.699999999999999512e-01 -1.648577587999999983e+00 2.929012686666666809e+00
5.800000019999999035e-01 -1.672669059999999819e+00 1.937188513333333528e+00
5.899999980000000255e-01 -1.687321427999999957e+00 1.025473993333333222e+00
5.999999999999999778e-01 -1.693176935999999744e+00 2.409701580000000176e-01
6.100000019999999301e-01 -1.692141396000000020e+00 -3.900115599999999794e-01
6.199999980000000521e-01 -1.685377960000000064e+00 -9.649001333333333541e-01
6.300000000000000044e-01 -1.672842696000000018e+00 -1.579045086666666764e+00
6.400000019999999568e-01 -1.653797127999999894e+00 -2.220194273333333523e+00
6.499999980000000788e-01 -1.628439996000000001e+00 -2.843488240000000111e+00
6.600000000000000311e-01 -1.596926107999999900e+00 -3.422522460000000155e+00
6.700000019999999834e-01 -1.559989756000000005e+00 -3.905694266666666969e+00
6.799999979999998834e-01 -1.518812920000000011e+00 -4.260846133333333619e+00
6.899999999999999467e-01 -1.474772135999999900e+00 -4.491837799999999881e+00
7.000000019999998990e-01 -1.428976163999999827e+00 -4.627713200000000526e+00
7.099999979999999100e-01 -1.382217872000000014e+00 -4.756545533333333076e+00
7.199999999999999734e-01 -1.333844556000000070e+00 -4.954971733333333184e+00
7.300000019999999257e-01 -1.283117740000000007e+00 -5.194889266666667282e+00
7.399999979999999367e-01 -1.229947467999999988e+00 -5.395546933333333683e+00
7.500000000000000000e-01 -1.175208196000000038e+00 -5.537524000000000335e+00
7.600000019999999523e-01 -1.119196988000000115e+00 -5.642158866666666661e+00
7.699999979999999633e-01 -1.062363624000000062e+00 -5.723956066666666231e+00
7.800000000000000266e-01 -1.004716472000000138e+00 -5.774512733333333259e+00
7.900000019999999790e-01 -9.468747639999999244e-01 -5.790586266666667647e+00
7.999999979999999900e-01 -8.889054439999999335e-01 -5.768899199999999894e+00
8.100000000000000533e-01 -8.314967800000000464e-01 -5.690728133333333716e+00
8.200000020000000056e-01 -7.750901840000000709e-01 -5.537070733333333550e+00
8.299999979999999056e-01 -7.207546679999999872e-01 -5.321350666666667450e+00
8.399999999999999689e-01 -6.686638679999999946e-01 -5.087255866666667181e+00
8.500000019999999212e-01 -6.190102480000000407e-01 -4.870664133333333368e+00
8.599999979999999322e-01 -5.712498879999999835e-01 -4.686079999999999579e+00
8.699999999999999956e-01 -5.252886480000000802e-01 -4.499961733333333491e+00
8.800000019999999479e-01 -4.812520479999999878e-01 -4.256243733333333168e+00
8.899999979999999589e-01 -4.401630759999999865e-01 -3.950881466666666952e+00
8.999999999999999112e-01 -4.022330239999999946e-01 -3.629515400000000280e+00
9.100000019999999745e-01 -3.675727679999999942e-01 -3.322667813333333608e+00
9.199999979999999855e-01 -3.357806440000000170e-01 -3.042113180000000305e+00
9.299999999999999378e-01 -3.067311320000000174e-01 -2.797938426666666700e+00
9.400000020000000012e-01 -2.798217359999999876e-01 -2.586301246666666831e+00
9.499999980000000122e-01 -2.550043399999999960e-01 -2.381006313333333679e+00
9.599999999999999645e-01 -2.322015399999999841e-01 -2.160764040000000108e+00
9.700000020000000278e-01 -2.117898960000000053e-01 -1.917433060000000022e+00
9.799999979999999278e-01 -1.938528787999999892e-01 -1.659872993333333380e+00
9.899999999999998801e-01 -1.785917388000000106e-01 -1.408313479999999895e+00
1.000000001999999943e+00 -1.656866092000000013e-01 -1.193238446666666563e+00
1.009999997999999843e+00 -1.547270395999999770e-01 -1.028775866666666650e+00
1.020000000000000018e+00 -1.451111616000000104e-01 -9.072132333333333687e-01
1.030000001999999970e+00 -1.365827052000000152e-01 -8.168632400000001015e-01
1.039999997999999870e+00 -1.287738968000000095e-01 -7.545007200000000136e-01
1.050000000000000044e+00 -1.214926907999999833e-01 -7.082431133333333406e-01
1.060000001999999997e+00 -1.146089648000000044e-01 -6.732056000000000706e-01
1.069999997999999897e+00 -1.080285787999999969e-01 -6.520380466666666486e-01
1.080000000000000071e+00 -1.015680644000000049e-01 -6.474565666666667330e-01
1.090000002000000023e+00 -9.507951719999999107e-02 -6.575400066666666765e-01
1.099999997999999923e+00 -8.841733400000000020e-02 -6.784600066666667262e-01
1.110000000000000098e+00 -8.151038680000000092e-02 -6.977168666666667685e-01
1.120000002000000050e+00 -7.446285719999999608e-02 -7.074655866666667015e-01
1.129999997999999950e+00 -6.736114479999999460e-02 -7.185218066666667625e-01
1.139999999999999902e+00 -6.009249079999999521e-02 -7.520600533333334781e-01
1.150000001999999855e+00 -5.231987400000000232e-02 -8.209077733333334237e-01
1.159999997999999977e+00 -4.367447480000000160e-02 -2.275980940000000174e+00
1.169999999999999929e+00 -6.800213360000000561e-03 -2.149543946666666816e+00
1.180000001999999881e+00 -6.835421720000000537e-04 -3.369110213333333381e-01
1.189999998000000003e+00 -6.199014400000000169e-05 -3.417710860000000572e-02
1.199999999999999956e+00 0.000000000000000000e+00 2.177883573333333489e-02
