0.000000000000000000e+00 2.509493627698665751e+21 3.011576176618653576e+24
1.000000000000000021e-02 1.254899999883579621e+21 1.505879999930147686e+24
2.000000000000000042e-02 3.063720684934373760e+17 1.838232416417811988e+20
2.999999999999999889e-02 2.361315583723914000e+15 9.445262654292088320e+17
4.000000000000000083e-02 7.479784030578610938e+13 2.243935635516356800e+16
5.000000000000000278e-02 5.140062949119997070e+12 1.233616001894399250e+15
5.999999999999999778e-02 5.764906061367821045e+11 1.152983707558200625e+14
7.000000000000000666e-02 9.066254352505278015e+10 1.554223513746667773e+13
8.000000000000000167e-02 1.826075431302189255e+10 2.739146454982458984e+12
8.999999999999999667e-02 4.443013097262218475e+09 5.924163506195748291e+11
1.000000000000000056e-01 1.254783579999999285e+09 1.505810147999999084e+11
1.100000000000000006e-01 3.997840970897898674e+08 4.361639510370091248e+10
1.199999999999999956e-01 1.407063972667683959e+08 1.407258916779909515e+10
1.300000000000000044e-01 5.383867628184910864e+07 4.970837170070155144e+09
1.400000000000000133e-01 2.211918985441743582e+07 1.896593206498524189e+09
1.499999999999999944e-01 9.661728599185992032e+06 7.733471153697216511e+08
1.600000000000000033e-01 4.451361222781996243e+06 3.341123106865779161e+08
1.700000000000000122e-01 2.149059586483391933e+06 1.518685538680026233e+08
1.799999999999999933e-01 1.081350590039945440e+06 7.220413556994645298e+07
1.900000000000000022e-01 5.645030030616406584e+05 3.573096668560934812e+07
2.000000000000000111e-01 3.045530078124998254e+05 1.832775234374998882e+07
2.099999999999999922e-01 1.692420201895819919e+05 9.709755794974524528e+06
2.200000000000000011e-01 9.659276992889835674e+04 5.296700542259595357e+06
2.300000000000000100e-01 5.647669964146031271e+04 2.967126005226742476e+06
2.399999999999999911e-01 3.375246617498173146e+04 1.702853317516715731e+06
2.500000000000000000e-01 2.057687203840000075e+04 9.991344095232000109e+05
2.600000000000000089e-01 1.277323013893456664e+04 5.982306174058006145e+05
2.700000000000000178e-01 8.060224832664668611e+03 3.649100007684574230e+05
2.800000000000000266e-01 5.162377431197198348e+03 2.264216810236390156e+05
2.899999999999999800e-01 3.351048981694595113e+03 1.427135161349461705e+05
2.999999999999999889e-01 2.201617526686876772e+03 9.125866540218016598e+04
3.099999999999999978e-01 1.462017560254724685e+03 5.913313628183314722e+04
3.200000000000000067e-01 9.800276708649132615e+02 3.878399842249801441e+04
3.300000000000000155e-01 6.622424861758032648e+02 2.572055367954064059e+04
3.400000000000000244e-01 4.504879953628214366e+02 1.722949908999942272e+04
3.500000000000000333e-01 3.080263964591363219e+02 1.164658676485018987e+04
3.599999999999999867e-01 2.113546650083706879e+02 7.936532328014055565e+03
3.699999999999999956e-01 1.452536993458152779e+02 5.446742638148705737e+03
3.800000000000000044e-01 9.975655542912713258e+01 3.760718260512284360e+03
3.900000000000000133e-01 6.826668137055401075e+01 2.609523602969927197e+03
4.000000000000000222e-01 4.637501716613766689e+01 1.817593288421629495e+03
4.100000000000000311e-01 3.110745965802055224e+01 1.269129587415299511e+03
4.199999999999999845e-01 2.044068265578371779e+01 8.870133537688909655e+02
4.299999999999999933e-01 1.298727999936805588e+01 6.194159170644459209e+02
4.400000000000000022e-01 7.788947351178233447e+00 4.312070921887634540e+02
4.500000000000000111e-01 4.179333707894272720e+00 2.983841685809985051e+02
4.600000000000000200e-01 1.692273399139356371e+00 2.044243028249393888e+02
4.700000000000000289e-01 -1.398433150665567837e-04 1.378740691003556549e+02
4.799999999999999822e-01 -1.129676738145368731e+00 9.074252504346760873e+01
4.899999999999999911e-01 -1.860843326725702518e+00 5.742098913102137203e+01
5.000000000000000000e-01 -2.310809599999999797e+00 3.395112960000000157e+01
5.100000000000000089e-01 -2.563257779694179561e+00 1.752532532605991378e+01
5.200000000000000178e-01 -2.678065886998401979e+00 6.143156763177955781e+00
5.300000000000000266e-01 -2.698118876122197030e+00 -1.626355026715671670e+00
5.400000000000000355e-01 -2.654125593301781993e+00 -6.810365745030878770e+00
5.500000000000000444e-01 -2.568042681318288167e+00 -1.014826741829988066e+01
5.600000000000000533e-01 -2.455519640491832689e+00 -1.217348135170703571e+01
5.700000000000000622e-01 -2.327652297753669330e+00 -1.327140946420226797e+01
5.799999999999999600e-01 -2.192245106371443431e+00 -1.372069889261928566e+01
5.899999999999999689e-01 -2.054722926757893475e+00 -1.372276176490745847e+01
5.999999999999999778e-01 -1.918791535066922016e+00 -1.342298433645503586e+01
6.099999999999999867e-01 -1.786917255054141895e+00 -1.292602584386336950e+01
6.199999999999999956e-01 -1.660675889896700674e+00 -1.230689413127732657e+01
6.300000000000000044e-01 -1.541006884545753186e+00 -1.161899004145787551e+01
6.400000000000000133e-01 -1.428398559509113097e+00 -1.089996701373523180e+01
6.500000000000000222e-01 -1.323023075925545244e+00 -1.017600982698006007e+01
6.600000000000000311e-01 -1.224834657051098175e+00 -9.464965352189201653e+00
6.700000000000000400e-01 -1.133640903497611596e+00 -8.778636895124360962e+00
6.800000000000000488e-01 -1.049154379936426906e+00 -8.124467314917978911e+00
6.900000000000000577e-01 -9.710297253190954825e-01 -7.506774283740398346e+00
7.000000000000000666e-01 -8.988901392856802897e-01 -6.927656624631042703e+00
7.099999999999999645e-01 -8.323460770058402902e-01 -6.387658604859170808e+00
7.199999999999999734e-01 -7.710082382397588363e-01 -5.886255837316039852e+00
7.299999999999999822e-01 -7.144963887661164303e-01 -5.422209555733669362e+00
7.399999999999999911e-01 -6.624451494846628208e-01 -4.993823708593400745e+00
7.500000000000000000e-01 -6.145075914760057545e-01 -4.599130297635297460e+00
7.600000000000000089e-01 -5.703572558459159003e-01 -4.236021764895573583e+00
7.700000000000000178e-01 -5.296890547572999930e-01 -3.902344356435707873e+00
7.800000000000000266e-01 -4.922193896732158236e-01 -3.595962791614710774e+00
7.900000000000000355e-01 -4.576857335270713700e-01 -3.314803903492256509e+00
8.000000000000000444e-01 -4.258458572439847711e-01 -3.056884941179304427e+00
8.100000000000000533e-01 -3.964768318256317037e-01 -2.820330758019821360e+00
8.200000000000000622e-01 -3.693739006968393968e-01 -2.603383018123980541e+00
8.300000000000000711e-01 -3.443492899505706806e-01 -2.404403740834967440e+00
8.399999999999999689e-01 -3.212310041104192160e-01 -2.221874896638250885e+00
8.499999999999999778e-01 -2.998616402652402035e-01 -2.054395315952340706e+00
8.599999999999999867e-01 -2.800972425845287828e-01 -1.900675835022221705e+00
8.699999999999999956e-01 -2.618062112996172308e-01 -1.759533351701766835e+00
8.800000000000000044e-01 -2.448682744903446507e-01 -1.629884276627620254e+00
8.900000000000000133e-01 -2.291735268926076430e-01 -1.510737726022436167e+00
9.000000000000000222e-01 -2.146215370221301044e-01 -1.401188699067324794e+00
9.100000000000000311e-01 -2.011205218814935414e-01 -1.300411406431223549e+00
9.200000000000000400e-01 -1.885865871469138699e-01 -1.207652860377547155e+00
9.300000000000000488e-01 -1.769430298431695359e-01 -1.122226795811710476e+00
9.400000000000000577e-01 -1.661196999783370321e-01 -1.043507961875247858e+00
9.500000000000000666e-01 -1.560524173265897818e-01 -9.709268023677609660e-01
9.599999999999999645e-01 -1.466824394442232671e-01 -9.039645282316830510e-01
9.699999999999999734e-01 -1.379559770269828678e-01 -8.421485749460198011e-01
9.799999999999999822e-01 -1.298237528255051509e-01 -7.850484307251125449e-01
9.899999999999999911e-01 -1.222406005006422824e-01 -7.322718169913774444e-01
1.000000000000000000e+00 -1.151650999999999925e-01 -6.834611999999999910e-01
1.010000000000000009e+00 -1.085592462555095006e-01 -6.382906112241045760e-01
1.020000000000000018e+00 -1.023881482280790539e-01 -5.964627537767155374e-01
1.030000000000000027e+00 -9.661975555145686789e-02 -5.577063724648700926e-01
1.040000000000000036e+00 -9.122461024798553253e-02 -5.217738658296203758e-01
1.050000000000000044e+00 -8.617562120036513507e-02 -4.884391195673950525e-01
1.060000000000000053e+00 -8.144785926363434791e-02 -4.574955419393295641e-01
1.070000000000000062e+00 -7.701837108906717244e-02 -4.287542830733606092e-01
1.080000000000000071e+00 -7.286600990600616834e-02 -4.020426213904517709e-01
1.090000000000000080e+00 -6.897128166874569311e-02 -3.772025017002554326e-01
1.100000000000000089e+00 0.000000000000000000e+00 -3.540892107849342718e-01
1.110000000000000098e+00 0.000000000000000000e+00 -3.325701775046020492e-01
1.120000000000000107e+00 0.000000000000000000e+00 -3.125238856027999224e-01
1.130000000000000115e+00 0.000000000000000000e+00 -2.938388884597002426e-01
1.140000000000000124e+00 0.000000000000000000e+00 -2.764129160320863976e-01
1.150000000000000133e+00 0.000000000000000000e+00 -2.601520651329644052e-01
1.159999999999999920e+00 0.000000000000000000e+00 -2.449700650420557346e-01
1.169999999999999929e+00 0.000000000000000000e+00 -2.307876112047103356e-01
1.179999999999999938e+00 0.000000000000000000e+00 -2.175317604750092448e-01
1.189999999999999947e+00 0.000000000000000000e+00 -2.051353819933985079e-01
1.199999999999999956e+00 0.000000000000000000e+00 -1.935366583647595007e-01
