0.000000000000000000e+00 5.161369872956702641e+22 6.194021923773808344e+25
1.000000000000000021e-02 2.580999999954559277e+22 3.097199999972735055e+25
2.000000000000000042e-02 6.301269524149997568e+18 3.780761716619998659e+21
2.999999999999999889e-02 4.856606785841215200e+16 1.942642726802878054e+19
4.000000000000000083e-02 1.538395770715331500e+15 4.615187478552244480e+17
5.000000000000000278e-02 1.057177309183999375e+14 2.537225891020798400e+16
5.999999999999999778e-02 1.185694057355379688e+13 2.371389088647658500e+15
7.000000000000000666e-02 1.864707101694245605e+12 3.196644056335510625e+14
8.000000000000000167e-02 3.755831986457108154e+11 5.633760980173943750e+13
8.999999999999999667e-02 9.138477099382954407e+10 1.218469313476171875e+13
1.000000000000000056e-01 2.580954559999998474e+10 3.097172735999998047e+12
1.100000000000000006e-01 8.223604908150492668e+09 8.971345261775346680e+11
1.199999999999999956e-01 2.894611082350313187e+09 2.894687171170614624e+11
1.300000000000000044e-01 1.107722225338068008e+09 1.022556273021428986e+11
1.400000000000000133e-01 4.551913511985215545e+08 3.901898791719789886e+10
1.499999999999999944e-01 1.988867240457549393e+08 1.591253362187713051e+10
1.600000000000000033e-01 9.166845569925495982e+07 6.876149840591094971e+09
1.700000000000000122e-01 4.428089118485251069e+07 3.126374392761764526e+09
1.799999999999999933e-01 2.229758395178918168e+07 1.486950926872759819e+09
1.900000000000000022e-01 1.165158293992537819e+07 7.361944590397562981e+08
2.000000000000000111e-01 6.294169531249996275e+06 3.778631718749997616e+08
2.099999999999999922e-01 3.503484527706052177e+06 2.003504909922350049e+08
2.200000000000000011e-01 2.003770898452162277e+06 1.094058971402101815e+08
2.300000000000000100e-01 1.174682804713032907e+06 6.136787309627054632e+07
2.399999999999999911e-01 7.043515358867892064e+05 3.527702118520022184e+07
2.500000000000000000e-01 4.311587225599999656e+05 2.074028802047999948e+07
2.600000000000000089e-01 2.689920289330038941e+05 1.244896174533097260e+07
2.700000000000000178e-01 1.707852920863913314e+05 7.616521555514158681e+06
2.800000000000000266e-01 1.102024814285428292e+05 4.743169629607670940e+06
2.899999999999999800e-01 7.218384729873221659e+04 3.002723149981199298e+06
2.999999999999999889e-01 4.794274886581955798e+04 1.930176346951026702e+06
3.099999999999999978e-01 3.225583187408040249e+04 1.258522483056687517e+06
3.200000000000000067e-01 2.196341347957541439e+04 8.315628738198019564e+05
3.300000000000000155e-01 1.512279844003778635e+04 5.563171736972572980e+05
3.400000000000000244e-01 1.052121323157225925e+04 3.765277717425212613e+05
3.500000000000000333e-01 7.390666587296101170e+03 2.576318176451159525e+05
3.599999999999999867e-01 5.238259298757371653e+03 1.780877845951489580e+05
3.699999999999999956e-01 3.743629590172839471e+03 1.242869679011423577e+05
3.800000000000000044e-01 2.696066305226773693e+03 8.752182816049973189e+04
3.900000000000000133e-01 1.955414941196624341e+03 6.215333659508442361e+04
4.000000000000000222e-01 1.427458381652831122e+03 4.448781394958493183e+04
4.100000000000000311e-01 1.048222252764933728e+03 3.207959362093699019e+04
4.199999999999999845e-01 7.738531203101778146e+02 2.329270730263902806e+04
4.299999999999999933e-01 5.740186326272497581e+02 1.702214645873351765e+04
4.400000000000000022e-01 4.275590111179462269e+02 1.251462748433500019e+04
4.500000000000000111e-01 3.195933631412953559e+02 9.252118498004390858e+03
4.600000000000000200e-01 2.395758474271957539e+02 6.875387445989083062e+03
4.700000000000000289e-01 1.799781188341835900e+02 5.133337528160346665e+03
4.799999999999999822e-01 1.353885915326302154e+02 3.849124091915505687e+03
4.899999999999999911e-01 1.018916047005099585e+02 2.897296237036329330e+03
5.000000000000000000e-01 7.663615999999998962e+01 2.188247040000000197e+03
5.100000000000000089e-01 5.753410374959342732e+01 1.657551012322033102e+03
5.200000000000000178e-01 4.304739007273963125e+01 1.258596819887919992e+03
5.300000000000000266e-01 3.203710745313559016e+01 9.574595701032642410e+02
5.400000000000000355e-01 2.365563600807112365e+01 7.293068115256215833e+02
5.500000000000000444e-01 1.726913127105529355e+01 5.558625554875909529e+02
5.600000000000000533e-01 1.240147226034794592e+01 4.236063014392099149e+02
5.700000000000000622e-01 8.693497631452535401e+00 3.224861158740367273e+02
5.799999999999999600e-01 5.873197081601995606e+00 2.449935686538612458e+02
5.899999999999999689e-01 3.733798984545988020e+00 1.854949812087582188e+02
5.999999999999999778e-01 2.117581314294534778e+00 1.397453162721733122e+02
6.099999999999999867e-01 9.038532286420561945e-01 1.045329653712237530e+02
6.199999999999999956e-01 -8.384108194370298861e-06 7.741887146202735437e+01
6.300000000000000044e-01 -6.652735005943286595e-01 5.654400094393527354e+01
6.400000000000000133e-01 -1.146910187611525522e+00 4.048659285512668760e+01
6.500000000000000222e-01 -1.487399862787941451e+00 2.815583975262929783e+01
6.600000000000000311e-01 -1.719630121141957346e+00 1.871236047832455540e+01
6.700000000000000400e-01 -1.869096205777563302e+00 1.150846664066886404e+01
6.800000000000000488e-01 -1.955582204864164897e+00 6.043117652904541615e+00
6.900000000000000577e-01 -1.994449191979201785e+00 1.927822616644270681e+00
7.000000000000000666e-01 -1.997625307421001750e+00 -1.139265800489866365e+00
7.099999999999999645e-01 -1.974369006748829536e+00 -3.393102659204089377e+00
7.199999999999999734e-01 -1.931859088739447561e+00 -5.016860047455264038e+00
7.299999999999999822e-01 -1.875652008873706533e+00 -6.153522437237988640e+00
7.399999999999999911e-01 -1.810037193356312191e+00 -6.914812566491724155e+00
7.500000000000000000e-01 -1.738313725587600445e+00 -7.388082435190359121e+00
7.600000000000000089e-01 -1.663006249168395456e+00 -7.641648048780975699e+00
7.700000000000000178e-01 -1.586033755072981055e+00 -7.728930201120540744e+00
7.800000000000000266e-01 -1.508841754125827439e+00 -7.691676471258123371e+00
7.900000000000000355e-01 -1.432505927008178581e+00 -7.562474133931564424e+00
8.000000000000000444e-01 -1.357813505455851111e+00 -7.366714300587771547e+00
8.100000000000000533e-01 -1.285327230627045125e+00 -7.124130233193670669e+00
8.200000000000000622e-01 -1.215435653561316220e+00 -6.850004392723517910e+00
8.300000000000000711e-01 -1.148392709999546568e+00 -6.556117164055821789e+00
8.399999999999999689e-01 -1.084348858702515628e+00 -6.251493677404696747e+00
8.499999999999999778e-01 -1.023375574309341784e+00 -5.942992482878954874e+00
8.599999999999999867e-01 -9.654845990041767134e-01 -5.635770100050738307e+00
8.699999999999999956e-01 -9.106430561792089318e-01 -5.333647960037726676e+00
8.800000000000000044e-01 -8.587852943477862766e-01 -5.039402456801388652e+00
8.900000000000000133e-01 -8.098221458220650204e-01 -4.754994328615843813e+00
9.000000000000000222e-01 -7.636481406558174312e-01 -4.481750097521473464e+00
9.100000000000000311e-01 -7.201471032419095586e-01 -4.220505573818608802e+00
9.200000000000000400e-01 -6.791964699397985417e-01 -3.971719308511135971e+00
9.300000000000000488e-01 -6.406705959276721707e-01 -3.735562214503498346e+00
9.400000000000000577e-01 -6.044432640454098227e-01 -3.511988273964669727e+00
9.500000000000000666e-01 -5.703895645461295461e-01 -3.300790225058192640e+00
9.599999999999999645e-01 -5.383872799341107296e-01 -3.101643314803324891e+00
9.699999999999999734e-01 -5.083178815051573318e-01 -2.914139568670137237e+00
9.799999999999999822e-01 -4.800672223113158221e-01 -2.737814524767357760e+00
9.899999999999999911e-01 -4.535259938603252716e-01 -2.572167982498057004e+00
1.000000000000000000e+00 -4.285900000000000265e-01 -2.416679999999999939e+00
1.010000000000000009e+00 -4.051602903954178991e-01 -2.270823124106876811e+00
1.020000000000000018e+00 -3.831431872036430986e-01 -2.134071637305179792e+00
1.030000000000000027e+00 -3.624502315292719157e-01 -2.005908447503832015e+00
1.040000000000000036e+00 -3.429980706421167369e-01 -1.885830119956472650e+00
1.050000000000000044e+00 -3.247083024685207264e-01 -1.773350449744902191e+00
1.060000000000000053e+00 -3.075072903018665760e-01 -1.668002892611004429e+00
1.070000000000000062e+00 -2.913259578342198286e-01 -1.569342107474110959e+00
1.080000000000000071e+00 -2.760995723450297423e-01 -1.476944812413203412e+00
1.090000000000000080e+00 -2.617675220789895674e-01 -1.390410114627872007e+00
1.100000000000000089e+00 0.000000000000000000e+00 -1.309359441852151029e+00
1.110000000000000098e+00 0.000000000000000000e+00 -1.233436176236791804e+00
1.120000000000000107e+00 0.000000000000000000e+00 -1.162305070527500650e+00
1.130000000000000115e+00 0.000000000000000000e+00 -1.095651509403254398e+00
1.140000000000000124e+00 0.000000000000000000e+00 -1.033180665264002096e+00
1.150000000000000133e+00 0.000000000000000000e+00 -9.746165869021322647e-01
1.159999999999999920e+00 0.000000000000000000e+00 -9.197012508211837023e-01
1.169999999999999929e+00 0.000000000000000000e+00 -8.681935980488176829e-01
1.179999999999999938e+00 0.000000000000000000e+00 -8.198685737841809873e-01
1.189999999999999947e+00 0.000000000000000000e+00 -7.745161828453529518e-01
1.199999999999999956e+00 0.000000000000000000e+00 -7.319405704179235972e-01
