0.000000000000000000e+00 2.881248241922267415e+21 3.457708945152733333e+24
1.000000000000000021e-02 1.440799999866339590e+21 1.728959999919803314e+24
2.000000000000000042e-02 3.517578104115623680e+17 2.110546868734686659e+20
2.999999999999999889e-02 2.711119207140323000e+15 1.084447719525539328e+18
4.000000000000000083e-02 8.587833956054684375e+13 2.576350676293944000e+16
5.000000000000000278e-02 5.901508245759996094e+12 1.416363005491199000e+15
5.999999999999999778e-02 6.618915176455384521e+11 1.323785900088745000e+14
7.000000000000000666e-02 1.040932287663653717e+11 1.784465088205587500e+13
8.000000000000000167e-02 2.096588958859442902e+10 3.144921678721903320e+12
8.999999999999999667e-02 5.101197932578355789e+09 6.801764913351621094e+11
1.000000000000000056e-01 1.440666339999999046e+09 1.728879803999998779e+11
1.100000000000000006e-01 4.590078345715910792e+08 5.007769727610944366e+10
1.199999999999999956e-01 1.615505457501103580e+08 1.615729269818918991e+10
1.300000000000000044e-01 6.181430109547552466e+07 5.707213539845433235e+09
1.400000000000000133e-01 2.539591186946588010e+07 2.177553221347852230e+09
1.499999999999999944e-01 1.109301081218799762e+07 8.879102334249713421e+08
1.600000000000000033e-01 5.110783111595081165e+06 3.836074867504065037e+08
1.700000000000000122e-01 2.467420020496989135e+06 1.743662635378094018e+08
1.799999999999999933e-01 1.241541290459724609e+06 8.290041148414802551e+07
1.900000000000000022e-01 6.481282149179147091e+05 4.102413114341090620e+07
2.000000000000000111e-01 3.496693749999997672e+05 2.104281562499998510e+07
2.099999999999999922e-01 1.943134879188728519e+05 1.114815428729025833e+07
2.200000000000000011e-01 1.109020109095846856e+05 6.081351554794528522e+06
2.300000000000000100e-01 6.484316112668399001e+04 3.406675080442291219e+06
2.399999999999999911e-01 3.875256605118043808e+04 1.955113639888357604e+06
2.500000000000000000e-01 2.362514145279999866e+04 1.147146102374400012e+06
2.600000000000000089e-01 1.466546807528692261e+04 6.868525550493019400e+05
2.700000000000000178e-01 9.254277307724867569e+03 4.189678764024470584e+05
2.800000000000000266e-01 5.927141611529064903e+03 2.599639125425871753e+05
2.899999999999999800e-01 3.847481732058105081e+03 1.638552174513196223e+05
2.999999999999999889e-01 2.527772339732915952e+03 1.047778346044057980e+05
3.099999999999999978e-01 1.678606994274953649e+03 6.789321640282866429e+04
3.200000000000000067e-01 1.125214216770586518e+03 4.452954391620520619e+04
3.300000000000000155e-01 7.603515579982569079e+02 2.953086811453913106e+04
3.400000000000000244e-01 5.172270967109062667e+02 1.978193776368113686e+04
3.500000000000000333e-01 3.536606781691758670e+02 1.337196337073120048e+04
3.599999999999999867e-01 2.426675252307846904e+02 9.112293446492554722e+03
3.699999999999999956e-01 1.667739651146011965e+02 6.253659549174148196e+03
3.800000000000000044e-01 1.145365389332039285e+02 4.317861847606782248e+03
3.900000000000000133e-01 7.838147153219051688e+01 2.996124466827161086e+03
4.000000000000000222e-01 5.324653625488276987e+01 2.086873626708982556e+03
4.100000000000000311e-01 3.571703918231391128e+01 1.457157193522996295e+03
4.199999999999999845e-01 2.346991265181505781e+01 1.018431481438757828e+03
4.299999999999999933e-01 1.491221522776134023e+01 7.111898291147897453e+02
4.400000000000000022e-01 8.943675278782588833e+00 4.950977895555802775e+02
4.500000000000000111e-01 4.799225169748428499e+00 3.425968275405310806e+02
4.600000000000000200e-01 1.943638628108381283e+00 2.347163535294320411e+02
4.700000000000000289e-01 4.310051349669663523e-04 1.583061882436266217e+02
4.799999999999999822e-01 -1.296504887389225757e+00 1.041915757007067782e+02
4.899999999999999911e-01 -2.136046648916001267e+00 6.593293507591991442e+01
5.000000000000000000e-01 -2.652723200000000503e+00 3.898552319999998872e+01
5.100000000000000089e-01 -2.942614593971917714e+00 2.012577798127736628e+01
5.200000000000000178e-01 -3.074470147254654062e+00 7.056921162375388690e+00
5.300000000000000266e-01 -3.097528605215720710e+00 -1.864025173366897548e+00
5.400000000000000355e-01 -3.047048710908065949e+00 -7.816391030528933470e+00
5.500000000000000444e-01 -2.948240347707816511e+00 -1.164911153446265502e+01
5.600000000000000533e-01 -2.819071828861109630e+00 -1.397463702538216523e+01
5.700000000000000622e-01 -2.672283139673276686e+00 -1.523546957563955218e+01
5.799999999999999600e-01 -2.516835246066601250e+00 -1.575154075414143406e+01
5.899999999999999689e-01 -2.358956956338733146e+00 -1.575410464043814329e+01
5.999999999999999778e-01 -2.202903285595202654e+00 -1.541008903151996279e+01
6.099999999999999867e-01 -2.051506147013795189e+00 -1.483966079028570206e+01
6.199999999999999956e-01 -1.906574980050832480e+00 -1.412894231606843221e+01
6.300000000000000044e-01 -1.769188569113061771e+00 -1.333924771511577845e+01
6.400000000000000133e-01 -1.639907721822514208e+00 -1.251381050832670638e+01
6.500000000000000222e-01 -1.518930231137876952e+00 -1.168269628438887509e+01
6.600000000000000311e-01 -1.406203650170766650e+00 -1.086639728959087492e+01
6.700000000000000400e-01 -1.301507174428152558e+00 -1.007846669399232553e+01
6.800000000000000488e-01 -1.204510872572399416e+00 -9.327451080305440456e+00
6.900000000000000577e-01 -1.114818295849054675e+00 -8.618308722626364826e+00
7.000000000000000666e-01 -1.031996889636680237e+00 -7.953450212391945939e+00
7.099999999999999645e-01 -9.555994589733614042e-01 -7.333501179701784167e+00
7.199999999999999734e-01 -8.851790828691873392e-01 -6.757860192613571293e+00
7.299999999999999822e-01 -8.202992434411027212e-01 -6.225105528605014094e+00
7.399999999999999911e-01 -7.605404733855503085e-01 -5.733290366150382233e+00
7.500000000000000000e-01 -7.055044842742655975e-01 -5.280155589266165350e+00
7.600000000000000089e-01 -6.548164861899808953e-01 -4.863281794855576656e+00
7.700000000000000178e-01 -6.081262227305005430e-01 -4.480196494573066346e+00
7.800000000000000266e-01 -5.651081071945865952e-01 -4.128448370375322973e+00
7.900000000000000355e-01 -5.254607432240703258e-01 -3.805657385092247491e+00
8.000000000000000444e-01 -4.889060370624063179e-01 -3.509547282010315961e+00
8.100000000000000533e-01 -4.551880520867528368e-01 -3.237965323193615852e+00
8.200000000000000622e-01 -4.240717143463458294e-01 -2.988892863211356943e+00
8.300000000000000711e-01 -3.953414467685193445e-01 -2.760449421558155869e+00
8.399999999999999689e-01 -3.687997867100608618e-01 -2.550892221183578723e+00
8.499999999999999778e-01 -3.442660245792525942e-01 -2.358612641497178863e+00
8.599999999999999867e-01 -3.215748888006799144e-01 -2.182130647033043935e+00
8.699999999999999956e-01 -3.005752932971035851e-01 -2.020087964267921254e+00
8.800000000000000044e-01 -2.811291570657696304e-01 -1.871240564052677691e+00
8.900000000000000133e-01 -2.631103006909987774e-01 -1.734450847216326697e+00
9.000000000000000222e-01 -2.464034212819722902e-01 -1.608679812296821110e+00
9.100000000000000311e-01 -2.309031449956299997e-01 -1.492979396686148874e+00
9.200000000000000400e-01 -2.165131547308087323e-01 -1.386485117986122617e+00
9.300000000000000488e-01 -2.031453895599353021e-01 -1.288409095229685386e+00
9.400000000000000577e-01 -1.907193118481828320e-01 -1.198033495454113417e+00
9.500000000000000666e-01 -1.791612376844898269e-01 -1.114704426627066702e+00
9.599999999999999645e-01 -1.684037261303696353e-01 -1.037826280649640331e+00
9.699999999999999734e-01 -1.583850228186524933e-01 -9.668565182313446638e-01
9.799999999999999822e-01 -1.490485535590674038e-01 -9.013008794510682931e-01
9.899999999999999911e-01 -1.403424637968965494e-01 -8.407089987341461734e-01
1.000000000000000000e+00 -1.322192000000000089e-01 -7.846703999999999901e-01
1.010000000000000009e+00 -1.246351293003152283e-01 -7.328108462765536846e-01
1.020000000000000018e+00 -1.175501939756283809e-01 -6.847890176955900854e-01
1.030000000000000027e+00 -1.109275976169551980e-01 -6.402934921489698006e-01
1.040000000000000036e+00 -1.047335200800563193e-01 -5.990400037558925028e-01
1.050000000000000044e+00 -9.893685856234139819e-02 -5.607689554870352033e-01
1.060000000000000053e+00 -9.350899237612540771e-02 -5.252431636816055072e-01
1.070000000000000062e+00 -8.842356920444098545e-02 -4.922458136835529130e-01
1.080000000000000071e+00 -8.365631082573861399e-02 -4.615786073460080852e-01
1.090000000000000080e+00 -7.918483647874660636e-02 -4.330600846613791299e-01
1.100000000000000089e+00 0.000000000000000000e+00 -4.065241032364019236e-01
1.110000000000000098e+00 0.000000000000000000e+00 -3.818184607259597629e-01
1.120000000000000107e+00 0.000000000000000000e+00 -3.588036466539066272e-01
1.130000000000000115e+00 0.000000000000000000e+00 -3.373517112766822867e-01
1.140000000000000124e+00 0.000000000000000000e+00 -3.173452402836088315e-01
1.150000000000000133e+00 0.000000000000000000e+00 -2.986764251768382894e-01
1.159999999999999920e+00 0.000000000000000000e+00 -2.812462201364291925e-01
1.169999999999999929e+00 0.000000000000000000e+00 -2.649635770557649539e-01
1.179999999999999938e+00 0.000000000000000000e+00 -2.497447512341216536e-01
1.189999999999999947e+00 0.000000000000000000e+00 -2.355126709417194042e-01
1.199999999999999956e+00 0.000000000000000000e+00 -2.221963647333639880e-01
