0.000000000000000000e+00 1.110667463094606129e+22 7.997293880523452697e+24
1.666666666666666644e-02 5.554015295851863212e+21 3.998891013198830715e+24
3.333333333333333287e-02 1.355960757663867904e+18 4.881458742081290240e+20
5.000000000000000278e-02 1.045085893024985000e+16 2.508206228074542080e+18
6.666666666666666574e-02 3.310449830239406250e+14 5.958810826568892800e+16
8.333333333333334259e-02 2.274921367801145703e+13 3.275889143899041500e+15
1.000000000000000056e-01 2.551468360008789551e+12 3.061768658149512500e+14
1.166666666666666824e-01 4.012599837887410889e+11 4.127268070892727344e+13
1.333333333333333315e-01 8.081959425249128723e+10 7.273851931002522461e+12
1.499999999999999944e-01 1.966416664967897034e+10 1.573172113217463379e+12
1.666666666666666852e-01 5.553500047801143646e+09 3.998705523900570679e+11
1.833333333333333481e-01 1.769389591074297905e+09 1.158241099592153625e+11
2.000000000000000111e-01 6.227472205608888865e+08 3.737000990472020721e+10
2.166666666666666741e-01 2.382825996542882919e+08 1.320014621227052689e+10
2.333333333333333648e-01 9.789650213237278163e+07 5.036436889349465370e+09
2.500000000000000000e-01 4.276148663130246848e+07 2.053636984910643578e+09
2.666666666666666630e-01 1.970111490792524442e+07 8.872411730309077501e+08
2.833333333333333814e-01 9.511443426709791645e+06 4.032896439304089546e+08
2.999999999999999889e-01 4.785909714776465669e+06 1.917393670531348288e+08
3.166666666666667074e-01 2.498413093415731099e+06 9.488421911340461671e+07
3.333333333333333703e-01 1.347910006871414138e+06 4.866967390654872358e+07
3.499999999999999778e-01 7.490420917271865765e+05 2.578443057699062675e+07
3.666666666666666963e-01 4.275064440786699997e+05 1.406548360867881402e+07
3.833333333333333592e-01 2.499581972687005473e+05 7.879256761356793344e+06
4.000000000000000222e-01 1.493838406544043683e+05 4.521957962342131883e+06
4.166666666666666852e-01 9.107045616826004698e+04 2.653219734663097188e+06
4.333333333333333481e-01 5.653259843241240014e+04 1.588612466463257791e+06
4.500000000000000666e-01 3.567347649960427952e+04 9.690253281219372293e+05
4.666666666666667296e-01 2.284799607059359914e+04 6.012670616724749561e+05
4.833333333333333370e-01 1.483130067567473088e+04 3.789784867412622552e+05
5.000000000000000000e-01 9.744071480706616057e+03 2.423391734129355173e+05
5.166666666666667185e-01 6.470700917121049315e+03 1.570292267316282378e+05
5.333333333333333259e-01 4.337477739249155093e+03 1.029917036196035042e+05
5.500000000000000444e-01 2.931002463605736466e+03 6.830147362397798861e+04
5.666666666666667629e-01 1.993804809369354416e+03 4.575331121398999676e+04
5.833333333333333703e-01 1.363288237106311044e+03 3.092777556997453576e+04
5.999999999999999778e-01 9.354315330166978129e+02 2.107564989530437379e+04
6.166666666666666963e-01 6.428770010347050174e+02 1.446396094449071461e+04
6.333333333333334147e-01 4.415122831365849834e+02 9.986686637457001780e+03
6.500000000000000222e-01 3.021419213621030622e+02 6.929663399593343456e+03
6.666666666666667407e-01 2.052520018918563096e+02 4.826673996380133758e+03
6.833333333333334592e-01 1.376795370153529916e+02 3.370215300512775684e+03
6.999999999999999556e-01 9.046955051565886663e+01 2.355495893225597229e+03
7.166666666666666741e-01 5.748156338269742349e+01 1.644883696809209823e+03
7.333333333333333925e-01 3.447424428165222565e+01 1.145089783661253932e+03
7.500000000000000000e-01 1.849840876317468030e+01 7.923744524764624657e+02
7.666666666666667185e-01 7.490866373015808932e+00 5.428609375714813723e+02
7.833333333333334370e-01 3.447401182706935955e-04 3.661344139174425436e+02
8.000000000000000444e-01 -4.998945001856789361e+00 2.409747523940412179e+02
8.166666666666666519e-01 -8.235086880363134298e+00 1.524879674397401459e+02
8.333333333333333703e-01 -1.022666156787762759e+01 9.016261261950286610e+01
8.500000000000000888e-01 -1.134403706631487374e+01 4.654297884652675066e+01
8.666666666666666963e-01 -1.185222692662315325e+01 1.631689901712178425e+01
8.833333333333334147e-01 -1.194103545007272871e+01 -4.315631220801816603e+00
9.000000000000001332e-01 -1.174637693515873060e+01 -1.808225393370627287e+01
9.166666666666667407e-01 -1.136542944741757388e+01 -2.694644760295339836e+01
9.333333333333334592e-01 -1.086745635491718787e+01 -3.232473014304495962e+01
9.500000000000001776e-01 -1.030156696705318176e+01 -3.524055000373700608e+01
9.666666666666666741e-01 -9.702303320609052761e+00 -3.643386530249691191e+01
9.833333333333332815e-01 -9.093675613485487474e+00 -3.643953430311717767e+01
1.000000000000000000e+00 -8.492085539104236247e+00 -3.564363681318302213e+01
1.016666666666666607e+00 -7.908449082774859917e+00 -3.432410069154195753e+01
1.033333333333333437e+00 -7.349740855642151516e+00 -3.268011347647900067e+01
1.050000000000000044e+00 -6.820118990363577716e+00 -3.085348449568207130e+01
1.066666666666666652e+00 -6.321744967074426569e+00 -2.894420520382556106e+01
1.083333333333333481e+00 -5.855380955861938297e+00 -2.702181151916220614e+01
1.100000000000000089e+00 -5.420824536265718585e+00 -2.513369764109392079e+01
1.116666666666666696e+00 -5.017224332676601506e+00 -2.331120875798942649e+01
1.133333333333333526e+00 -4.643308333333114213e+00 -2.157411063195435830e+01
1.150000000000000133e+00 -4.297548137879166674e+00 -1.993386988068118271e+01
1.166666666666666741e+00 -3.978276184959117945e+00 -1.839606079695339957e+01
1.183333333333333348e+00 -3.683768495048406422e+00 -1.696212941099128457e+01
1.199999999999999956e+00 -3.412302159984598848e+00 -1.563068382663962019e+01
1.216666666666666785e+00 -3.162194386874919161e+00 -1.439843501932876180e+01
1.233333333333333393e+00 -2.931828121135217291e+00 -1.326087956519043942e+01
1.250000000000000000e+00 -2.719667958817105102e+00 -1.221279182064401425e+01
1.266666666666666829e+00 -2.524269087095402764e+00 -1.124857548691021236e+01
1.283333333333333437e+00 -2.344281272916596937e+00 -1.036251154618110881e+01
1.300000000000000044e+00 -2.178449387020868322e+00 -9.548929998096040705e+00
1.316666666666666874e+00 -2.025611555285683263e+00 -8.802325752794507352e+00
1.333333333333333481e+00 -1.884695735936324779e+00 -8.117433792749420007e+00
1.350000000000000089e+00 -1.754715303362631706e+00 -7.489274820094374618e+00
1.366666666666666918e+00 -1.634764057673179893e+00 -6.913179708005033675e+00
1.383333333333333526e+00 -1.524010959345664107e+00 -6.384798915907165195e+00
1.399999999999999911e+00 -1.421694799736197057e+00 -5.900101418832453426e+00
1.416666666666666741e+00 -1.327118952863552526e+00 -5.455366500753009440e+00
1.433333333333333348e+00 -1.239646305880549582e+00 -5.047170866228533725e+00
1.449999999999999956e+00 -1.158694430575532675e+00 -4.672372857002806690e+00
1.466666666666666785e+00 -1.083731032817828233e+00 -4.328095062844449892e+00
1.483333333333333393e+00 -1.014269698607213055e+00 -4.011706246102039408e+00
1.500000000000000000e+00 -9.498659424631240578e-01 -3.720803225129465375e+00
1.516666666666666829e+00 -8.901135549120083867e-01 -3.453193158979340094e+00
1.533333333333333437e+00 -8.346412397649947135e-01 -3.206876526605670463e+00
1.550000000000000044e+00 -7.831095279472573001e-01 -2.980030984787448656e+00
1.566666666666666874e+00 -7.352079522646348675e-01 -2.770996209960061130e+00
1.583333333333333481e+00 -6.906524662385759017e-01 -2.578259772511924286e+00
1.600000000000000089e+00 -6.491830896840232734e-01 -2.400444052146634366e+00
1.616666666666666696e+00 -6.105617638061194841e-01 -2.236294175321829947e+00
1.633333333333333304e+00 -5.745703990727268895e-01 -2.084666937318643498e+00
1.650000000000000133e+00 -5.410090998497295578e-01 -1.944520659738433688e+00
1.666666666666666741e+00 -5.096945506692160954e-01 -1.814905927342256087e+00
1.683333333333333348e+00 -4.804585499675686489e-01 -1.694957144776740865e+00
1.700000000000000178e+00 -4.531466781316506043e-01 -1.583884852847255331e+00
1.716666666666666785e+00 -4.276170876918493069e-01 -1.480968744845918339e+00
1.733333333333333393e+00 -4.037394044767941281e-01 -1.385551325455479210e+00
1.750000000000000222e+00 -3.813937294803133593e-01 -1.297032157515996653e+00
1.766666666666666829e+00 -3.604697320767332736e-01 -1.214862645157134491e+00
1.783333333333333437e+00 -3.408658260503826809e-01 -1.138541305245946544e+00
1.800000000000000266e+00 -3.224884206766685524e-01 -1.067609482622502881e+00
1.816666666666666874e+00 -3.052512398050320486e-01 -1.001647468084678305e+00
1.833333333333333481e+00 0.000000000000000000e+00 -9.402709814648213538e-01
1.850000000000000311e+00 0.000000000000000000e+00 -8.831279853666050839e-01
1.866666666666666918e+00 0.000000000000000000e+00 -8.298957981706706066e-01
1.883333333333333526e+00 0.000000000000000000e+00 -7.802784777570342944e-01
1.900000000000000355e+00 0.000000000000000000e+00 -7.340044500246831749e-01
1.916666666666666963e+00 0.000000000000000000e+00 -6.908243587153138909e-01
1.933333333333333348e+00 0.000000000000000000e+00 -6.505091152744640892e-01
1.949999999999999956e+00 0.000000000000000000e+00 -6.128481295181061883e-01
1.966666666666666563e+00 0.000000000000000000e+00 -5.776477037268666903e-01
1.983333333333333393e+00 0.000000000000000000e+00 -5.447295744751052826e-01
2.000000000000000000e+00 0.000000000000000000e+00 -5.139295880304510789e-01
