0.000000000000000000e+00 1.259310883873996407e+23 9.067591839689654118e+25
1.666666666666666644e-02 6.297323135571642339e+22 4.534072657677682889e+25
3.333333333333333287e-02 1.537432403321283174e+19 5.534756657120755581e+21
5.000000000000000278e-02 1.184952422169314240e+17 2.843885843430842778e+19
6.666666666666666574e-02 3.753496637149613000e+15 6.756294350317520640e+17
8.333333333333334259e-02 2.579382381277245312e+14 3.714311475131469600e+16
1.000000000000000056e-01 2.892946375448426953e+13 3.471538011826264500e+15
1.166666666666666824e-01 4.549650218459626953e+12 4.679648251113553750e+14
1.333333333333333315e-01 9.163741200620993652e+11 8.247398599950918750e+13
1.499999999999999944e-01 2.229662532585394592e+11 1.783743846136148438e+13
1.666666666666666852e-01 6.297139521988523865e+10 4.534006556787759766e+12
1.833333333333333481e-01 2.006417574947528076e+10 1.313325423844224365e+12
2.000000000000000111e-01 7.062252051251038551e+09 4.237535706387529297e+11
2.166666666666666741e-01 2.702555525088137627e+09 1.496905325784310913e+11
2.333333333333333648e-01 1.110514400137248755e+09 5.711843978446574402e+10
2.500000000000000000e-01 4.851953251659727693e+08 2.329324434247558212e+10
2.666666666666666630e-01 2.236164181088272631e+08 1.006520126739913940e+10
2.833333333333333814e-01 1.080098002388776541e+08 4.576143603794713020e+09
2.999999999999999889e-01 5.438197929447517544e+07 2.176358864578457355e+09
3.166666666666667074e-01 2.841296920814599469e+07 1.077441481434801102e+09
3.333333333333333703e-01 1.534563441085085087e+07 5.529592525095598698e+08
3.499999999999999778e-01 8.539590257516060024e+06 2.931529572749309540e+08
3.666666666666666963e-01 4.882538887507020496e+06 1.600571836651913226e+08
3.833333333333333592e-01 2.861167768589787651e+06 8.976113006159369648e+07
4.000000000000000222e-01 1.714724650268743280e+06 5.158586109939513355e+07
4.166666666666666852e-01 1.048994684818355599e+06 3.031934672911663726e+07
4.333333333333333481e-01 6.539526538727479056e+05 1.819175705925549939e+07
4.500000000000000666e-01 4.148174508796659065e+05 1.112499058693722449e+07
4.666666666666667296e-01 2.673709339573987527e+05 6.924241919898618013e+06
4.833333333333333370e-01 1.748967448218176723e+05 4.380583678936090320e+06
5.000000000000000000e-01 1.159765373730818246e+05 2.813661385304647498e+06
5.166666666666667185e-01 7.788060281830630265e+04 1.832865498211051803e+06
5.333333333333333259e-01 5.291053493737059034e+04 1.209724946262035985e+06
5.500000000000000444e-01 3.633449208130749321e+04 8.082624960677770432e+05
5.666666666666667629e-01 2.519956275590639052e+04 5.462228604367496446e+05
5.833333333333333703e-01 1.763658881061126158e+04 3.730836346080288640e+05
5.999999999999999778e-01 1.244652025786320701e+04 2.573655051529672346e+05
6.166666666666666963e-01 8.850467754026456532e+03 1.791883068668661290e+05
6.333333333333334147e-01 6.336465738239110578e+03 1.258366194959557906e+05
6.500000000000000222e-01 4.564234563083211469e+03 8.907955730069447600e+04
6.666666666666667407e-01 3.305221287743765060e+03 6.352846535852256784e+04
6.833333333333334592e-01 2.404388031941646204e+03 4.561746918418641144e+04
6.999999999999999556e-01 1.755577324015672957e+03 3.296284243029389472e+04
7.166666666666666741e-01 1.285455784493854026e+03 2.395571471618831856e+04
7.333333333333333925e-01 9.429398443371900385e+02 1.750025200859779216e+04
7.500000000000000000e-01 6.921628397690789143e+02 1.284357411892413620e+04
7.666666666666667185e-01 5.077534455537793292e+02 9.464156522801207757e+03
7.833333333333334370e-01 3.716374635437385905e+02 6.997905923775417250e+03
8.000000000000000444e-01 2.708530192067490248e+02 5.188745220388994312e+03
8.166666666666666519e-01 1.960459398510442952e+02 3.855294723393690219e+03
8.333333333333333703e-01 1.404255449330783847e+02 2.868220084130019131e+03
8.500000000000000888e-01 9.903462019483143308e+01 2.134710023563395680e+03
8.666666666666666963e-01 6.823545464513172476e+01 1.587759165358225346e+03
8.833333333333334147e-01 4.534556589986065234e+01 1.178714895925826340e+03
9.000000000000001332e-01 2.837786582987635242e+01 8.720582382483715946e+02
9.166666666666667407e-01 1.585419108490469853e+01 6.417248744389956983e+02
9.333333333333334592e-01 6.670704366798016594e+00 4.684953585536562741e+02
9.500000000000001776e-01 1.978403329922248481e-04 3.381325352812129950e+02
9.666666666666666741e-01 -4.779193903761785656e+00 2.400444941682434319e+02
9.833333333333332815e-01 -8.136272647020433624e+00 1.663194267426940485e+02
1.000000000000000000e+00 -1.042529943066551823e+01 1.110252220717278107e+02
1.016666666666666607e+00 -1.191451046810921710e+01 6.969858595313743876e+01
1.033333333333333437e+00 -1.280731686280679682e+01 3.897057820663729188e+01
1.050000000000000044e+00 -1.325812976637174145e+01 1.629085745236116978e+01
1.066666666666666652e+00 -1.338421924349061598e+01 -2.762932767859657135e-01
1.083333333333333481e+00 -1.327463330448077627e+01 -1.220348901462682356e+01
1.100000000000000089e+00 -1.299692882455090093e+01 -2.061325959755205517e+01
1.116666666666666696e+00 -1.260226737202786040e+01 -2.636267277381969976e+01
1.133333333333333526e+00 -1.212928456995794946e+01 -3.010693069549202150e+01
1.150000000000000133e+00 -1.160703618719850816e+01 -3.234733150291526016e+01
1.166666666666666741e+00 -1.105724683265297870e+01 -3.346755946601498977e+01
1.183333333333333348e+00 -1.049603017098967506e+01 -3.376122962479153244e+01
1.199999999999999956e+00 -9.935207449967345283e+00 -3.345285578324308062e+01
1.216666666666666785e+00 -9.383319843175462083e+00 -3.271385585104285099e+01
1.233333333333333393e+00 -8.846406787499544677e+00 -3.167480016743692062e+01
1.250000000000000000e+00 -8.328605041130586528e+00 -3.043480668109397769e+01
1.266666666666666829e+00 -7.832610080990961343e+00 -2.906876299710175715e+01
1.283333333333333437e+00 -7.360031581834332925e+00 -2.763288860066693431e+01
1.300000000000000044e+00 -6.911667252361298530e+00 -2.616902597789196250e+01
1.316666666666666874e+00 -6.487713640765625733e+00 -2.470795591106001865e+01
1.333333333333333481e+00 -6.087928214404252358e+00 -2.327196190514766627e+01
1.350000000000000089e+00 -5.711753732021723096e+00 -2.187681560937342695e+01
1.366666666666666918e+00 -5.358413413073351172e+00 -2.053331488581599373e+01
1.383333333333333526e+00 -5.026983480639771074e+00 -1.924847562926291644e+01
1.399999999999999911e+00 -4.716448172038498754e+00 -1.802645516861510444e+01
1.416666666666666741e+00 -4.425741168848975171e+00 -1.686926729889925269e+01
1.433333333333333348e+00 -4.153776515770911004e+00 -1.577733537176611023e+01
1.449999999999999956e+00 -3.899471414925066881e+00 -1.474991941138084250e+01
1.466666666666666785e+00 -3.661762752778282781e+00 -1.378544516912239892e+01
1.483333333333333393e+00 -3.439618805662784773e+00 -1.288175681610743517e+01
1.500000000000000000e+00 -3.232047249964486113e+00 -1.203631016675595333e+01
1.516666666666666829e+00 -3.038100353848328439e+00 -1.124631960244204620e+01
1.533333333333333437e+00 -2.856878033012639317e+00 -1.050886897267116638e+01
1.550000000000000044e+00 -2.687529301198687381e+00 -9.820994501985238045e+00
1.566666666666666874e+00 -2.529252527587402710e+00 -9.179745978270396733e+00
1.583333333333333481e+00 -2.381294820486618669e+00 -8.582231130521730478e+00
1.600000000000000089e+00 -2.242950784182234258e+00 -8.025647035368635329e+00
1.616666666666666696e+00 -2.113560839090902199e+00 -7.507301555422055905e+00
1.633333333333333304e+00 -1.992509250981021829e+00 -7.024627157472347783e+00
1.650000000000000133e+00 -1.879221980347709930e+00 -6.575188945000904006e+00
1.666666666666666741e+00 -1.773164435946462669e+00 -6.156688336520077520e+00
1.683333333333333348e+00 -1.673839195373818090e+00 -5.766963504925953110e+00
1.700000000000000178e+00 -1.580783739150322109e+00 -5.403987444637295745e+00
1.716666666666666785e+00 -1.493568232006037722e+00 -5.065864338201947703e+00
1.733333333333333393e+00 -1.411793375202178957e+00 -4.750824740862906737e+00
1.750000000000000222e+00 -1.335088346123280090e+00 -4.457219981348029769e+00
1.766666666666666829e+00 -1.263108835554135334e+00 -4.183516082866364449e+00
1.783333333333333437e+00 -1.195535188629833989e+00 -3.928287434450625337e+00
1.800000000000000266e+00 -1.132070652112504128e+00 -3.690210385046742037e+00
1.816666666666666874e+00 -1.072439728166005857e+00 -3.468056887705565750e+00
1.833333333333333481e+00 0.000000000000000000e+00 -3.260688286189847407e+00
1.850000000000000311e+00 0.000000000000000000e+00 -3.067049309149690650e+00
1.866666666666666918e+00 0.000000000000000000e+00 -2.886162316066930966e+00
1.883333333333333526e+00 0.000000000000000000e+00 -2.717121823099928779e+00
1.900000000000000355e+00 0.000000000000000000e+00 -2.559089324729094006e+00
1.916666666666666963e+00 0.000000000000000000e+00 -2.411288417883211022e+00
1.933333333333333348e+00 0.000000000000000000e+00 -2.273000228363327491e+00
1.949999999999999956e+00 0.000000000000000000e+00 -2.143559134357665652e+00
1.966666666666666563e+00 0.000000000000000000e+00 -2.022348778249183798e+00
1.983333333333333393e+00 0.000000000000000000e+00 -1.908798355434043081e+00
2.000000000000000000e+00 0.000000000000000000e+00 -1.802379167240020896e+00
