0.000000000000000000e+00 4.442717647690546020e+21 3.198951966934746813e+24
1.666666666666666644e-02 2.221630018914356560e+21 1.599573613692533084e+24
3.333333333333333287e-02 5.423901381664897920e+17 1.952604503195976663e+20
5.000000000000000278e-02 4.180388545242531000e+15 1.003293284784432256e+18
6.666666666666666574e-02 1.324194177941929219e+14 2.383549973155908800e+16
8.333333333333334259e-02 9.099783367801142578e+12 1.310369754680534500e+15
1.000000000000000056e-01 1.020598323724229248e+12 1.224720638955397500e+14
1.166666666666666824e-01 1.605057202546413269e+11 1.650924989207059375e+13
1.333333333333333315e-01 3.232818549100031281e+10 2.909572073911630859e+12
1.499999999999999944e-01 7.865751280282529831e+09 6.292756150997532959e+11
1.666666666666666852e-01 2.221423917304014206e+09 1.599499417112809448e+11
1.833333333333333481e-01 7.077634505399082899e+08 4.633014240596080017e+10
2.000000000000000111e-01 2.491015680323141217e+08 1.494816477437835884e+10
2.166666666666666741e-01 9.531406522655272484e+07 5.280115288057566643e+09
2.333333333333333648e-01 3.915902210765865445e+07 2.014596428430043459e+09
2.500000000000000000e-01 1.710477865269975737e+07 8.214636310086793900e+08
2.666666666666666630e-01 7.880530732606387697e+06 3.549002870423128009e+08
2.833333333333333814e-01 3.804618294084905647e+06 1.613175928954132795e+08
2.999999999999999889e-01 1.914384476018038346e+06 7.669657183096283674e+07
3.166666666666667074e-01 9.993759851053758757e+05 3.795409589068336040e+07
3.333333333333333703e-01 5.391698005048993509e+05 1.946807895405113325e+07
3.499999999999999778e-01 2.996200580262890435e+05 1.031388315430445969e+07
3.666666666666666963e-01 1.710044157943854225e+05 5.626253946477392688e+06
3.833333333333333592e-01 9.998435338445428351e+04 3.151736593049888499e+06
4.000000000000000222e-01 5.975417820052150637e+04 1.808802630699342815e+06
4.166666666666666852e-01 3.642857366271510546e+04 1.061299301264397800e+06
4.333333333333333481e-01 2.261328209014431195e+04 6.354518151107326848e+05
4.500000000000000666e-01 1.426954366738058161e+04 3.876142953052222729e+05
4.666666666666667296e-01 9.139296391367670367e+03 2.405094074891759083e+05
4.833333333333333370e-01 5.932583803261795765e+03 1.515930219471539895e+05
5.000000000000000000e-01 3.897670286886182112e+03 9.693670937816705555e+04
5.166666666666667185e-01 2.588308017499632115e+03 6.281236417500319658e+04
5.333333333333333259e-01 1.735009600228355794e+03 4.119712284127371822e+04
5.500000000000000444e-01 1.172413464620861760e+03 2.732088191150549028e+04
5.666666666666667629e-01 7.975303918282381801e+02 1.830152019133233989e+04
5.833333333333333703e-01 5.453210674795211617e+02 1.237124235255404892e+04
5.999999999999999778e-01 3.741765592670809042e+02 8.430349859101725087e+03
6.166666666666666963e-01 2.571534995586284822e+02 5.785645965252851965e+03
6.333333333333334147e-01 1.766067558253230061e+02 3.994717086983686841e+03
6.500000000000000222e-01 1.208580196454390716e+02 2.771894726949714368e+03
6.666666666666667407e-01 8.210164183184471653e+01 1.930689989494774636e+03
6.833333333333334592e-01 5.507237090592177253e+01 1.348100303840631796e+03
6.999999999999999556e-01 3.618817804438916141e+01 9.422082238657000062e+02
7.166666666666666741e-01 2.299284537896883052e+01 6.579603283002604712e+02
7.333333333333333925e-01 1.378982225316987886e+01 4.580406462965979699e+02
7.500000000000000000e-01 7.399422300760535087e+00 3.169530243435040688e+02
7.666666666666667185e-01 2.996360546848429784e+00 2.171465683896522592e+02
7.833333333333334370e-01 1.218675976895113993e-04 1.464552183693882625e+02
8.000000000000000444e-01 -1.999613640383397728e+00 9.639083198564019028e+01
8.166666666666666519e-01 -3.294082673837196218e+00 6.099575146002592163e+01
8.333333333333333703e-01 -4.090719694072658008e+00 3.606535342256213994e+01
8.500000000000000888e-01 -4.537673462969517679e+00 1.861732251137785354e+01
8.666666666666666963e-01 -4.740950514039547592e+00 6.526769317368451340e+00
8.833333333333334147e-01 -4.776473361696051967e+00 -1.726324012724415491e+00
9.000000000000001332e-01 -4.698608290976892476e+00 -7.233025845264093867e+00
9.166666666666667407e-01 -4.546226930050275783e+00 -1.077873585824103841e+01
9.333333333333334592e-01 -4.347034910465795932e+00 -1.293006717691423368e+01
9.500000000000001776e-01 -4.120676155650661698e+00 -1.409640347181855624e+01
9.666666666666666741e-01 -3.880967619032797966e+00 -1.457373107921851663e+01
9.833333333333332815e-01 -3.637513474616839382e+00 -1.457599552659900688e+01
1.000000000000000000e+00 -3.396874463093720653e+00 -1.425763033135372027e+01
1.016666666666666607e+00 -3.163417019330577062e+00 -1.372980777643368455e+01
1.033333333333333437e+00 -2.939931012436300062e+00 -1.307220368641648456e+01
1.050000000000000044e+00 -2.728079708740822618e+00 -1.234154236197300847e+01
1.066666666666666652e+00 -2.528727705598556863e+00 -1.157782078067343434e+01
1.083333333333333481e+00 -2.342179870856023527e+00 -1.080885357954068660e+01
1.100000000000000089e+00 -2.168355232445013492e+00 -1.005359861704674351e+01
1.116666666666666696e+00 -2.006913233834974886e+00 -9.324594081788012190e+00
1.133333333333333526e+00 -1.857345062558880322e+00 -8.629746345070111957e+00
1.150000000000000133e+00 -1.719039349896366531e+00 -7.973642087299341874e+00
1.166666666666666741e+00 -1.591329062376558801e+00 -7.358511035753399376e+00
1.183333333333333348e+00 -1.473524599232659993e+00 -6.784931596785581220e+00
1.199999999999999956e+00 -1.364936788433005699e+00 -6.252346995579223687e+00
1.216666666666666785e+00 -1.264892504387522987e+00 -5.759441599150387781e+00
1.233333333333333393e+00 -1.172744917252540153e+00 -5.304414010737754204e+00
1.250000000000000000e+00 -1.087879857912058768e+00 -4.885173943590571888e+00
1.266666666666666829e+00 -1.009719394195678577e+00 -4.499482848147473568e+00
1.283333333333333437e+00 -9.377234263417588700e-01 -4.145053087452740925e+00
1.300000000000000044e+00 -8.713898965969323340e-01 -3.819616632384601917e+00
1.316666666666666874e+00 -8.102540497355879001e-01 -3.520971419288791537e+00
1.333333333333333481e+00 -7.538870639206899371e-01 -3.247011414961442632e+00
1.350000000000000089e+00 -7.018942842039443963e-01 -2.995744875713116873e+00
1.366666666666666918e+00 -6.539132263194504802e-01 -2.765304127972187498e+00
1.383333333333333526e+00 -6.096114705154912494e-01 -2.553949334361774515e+00
1.399999999999999911e+00 -5.686845297303395608e-01 -2.360068065397106896e+00
1.416666666666666741e+00 -5.308537502790158236e-01 -2.182172016749154508e+00
1.433333333333333348e+00 -4.958642840162154064e-01 -2.018891853817871951e+00
1.449999999999999956e+00 -4.634831569127746964e-01 -1.868970898276729908e+00
1.466666666666666785e+00 -4.334974488113354507e-01 -1.731258172311494370e+00
1.483333333333333393e+00 -4.057125918252389996e-01 -1.604701168344746076e+00
1.500000000000000000e+00 -3.799507896749282909e-01 -1.488338602310867786e+00
1.516666666666666829e+00 -3.560495566651591393e-01 -1.381293327442175256e+00
1.533333333333333437e+00 -3.338603725798218180e-01 -1.282765525863630129e+00
1.550000000000000044e+00 -3.132474481988341553e-01 -1.192026251681342464e+00
1.566666666666666874e+00 -2.940865951912383092e-01 -1.108411367639851486e+00
1.583333333333333481e+00 -2.762641936368355755e-01 -1.031315894771170916e+00
1.600000000000000089e+00 -2.596762502461106847e-01 -9.601887784755864796e-01
1.616666666666666696e+00 -2.442275403887072815e-01 -8.945280634384696894e-01
1.633333333333333304e+00 -2.298308272331655855e-01 -8.338764624043716323e-01
1.650000000000000133e+00 -2.164061515926276880e-01 -7.778172991267630065e-01
1.666666666666666741e+00 -2.038801864244741968e-01 -7.259708030592734174e-01
1.683333333333333348e+00 -1.921856503186311904e-01 -6.779907320055572617e-01
1.700000000000000178e+00 -1.812607747097597921e-01 -6.335612985918208651e-01
1.716666666666666785e+00 -1.710488199487709970e-01 -5.923943767647162906e-01
1.733333333333333393e+00 -1.614976357595399037e-01 -5.542269653227110959e-01
1.750000000000000222e+00 -1.525592619809935935e-01 -5.188188865954311835e-01
1.766666666666666829e+00 -1.441895658489696364e-01 -4.859506996718390148e-01
1.783333333333333437e+00 -1.363479124041497847e-01 -4.554218089569602168e-01
1.800000000000000266e+00 -1.289968649209764506e-01 -4.270487502458757967e-01
1.816666666666666874e+00 -1.221019125376429093e-01 -4.006636378993083114e-01
1.833333333333333481e+00 0.000000000000000000e+00 -3.761127580577026674e-01
1.850000000000000311e+00 0.000000000000000000e+00 -3.532552941209556874e-01
1.866666666666666918e+00 0.000000000000000000e+00 -3.319621719370864366e-01
1.883333333333333526e+00 0.000000000000000000e+00 -3.121150132788971798e-01
1.900000000000000355e+00 0.000000000000000000e+00 -2.936051872406695851e-01
1.916666666666666963e+00 0.000000000000000000e+00 -2.763329501575664260e-01
1.933333333333333348e+00 0.000000000000000000e+00 -2.602066655409355778e-01
1.949999999999999956e+00 0.000000000000000000e+00 -2.451420963366526540e-01
1.966666666666666563e+00 0.000000000000000000e+00 -2.310617625552847942e-01
1.983333333333333393e+00 0.000000000000000000e+00 -2.178943579968942168e-01
2.000000000000000000e+00 0.000000000000000000e+00 -2.055742204046535349e-01
