0.000000000000000000e+00 7.431492723442779423e+20 8.918335634062909574e+23
1.000000000000000021e-02 3.716199999412109312e+20 4.459439999647264256e+23
2.000000000000000042e-02 9.072753814392185600e+16 5.443652316192654131e+19
2.999999999999999889e-02 6.992685117309715000e+14 2.797074208210579840e+17
4.000000000000000083e-02 2.215026373864745703e+13 6.645081274511717000e+15
5.000000000000000278e-02 1.522151757503999268e+12 3.653168733004797500e+14
5.999999999999999778e-02 1.707186111328386841e+11 3.414384823179750391e+13
7.000000000000000666e-02 2.684815928868887711e+10 4.602584423625662109e+12
8.000000000000000167e-02 5.407558474928139687e+09 8.111505909070369873e+11
8.999999999999999667e-02 1.315686601851039886e+09 1.754322550384880676e+11
1.000000000000000056e-01 3.715612109999998212e+08 4.459087265999996948e+10
1.100000000000000006e-01 1.183763996196488738e+08 1.291559913257300186e+10
1.199999999999999956e-01 4.165996773390761763e+07 4.166981189248314857e+09
1.300000000000000044e-01 1.593848742390359566e+07 1.471807132157428026e+09
1.400000000000000133e-01 6.547040600250296295e+06 5.615095279600557089e+08
1.499999999999999944e-01 2.859042980153960176e+06 2.289298853807667792e+08
1.600000000000000033e-01 1.316755359854141483e+06 9.888805564387436211e+07
1.700000000000000122e-01 6.354048177362434799e+05 4.493806645723885298e+07
1.799999999999999933e-01 3.195110897731570294e+05 2.135835487823187187e+07
1.900000000000000022e-01 1.666523893750815769e+05 1.056487543196272850e+07
2.000000000000000111e-01 8.980896093749995634e+04 5.416094999999996275e+06
2.099999999999999922e-01 4.983503146927760099e+04 2.867300573669822887e+06
2.200000000000000011e-01 2.839007655605253603e+04 1.562690904992325231e+06
2.300000000000000100e-01 1.656049909718308118e+04 8.743858660905483412e+05
2.399999999999999911e-01 9.868067322605136724e+03 5.010941150173908682e+05
2.500000000000000000e-01 5.993949265920000471e+03 2.934887586201599916e+05
2.600000000000000089e-01 3.703898300992964778e+03 1.753408647106437711e+05
2.700000000000000178e-01 2.324159928713676891e+03 1.066681009390528779e+05
2.800000000000000266e-01 1.478308137330455793e+03 6.597027683448948665e+04
2.899999999999999800e-01 9.514891625832088948e+02 4.141681479345753905e+04
2.999999999999999889e-01 6.186252453235640587e+02 2.635787675395765109e+04
3.099999999999999978e-01 4.055600349190128213e+02 1.698117913272885926e+04
3.200000000000000067e-01 2.675774462321811029e+02 1.106074528693934008e+04
3.300000000000000155e-01 1.772874563449690015e+02 7.274472358770327446e+03
3.400000000000000244e-01 1.176668033036071108e+02 4.824521591583317786e+03
3.500000000000000333e-01 7.799141889187930587e+01 3.222231876041164924e+03
3.599999999999999867e-01 5.142033235661846646e+01 2.164132641221143786e+03
3.699999999999999956e-01 3.353867838401859558e+01 1.459306311085716970e+03
3.800000000000000044e-01 2.146654391350381275e+01 9.861827836147581365e+02
3.900000000000000133e-01 1.330661114034933945e+01 6.664708518106693873e+02
4.000000000000000222e-01 7.797494888305658733e+00 4.492165946960445808e+02
4.100000000000000311e-01 4.093609656408156994e+00 3.009304285855838543e+02
4.199999999999999845e-01 1.623835853587767275e+00 1.993991359704997706e+02
4.299999999999999933e-01 -1.654741930536829386e-04 1.297635383736687800e+02
4.400000000000000022e-01 -1.044010721093457938e+00 8.200568863214860471e+01
4.500000000000000111e-01 -1.690294587046903274e+00 4.932281121781254285e+01
4.600000000000000200e-01 -2.065058902935351881e+00 2.706504066490555260e+01
4.700000000000000289e-01 -2.255580899426498309e+00 1.203523705382890796e+01
4.799999999999999822e-01 -2.322416961174952554e+00 2.023551651360747883e+00
4.899999999999999911e-01 -2.307613486320008178e+00 -4.504431267479894530e+00
5.000000000000000000e-01 -2.240340479999999967e+00 -8.618219519999996692e+00
5.100000000000000089e-01 -2.140779533896071118e+00 -1.106553287296616972e+01
5.200000000000000178e-01 -2.022821395007560419e+00 -1.237024094092558002e+01
5.300000000000000266e-01 -1.895946553522502409e+00 -1.289979502056094418e+01
5.400000000000000355e-01 -1.766541800678230079e+00 -1.291192112096985056e+01
5.500000000000000444e-01 -1.638825245911683659e+00 -1.258712277700091065e+01
5.600000000000000533e-01 -1.515498157331847118e+00 -1.205141515455546752e+01
5.700000000000000622e-01 -1.398205329823952070e+00 -1.139229575087223623e+01
5.799999999999999600e-01 -1.287860692873699975e+00 -1.067000735514068310e+01
5.899999999999999689e-01 -1.184877726669976816e+00 -9.925507819398816878e+00
5.999999999999999778e-01 -1.089332426482902294e+00 -9.186125552977658870e+00
6.099999999999999867e-01 -1.001078348792475703e+00 -8.469581808696940328e+00
6.199999999999999956e-01 -9.198275493940003544e-01 -7.786855993366890161e+00
6.300000000000000044e-01 -8.452072127849123984e-01 -7.144228576024530319e+00
6.400000000000000133e-01 -7.767989483957979946e-01 -6.544737679041911171e+00
6.500000000000000222e-01 -7.141657328399422244e-01 -5.989216618828184124e+00
6.600000000000000311e-01 -6.568700603828429019e-01 -5.477031347524691896e+00
6.700000000000000400e-01 -6.044858545162590246e-01 -5.006602674453839441e+00
6.800000000000000488e-01 -5.566059722642436869e-01 -4.575774016633647356e+00
6.900000000000000577e-01 -5.128466159702069760e-01 -4.182068272754420946e+00
7.000000000000000666e-01 -4.728495959918487257e-01 -3.822865174327755078e+00
7.099999999999999645e-01 -4.362831204347888958e-01 -3.495521704332032797e+00
7.199999999999999734e-01 -4.028415953431099261e-01 -3.197451880714371697e+00
7.299999999999999822e-01 -3.722447796807633047e-01 -2.926177670865034663e+00
7.399999999999999911e-01 -3.442365390130978087e-01 -2.679359532697782598e+00
7.500000000000000000e-01 -3.185833693036103642e-01 -2.454812712698644095e+00
7.600000000000000089e-01 -2.950728099628666112e-01 -2.250513717925969104e+00
7.700000000000000178e-01 -2.735118276614573185e-01 -2.064600136317045198e+00
7.800000000000000266e-01 -2.537252254248840155e-01 -1.895366077811337480e+00
7.900000000000000355e-01 -2.355541122507950336e-01 -1.741254854184387302e+00
8.000000000000000444e-01 -2.188544548116623523e-01 -1.600850040558724929e+00
8.100000000000000533e-01 -2.034957231894905516e-01 -1.472865717423666121e+00
8.200000000000000622e-01 -1.893596359123785600e-01 -1.356136443169116523e+00
8.300000000000000711e-01 -1.763390050085352212e-01 -1.249607327808027302e+00
8.399999999999999689e-01 -1.643366787656878880e-01 -1.152324449916138471e+00
8.499999999999999778e-01 -1.532645779481461856e-01 -1.063425767122421650e+00
8.599999999999999867e-01 -1.430428200633868663e-01 -9.821326056992528697e-01
8.699999999999999956e-01 -1.335989256544449222e-01 -9.077417695802862951e-01
8.800000000000000044e-01 -1.248671003562977638e-01 -8.396182780960548264e-01
8.900000000000000133e-01 -1.167875864727044716e-01 -7.771887209215501136e-01
9.000000000000000222e-01 -1.093060780173635005e-01 -7.199352052909147037e-01
9.100000000000000311e-01 -1.023731934573256369e-01 -6.673898623407124031e-01
9.200000000000000400e-01 -9.594400075299891473e-02 -6.191298749528256762e-01
9.300000000000000488e-01 -8.997758967669661212e-02 -5.747729875568947655e-01
9.400000000000000577e-01 -8.443668678901634916e-02 -5.339734582039060706e-01
9.500000000000000666e-01 -7.928730884487848740e-02 -4.964184142467180649e-01
9.599999999999999645e-01 -7.449845077931571691e-02 -4.618245747357077047e-01
9.699999999999999734e-01 -7.004180478120233810e-02 -4.299353048559151902e-01
9.799999999999999822e-01 -6.589150729771897641e-02 -4.005179701829277295e-01
9.899999999999999911e-01 -6.202391112191969064e-02 -3.733615610701986331e-01
1.000000000000000000e+00 -5.841737999999999792e-02 -3.482745600000000108e-01
1.010000000000000009e+00 -5.505210345426651830e-02 -3.250830271673672556e-01
1.020000000000000018e+00 -5.190992975343438481e-02 -3.036288818795572775e-01
1.030000000000000027e+00 -4.897421517509804173e-02 -2.837683595185673258e-01
1.040000000000000036e+00 -4.622968789758459540e-02 -2.653706258193441192e-01
1.050000000000000044e+00 -4.366232503152754629e-02 -2.483165320581965929e-01
1.060000000000000053e+00 -4.125924145701564960e-02 -2.324974964271122047e-01
1.070000000000000062e+00 -3.900858927165590240e-02 -2.178144983964272197e-01
1.080000000000000071e+00 -3.689946677984281415e-02 -2.041771742491932107e-01
1.090000000000000080e+00 -3.492183606535918111e-02 -1.915030032155017603e-01
1.100000000000000089e+00 0.000000000000000000e+00 -1.797165747544170189e-01
1.110000000000000098e+00 0.000000000000000000e+00 -1.687489285355745494e-01
1.120000000000000107e+00 0.000000000000000000e+00 -1.585369595722112557e-01
1.130000000000000115e+00 0.000000000000000000e+00 -1.490228817622390733e-01
1.140000000000000124e+00 0.000000000000000000e+00 -1.401537438131944535e-01
1.150000000000000133e+00 0.000000000000000000e+00 -1.318809921690768383e-01
1.159999999999999920e+00 0.000000000000000000e+00 -1.241600761301307754e-01
1.169999999999999929e+00 0.000000000000000000e+00 -1.169500908677423429e-01
1.179999999999999938e+00 0.000000000000000000e+00 -1.102134544923724091e-01
1.189999999999999947e+00 0.000000000000000000e+00 -1.039156157387553236e-01
1.199999999999999956e+00 0.000000000000000000e+00 -9.802478919480492325e-02
