0.000000000000000000e+00 1.776169388968159478e+21 1.278920024005197368e+24
1.666666666666666644e-02 8.881931164942899610e+20 6.394990439264718474e+23
3.333333333333333287e-02 2.168440204204633280e+17 7.806384774654858035e+19
5.000000000000000278e-02 1.671291854041519000e+15 4.011100680990314880e+17
6.666666666666666574e-02 5.294040090498914062e+13 9.529275250255808000e+15
8.333333333333334259e-02 3.638030013154874023e+12 5.238769693601525625e+14
1.000000000000000056e-01 4.080272732620427246e+11 4.896345348728131250e+13
1.166666666666666824e-01 6.416864074734435272e+10 6.600264469826474609e+12
1.333333333333333315e-01 1.292437494007681656e+10 1.163217864589441162e+12
1.499999999999999944e-01 3.144566448018737793e+09 2.515758915465889893e+11
1.666666666666666852e-01 8.880526075525808334e+08 6.394484607074565125e+10
1.833333333333333481e-01 2.829263853242086172e+08 1.852141367003776550e+10
2.000000000000000111e-01 9.956971255714057386e+07 5.975594439648634911e+09
2.166666666666666741e-01 3.809389919671031833e+07 2.110622082443730354e+09
2.333333333333333648e-01 1.564780258186017349e+07 8.052239884704431295e+08
2.500000000000000000e-01 6.833276721209273674e+06 3.282933346760517955e+08
2.666666666666666630e-01 3.147120840951581020e+06 1.418088752063207924e+08
2.833333333333333814e-01 1.518653962084711995e+06 6.444273392529471964e+07
2.999999999999999889e-01 7.636498321538170567e+05 3.062861598216807470e+07
3.166666666666667074e-01 3.983087700169254094e+05 1.515039497891404666e+07
3.333333333333333703e-01 2.146485682062618434e+05 7.766866634799229912e+06
3.499999999999999778e-01 1.191085838175850949e+05 4.111807706027470529e+06
3.666666666666666963e-01 6.785391146284066781e+04 2.240952540619969368e+06
3.833333333333333592e-01 3.958054277529416868e+04 1.253899425560059724e+06
4.000000000000000222e-01 2.358524694695300423e+04 7.185862070039066020e+05
4.166666666666666852e-01 1.432588256673040269e+04 4.208729808128488949e+05
4.333333333333333481e-01 8.852529400078787148e+03 2.514448346710952756e+05
4.500000000000000666e-01 5.554875546638807464e+03 1.529657279240720090e+05
4.666666666666667296e-01 3.533241246009693441e+03 9.460364746819715947e+04
4.833333333333333370e-01 2.274113677302124415e+03 5.939313784912649135e+04
5.000000000000000000e-01 1.478549821519034595e+03 3.779810241963333829e+04
5.166666666666667185e-01 9.693117469383671505e+02 2.435159531462073573e+04
5.333333333333333259e-01 6.395254451055953950e+02 1.586148941721702613e+04
5.500000000000000444e-01 4.237271901170387309e+02 1.043184372672609061e+04
5.666666666666667629e-01 2.812304094254471920e+02 6.918530007050646418e+03
5.833333333333333703e-01 1.864039648467478685e+02 4.620791409236851905e+03
5.999999999999999778e-01 1.228975438733710916e+02 3.103440690087682015e+03
6.166666666666666963e-01 8.015936516256834921e+01 2.092695474788312822e+03
6.333333333333334147e-01 5.130627130378540102e+01 1.414220052984834638e+03
6.500000000000000222e-01 3.180356391096878355e+01 9.557421393078432175e+02
6.666666666666667407e-01 1.863646005809192019e+01 6.441920574035056006e+02
6.833333333333334592e-01 9.783961893900949391e+00 4.315445916619271429e+02
6.999999999999999556e-01 3.881060835534816622e+00 2.859452236670646812e+02
7.166666666666666741e-01 -3.954928132258196389e-04 1.860853800769628776e+02
7.333333333333333925e-01 -2.495245509305587639e+00 1.175989798740180703e+02
7.500000000000000000e-01 -4.039901020666595066e+00 7.073060882095488466e+01
7.666666666666667185e-01 -4.935609232637074406e+00 3.881219980626990917e+01
7.833333333333334370e-01 -5.390967732854919703e+00 1.725894414985025094e+01
8.000000000000000444e-01 -5.550709754242238780e+00 2.901842712276406999e+00
8.166666666666666519e-01 -5.515328600191224062e+00 -6.459509465793347616e+00
8.333333333333333703e-01 -5.354542256214148921e+00 -1.235882340344167751e+01
8.500000000000000888e-01 -5.116585884072827994e+00 -1.586835498035301484e+01
8.666666666666666963e-01 -4.834659165888051113e+00 -1.773935125371736987e+01
8.833333333333334147e-01 -4.531421017023189002e+00 -1.849875002948510172e+01
9.000000000000001332e-01 -4.222136234890607298e+00 -1.851613927481336219e+01
9.166666666666667407e-01 -3.916886343001156234e+00 -1.805036727103381011e+01
9.333333333333334592e-01 -3.622127527083764509e+00 -1.728214410309101368e+01
9.500000000000001776e-01 -3.341790941261835624e+00 -1.633694419341142634e+01
9.666666666666666741e-01 -3.078060929430449288e+00 -1.530115777505834096e+01
9.833333333333332815e-01 -2.831925732958835429e+00 -1.423351981749352291e+01
1.000000000000000000e+00 -2.603566984901774184e+00 -1.317322020025476803e+01
1.016666666666666607e+00 -2.392634676846261410e+00 -1.214567180979484640e+01
1.033333333333333437e+00 -2.198440605626196032e+00 -1.116661949335596127e+01
1.050000000000000044e+00 -2.020093720805240078e+00 -1.024506965969100847e+01
1.066666666666666652e+00 -1.856594044923035369e+00 -9.385379080844041155e+00
1.083333333333333481e+00 -1.706897067017070446e+00 -8.588742761225885758e+00
1.100000000000000089e+00 -1.569957123285953493e+00 -7.854251454385313025e+00
1.116666666666666696e+00 -1.444755866434653591e+00 -7.179640546539922674e+00
1.133333333333333526e+00 -1.330320201396375968e+00 -6.561817423470813537e+00
1.150000000000000133e+00 -1.225732829756708941e+00 -5.997229836645918688e+00
1.166666666666666741e+00 -1.130137657724303857e+00 -5.482120230871541544e+00
1.183333333333333348e+00 -1.042741683639552885e+00 -5.012698428774425174e+00
1.199999999999999956e+00 -9.628145204185227790e-01 -4.585256043089443345e+00
1.216666666666666785e+00 -8.896863759100461788e-01 -4.196239489768213815e+00
1.233333333333333393e+00 -8.227450741230827314e-01 -3.842293784939458501e+00
1.250000000000000000e+00 -7.614325270162771719e-01 -3.520285916871860543e+00
1.266666666666666829e+00 -7.052409415938494242e-01 -3.227314127044888625e+00
1.283333333333333437e+00 -6.537089571258539733e-01 -2.960707652462301720e+00
1.300000000000000044e+00 -6.064178427936998128e-01 -2.718020188065971343e+00
1.316666666666666874e+00 -5.629878399875598571e-01 -2.497019389365755959e+00
1.333333333333333481e+00 -5.230747007926920267e-01 -2.295674054338515457e+00
1.350000000000000089e+00 -4.863664512177116594e-01 -2.112140130148660866e+00
1.366666666666666918e+00 -4.525803917599869886e-01 -1.944746333416514927e+00
1.383333333333333526e+00 -4.214603370184876185e-01 -1.791979915594685391e+00
1.399999999999999911e+00 -3.927740888281259224e-01 -1.652472920529835188e+00
1.416666666666666741e+00 -3.663111327632557201e-01 -1.524989149793147591e+00
1.433333333333333348e+00 -3.418805450845766591e-01 -1.408411958459731661e+00
1.449999999999999956e+00 -3.193090957324209445e-01 -1.301732939168670500e+00
1.466666666666666785e+00 -2.984395324003292771e-01 -1.204041507785929443e+00
1.483333333333333393e+00 -2.791290307665020842e-01 -1.114515374170482964e+00
1.500000000000000000e+00 -2.612477964086125648e-01 -1.032411862271866099e+00
1.516666666666666829e+00 -2.446778046303194065e-01 -9.570600320373504610e-01
1.533333333333333437e+00 -2.293116652796341193e-01 -8.878535491675320079e-01
1.550000000000000044e+00 -2.150516005657184815e-01 -8.242442460184915554e-01
1.566666666666666874e+00 -2.018085248303450041e-01 -7.657363167360029532e-01
1.583333333333333481e+00 -1.895012161684476171e-01 -7.118810911759818616e-01
1.600000000000000089e+00 -1.780555706962612672e-01 -6.622723347070378352e-01
1.616666666666666696e+00 -1.674039311214205183e-01 -6.165420241719624661e-01
1.633333333333333304e+00 -1.574844820691180258e-01 -5.743565537996094816e-01
1.650000000000000133e+00 -1.482407053583166545e-01 -5.354133284945487015e-01
1.666666666666666741e+00 -1.396208891013384357e-01 -4.994377055449330527e-01
1.683333333333333348e+00 -1.315776851201398701e-01 -4.661802492839874357e-01
1.700000000000000178e+00 -1.240677097357418407e-01 -4.354142665576825055e-01
1.716666666666666785e+00 -1.170511834968882420e-01 -4.069335939558804682e-01
1.733333333333333393e+00 -1.104916058737681617e-01 -3.805506106395947774e-01
1.750000000000000222e+00 -1.043554613564233874e-01 -3.560944532383316097e-01
1.766666666666666829e+00 -9.861195376915786459e-02 -3.334094117023597703e-01
1.783333333333333437e+00 -9.323276594564029740e-02 -3.123534871841690541e-01
1.800000000000000266e+00 -8.819184220803731600e-02 -2.927970950036231645e-01
1.816666666666666874e+00 -8.346519136080110535e-02 -2.746218975365704029e-01
1.833333333333333481e+00 0.000000000000000000e+00 -2.577197534719173344e-01
1.850000000000000311e+00 0.000000000000000000e+00 -2.419917713225256395e-01
1.866666666666666918e+00 0.000000000000000000e+00 -2.273474563655037139e-01
1.883333333333333526e+00 0.000000000000000000e+00 -2.137039413416430278e-01
1.900000000000000355e+00 0.000000000000000000e+00 -2.009852922751354520e-01
1.916666666666666963e+00 0.000000000000000000e+00 -1.891218816956168614e-01
1.933333333333333348e+00 0.000000000000000000e+00 -1.780498223663443125e-01
1.949999999999999956e+00 0.000000000000000000e+00 -1.677104553552710431e-01
1.966666666666666563e+00 0.000000000000000000e+00 -1.580498869393485717e-01
1.983333333333333393e+00 0.000000000000000000e+00 -1.490185694150411022e-01
2.000000000000000000e+00 0.000000000000000000e+00 -1.405709214074640223e-01
