0.000000000000000000e+00 1.546990867357313794e+21 1.113901415881175785e+24
1.666666666666666644e-02 7.735898660344095048e+20 5.569847035888308731e+23
3.333333333333333287e-02 1.888647115050265280e+17 6.799129648599796941e+19
5.000000000000000278e-02 1.455645644470690500e+15 3.493549748175100160e+17
6.666666666666666574e-02 4.610951929664975781e+13 8.299716162369034000e+15
8.333333333333334259e-02 3.168616259579348145e+12 4.562813052977435000e+14
1.000000000000000056e-01 3.553796554162338867e+11 4.264571602920097656e+13
1.166666666666666824e-01 5.588898324709126282e+10 5.748634629819225586e+12
1.333333333333333315e-01 1.125674731840680313e+10 1.013128266250981323e+12
1.499999999999999944e-01 2.738824129554962158e+09 2.191151414043486938e+11
1.666666666666666852e-01 7.734674880497127771e+08 5.569406475143399811e+10
1.833333333333333481e-01 2.464204923749298751e+08 1.613160209457532120e+10
2.000000000000000111e-01 8.672226738297423720e+07 5.204565568391930580e+09
2.166666666666666741e-01 3.317865680138096958e+07 1.838289252054434776e+09
2.333333333333333648e-01 1.362877218067318201e+07 7.013262197704235315e+08
2.500000000000000000e-01 5.951581490352706984e+06 2.859337617049224377e+08
2.666666666666666630e-01 2.741048995676203631e+06 1.235113266364395916e+08
2.833333333333333814e-01 1.322702613991164602e+06 5.612771126489741355e+07
2.999999999999999889e-01 6.651163919997561025e+05 2.667661692961306870e+07
3.166666666666667074e-01 3.469151514228780870e+05 1.319554521548867226e+07
3.333333333333333703e-01 1.869525554941442679e+05 6.764710840403915383e+06
3.499999999999999778e-01 1.037400577210964839e+05 3.581262807859992608e+06
3.666666666666666963e-01 5.909875477504776063e+04 1.951803373873049160e+06
3.833333333333333592e-01 3.447348671775611729e+04 1.092109336800783873e+06
4.000000000000000222e-01 2.054205664420692483e+04 6.258673666190003278e+05
4.166666666666666852e-01 1.247742355334608328e+04 3.665679527990822098e+05
4.333333333333333481e-01 7.710294275279207795e+03 2.190010456239315099e+05
4.500000000000000666e-01 4.838134811641610213e+03 1.332286521109556779e+05
4.666666666666667296e-01 3.077350709950141209e+03 8.239700190610757272e+04
4.833333333333333370e-01 1.980687487786595057e+03 5.172968555212792853e+04
5.000000000000000000e-01 1.287774609221770106e+03 3.292104505876396433e+04
5.166666666666667185e-01 8.442430686592023221e+02 2.120953227418183451e+04
5.333333333333333259e-01 5.570087570427107266e+02 1.381489883823013042e+04
5.500000000000000444e-01 3.690546977150817156e+02 9.085836143980748602e+03
5.666666666666667629e-01 2.449440829609587524e+02 6.025842266754854791e+03
5.833333333333333703e-01 1.623529442251598880e+02 4.024578654011528215e+03
5.999999999999999778e-01 1.070406385956692645e+02 2.703010034591695785e+03
6.166666666666666963e-01 6.981687312081288610e+01 1.822680013158661268e+03
6.333333333333334147e-01 4.468661845841641167e+01 1.231747306075832284e+03
6.500000000000000222e-01 2.770028416018291750e+01 8.324260442247197034e+02
6.666666666666667407e-01 1.623208162661491016e+01 5.610746772065897403e+02
6.833333333333334592e-01 8.521780016152943560e+00 3.758646438557899501e+02
6.999999999999999556e-01 3.380496018989247009e+00 2.490515857237368778e+02
7.166666666666666741e-01 -1.646139073830459021e-04 1.620763535901796217e+02
7.333333333333333925e-01 -2.173128168987959796e+00 1.024265060886841070e+02
7.500000000000000000e-01 -3.518497077606121959e+00 6.160535814033642765e+01
7.666666666666667185e-01 -4.298649284211050414e+00 3.380521420420549106e+01
7.833333333333334370e-01 -4.695267561425957581e+00 1.503283641720089214e+01
8.000000000000000444e-01 -4.834410640996677166e+00 2.528116109992748051e+00
8.166666666666666519e-01 -4.803605522030347963e+00 -5.625437735780247195e+00
8.333333333333333703e-01 -4.663574760994263713e+00 -1.076364481835563858e+01
8.500000000000000888e-01 -4.456329968502737771e+00 -1.382041056107295418e+01
8.666666666666666963e-01 -4.210787262800083752e+00 -1.545005079586457164e+01
8.833333333333334147e-01 -3.946682037775726570e+00 -1.611151430583369759e+01
9.000000000000001332e-01 -3.677309605903622547e+00 -1.612670255387559948e+01
9.166666666666667407e-01 -3.411450782007134919e+00 -1.572106579610471755e+01
9.333333333333334592e-01 -3.154728802797670095e+00 -1.505199805413107939e+01
9.500000000000001776e-01 -2.910567663679892725e+00 -1.422878457631713189e+01
9.666666666666666741e-01 -2.680869928747963815e+00 -1.332666931878898353e+01
9.833333333333332815e-01 -2.466496382715185565e+00 -1.239680922252358641e+01
1.000000000000000000e+00 -2.267605270348142632e+00 -1.147333795166615822e+01
1.016666666666666607e+00 -2.083891785698353427e+00 -1.057838974908952778e+01
1.033333333333333437e+00 -1.914756559501409106e+00 -9.725678225003443700e+00
1.050000000000000044e+00 -1.759423543692431924e+00 -8.923047961828634911e+00
1.066666666666666652e+00 -1.617021813882929981e+00 -8.174293806424046238e+00
1.083333333333333481e+00 -1.486641654817906666e+00 -7.480456766370709332e+00
1.100000000000000089e+00 -1.367372344158555464e+00 -6.840745081041755604e+00
1.116666666666666696e+00 -1.258326948868278450e+00 -6.253186481361309390e+00
1.133333333333333526e+00 -1.158657947058014059e+00 -5.715087514397636959e+00
1.150000000000000133e+00 -1.067566412174569823e+00 -5.223354382389258532e+00
1.166666666666666741e+00 -9.843067234436807533e-01 -4.774714457142046342e+00
1.183333333333333348e+00 -9.081882100560445537e-01 -4.365866685233115163e+00
1.199999999999999956e+00 -8.385747354193571201e-01 -3.993581239519270021e+00
1.216666666666666785e+00 -7.748829382708970481e-01 -3.654763112904502176e+00
1.233333333333333393e+00 -7.165796383933341618e-01 -3.346490265472895853e+00
1.250000000000000000e+00 -6.631787637668691282e-01 -3.066033981857825719e+00
1.266666666666666829e+00 -6.142380471644051099e-01 -2.810866955697771008e+00
1.283333333333333437e+00 -5.693556618729912477e-01 -2.578663065979776903e+00
1.300000000000000044e+00 -5.281669100318558963e-01 -2.367291683660967649e+00
1.316666666666666874e+00 -4.903410369476882691e-01 -2.174808529338416285e+00
1.333333333333333481e+00 -4.555782162758874043e-01 -1.999444509549225701e+00
1.350000000000000089e+00 -4.236067309378759860e-01 -1.839593529455663345e+00
1.366666666666666918e+00 -3.941803607455736103e-01 -1.693799968883147544e+00
1.383333333333333526e+00 -3.670759782235746282e-01 -1.560746284693124153e+00
1.399999999999999911e+00 -3.420913478168534083e-01 -1.439241041792394871e+00
1.416666666666666741e+00 -3.190431196422638394e-01 -1.328207560551817323e+00
1.433333333333333348e+00 -2.977650065264500490e-01 -1.226673287490511965e+00
1.449999999999999956e+00 -2.781061317912573716e-01 -1.133759939599731315e+00
1.466666666666666785e+00 -2.599295347520357846e-01 -1.048674433913419302e+00
1.483333333333333393e+00 -2.431108209322005442e-01 -9.707005879579685415e-01
1.500000000000000000e+00 -2.275369443874821207e-01 -8.991915599277132687e-01
1.516666666666666829e+00 -2.131051101454147223e-01 -8.335629871983974981e-01
1.533333333333333437e+00 -1.997217855074847614e-01 -7.732867761819783858e-01
1.550000000000000044e+00 -1.873018097682155603e-01 -7.178854941388219668e-01
1.566666666666666874e+00 -1.757675927325619558e-01 -6.669273133778796936e-01
1.583333333333333481e+00 -1.650483932301058665e-01 -6.200214595544212282e-01
1.600000000000000089e+00 -1.550796696119426665e-01 -5.768141179884535008e-01
1.616666666666666696e+00 -1.458024949615732979e-01 -5.369847546973374186e-01
1.633333333333333304e+00 -1.371630304476412210e-01 -5.002428118971125048e-01
1.650000000000000133e+00 -1.291120508907691311e-01 -4.663247408937250538e-01
1.666666666666666741e+00 -1.216045172084130044e-01 -4.349913384321223986e-01
1.683333333333333348e+00 -1.145991909416337745e-01 -4.060253556151127707e-01
1.700000000000000178e+00 -1.080582865581717900e-01 -3.792293513929694826e-01
1.716666666666666785e+00 -1.019471576700551885e-01 -3.544237653288173640e-01
1.733333333333333393e+00 -9.623401370440504143e-02 -3.314451868491408715e-01
1.750000000000000222e+00 -9.088966392649068526e-02 -3.101448004892283783e-01
1.766666666666666829e+00 -8.588728603781974058e-02 -2.903869887431304031e-01
1.783333333333333437e+00 -8.120221686240301773e-02 -2.720480760345935778e-01
1.800000000000000266e+00 -7.681176289444228977e-02 -2.550151990501409727e-01
1.816666666666666874e+00 -7.269502871348512696e-02 -2.391852902303495954e-01
1.833333333333333481e+00 0.000000000000000000e+00 -2.244641626134732393e-01
1.850000000000000311e+00 0.000000000000000000e+00 -2.107656854800497026e-01
1.866666666666666918e+00 0.000000000000000000e+00 -1.980110413708478512e-01
1.883333333333333526e+00 0.000000000000000000e+00 -1.861280560557550534e-01
1.900000000000000355e+00 0.000000000000000000e+00 -1.750505939294972613e-01
1.916666666666666963e+00 0.000000000000000000e+00 -1.647180121121606389e-01
1.933333333333333348e+00 0.000000000000000000e+00 -1.550746672482035682e-01
1.949999999999999956e+00 0.000000000000000000e+00 -1.460694696360229083e-01
1.966666666666666563e+00 0.000000000000000000e+00 -1.376554798893702136e-01
1.983333333333333393e+00 0.000000000000000000e+00 -1.297895438393784906e-01
2.000000000000000000e+00 0.000000000000000000e+00 -1.224319618383659242e-01
