0.000000000000000000e+00 4.182289403911865369e+21 5.019053642346209590e+24
1.000000000000000021e-02 2.091399999805979361e+21 2.509679999883587466e+24
2.000000000000000042e-02 5.105957000934373760e+17 3.063574209655311565e+20
2.999999999999999889e-02 3.935337805249164500e+15 1.574135175328746752e+18
4.000000000000000083e-02 1.246571067150878594e+14 3.739713911975096800e+16
5.000000000000000278e-02 8.566361982719996094e+12 2.055928365926398750e+15
5.999999999999999778e-02 9.607717378146168213e+11 1.921547634151181562e+14
7.000000000000000666e-02 1.510970145601718750e+11 2.590248670826853516e+13
8.000000000000000167e-02 3.043313538104294968e+10 4.565025816723703125e+12
8.999999999999999667e-02 7.404667783243236542e+09 9.873133766230729980e+11
1.000000000000000056e-01 2.091205979999999046e+09 2.509563587999998474e+11
1.100000000000000006e-01 6.662749729275312424e+08 7.269051627747117615e+10
1.199999999999999956e-01 2.344994509111085832e+08 2.345319393638263321e+10
1.300000000000000044e-01 8.972683770052286983e+07 8.284332541362016678e+09
1.400000000000000133e-01 3.686355433702534437e+07 3.160837565577045441e+09
1.499999999999999944e-01 1.610211143453366309e+07 1.288850246998632669e+09
1.600000000000000033e-01 7.418580894664044492e+06 5.568272355940278769e+08
1.700000000000000122e-01 3.581594892059891485e+06 2.531021603332324028e+08
1.799999999999999933e-01 1.802164932394310134e+06 1.203344761490067840e+08
1.900000000000000022e-01 9.407934407485626871e+05 5.954876654943098873e+07
2.000000000000000111e-01 5.075641406249997672e+05 3.054479531249998137e+07
2.099999999999999922e-01 2.820565944473145646e+05 1.618215392879986949e+07
2.200000000000000011e-01 1.609802884075346810e+05 8.827413131281310692e+06
2.300000000000000100e-01 9.412335964116999821e+04 4.944974280256188475e+06
2.399999999999999911e-01 5.625144186246833851e+04 2.837953696809170302e+06
2.500000000000000000e-01 3.429316362240000308e+04 1.665144795955200214e+06
2.600000000000000089e-01 2.128771215997353647e+04 9.970036604355417658e+05
2.700000000000000178e-01 1.343307622377446569e+04 6.081544884586026892e+05
2.800000000000000266e-01 8.603559424795346786e+03 3.773516057324259891e+05
2.899999999999999800e-01 5.584821418024452214e+03 2.378446288065775880e+05
2.999999999999999889e-01 3.669192666730645669e+03 1.520906147625042940e+05
3.099999999999999978e-01 2.436583999286167455e+03 9.855060341338312719e+04
3.200000000000000067e-01 1.633305132902051582e+03 6.463697759495621722e+04
3.300000000000000155e-01 1.103687845118751284e+03 4.286559695952545007e+04
3.400000000000000244e-01 7.507800529263648741e+02 2.871450517363317340e+04
3.500000000000000333e-01 5.133549880221138437e+02 1.941008767799043562e+04
3.599999999999999867e-01 3.522427960094236141e+02 1.322695249239295299e+04
3.699999999999999956e-01 2.420795048653047274e+02 9.077495994789616816e+03
3.800000000000000044e-01 1.662543234747599001e+02 6.267585355170776893e+03
3.900000000000000133e-01 1.137735149871332965e+02 4.349015792252056599e+03
4.000000000000000222e-01 7.728899002075192470e+01 3.029192161560056775e+03
4.100000000000000311e-01 5.184414111420493754e+01 2.115127341158144645e+03
4.199999999999999845e-01 3.406691450323297232e+01 1.478295462004475212e+03
4.299999999999999933e-01 2.164507338972391892e+01 1.032319455241328342e+03
4.400000000000000022e-01 1.298151721120104085e+01 7.186517475026394095e+02
4.500000000000000111e-01 6.965711603794478179e+00 4.972896829780235066e+02
4.600000000000000200e-01 2.820748928195918381e+00 3.406964654123038940e+02
4.700000000000000289e-01 1.432279455819696068e-04 2.297839319994906759e+02
4.799999999999999822e-01 -1.882372906647868049e+00 1.512344561287499687e+02
4.899999999999999911e-01 -3.100964214797725660e+00 9.570066109798108300e+01
5.000000000000000000e-01 -3.850905599999999041e+00 5.658562560000001440e+01
5.100000000000000089e-01 -4.271661530715551436e+00 2.921019086072766413e+01
5.200000000000000178e-01 -4.463024578220220917e+00 1.024047228020744171e+01
5.300000000000000266e-01 -4.496466785860473436e+00 -2.708390401473536713e+00
5.400000000000000355e-01 -4.423167568550238293e+00 -1.134824925108267735e+01
5.500000000000000444e-01 -4.279719962293101254e+00 -1.691137180808766516e+01
5.600000000000000533e-01 -4.092205543047718663e+00 -2.028675640417198878e+01
5.700000000000000622e-01 -3.879116745277113587e+00 -2.211671330240048405e+01
5.799999999999999600e-01 -3.653460602276162650e+00 -2.286563590878325058e+01
5.899999999999999689e-01 -3.424278314800586642e+00 -2.286919817077190586e+01
5.999999999999999778e-01 -3.197746051537235346e+00 -2.236970155200671684e+01
6.099999999999999867e-01 -2.977974301820276004e+00 -2.154157198760042036e+01
6.199999999999999956e-01 -2.767589404594454017e+00 -2.050981844792777053e+01
6.300000000000000044e-01 -2.568157135191485807e+00 -1.936343967264955168e+01
6.400000000000000133e-01 -2.380491416135825489e+00 -1.816518974684920096e+01
6.500000000000000222e-01 -2.204879250353158682e+00 -1.695870903665008456e+01
6.600000000000000311e-01 -2.041244417645092568e+00 -1.577374189235429114e+01
6.700000000000000400e-01 -1.889266329273107115e+00 -1.462996039623752154e+01
6.800000000000000488e-01 -1.748466002983906753e+00 -1.353976944790304771e+01
6.900000000000000577e-01 -1.618267911517414559e+00 -1.251036545013137413e+01
7.000000000000000666e-01 -1.498044125441017060e+00 -1.154524681489762195e+01
7.099999999999999645e-01 -1.387145470520140478e+00 -1.064532107876618028e+01
7.199999999999999734e-01 -1.284923175793106331e+00 -9.809714710519227054e+00
7.299999999999999822e-01 -1.190743575824913414e+00 -9.036363550631865138e+00
7.399999999999999911e-01 -1.103997759244132126e+00 -8.322441288238842105e+00
7.500000000000000000e-01 -1.024107560646619230e+00 -7.664668350318474488e+00
7.600000000000000089e-01 -9.505289272062740213e-01 -7.059532541666150074e+00
7.700000000000000178e-01 -8.827534206373330861e-01 -6.503444648312076026e+00
7.800000000000000266e-01 -8.203084145278903838e-01 -5.992846218443864892e+00
7.900000000000000355e-01 -7.627563982248608543e-01 -5.524282296311362472e+00
8.000000000000000444e-01 -7.096936879679557331e-01 -5.094448593445120466e+00
8.100000000000000533e-01 -6.607487639539120217e-01 -4.700220136733317844e+00
8.200000000000000622e-01 -6.155803911576631648e-01 -4.338666614037824054e+00
8.300000000000000711e-01 -5.738756366360209249e-01 -4.007058283187526548e+00
8.399999999999999689e-01 -5.353478626780143745e-01 -3.702865300104747348e+00
8.499999999999999778e-01 -4.997347505593070505e-01 -3.423752568399847540e+00
8.599999999999999867e-01 -4.667963915819483001e-01 -3.167571650760394597e+00
8.699999999999999956e-01 -4.363134688751549306e-01 -2.932350863418315079e+00
8.800000000000000044e-01 -4.080855438573393612e-01 -2.716284362849569867e+00
8.900000000000000133e-01 -3.819294543859785285e-01 -2.517720801760959137e+00
9.000000000000000222e-01 -3.576778267551909418e-01 -2.335151959260587162e+00
9.100000000000000311e-01 -3.351777003204082228e-01 -2.167201622858688115e+00
9.200000000000000400e-01 -3.142892612452505841e-01 -2.012614906335659537e+00
9.300000000000000488e-01 -2.948846803855407206e-01 -1.870248119087782213e+00
9.400000000000000577e-01 -2.768470494307612162e-01 -1.739059252965607705e+00
9.500000000000000666e-01 -2.600694089508702733e-01 -1.618099117079609295e+00
9.599999999999999645e-01 -2.444538618245066519e-01 -1.506503125970812151e+00
9.699999999999999734e-01 -2.299107655627464220e-01 -1.403483729229333399e+00
9.799999999999999822e-01 -2.163579972237362758e-01 -1.308323459060044991e+00
9.899999999999999911e-01 -2.037202848884048234e-01 -1.220368564915796483e+00
1.000000000000000000e+00 -1.919286000000000048e-01 -1.139023200000000013e+00
1.010000000000000009e+00 -1.809196052343016170e-01 -1.063744122324250307e+00
1.020000000000000018e+00 -1.706351529443534965e-01 -9.940358724526001666e-01
1.030000000000000027e+00 -1.610218296003270155e-01 -9.294463905954840621e-01
1.040000000000000036e+00 -1.520305420126711049e-01 -8.695630369798811321e-01
1.050000000000000044e+00 -1.436161414790619040e-01 -8.140089811582020829e-01
1.060000000000000053e+00 -1.357370823291210726e-01 -7.624399279366195215e-01
1.070000000000000062e+00 -1.283551116533236391e-01 -7.145411497669209577e-01
1.080000000000000071e+00 -1.214349872930277213e-01 -6.700247976566415797e-01
1.090000000000000080e+00 -1.149442214370236109e-01 -6.286274648418811450e-01
1.100000000000000089e+00 0.000000000000000000e+00 -5.901079795893542368e-01
1.110000000000000098e+00 0.000000000000000000e+00 -5.542454055185720430e-01
1.120000000000000107e+00 0.000000000000000000e+00 -5.208372297431345110e-01
1.130000000000000115e+00 0.000000000000000000e+00 -4.896977209120703667e-01
1.140000000000000124e+00 0.000000000000000000e+00 -4.606564408842739877e-01
1.150000000000000133e+00 0.000000000000000000e+00 -4.335568952919615082e-01
1.159999999999999920e+00 0.000000000000000000e+00 -4.082553096462767095e-01
1.169999999999999929e+00 0.000000000000000000e+00 -3.846195189152128990e-01
1.179999999999999938e+00 0.000000000000000000e+00 -3.625279596676391214e-01
1.189999999999999947e+00 0.000000000000000000e+00 -3.418687549347529941e-01
1.199999999999999956e+00 0.000000000000000000e+00 -3.225388828994752988e-01
