0.000000000000000000e+00 5.513726854603223859e+20 6.616876112759889907e+23
1.000000000000000021e-02 2.757199999563829412e+20 3.308639999738297618e+23
2.000000000000000042e-02 6.731445244348436000e+16 4.038867167054530150e+19
2.999999999999999889e-02 5.188157635621021875e+14 2.075263173910960000e+17
4.000000000000000083e-02 1.643418200878905859e+13 4.930256199938964000e+15
5.000000000000000278e-02 1.129346328511999512e+12 2.710434538214398438e+14
5.999999999999999778e-02 1.266630845194657898e+11 2.533271039026146484e+13
7.000000000000000666e-02 1.991974189247709274e+10 3.414844673428885742e+12
8.000000000000000167e-02 4.012087681114672661e+09 6.018256310909985352e+11
8.999999999999999667e-02 9.761614297605526447e+08 1.301603288401102905e+11
1.000000000000000056e-01 2.756763829999998808e+08 3.308378297999998093e+10
1.100000000000000006e-01 8.782826839969243109e+07 9.582608588661382675e+09
1.199999999999999956e-01 3.090922561216522008e+07 3.091652923468965054e+09
1.300000000000000044e-01 1.182541258749200031e+07 1.091993611374490261e+09
1.400000000000000133e-01 4.857515960537021980e+06 4.166067732130951881e+08
1.499999999999999944e-01 2.121240410973185208e+06 1.698524009436984658e+08
1.600000000000000033e-01 9.769544397277056705e+05 7.336907457174673676e+07
1.700000000000000122e-01 4.714327296515630442e+05 3.334138152020474896e+07
1.799999999999999933e-01 2.370583070522388734e+05 1.584663353293515742e+07
1.900000000000000022e-01 1.236462093355827819e+05 7.838511628572138026e+06
2.000000000000000111e-01 6.663293749999997090e+04 4.018421718749997672e+06
2.099999999999999922e-01 3.697464883173593989e+04 2.127367289025580045e+06
2.200000000000000011e-01 2.106376143970742851e+04 1.159424200435954612e+06
2.300000000000000100e-01 1.228691458823524044e+04 6.487426223009448731e+05
2.399999999999999911e-01 7.321525677267216452e+03 3.717822389605749049e+05
2.500000000000000000e-01 4.447158763520000321e+03 2.177513462169600243e+05
2.600000000000000089e-01 2.748075948560676352e+03 1.300925935861994076e+05
2.700000000000000178e-01 1.724391281668023112e+03 7.914145920502666559e+04
2.800000000000000266e-01 1.096818936755822506e+03 4.894607515722855896e+04
2.899999999999999800e-01 7.059501271966138347e+02 3.072885332324355113e+04
2.999999999999999889e-01 4.589845476732132283e+02 1.955600742133182575e+04
3.099999999999999978e-01 3.009025649350077742e+02 1.259904854566340509e+04
3.200000000000000067e-01 1.985274816611592428e+02 8.206433626112284401e+03
3.300000000000000155e-01 1.315375147030114249e+02 5.397240450034824789e+03
3.400000000000000244e-01 8.730240531812319205e+01 3.579519756450787554e+03
3.500000000000000333e-01 5.786552483573446182e+01 2.390713820086913529e+03
3.599999999999999867e-01 3.815127402023757952e+01 1.605665353689408221e+03
3.699999999999999956e-01 2.488408104347762162e+01 1.082724747266229770e+03
3.800000000000000044e-01 1.592721841249903925e+01 7.316941259256694821e+02
3.900000000000000133e-01 9.872986644891724950e+00 4.944860045347397772e+02
4.000000000000000222e-01 5.785511016845699572e+00 3.332955551147458664e+02
4.100000000000000311e-01 3.037415861108623716e+00 2.232754613786245272e+02
4.199999999999999845e-01 1.204963215102435647e+00 1.479448089188718996e+02
4.299999999999999933e-01 2.772527535732649540e-05 9.627894943343507350e+01
4.400000000000000022e-01 -7.744629307156678522e-01 6.084514519286953771e+01
4.500000000000000111e-01 -1.253983767493900725e+00 3.659612826857667756e+01
4.600000000000000200e-01 -1.532050818092455469e+00 2.008196474522637942e+01
4.700000000000000289e-01 -1.673418995974742529e+00 8.930558802693923326e+00
4.799999999999999822e-01 -1.723017863211067757e+00 1.502327616709131064e+00
4.899999999999999911e-01 -1.712043614514987100e+00 -3.341179228021623260e+00
5.000000000000000000e-01 -1.662138880000000096e+00 -6.393477119999996461e+00
5.100000000000000089e-01 -1.588277383747019877e+00 -8.209333056210244450e+00
5.200000000000000178e-01 -1.500765386503549959e+00 -9.177429902373543058e+00
5.300000000000000266e-01 -1.406636975688225766e+00 -9.570396931308449595e+00
5.400000000000000355e-01 -1.310630877541921091e+00 -9.579453374168648949e+00
5.500000000000000444e-01 -1.215876768471886749e+00 -9.338523653299800387e+00
5.600000000000000533e-01 -1.124378904849243188e+00 -8.941104798272677456e+00
5.700000000000000622e-01 -1.037357691143382166e+00 -8.452115804898056695e+00
5.799999999999999600e-01 -9.554912635025961665e-01 -7.916254121463688342e+00
5.899999999999999689e-01 -8.790864463860904587e-01 -7.363908776280744917e+00
5.999999999999999778e-01 -8.081996637444234244e-01 -6.815356443612744286e+00
6.099999999999999867e-01 -7.427222974799068123e-01 -6.283745761366585469e+00
6.199999999999999956e-01 -6.824407395967788670e-01 -5.777223237771243802e+00
6.300000000000000044e-01 -6.270784085769147698e-01 -5.300448981405807558e+00
6.400000000000000133e-01 -5.763249054614379974e-01 -4.855677416317490724e+00
6.500000000000000222e-01 -5.298560039116823051e-01 -4.443527084670165550e+00
6.600000000000000311e-01 -4.873471172090365067e-01 -4.063527792168210695e+00
6.700000000000000400e-01 -4.484821362967165714e-01 -3.714508071551398505e+00
6.800000000000000488e-01 -4.129589978339026080e-01 -3.394868036779591591e+00
6.900000000000000577e-01 -3.804929577374730476e-01 -3.102769972551130628e+00
7.000000000000000666e-01 -3.508182701858233998e-01 -2.836269921899686519e+00
7.099999999999999645e-01 -3.236887737401092369e-01 -2.593407032673086032e+00
7.199999999999999734e-01 -2.988777432558080704e-01 -2.372262754668503781e+00
7.299999999999999822e-01 -2.761772630643233861e-01 -2.170998617265778030e+00
7.399999999999999911e-01 -2.553973023944443033e-01 -1.987878890881750849e+00
7.500000000000000000e-01 -2.363646202165056998e-01 -1.821282680665736953e+00
7.600000000000000089e-01 -2.189215879043074908e-01 -1.669708729620521970e+00
7.700000000000000178e-01 -2.029249901938618705e-01 -1.531775286369417177e+00
7.800000000000000266e-01 -1.882448448897729720e-01 -1.406216723667825574e+00
7.900000000000000355e-01 -1.747632674670305253e-01 -1.291878108066257580e+00
8.000000000000000444e-01 -1.623733965680002611e-01 -1.187708568759262118e+00
8.100000000000000533e-01 -1.509783892593240806e-01 -1.092754058323832433e+00
8.200000000000000622e-01 -1.404904899595174339e-01 -1.006149913433247001e+00
8.300000000000000711e-01 -1.308301735689520739e-01 -9.271134905773166235e-01
8.399999999999999689e-01 -1.219253610874550114e-01 -8.549370563703213577e-01
8.499999999999999778e-01 -1.137107045685002427e-01 -7.889810439938461650e-01
8.599999999999999867e-01 -1.061269373979465275e-01 -7.286677392541812681e-01
8.699999999999999956e-01 -9.912028542847926837e-02 -6.734754261814721588e-01
8.800000000000000044e-01 -9.264193432420581020e-02 -6.229329990685271712e-01
8.900000000000000133e-01 -8.664754848336095328e-02 -5.766150324171634978e-01
9.000000000000000222e-01 -8.109683704608154631e-02 -5.341372902882695062e-01
9.100000000000000311e-01 -7.595316271235742767e-02 -4.951526504719861443e-01
9.200000000000000400e-01 -7.118318935966436167e-02 -4.593474155623067379e-01
9.300000000000000488e-01 -6.675656473734618845e-02 -4.264379816020489322e-01
9.400000000000000577e-01 -6.264563480959151054e-02 -3.961678348537769345e-01
9.500000000000000666e-01 -5.882518661007408306e-02 -3.683048480118481516e-01
9.599999999999999645e-01 -5.527221675195792550e-02 -3.426388484855222294e-01
9.699999999999999734e-01 -5.196572300264219735e-02 -3.189794330286381818e-01
9.799999999999999822e-01 -4.888651658086720642e-02 -2.971540048095785425e-01
9.899999999999999911e-01 -4.601705306347592117e-02 -2.770060108962499323e-01
1.000000000000000000e+00 -4.334128000000000286e-02 -2.583933600000000164e-01
1.010000000000000009e+00 -4.084449952569262077e-02 -2.411870021305100031e-01
1.020000000000000018e+00 -3.851324443844376250e-02 -2.252696535298375768e-01
1.030000000000000027e+00 -3.633516636320414245e-02 -2.105346518600232919e-01
1.040000000000000036e+00 -3.429893477026155213e-02 -1.968849281062577117e-01
1.050000000000000044e+00 -3.239414574215986747e-02 -1.842320830241139518e-01
1.060000000000000053e+00 -3.061123949943191438e-02 -1.724955572066403375e-01
1.070000000000000062e+00 -2.894142579880296454e-02 -1.616018849798192825e-01
1.080000000000000071e+00 -2.737661641022649806e-02 -1.514840233594034469e-01
1.090000000000000080e+00 -2.590936396208516970e-02 -1.420807482257591126e-01
1.100000000000000089e+00 0.000000000000000000e+00 -1.333361107038403548e-01
1.110000000000000098e+00 0.000000000000000000e+00 -1.251989474806014246e-01
1.120000000000000107e+00 0.000000000000000000e+00 -1.176224394596645656e-01
1.130000000000000115e+00 0.000000000000000000e+00 -1.105637137501873507e-01
1.140000000000000124e+00 0.000000000000000000e+00 -1.039834845204777314e-01
1.150000000000000133e+00 0.000000000000000000e+00 -9.784572872334991456e-02
1.159999999999999920e+00 0.000000000000000000e+00 -9.211739312536376678e-02
1.169999999999999929e+00 0.000000000000000000e+00 -8.676812945129763754e-02
1.179999999999999938e+00 0.000000000000000000e+00 -8.177005479333590565e-02
1.189999999999999947e+00 0.000000000000000000e+00 -7.709753473589789352e-02
1.199999999999999956e+00 0.000000000000000000e+00 -7.272698691576943986e-02
