0.000000000000000000e+00 1.198633664362622484e+21 1.438448198617128696e+24
1.000000000000000021e-02 5.993899999051798282e+20 7.192679999431077884e+23
2.000000000000000042e-02 1.463354477371874560e+17 8.780126908678121062e+19
2.999999999999999889e-02 1.127857901208639000e+15 4.511431864971729280e+17
4.000000000000000083e-02 3.572640488250731250e+13 1.071792493716430200e+16
5.000000000000000278e-02 2.455095371519998535e+12 5.892236173823996250e+14
5.999999999999999778e-02 2.753539323456179810e+11 5.507098970129094531e+13
7.000000000000000666e-02 4.330369248306007385e+10 7.423559221956158203e+12
8.000000000000000167e-02 8.721910759136077881e+09 1.308313742090016113e+12
8.999999999999999667e-02 2.122085445566348553e+09 2.829566207794094849e+11
1.000000000000000056e-01 5.992951799999996424e+08 7.192111079999995422e+10
1.100000000000000006e-01 1.909306024093630612e+08 2.083171244927857208e+10
1.199999999999999956e-01 6.719382228520162404e+07 6.720969979827604294e+09
1.300000000000000044e-01 2.570736259318979457e+07 2.373893983140449524e+09
1.400000000000000133e-01 1.055979424093068019e+07 9.056649237996704578e+08
1.499999999999999944e-01 4.611382106536758132e+06 3.692435441059310436e+08
1.600000000000000033e-01 2.123809339518629014e+06 1.594976396795572639e+08
1.700000000000000122e-01 1.024851503345466335e+06 7.248110550892654061e+07
1.799999999999999933e-01 5.153430054649367812e+05 3.444912773851867020e+07
1.900000000000000022e-01 2.687955086909149541e+05 1.704020515883957222e+07
2.000000000000000111e-01 1.448538867187499127e+05 8.735680078124994412e+06
2.099999999999999922e-01 8.037948898224270670e+04 4.624701220373282209e+06
2.200000000000000011e-01 4.579068043758740532e+04 2.520481753150093835e+06
2.300000000000000100e-01 2.671062143094440034e+04 1.410306866496691480e+06
2.399999999999999911e-01 1.591632217720339031e+04 8.082204159495577915e+05
2.500000000000000000e-01 9.667712778240000262e+03 4.733713986355200177e+05
2.600000000000000089e-01 5.974063073337496462e+03 2.828093227346210042e+05
2.700000000000000178e-01 3.748666886858872658e+03 1.720462392770664301e+05
2.800000000000000266e-01 2.384382473798961655e+03 1.064042511530875636e+05
2.899999999999999800e-01 1.534669772086524972e+03 6.680168738159409259e+04
2.999999999999999889e-01 9.977894441716018719e+02 4.251294950897656236e+04
3.099999999999999978e-01 6.541338648620179583e+02 2.738916238485953363e+04
3.200000000000000067e-01 4.315799456078293588e+02 1.784002308263809391e+04
3.300000000000000155e-01 2.859500002270015671e+02 1.173309685443739909e+04
3.400000000000000244e-01 1.897870096289883577e+02 7.781540430467839542e+03
3.500000000000000333e-01 1.257939966995413101e+02 5.197186668150951846e+03
3.599999999999999867e-01 8.293707720866558475e+01 3.490564351144684224e+03
3.699999999999999956e-01 5.409546075722572311e+01 2.353740276442202685e+03
3.800000000000000044e-01 3.462409957550046613e+01 1.590632580695883007e+03
3.900000000000000133e-01 2.146278553751225360e+01 1.074964432707444075e+03
4.000000000000000222e-01 1.257701396942137251e+01 7.245516300201410331e+02
4.100000000000000311e-01 6.602928619867011406e+00 4.853784063607286612e+02
4.199999999999999845e-01 2.619362749447535776e+00 3.216167813635577204e+02
4.299999999999999933e-01 -4.114918349351626148e-05 2.093001933369869505e+02
4.400000000000000022e-01 -1.683699756620232080e+00 1.322705621053785308e+02
4.500000000000000111e-01 -2.726122944764302503e+00 7.955559801177125223e+01
4.600000000000000200e-01 -3.330605678606358033e+00 4.365546745029234899e+01
4.700000000000000289e-01 -3.637918943675364503e+00 1.941345673095533186e+01
4.799999999999999822e-01 -3.745735275404078024e+00 3.265267250744074090e+00
4.899999999999999911e-01 -3.721872164932484850e+00 -7.263984475772389260e+00
5.000000000000000000e-01 -3.613378560000000128e+00 -1.389932543999999837e+01
5.100000000000000089e-01 -3.452805842568565264e+00 -1.784676602079845509e+01
5.200000000000000178e-01 -3.262558777259105369e+00 -1.995126532402310460e+01
5.300000000000000266e-01 -3.057928740293589520e+00 -2.080549290724314915e+01
5.400000000000000355e-01 -2.849217216651997120e+00 -2.082514062173790492e+01
5.500000000000000444e-01 -2.643227775663671952e+00 -2.030134686845015324e+01
5.600000000000000533e-01 -2.444317435939788563e+00 -1.943736477468675261e+01
5.700000000000000622e-01 -2.255139201627049506e+00 -1.837432158278320316e+01
5.799999999999999600e-01 -2.077167241690744071e+00 -1.720938485976587273e+01
5.899999999999999689e-01 -1.911068532914124152e+00 -1.600861707412052937e+01
5.999999999999999778e-01 -1.756965708858086117e+00 -1.481609744190794586e+01
6.099999999999999867e-01 -1.614622620616098070e+00 -1.366040954639834837e+01
6.199999999999999956e-01 -1.483574884092168533e+00 -1.255926285334030901e+01
6.300000000000000044e-01 -1.363221219257828354e+00 -1.152278776012097694e+01
6.400000000000000133e-01 -1.252886832390055938e+00 -1.055588496399719389e+01
6.500000000000000222e-01 -1.151866872287494514e+00 -9.659898936419340387e+00
6.600000000000000311e-01 -1.059455706004976294e+00 -8.833807362014663767e+00
6.700000000000000400e-01 -9.749661317032043417e-01 -8.075063444554018588e+00
6.800000000000000488e-01 -8.977414828829757276e-01 -7.380189063486210621e+00
6.900000000000000577e-01 -8.271627445913131149e-01 -6.745189095203906859e+00
7.000000000000000666e-01 -7.626522032746594348e-01 -6.165837470013407540e+00
7.099999999999999645e-01 -7.036747208275582199e-01 -5.637871401175645225e+00
7.199999999999999734e-01 -6.497374125552670687e-01 -5.157120072359941076e+00
7.299999999999999822e-01 -6.003882844368667593e-01 -4.719586761331184377e+00
7.399999999999999911e-01 -5.552142230982153315e-01 -4.321498102671517572e+00
7.500000000000000000e-01 -5.138386149765638011e-01 -3.959330377347927143e+00
7.600000000000000089e-01 -4.759187868378945141e-01 -3.629819953393767396e+00
7.700000000000000178e-01 -4.411433991215214512e-01 -3.329962997712648143e+00
7.800000000000000266e-01 -4.092298800471014797e-01 -3.057008124407406768e+00
7.900000000000000355e-01 -3.799219573259433047e-01 -2.808444589191580132e+00
8.000000000000000444e-01 -3.529873222578315817e-01 -2.581987873418255752e+00
8.100000000000000533e-01 -3.282154454837313273e-01 -2.375563946197582155e+00
8.200000000000000622e-01 -3.054155528954654586e-01 -2.187293091734428430e+00
8.300000000000000711e-01 -2.844147628576957354e-01 -2.015473899769988364e+00
8.399999999999999689e-01 -2.650563810140264542e-01 -1.858567809513551383e+00
8.499999999999999778e-01 -2.471983458268234568e-01 -1.715184449551980128e+00
8.599999999999999867e-01 -2.307118161286132174e-01 -1.584067911730898226e+00
8.699999999999999956e-01 -2.154798909699413567e-01 -1.464084024062351386e+00
8.800000000000000044e-01 -2.013964516644575764e-01 -1.354208637650818225e+00
8.900000000000000133e-01 -1.883651159613936588e-01 -1.253516909086520137e+00
9.000000000000000222e-01 -1.762982945778040489e-01 -1.161173538077861611e+00
9.100000000000000311e-01 -1.651163407971989461e-01 -1.076423906878335446e+00
9.200000000000000400e-01 -1.547467844159959860e-01 -9.985860608198728894e-01
9.300000000000000488e-01 -1.451236419443675540e-01 -9.270434661815207811e-01
9.400000000000000577e-01 -1.361867956088954612e-01 -8.612384813826184926e-01
9.500000000000000666e-01 -1.278814343375503648e-01 -8.006664791411313153e-01
9.599999999999999645e-01 -1.201575505175947328e-01 -7.448705600961370576e-01
9.699999999999999734e-01 -1.129694868945644581e-01 -6.934368019709148401e-01
9.799999999999999822e-01 -1.062755285201602978e-01 -6.459899923058317617e-01
9.899999999999999911e-01 -1.000375351561737236e-01 -6.021897968794742706e-01
1.000000000000000000e+00 -9.422060999999999631e-02 -5.617273200000000299e-01
1.010000000000000009e+00 -8.879280101567219030e-02 -5.243220167794485631e-01
1.020000000000000018e+00 -8.372483153438282921e-02 -4.897189212345349763e-01
1.030000000000000027e+00 -7.898985713235523454e-02 -4.576861575493185730e-01
1.040000000000000036e+00 -7.456324610418461896e-02 -4.280127050690586410e-01
1.050000000000000044e+00 -7.042238112900356395e-02 -4.005063905652692102e-01
1.060000000000000053e+00 -6.654647997765569811e-02 -3.749920840235166364e-01
1.070000000000000062e+00 -6.291643333403239280e-02 -3.513100766679425613e-01
1.080000000000000071e+00 -5.951465800526115763e-02 -3.293146221637018312e-01
1.090000000000000080e+00 -5.632496397580734337e-02 -3.088726239463895906e-01
1.100000000000000089e+00 0.000000000000000000e+00 -2.898624534329690139e-01
1.110000000000000098e+00 0.000000000000000000e+00 -2.721728854886894533e-01
1.120000000000000107e+00 0.000000000000000000e+00 -2.557021389756024554e-01
1.130000000000000115e+00 0.000000000000000000e+00 -2.403570115064005697e-01
1.140000000000000124e+00 0.000000000000000000e+00 -2.260520986873138238e-01
1.150000000000000133e+00 0.000000000000000000e+00 -2.127090891695632702e-01
1.159999999999999920e+00 0.000000000000000000e+00 -2.002561277531110240e-01
1.169999999999999929e+00 0.000000000000000000e+00 -1.886272396108176208e-01
1.179999999999999938e+00 0.000000000000000000e+00 -1.777618094361900769e-01
1.189999999999999947e+00 0.000000000000000000e+00 -1.676041099732245021e-01
1.199999999999999956e+00 0.000000000000000000e+00 -1.581028749710566284e-01
