0.000000000000000000e+00 4.458447343022262999e+01 1.174052397016016442e+02
1.000000000000000021e-02 4.341042103320660317e+01 1.174052397016016442e+02
2.000000000000000042e-02 4.223636863619059056e+01 1.174052397016021132e+02
2.999999999999999889e-02 4.106231623917456375e+01 1.174052397016021132e+02
4.000000000000000083e-02 3.988826384215855114e+01 1.174052397016021132e+02
4.999999999999999584e-02 3.871421144514252433e+01 1.174052397016021132e+02
5.999999999999999778e-02 3.754015904812650462e+01 1.174052397016021132e+02
6.999999999999999278e-02 3.636610665111048490e+01 1.174052397016021132e+02
8.000000000000000167e-02 3.519205425409446519e+01 1.174052397016018716e+02
8.999999999999999667e-02 3.401800185707843838e+01 1.174052397016021132e+02
9.999999999999999167e-02 3.284394946006241867e+01 1.174052397016021132e+02
1.099999999999999867e-01 3.166989706304639896e+01 1.174052397016021132e+02
1.199999999999999956e-01 3.049584466603037924e+01 1.174052397016021132e+02
1.300000000000000044e-01 2.932179226901436309e+01 1.174052397016021132e+02
1.399999999999999856e-01 2.814773987199833982e+01 1.174052397016021132e+02
1.499999999999999944e-01 2.697368747498232011e+01 1.174052397016021132e+02
1.600000000000000033e-01 2.579963507796630040e+01 1.174052397016018716e+02
1.699999999999999845e-01 2.462558268095028069e+01 1.174052397016021132e+02
1.799999999999999933e-01 2.345153028393425387e+01 1.174052397016021132e+02
1.899999999999999745e-01 2.227747788691823772e+01 1.174052397016018716e+02
1.999999999999999833e-01 2.110342548990221800e+01 1.174052397016021132e+02
2.099999999999999922e-01 1.992937309288619474e+01 1.174052397016021132e+02
2.199999999999999734e-01 1.875532069587017503e+01 1.174052397016021132e+02
2.299999999999999822e-01 1.758126829885415177e+01 1.174052397016023406e+02
2.399999999999999911e-01 1.640721590183812495e+01 1.174052397016023406e+02
2.500000000000000000e-01 1.523316350482210879e+01 1.174052397016018716e+02
2.600000000000000089e-01 1.405911110780608908e+01 1.174052397016018716e+02
2.700000000000000178e-01 1.288505871079006937e+01 1.174052397016021132e+02
2.799999999999999711e-01 1.171100631377404966e+01 1.174052397016021132e+02
2.899999999999999800e-01 1.053695391675802817e+01 1.174052397016021132e+02
2.999999999999999889e-01 9.362901519742006684e+00 1.174052397016018716e+02
3.099999999999999423e-01 8.188849122725988749e+00 1.174052397016020564e+02
3.200000000000000067e-01 7.014796725709965486e+00 1.174052397016024827e+02
3.300000000000000155e-01 5.840744328693940446e+00 1.174052397016020564e+02
3.399999999999999689e-01 4.666691931677924288e+00 1.174052397016020564e+02
3.500000000000000333e-01 3.492639534661899692e+00 1.174052397016020564e+02
3.599999999999999867e-01 2.318587137645883089e+00 1.154644256000958507e+02
3.699999999999999956e-01 1.183351022659983043e+00 6.524380110161887103e+01
3.799999999999999489e-01 1.013711115613506131e+00 2.136027701280787028e+01
3.900000000000000133e-01 7.561454824038257305e-01 2.405006225537832165e+01
3.999999999999999667e-01 5.327098705059397643e-01 2.018847245851054595e+01
4.099999999999999756e-01 3.523760332336147716e-01 1.605608634627597198e+01
4.199999999999999845e-01 2.115881435804203292e-01 1.260228612060979358e+01
4.299999999999999933e-01 1.003303108214188832e-01 9.794837547980669967e+00
4.399999999999999467e-01 1.569139262080693209e-02 7.368577739379694513e+00
4.499999999999999556e-01 -4.704124396617499759e-02 5.314480289185494755e+00
4.599999999999999645e-01 -9.059821316290295190e-02 3.771478277504078491e+00
4.699999999999999734e-01 -1.224708095162565513e-01 2.861209746609477023e+00
4.799999999999999822e-01 -1.478224080950924779e-01 2.432965519670197807e+00
4.899999999999999911e-01 -1.711301199096605108e-01 2.207001319350974100e+00
5.000000000000000000e-01 -1.919624344821119766e-01 1.905786704827841405e+00
5.100000000000000089e-01 -2.092458540062173411e-01 1.429151934125933776e+00
5.200000000000000178e-01 -2.205454731646306343e-01 7.929359391975663307e-01
5.299999999999999156e-01 -2.251045727901686555e-01 9.103665087239963538e-02
5.400000000000000355e-01 -2.223662061820786406e-01 -5.775192695793890385e-01
5.499999999999999334e-01 -2.135541873985808692e-01 -1.064905106240727317e+00
5.599999999999999423e-01 -2.010681040572640799e-01 -1.220780846046781942e+00
5.699999999999999512e-01 -1.891385704776452625e-01 -1.076456160536426010e+00
5.799999999999999600e-01 -1.795389808465355785e-01 -9.536755074535916421e-01
5.899999999999999689e-01 -1.700650603285734086e-01 -8.484971662307053686e-01
5.999999999999999778e-01 -1.625690375219214778e-01 -1.005473162105338991e+00
6.099999999999999867e-01 -1.499555970864666354e-01 -1.554332912912623543e+00
6.199999999999998845e-01 -1.314823792636689859e-01 -2.166299060901375917e+00
6.300000000000000044e-01 -1.066296158684391093e-01 -2.212137867959345527e+00
6.400000000000000133e-01 -8.723962190448208975e-02 -1.730032897408126491e+00
6.499999999999999112e-01 -7.202895792027659561e-02 -1.206718343204288280e+00
6.600000000000000311e-01 -6.310525504039631028e-02 -7.164739924269608595e-01
6.700000000000000400e-01 -5.769947807173737842e-02 -4.865165083257853573e-01
6.799999999999999378e-01 -5.337492487388061785e-02 -4.565639204347202718e-01
6.899999999999999467e-01 -4.856819966304297409e-02 -5.152569438389206224e-01
7.000000000000000666e-01 -4.306978599710220568e-02 -5.546928599264749904e-01
7.099999999999999645e-01 -3.747434246451347012e-02 -5.215313352229603572e-01
7.199999999999999734e-01 -3.263915929264299409e-02 -3.789802564365428728e-01
7.299999999999998712e-01 -2.989473733578261808e-02 -1.169190951803145834e-01
7.399999999999999911e-01 -3.030077738903669965e-02 1.852869432012602680e-01
7.500000000000000000e-01 -3.360047619980782024e-02 3.680029922750907012e-01
7.599999999999998979e-01 -3.766083723453851617e-02 3.455540335929781492e-01
7.699999999999999067e-01 -4.051155687166738129e-02 2.117265808041501884e-01
7.800000000000000266e-01 -4.189536885062151994e-02 1.057639000581708094e-01
7.899999999999999245e-01 -4.262683487283080302e-02 2.884742991212000535e-02
7.999999999999999334e-01 -4.247231744886392074e-02 -8.581232676231050072e-02
8.100000000000000533e-01 -4.091058833758458996e-02 -2.232111097352229567e-01
8.199999999999999512e-01 -3.800809525415946299e-02 -2.982177935704571903e-01
8.299999999999999600e-01 -3.494623246617544615e-02 -2.637082836035052891e-01
8.399999999999999689e-01 -3.273392958208935777e-02 -1.563128957104190642e-01
8.499999999999999778e-01 -3.181997455196706320e-02 -6.298971605549931463e-02
8.599999999999999867e-01 -3.147413526097937037e-02 -2.602635949318063066e-02
8.699999999999999956e-01 -3.129944736210345246e-02 -2.832274462156610453e-02
8.799999999999998934e-01 -3.090768036854804612e-02 -7.660604170179620420e-02
8.900000000000000133e-01 -2.976732652806753088e-02 -1.681274499701740366e-01
8.999999999999999112e-01 -2.754513136914456609e-02 -2.777358851941542084e-01
9.099999999999999201e-01 -2.421260882418444643e-02 -3.652348947287114012e-01
9.199999999999999289e-01 -2.024043347457034001e-02 -4.172960701110767778e-01
9.299999999999999378e-01 -1.586668742196290990e-02 -3.996208033750451860e-01
9.399999999999999467e-01 -1.224801740706943538e-02 -2.804896214857057757e-01
9.499999999999999556e-01 -1.025689499224879606e-02 -1.274891971375728961e-01
9.599999999999999645e-01 -9.698233464317978711e-03 3.487286553034852493e-02
9.699999999999999734e-01 -1.095435230285576704e-02 2.992464521120652074e-02
9.799999999999999822e-01 -1.029672636854210739e-02 -1.793650397807725061e-01
9.899999999999998801e-01 -7.367051507240316051e-03 -3.713542231326913967e-01
1.000000000000000000e+00 -2.869641905888280220e-03 -3.945046513261269427e-01
1.010000000000000009e+00 5.230415192822216288e-04 -3.395849411341826940e-01
1.020000000000000018e+00 3.922056916795372411e-03 -3.245790889975240789e-01
1.029999999999999805e+00 7.014623299232703064e-03 -2.752654964928094028e-01
1.040000000000000036e+00 9.427366846651560883e-03 -1.925343583128616420e-01
1.050000000000000044e+00 1.086531046548993434e-02 -9.668172132475964797e-02
1.059999999999999831e+00 1.136100127314675426e-02 -2.721794336498137984e-02
1.069999999999999840e+00 1.140966933278956402e-02 -5.341345088011099224e-03
1.080000000000000071e+00 1.146782817490697715e-02 -5.511508912564019175e-03
1.089999999999999858e+00 1.151989951104084343e-02 2.069337208784052459e-02
1.099999999999999867e+00 1.105396073315016540e-02 9.993174220243336570e-02
1.109999999999999876e+00 9.521264666992176537e-03 2.107239476412683110e-01
1.119999999999999885e+00 6.839481780324799254e-03 3.126620059059024292e-01
1.129999999999999893e+00 3.268024548874128021e-03 3.581545953466656051e-01
1.139999999999999902e+00 -3.236101266085118690e-04 2.815381141565125311e-01
1.149999999999999911e+00 -2.362737734256121352e-03 1.013707255490866876e-01
1.159999999999999920e+00 -2.351024637590245527e-03 -9.733903412585799553e-02
1.169999999999999929e+00 -4.159570517389613704e-04 -1.152803025360673028e-01
1.179999999999999938e+00 -4.541858686889968641e-05 -2.053239622162023395e-02
1.189999999999999947e+00 -5.309127306556735562e-06 -2.270929343444984348e-03
1.199999999999999956e+00 0.000000000000000000e+00 -5.309127306556735799e-04
