0.000000000000000000e+00 2.881248241922267546e+20 3.457708945152733736e+23
1.000000000000000021e-02 1.440799999866339656e+20 1.728959999919803314e+23
2.000000000000000042e-02 3.517578104115624000e+16 2.110546868734686822e+19
2.999999999999999889e-02 2.711119207140323125e+14 1.084447719525539360e+17
4.000000000000000083e-02 8.587833956054684570e+12 2.576350676293944000e+15
5.000000000000000278e-02 5.901508245759996338e+11 1.416363005491199062e+14
5.999999999999999778e-02 6.618915176455384827e+10 1.323785900088745117e+13
7.000000000000000666e-02 1.040932287663653755e+10 1.784465088205587646e+12
8.000000000000000167e-02 2.096588958859442949e+09 3.144921678721903687e+11
8.999999999999999667e-02 5.101197932578356266e+08 6.801764913351621246e+10
1.000000000000000056e-01 1.440666339999999106e+08 1.728879803999998856e+10
1.100000000000000006e-01 4.590078345715910941e+07 5.007769727610944748e+09
1.199999999999999956e-01 1.615505457501103729e+07 1.615729269818919182e+09
1.300000000000000044e-01 6.181430109547552653e+06 5.707213539845433235e+08
1.400000000000000133e-01 2.539591186946588103e+06 2.177553221347852349e+08
1.499999999999999944e-01 1.109301081218799809e+06 8.879102334249714017e+07
1.600000000000000033e-01 5.110783111595081282e+05 3.836074867504065484e+07
1.700000000000000122e-01 2.467420020496989309e+05 1.743662635378094018e+07
1.799999999999999933e-01 1.241541290459724696e+05 8.290041148414802738e+06
1.900000000000000022e-01 6.481282149179147382e+04 4.102413114341090899e+06
2.000000000000000111e-01 3.496693749999997817e+04 2.104281562499998603e+06
2.099999999999999922e-01 1.943134879188728519e+04 1.114815428729025880e+06
2.200000000000000011e-01 1.109020109095846965e+04 6.081351554794529220e+05
2.300000000000000100e-01 6.484316112668399001e+03 3.406675080442291219e+05
2.399999999999999911e-01 3.875256605118043808e+03 1.955113639888357720e+05
2.500000000000000000e-01 2.362514145279999866e+03 1.147146102374400070e+05
2.600000000000000089e-01 1.466546807528692398e+03 6.868525550493020273e+04
2.700000000000000178e-01 9.254277307724868251e+02 4.189678764024470729e+04
2.800000000000000266e-01 5.927141611529065131e+02 2.599639125425872044e+04
2.899999999999999800e-01 3.847481732058105308e+02 1.638552174513196223e+04
2.999999999999999889e-01 2.527772339732916009e+02 1.047778346044057980e+04
3.099999999999999978e-01 1.678606994274953763e+02 6.789321640282866611e+03
3.200000000000000067e-01 1.125214216770586546e+02 4.452954391620521164e+03
3.300000000000000155e-01 7.603515579982568795e+01 2.953086811453913469e+03
3.400000000000000244e-01 5.172270967109062667e+01 1.978193776368113731e+03
3.500000000000000333e-01 3.536606781691758528e+01 1.337196337073120048e+03
3.599999999999999867e-01 2.426675252307846975e+01 9.112293446492554949e+02
3.699999999999999956e-01 1.667739651146012037e+01 6.253659549174149106e+02
3.800000000000000044e-01 1.145365389332039285e+01 4.317861847606782248e+02
3.900000000000000133e-01 7.838147153219051866e+00 2.996124466827160973e+02
4.000000000000000222e-01 5.324653625488277697e+00 2.086873626708982670e+02
4.100000000000000311e-01 3.571703918231391217e+00 1.457157193522996295e+02
4.199999999999999845e-01 2.346991265181505693e+00 1.018431481438757942e+02
4.299999999999999933e-01 1.491221522776134067e+00 7.111898291147898021e+01
4.400000000000000022e-01 8.943675278782589055e-01 4.950977895555803343e+01
4.500000000000000111e-01 4.799225169748428943e-01 3.425968275405310948e+01
4.600000000000000200e-01 1.943638628108381450e-01 2.347163535294320624e+01
4.700000000000000289e-01 4.310051349669663794e-05 1.583061882436266288e+01
4.799999999999999822e-01 -1.296504887389225702e-01 1.041915757007067889e+01
4.899999999999999911e-01 -2.136046648916001267e-01 6.593293507591991620e+00
5.000000000000000000e-01 -2.652723200000000614e-01 3.898552319999998961e+00
5.100000000000000089e-01 -2.942614593971917825e-01 2.012577798127736628e+00
5.200000000000000178e-01 -3.074470147254654284e-01 7.056921162375389134e-01
5.300000000000000266e-01 -3.097528605215720821e-01 -1.864025173366897770e-01
5.400000000000000355e-01 -3.047048710908066282e-01 -7.816391030528934136e-01
5.500000000000000444e-01 -2.948240347707816733e-01 -1.164911153446265502e+00
5.600000000000000533e-01 -2.819071828861109963e-01 -1.397463702538216612e+00
5.700000000000000622e-01 -2.672283139673276575e-01 -1.523546957563955306e+00
5.799999999999999600e-01 -2.516835246066601584e-01 -1.575154075414143540e+00
5.899999999999999689e-01 -2.358956956338733313e-01 -1.575410464043814462e+00
5.999999999999999778e-01 -2.202903285595202709e-01 -1.541008903151996456e+00
6.099999999999999867e-01 -2.051506147013795189e-01 -1.483966079028570251e+00
6.199999999999999956e-01 -1.906574980050832480e-01 -1.412894231606843354e+00
6.300000000000000044e-01 -1.769188569113061826e-01 -1.333924771511577845e+00
6.400000000000000133e-01 -1.639907721822514430e-01 -1.251381050832670816e+00
6.500000000000000222e-01 -1.518930231137877174e-01 -1.168269628438887597e+00
6.600000000000000311e-01 -1.406203650170766706e-01 -1.086639728959087448e+00
6.700000000000000400e-01 -1.301507174428152558e-01 -1.007846669399232509e+00
6.800000000000000488e-01 -1.204510872572399499e-01 -9.327451080305441122e-01
6.900000000000000577e-01 -1.114818295849054758e-01 -8.618308722626365492e-01
7.000000000000000666e-01 -1.031996889636680320e-01 -7.953450212391945939e-01
7.099999999999999645e-01 -9.555994589733614319e-02 -7.333501179701784611e-01
7.199999999999999734e-01 -8.851790828691874502e-02 -6.757860192613571737e-01
7.299999999999999822e-01 -8.202992434411027212e-02 -6.225105528605014982e-01
7.399999999999999911e-01 -7.605404733855503085e-02 -5.733290366150382011e-01
7.500000000000000000e-01 -7.055044842742656808e-02 -5.280155589266165572e-01
7.600000000000000089e-01 -6.548164861899809230e-02 -4.863281794855576767e-01
7.700000000000000178e-01 -6.081262227305005846e-02 -4.480196494573066568e-01
7.800000000000000266e-01 -5.651081071945866091e-02 -4.128448370375323306e-01
7.900000000000000355e-01 -5.254607432240703674e-02 -3.805657385092247602e-01
8.000000000000000444e-01 -4.889060370624063318e-02 -3.509547282010316294e-01
8.100000000000000533e-01 -4.551880520867528784e-02 -3.237965323193616185e-01
8.200000000000000622e-01 -4.240717143463458572e-02 -2.988892863211357054e-01
8.300000000000000711e-01 -3.953414467685193584e-02 -2.760449421558155980e-01
8.399999999999999689e-01 -3.687997867100608479e-02 -2.550892221183578834e-01
8.499999999999999778e-01 -3.442660245792526080e-02 -2.358612641497178919e-01
8.599999999999999867e-01 -3.215748888006799561e-02 -2.182130647033043991e-01
8.699999999999999956e-01 -3.005752932971035921e-02 -2.020087964267921476e-01
8.800000000000000044e-01 -2.811291570657696581e-02 -1.871240564052677746e-01
8.900000000000000133e-01 -2.631103006909987774e-02 -1.734450847216326697e-01
9.000000000000000222e-01 -2.464034212819722972e-02 -1.608679812296821277e-01
9.100000000000000311e-01 -2.309031449956300275e-02 -1.492979396686149041e-01
9.200000000000000400e-01 -2.165131547308087392e-02 -1.386485117986122617e-01
9.300000000000000488e-01 -2.031453895599353091e-02 -1.288409095229685331e-01
9.400000000000000577e-01 -1.907193118481828598e-02 -1.198033495454113445e-01
9.500000000000000666e-01 -1.791612376844898408e-02 -1.114704426627066702e-01
9.599999999999999645e-01 -1.684037261303696423e-02 -1.037826280649640359e-01
9.699999999999999734e-01 -1.583850228186525072e-02 -9.668565182313447470e-02
9.799999999999999822e-01 -1.490485535590674142e-02 -9.013008794510683763e-02
9.899999999999999911e-01 -1.403424637968965494e-02 -8.407089987341462289e-02
1.000000000000000000e+00 -1.322192000000000159e-02 -7.846704000000000179e-02
1.010000000000000009e+00 -1.246351293003152352e-02 -7.328108462765536846e-02
1.020000000000000018e+00 -1.175501939756283878e-02 -6.847890176955900854e-02
1.030000000000000027e+00 -1.109275976169551980e-02 -6.402934921489698838e-02
1.040000000000000036e+00 -1.047335200800563262e-02 -5.990400037558925306e-02
1.050000000000000044e+00 -9.893685856234140166e-03 -5.607689554870352172e-02
1.060000000000000053e+00 -9.350899237612541812e-03 -5.252431636816055210e-02
1.070000000000000062e+00 -8.842356920444098545e-03 -4.922458136835529408e-02
1.080000000000000071e+00 -8.365631082573861052e-03 -4.615786073460081268e-02
1.090000000000000080e+00 -7.918483647874660636e-03 -4.330600846613791299e-02
1.100000000000000089e+00 0.000000000000000000e+00 -4.065241032364019791e-02
1.110000000000000098e+00 0.000000000000000000e+00 -3.818184607259597629e-02
1.120000000000000107e+00 0.000000000000000000e+00 -3.588036466539066410e-02
1.130000000000000115e+00 0.000000000000000000e+00 -3.373517112766823145e-02
1.140000000000000124e+00 0.000000000000000000e+00 -3.173452402836088315e-02
1.150000000000000133e+00 0.000000000000000000e+00 -2.986764251768382963e-02
1.159999999999999920e+00 0.000000000000000000e+00 -2.812462201364292202e-02
1.169999999999999929e+00 0.000000000000000000e+00 -2.649635770557649816e-02
1.179999999999999938e+00 0.000000000000000000e+00 -2.497447512341216536e-02
1.189999999999999947e+00 0.000000000000000000e+00 -2.355126709417194181e-02
1.199999999999999956e+00 0.000000000000000000e+00 -2.221963647333639880e-02
