0.000000000000000000e+00 2.137739013475090104e+20 2.565443408084589053e+23
1.000000000000000021e-02 1.068999999900832891e+20 1.282799999940499373e+23
2.000000000000000042e-02 2.609863265755155600e+16 1.565917964101546598e+19
2.999999999999999889e-02 2.011511960325337500e+14 8.046048113364448000e+16
4.000000000000000083e-02 6.371734105419920898e+12 1.911520594786376500e+15
5.000000000000000278e-02 4.378617653311997681e+11 1.050868998397439375e+14
5.999999999999999778e-02 4.910896949066609192e+10 9.821815153062914062e+12
7.000000000000000666e-02 7.723185839423835754e+09 1.323981940234875000e+12
8.000000000000000167e-02 1.555561908704042196e+09 2.333371234962343750e+11
8.999999999999999667e-02 3.784828286407874823e+08 5.046562115347737122e+10
1.000000000000000056e-01 1.068900832999999523e+08 1.282740499799999237e+10
1.100000000000000006e-01 3.405603669461498410e+07 3.715509333155570507e+09
1.199999999999999956e-01 1.198622531371001340e+07 1.198788585509268522e+09
1.300000000000000044e-01 4.586305416151343845e+06 4.234460924600602388e+08
1.400000000000000133e-01 1.884246956590300892e+06 1.615633265643510818e+08
1.499999999999999944e-01 8.230447527473421069e+05 6.587840429660493135e+07
1.600000000000000033e-01 3.791940108829293749e+05 2.846171636800135672e+07
1.700000000000000122e-01 1.830699691049301182e+05 1.293708632068843022e+07
1.799999999999999933e-01 9.211602718356896366e+04 6.150787239626232535e+06
1.900000000000000022e-01 4.808780675313641405e+04 3.043781095389192458e+06
2.000000000000000111e-01 2.594368437499998618e+04 1.561269515624999069e+06
2.099999999999999922e-01 1.441707040352936019e+04 8.271361633373145014e+05
2.200000000000000011e-01 8.228364360697907614e+03 4.512052656781945843e+05
2.300000000000000100e-01 4.811032597277955574e+03 2.527579220877531043e+05
2.399999999999999911e-01 2.875243432493455202e+03 1.450594695798861503e+05
2.500000000000000000e-01 1.752865587200000391e+03 8.511239946240000427e+04
2.600000000000000089e-01 1.088103428525007757e+03 5.096096509007884015e+04
2.700000000000000178e-01 6.866205912876761204e+02 3.108528708071853907e+04
2.800000000000000266e-01 4.397640227959272465e+02 1.928800275852752748e+04
2.899999999999999800e-01 2.854638086560261740e+02 1.215722669957280959e+04
2.999999999999999889e-01 1.875480546288300161e+02 7.773985285290375941e+03
3.099999999999999978e-01 1.245442774061066160e+02 5.037333966715835231e+03
3.200000000000000067e-01 8.348532321527100919e+01 3.303867993866837423e+03
3.300000000000000155e-01 5.641434804179458951e+01 2.191042226389844018e+03
3.400000000000000244e-01 3.837573093195256035e+01 1.467720892169633771e+03
3.500000000000000333e-01 2.623991866324106681e+01 9.921331391254558412e+02
3.599999999999999867e-01 1.800477769035105879e+01 6.760870744828124543e+02
3.699999999999999956e-01 1.237385003682329554e+01 4.639907891304941927e+02
3.800000000000000044e-01 8.498088951876269448e+00 3.203642845950087690e+02
3.900000000000000133e-01 5.815558570925140280e+00 2.222979577579369277e+02
4.000000000000000222e-01 3.950667190551754970e+00 1.548360557556151491e+02
4.100000000000000311e-01 2.650061691577247469e+00 1.081142031776557815e+02
4.199999999999999845e-01 1.741382101916552960e+00 7.556290598049262996e+01
4.299999999999999933e-01 1.106440128946599488e+00 5.276707006209564099e+01
4.400000000000000022e-01 6.636010966808915112e-01 3.673408249569697404e+01
4.500000000000000111e-01 3.561007800824182445e-01 2.541923836852534890e+01
4.600000000000000200e-01 1.442280303653449280e-01 1.741501495137048039e+01
4.700000000000000289e-01 4.953329410781748808e-05 1.174573460171635020e+01
4.799999999999999822e-01 -9.617856802841143193e-02 7.730676074394583708e+00
4.899999999999999911e-01 -1.584700785529888079e-01 4.892054382700663950e+00
5.000000000000000000e-01 -1.968064000000000202e-01 2.892672000000000576e+00
5.100000000000000089e-01 -2.183162173226464720e-01 1.493356434366575058e+00
5.200000000000000178e-01 -2.281004085056743680e-01 5.236979383427531332e-01
5.300000000000000266e-01 -2.298122619859028493e-01 -1.382044949842040349e-01
5.400000000000000355e-01 -2.260678174565932952e-01 -5.798514891426528317e-01
5.500000000000000444e-01 -2.187375372618955149e-01 -8.642299931484682673e-01
5.600000000000000533e-01 -2.091545935029736347e-01 -1.036780942346599010e+00
5.700000000000000622e-01 -1.982642407826389064e-01 -1.130335937373684319e+00
5.799999999999999600e-01 -1.867313478720403208e-01 -1.168632439707075310e+00
5.899999999999999689e-01 -1.750180698136457602e-01 -1.168828466184528514e+00
5.999999999999999778e-01 -1.634401149422043398e-01 -1.143309329022412779e+00
6.099999999999999867e-01 -1.522076035735434874e-01 -1.100990898899132153e+00
6.199999999999999956e-01 -1.414547927452404485e-01 -1.048263105335559775e+00
6.300000000000000044e-01 -1.312617278164396051e-01 -9.896752160047124214e-01
6.400000000000000133e-01 -1.216700222297743689e-01 -9.284350004475300233e-01
6.500000000000000222e-01 -1.126943550105634212e-01 -8.667732256270508362e-01
6.600000000000000311e-01 -1.043308381672112956e-01 -8.062103576066462773e-01
6.700000000000000400e-01 -9.656309200698059980e-02 -7.477520118668952165e-01
6.800000000000000488e-01 -8.936663981631265408e-02 -6.920323351259979328e-01
6.900000000000000577e-01 -8.271206931390411021e-02 -6.394192352244906230e-01
7.000000000000000666e-01 -7.656728907579002374e-02 -5.900915909640597201e-01
7.099999999999999645e-01 -7.089912120470089063e-02 -5.440958427273091536e-01
7.199999999999999734e-01 -6.567440792735497468e-02 -5.013873862545334958e-01
7.299999999999999822e-01 -6.086076315143055387e-02 -4.618607534285681382e-01
7.399999999999999911e-01 -5.642706569712190728e-02 -4.253715143367043372e-01
7.500000000000000000e-01 -5.234376561537405076e-02 -3.917520665812386227e-01
7.600000000000000089e-01 -4.858305631000948283e-02 -3.608229137026969235e-01
7.700000000000000178e-01 -4.511895134439888183e-02 -3.324006192271512505e-01
7.800000000000000266e-01 -4.192729455841276431e-02 -3.063033162333194670e-01
7.900000000000000355e-01 -3.898572451346286188e-02 -2.823544254585096946e-01
8.000000000000000444e-01 -3.627360863611100994e-02 -2.603850667364894789e-01
8.100000000000000533e-01 -3.377195823844116040e-02 -2.402355235956403767e-01
8.200000000000000622e-01 -3.146333248278754963e-02 -2.217560278747890412e-01
8.300000000000000711e-01 -2.933173705304507189e-02 -2.048070619614155152e-01
8.399999999999999689e-01 -2.736252158949470381e-02 -1.892593246265561746e-01
8.499999999999999778e-01 -2.554227868628121748e-02 -1.749934679195156717e-01
8.599999999999999867e-01 -2.385874632669523002e-02 -1.618996838582850151e-01
8.699999999999999956e-01 -2.230071495638914769e-02 -1.498771982320168117e-01
8.800000000000000044e-01 -2.085793990518722621e-02 -1.388337128772693940e-01
8.900000000000000133e-01 -1.952105951678791834e-02 -1.286848259257732108e-01
9.000000000000000222e-01 -1.828151909687869558e-02 -1.193534507214488172e-01
9.100000000000000311e-01 -1.713150061737658131e-02 -1.107692475998772325e-01
9.200000000000000400e-01 -1.606385799773453124e-02 -1.028680779384142929e-01
9.300000000000000488e-01 -1.507205770858406450e-02 -9.559148638739728421e-02
9.400000000000000577e-01 -1.415012439724572593e-02 -8.888621465770157881e-02
9.500000000000000666e-01 -1.329259121048437589e-02 -8.270374842315331154e-02
9.599999999999999645e-01 -1.249445448109301471e-02 -7.699989761440584335e-02
9.699999999999999734e-01 -1.175113244683114073e-02 -7.173440949575905778e-02
9.799999999999999822e-01 -1.105842767949816868e-02 -6.687061332422515603e-02
9.899999999999999911e-01 -1.041249291596743273e-02 -6.237509501291317593e-02
1.000000000000000000e+00 -9.809800000000000464e-03 -5.821740000000000942e-02
1.010000000000000009e+00 -9.247111662264545853e-03 -5.436976241633881962e-02
1.020000000000000018e+00 -8.721455885256131774e-03 -5.080685861639089307e-02
1.030000000000000027e+00 -8.230102619062165670e-03 -4.750558316428856592e-02
1.040000000000000036e+00 -7.770542632708027538e-03 -4.444484543139184257e-02
1.050000000000000044e+00 -7.340468303823262722e-03 -4.160538505040046325e-02
1.060000000000000053e+00 -6.937756166411759157e-03 -3.896960457421910773e-02
1.070000000000000062e+00 -6.560451052478374206e-03 -3.652141779833012469e-02
1.080000000000000071e+00 -6.206751678112427256e-03 -3.424611231840649778e-02
1.090000000000000080e+00 -5.874997538349535815e-03 -3.213022500680340343e-02
1.100000000000000089e+00 0.000000000000000000e+00 -3.016142920002445882e-02
1.110000000000000098e+00 0.000000000000000000e+00 -2.832843249271948041e-02
1.120000000000000107e+00 0.000000000000000000e+00 -2.662088413128970224e-02
1.130000000000000115e+00 0.000000000000000000e+00 -2.502929109125060642e-02
1.140000000000000124e+00 0.000000000000000000e+00 -2.354494200694065911e-02
1.150000000000000133e+00 0.000000000000000000e+00 -2.215983819999765847e-02
1.159999999999999920e+00 0.000000000000000000e+00 -2.086663112443511506e-02
1.169999999999999929e+00 0.000000000000000000e+00 -1.965856561142063919e-02
1.179999999999999938e+00 0.000000000000000000e+00 -1.852942835633071203e-02
1.189999999999999947e+00 0.000000000000000000e+00 -1.747350114470741858e-02
1.199999999999999956e+00 0.000000000000000000e+00 -1.648551836276707788e-02
