0.000000000000000000e+00 9.589229295369730458e+19 1.150777757721828105e+23
1.000000000000000021e-02 4.795199999241438822e+19 5.754239999544862651e+22
2.000000000000000042e-02 1.170703113147499800e+16 7.024218714442498048e+18
2.999999999999999889e-02 9.023013743782965625e+13 3.609205705622924800e+16
4.000000000000000083e-02 2.858160074316405762e+12 8.574483000878905000e+14
5.000000000000000278e-02 1.964109065215998840e+11 4.713867582259196875e+13
5.999999999999999778e-02 2.202868210257584000e+10 4.405752679088555664e+12
7.000000000000000666e-02 3.464353196737452984e+09 5.938946460009465332e+11
8.000000000000000167e-02 6.977645022630690336e+08 1.046668455970287018e+11
8.999999999999999667e-02 1.697696682102370858e+08 2.263690733767665100e+10
1.000000000000000056e-01 4.794441439999997616e+07 5.753784863999996185e+09
1.100000000000000006e-01 1.527470309740321338e+07 1.666564803722740650e+09
1.199999999999999956e-01 5.375595508139958605e+06 5.376865709185911417e+08
1.300000000000000044e-01 2.056623345041117864e+06 1.899146882745529711e+08
1.400000000000000133e-01 8.447976501369171310e+05 7.245440340647044778e+07
1.499999999999999944e-01 3.689167344002440223e+05 2.953997679865875468e+07
1.600000000000000033e-01 1.699075893324333883e+05 1.276002433718531020e+07
1.700000000000000122e-01 8.198949337005062262e+04 5.798585365590359084e+06
1.799999999999999933e-01 4.122813198136710707e+04 2.755976322026304901e+06
1.900000000000000022e-01 2.150400214406347368e+04 1.363239241051814752e+06
2.000000000000000111e-01 1.158850624999999309e+04 6.988661249999995343e+05
2.099999999999999922e-01 6.430467875887654372e+03 3.699823123331904644e+05
2.200000000000000011e-01 3.663316667588576365e+03 2.016419347564575728e+05
2.300000000000000100e-01 2.136886219778322811e+03 1.128264539442277164e+05
2.399999999999999911e-01 1.273327679772909050e+03 6.465872855579650786e+04
2.500000000000000000e-01 7.734304440320000822e+02 3.787035613593600283e+04
2.600000000000000089e-01 4.779334290666906782e+02 2.262513273567849319e+04
2.700000000000000178e-01 2.998986809193541490e+02 1.376393602974950772e+04
2.800000000000000266e-01 1.907540429386978644e+02 8.512487736594759554e+03
2.899999999999999800e-01 1.227758428369450030e+02 5.344228552045719880e+03
2.999999999999999889e-01 7.982466087486666595e+01 3.401096174363665341e+03
3.099999999999999978e-01 5.233172485203002822e+01 2.191172306778514667e+03
3.200000000000000067e-01 3.452708953801674596e+01 1.427227867463187295e+03
3.300000000000000155e-01 2.287647966623803342e+01 9.386651901032794285e+02
3.400000000000000244e-01 1.518329600040044625e+01 6.225350660873582456e+02
3.500000000000000333e-01 1.006375647695078612e+01 4.157830502859328021e+02
3.599999999999999867e-01 6.635135010719654503e+00 2.792507758924550103e+02
3.699999999999999956e-01 4.327758386604571683e+00 1.883031635000198776e+02
3.800000000000000044e-01 2.770016210373600352e+00 1.272533931188358167e+02
3.900000000000000133e-01 1.717087455226861126e+00 8.599914268508416626e+01
4.000000000000000222e-01 1.006208801269530273e+00 5.796556091308589487e+01
4.100000000000000311e-01 5.282697450968799613e-01 3.883131023102958324e+01
4.199999999999999845e-01 2.095755720330091387e-01 2.573010113986195080e+01
4.299999999999999933e-01 1.672827031331536454e-05 1.674457417035410955e+01
4.400000000000000022e-01 -1.346807870282553665e-01 1.058205933664928367e+01
4.500000000000000111e-01 -2.180782333951944152e-01 6.364757232567029632e+00
4.600000000000000200e-01 -2.664395418610744914e-01 3.492669894130368657e+00
4.700000000000000289e-01 -2.910266303077952421e-01 1.553252330465376474e+00
4.799999999999999822e-01 -2.996534739862721231e-01 2.613550812108784149e-01
4.899999999999999911e-01 -2.977455974202067868e-01 -5.810164941991289300e-01
5.000000000000000000e-01 -2.890670080000000697e-01 -1.111867392000000621e+00
5.100000000000000089e-01 -2.762218836710475522e-01 -1.427680487912400764e+00
5.200000000000000178e-01 -2.610026555011163985e-01 -1.596053994853878555e+00
5.300000000000000266e-01 -2.446326707542766654e-01 -1.664402561578458339e+00
5.400000000000000355e-01 -2.279360760697954624e-01 -1.665982332797602883e+00
5.500000000000000444e-01 -2.114571779636302828e-01 -1.624084969342264761e+00
5.600000000000000533e-01 -1.955445538022385632e-01 -1.554971158983271318e+00
5.700000000000000622e-01 -1.804104560004971269e-01 -1.469931408103354542e+00
5.799999999999999600e-01 -1.661728273162109693e-01 -1.376739367697506600e+00
5.899999999999999689e-01 -1.528850329921896956e-01 -1.280680220690180171e+00
5.999999999999999778e-01 -1.405568891937205300e-01 -1.185280445054107901e+00
6.099999999999999867e-01 -1.291695082571168440e-01 -1.092826834685552972e+00
6.199999999999999956e-01 -1.186857427627571460e-01 -1.004736228952069821e+00
6.300000000000000044e-01 -1.090574928945635264e-01 -9.218191227894353412e-01
6.400000000000000133e-01 -1.002307771846150386e-01 -8.444676207462233908e-01
6.500000000000000222e-01 -9.214920913624757848e-02 -7.727893183581260317e-01
6.600000000000000311e-01 -8.475633937881658919e-02 -7.067024598415092562e-01
6.700000000000000400e-01 -7.799719276924158007e-02 -6.460033245133107727e-01
6.800000000000000488e-01 -7.181923678735646632e-02 -5.904136807856924518e-01
6.900000000000000577e-01 -6.617295087613750404e-02 -5.396139329873118617e-01
7.000000000000000666e-01 -6.101211846388011895e-02 -4.932660067766272971e-01
7.099999999999999645e-01 -5.629392891450041292e-02 -4.510288881215853696e-01
7.199999999999999734e-01 -5.197895178517664139e-02 -4.125689188013832442e-01
7.299999999999999822e-01 -4.803102782357559358e-02 -3.775663666921317829e-01
7.399999999999999911e-01 -4.441710817841715980e-02 -3.457193670876663183e-01
7.500000000000000000e-01 -4.110706394269166702e-02 -3.167460261008993028e-01
7.600000000000000089e-01 -3.807348140300481631e-02 -2.903852561026580292e-01
7.700000000000000178e-01 -3.529145351346819892e-02 -2.663967528104635440e-01
7.800000000000000266e-01 -3.273837462929891223e-02 -2.445604072684509078e-01
7.900000000000000355e-01 -3.039374304775183805e-02 -2.246753614899042462e-01
8.000000000000000444e-01 -2.823897413909434370e-02 -2.065588552504777631e-01
8.100000000000000533e-01 -2.625722560941841713e-02 -1.900449671138792207e-01
8.200000000000000622e-01 -2.443323557550747260e-02 -1.749833206636846050e-01
8.300000000000000711e-01 -2.275317354428652017e-02 -1.612378037744307824e-01
8.399999999999999689e-01 -2.120450399868139754e-02 -1.486853321547880469e-01
8.499999999999999778e-01 -1.977586204191839059e-02 -1.372146765632998311e-01
8.599999999999999867e-01 -1.845694040254370130e-02 -1.267253647373738357e-01
8.699999999999999956e-01 -1.723838702299315684e-02 -1.171266632408205083e-01
8.800000000000000044e-01 -1.611171242380569218e-02 -1.083366404300074859e-01
8.900000000000000133e-01 -1.506920603791925620e-02 -1.002813090551161745e-01
9.000000000000000222e-01 -1.410386073365939991e-02 -9.289384527869656849e-02
9.100000000000000311e-01 -1.320930478296720306e-02 -8.611387983630575116e-02
9.200000000000000400e-01 -1.237974057739407718e-02 -7.988685648447327314e-02
9.300000000000000488e-01 -1.160988944440015901e-02 -7.416345263453134884e-02
9.400000000000000577e-01 -1.089494196775796578e-02 -6.889905705162645277e-02
9.500000000000000666e-01 -1.023051326650978483e-02 -6.405329963031057561e-02
9.599999999999999645e-01 -9.612602735732273321e-03 -5.958962848674964619e-02
9.699999999999999734e-01 -9.037557798565507006e-03 -5.547492989375998884e-02
9.799999999999999822e-01 -8.502041262136654509e-03 -5.167918690108486146e-02
9.899999999999999911e-01 -8.003001909951418941e-03 -4.817517281044910588e-02
1.000000000000000000e+00 -7.537648000000000958e-03 -4.493817600000000329e-02
1.010000000000000009e+00 -7.103423371294395605e-03 -4.194575290719494698e-02
1.020000000000000018e+00 -6.697985891956088032e-03 -3.917750627765057003e-02
1.030000000000000027e+00 -6.319188009484515492e-03 -3.661488606681263108e-02
1.040000000000000036e+00 -5.965059188657130702e-03 -3.424101064001346811e-02
1.050000000000000044e+00 -5.633790044850351363e-03 -3.204050615413657488e-02
1.060000000000000053e+00 -5.323718000636966027e-03 -2.999936222102671593e-02
1.070000000000000062e+00 -5.033314311513025115e-03 -2.810480214977670310e-02
1.080000000000000071e+00 -4.761172322729885498e-03 -2.634516624319606717e-02
1.090000000000000080e+00 -4.505996833636807981e-03 -2.470980678439615996e-02
1.100000000000000089e+00 0.000000000000000000e+00 -2.318899349385947911e-02
1.110000000000000098e+00 0.000000000000000000e+00 -2.177382836695830604e-02
1.120000000000000107e+00 0.000000000000000000e+00 -2.045616891797597675e-02
1.130000000000000115e+00 0.000000000000000000e+00 -1.922855896053282665e-02
1.140000000000000124e+00 0.000000000000000000e+00 -1.808416614711897893e-02
1.150000000000000133e+00 0.000000000000000000e+00 -1.701672557329668087e-02
1.159999999999999920e+00 0.000000000000000000e+00 -1.602048882607362210e-02
1.169999999999999929e+00 0.000000000000000000e+00 -1.509017792189821031e-02
1.179999999999999938e+00 0.000000000000000000e+00 -1.422094363853297107e-02
1.189999999999999947e+00 0.000000000000000000e+00 -1.340832779748778875e-02
1.199999999999999956e+00 0.000000000000000000e+00 -1.264822910043129391e-02
