0.000000000000000000e+00 1.078788295729094492e+20 1.294624977437056240e+23
1.000000000000000021e-02 5.394599999146618061e+19 6.473519999487969119e+22
2.000000000000000042e-02 1.317041002290937000e+16 7.902246053747809280e+18
2.999999999999999889e-02 1.015089046175583438e+14 4.060356418825791200e+16
4.000000000000000083e-02 3.215430083605956055e+12 9.646293375988766250e+14
5.000000000000000278e-02 2.209622698367998657e+11 5.303101030041596875e+13
5.999999999999999778e-02 2.478226736539781570e+10 4.956471763974625000e+12
7.000000000000000666e-02 3.897397346329635143e+09 6.681314767510648193e+11
8.000000000000000167e-02 7.849850650459525585e+08 1.177502012966572876e+11
8.999999999999999667e-02 1.909908767365167141e+08 2.546652075488623047e+10
1.000000000000000056e-01 5.393746619999996573e+07 6.473007971999996185e+09
1.100000000000000006e-01 1.718404098457861692e+07 1.874885404188082933e+09
1.199999999999999956e-01 6.047544946657452732e+06 6.048973922834150791e+08
1.300000000000000044e-01 2.313701263171257451e+06 2.136540243088721037e+08
1.400000000000000133e-01 9.503973564040316269e+05 8.151120383227925003e+07
1.499999999999999944e-01 4.150313262002745178e+05 3.323247389849110320e+07
1.600000000000000033e-01 1.911460379989875364e+05 1.435502737933347374e+07
1.700000000000000122e-01 9.223818004130695772e+04 6.523408536289153621e+06
1.799999999999999933e-01 4.638164847903799091e+04 3.100473362279592548e+06
1.900000000000000022e-01 2.419200241207140789e+04 1.533644146183291683e+06
2.000000000000000111e-01 1.303706953124999200e+04 7.862243906249995343e+05
2.099999999999999922e-01 7.234276360373609350e+03 4.162301013748392579e+05
2.200000000000000011e-01 4.121231251037148468e+03 2.268471766010147694e+05
2.300000000000000100e-01 2.403996997250613276e+03 1.269297606872561737e+05
2.399999999999999911e-01 1.432493639744522397e+03 7.274106962527106225e+04
2.500000000000000000e-01 8.701092495359998793e+02 4.260415065292800136e+04
2.600000000000000089e-01 5.376751077000270698e+02 2.545327432763830802e+04
2.700000000000000178e-01 3.373860160342733820e+02 1.548442803346819528e+04
2.800000000000000266e-01 2.145982983060350762e+02 9.576548703669104725e+03
2.899999999999999800e-01 1.381228231915631284e+02 6.012257121051436116e+03
2.999999999999999889e-01 8.980274348422500452e+01 3.826233196159124418e+03
3.099999999999999978e-01 5.887319045853378441e+01 2.465068845125829284e+03
3.200000000000000067e-01 3.884297573026883299e+01 1.605631350896085678e+03
3.300000000000000155e-01 2.573603962451778315e+01 1.055998338866189215e+03
3.400000000000000244e-01 1.708120800045050203e+01 7.003519493482780263e+02
3.500000000000000333e-01 1.132172603656963616e+01 4.677559315716744095e+02
3.599999999999999867e-01 7.464526887059611759e+00 3.141571228790118653e+02
3.699999999999999956e-01 4.868728184930144032e+00 2.118410589375224049e+02
3.800000000000000044e-01 3.116268236670300507e+00 1.431600672586903045e+02
3.900000000000000133e-01 1.931723387130218406e+00 9.674903552071970125e+01
4.000000000000000222e-01 1.131984901428221280e+00 6.521125602722163705e+01
4.100000000000000311e-01 5.943034632339901924e-01 4.368522400990828913e+01
4.199999999999999845e-01 2.357725185371354337e-01 2.894636378234469021e+01
4.299999999999999933e-01 1.881930410263521480e-05 1.883764594164837192e+01
4.400000000000000022e-01 -1.515158854067870375e-01 1.190481675373044368e+01
4.500000000000000111e-01 -2.453380125695935610e-01 7.160351886637911889e+00
4.600000000000000200e-01 -2.997444845937087265e-01 3.929253630896666127e+00
4.700000000000000289e-01 -3.274049590962696543e-01 1.747408871773551198e+00
4.799999999999999822e-01 -3.371101582345561454e-01 2.940244663622394450e-01
4.899999999999999911e-01 -3.349637970977325518e-01 -6.536435559740184642e-01
5.000000000000000000e-01 -3.252003840000000090e-01 -1.250850815999999144e+00
5.100000000000000089e-01 -3.107496191299284338e-01 -1.606140548901449083e+00
5.200000000000000178e-01 -2.936279874387558997e-01 -1.795560744210612514e+00
5.300000000000000266e-01 -2.752117545985612312e-01 -1.872452881775764855e+00
5.400000000000000355e-01 -2.564280855785198709e-01 -1.874230124397302522e+00
5.500000000000000444e-01 -2.378893252090840404e-01 -1.827095590510046552e+00
5.600000000000000533e-01 -2.199876230275183697e-01 -1.749342553856179538e+00
5.700000000000000622e-01 -2.029617630005592643e-01 -1.653672834116273194e+00
5.799999999999999600e-01 -1.869444307307373265e-01 -1.548831788659694286e+00
5.899999999999999689e-01 -1.719956621162134214e-01 -1.440765248276451915e+00
5.999999999999999778e-01 -1.581265003429355720e-01 -1.333440500685870944e+00
6.099999999999999867e-01 -1.453156967892564322e-01 -1.229430189021246900e+00
6.199999999999999956e-01 -1.335214606081017719e-01 -1.130328257571078243e+00
6.300000000000000044e-01 -1.226896795063839446e-01 -1.037046513138114356e+00
6.400000000000000133e-01 -1.127596243326919184e-01 -9.500260733395009538e-01
6.500000000000000222e-01 -1.036678602782785119e-01 -8.693879831528916746e-01
6.600000000000000311e-01 -9.535088180116864376e-02 -7.950402673216976357e-01
6.700000000000000400e-01 -8.774684186539677411e-02 -7.267537400774743972e-01
6.800000000000000488e-01 -8.079664138577602461e-02 -6.642153908839039111e-01
6.900000000000000577e-01 -7.444456973565467817e-02 -6.070656746107258028e-01
7.000000000000000666e-01 -6.863863327186511820e-02 -5.549242576237055635e-01
7.099999999999999645e-01 -6.333067002881295759e-02 -5.074074991367834020e-01
7.199999999999999734e-01 -5.847632075832370768e-02 -4.641400336515559832e-01
7.299999999999999822e-01 -5.403490630152253671e-02 -4.247621625286481239e-01
7.399999999999999911e-01 -4.996924670071930391e-02 -3.889342879736244485e-01
7.500000000000000000e-01 -4.624544693552812280e-02 -3.563392793635116185e-01
7.600000000000000089e-01 -4.283266657838041835e-02 -3.266834131154902621e-01
7.700000000000000178e-01 -3.970288520265172205e-02 -2.996963469117713830e-01
7.800000000000000266e-01 -3.683067145796127539e-02 -2.751304581770072644e-01
7.900000000000000355e-01 -3.419296092872081000e-02 -2.527597816761422145e-01
8.000000000000000444e-01 -3.176884590648113710e-02 -2.323787121567874037e-01
8.100000000000000533e-01 -2.953937881059571363e-02 -2.138005880031140782e-01
8.200000000000000622e-01 -2.748739002244590321e-02 -1.968562357466451251e-01
8.300000000000000711e-01 -2.559732023732233172e-02 -1.813925292462345851e-01
8.399999999999999689e-01 -2.385506699851656920e-02 -1.672709986741365285e-01
8.499999999999999778e-01 -2.224784479715818941e-02 -1.543665111337122475e-01
8.599999999999999867e-01 -2.076405795286166006e-02 -1.425660353295455374e-01
8.699999999999999956e-01 -1.939318540086729797e-02 -1.317674961459230354e-01
8.800000000000000044e-01 -1.812567647678139590e-02 -1.218787204837583904e-01
8.900000000000000133e-01 -1.695285679265915932e-02 -1.128164726870056617e-01
9.000000000000000222e-01 -1.586684332536681882e-02 -1.045055759385336014e-01
9.100000000000000311e-01 -1.486046788083809911e-02 -9.687811481584396311e-02
9.200000000000000400e-01 -1.392720814956833510e-02 -8.987271354503241494e-02
9.300000000000000488e-01 -1.306112562495017650e-02 -8.343388421384775877e-02
9.400000000000000577e-01 -1.225680971372771107e-02 -7.751143918307974723e-02
9.500000000000000666e-01 -1.150932742482350772e-02 -7.205996208409938542e-02
9.599999999999999645e-01 -1.081417807769880640e-02 -6.703833204759333808e-02
9.699999999999999734e-01 -1.016725252338619538e-02 -6.240929613047997704e-02
9.799999999999999822e-01 -9.564796419903735455e-03 -5.813908526372046914e-02
9.899999999999999911e-01 -9.003377148695345875e-03 -5.419706941175522763e-02
1.000000000000000000e+00 -8.479854000000000211e-03 -5.055544799999999589e-02
1.010000000000000009e+00 -7.991351292706195056e-03 -4.718897202059429974e-02
1.020000000000000018e+00 -7.535234128450596543e-03 -4.407469456235688088e-02
1.030000000000000027e+00 -7.109086510670077977e-03 -4.119174682516420216e-02
1.040000000000000036e+00 -6.710691587239270631e-03 -3.852113697001514903e-02
1.050000000000000044e+00 -6.338013800456645391e-03 -3.604556942340363807e-02
1.060000000000000053e+00 -5.989182750716585263e-03 -3.374928249865505325e-02
1.070000000000000062e+00 -5.662478600452151845e-03 -3.161790241849878752e-02
1.080000000000000071e+00 -5.356318863071120318e-03 -2.963831202359556993e-02
1.090000000000000080e+00 -5.069246437841408437e-03 -2.779853263244567302e-02
1.100000000000000089e+00 0.000000000000000000e+00 -2.608761768059190966e-02
1.110000000000000098e+00 0.000000000000000000e+00 -2.449555691282808562e-02
1.120000000000000107e+00 0.000000000000000000e+00 -2.301319003272296604e-02
1.130000000000000115e+00 0.000000000000000000e+00 -2.163212883059942304e-02
1.140000000000000124e+00 0.000000000000000000e+00 -2.034468691550885000e-02
1.150000000000000133e+00 0.000000000000000000e+00 -1.914381626995876121e-02
1.159999999999999920e+00 0.000000000000000000e+00 -1.802304992933281835e-02
1.169999999999999929e+00 0.000000000000000000e+00 -1.697645016213548269e-02
1.179999999999999938e+00 0.000000000000000000e+00 -1.599856159334958616e-02
1.189999999999999947e+00 0.000000000000000000e+00 -1.508436877217375627e-02
1.199999999999999956e+00 0.000000000000000000e+00 -1.422925773798520283e-02
