0.000000000000000000e+00 5.204764574716183839e+20 6.246098744828577962e+23
1.000000000000000021e-02 2.602699999758549320e+20 3.123239999855129149e+23
2.000000000000000042e-02 6.354248009148435200e+16 3.812548816807029965e+19
2.999999999999999889e-02 4.897438895348592500e+14 1.958975624380863360e+17
4.000000000000000083e-02 1.551329500091552344e+13 4.653989384490965000e+15
5.000000000000000278e-02 1.066064374719999512e+12 2.558556353663998750e+14
5.999999999999999778e-02 1.195658698559377289e+11 2.391322572230208594e+13
7.000000000000000666e-02 1.880368173749700165e+10 3.223505888923519043e+12
8.000000000000000167e-02 3.787334870621561050e+09 5.681071385331448975e+11
8.999999999999999667e-02 9.214941595691196918e+08 1.228689168143650970e+11
1.000000000000000056e-01 2.602458549999998808e+08 3.123095129999998474e+10
1.100000000000000006e-01 8.291641370243340731e+07 9.046170361522253036e+09
1.199999999999999956e-01 2.918292642914482951e+07 2.918696948496830463e+09
1.300000000000000044e-01 1.116630209431526437e+07 1.030966451919042468e+09
1.400000000000000133e-01 4.587586011555827223e+06 3.933590883434366584e+08
1.499999999999999944e-01 2.003871381545647746e+06 1.603944995497148931e+08
1.600000000000000033e-01 9.232256350333043374e+05 6.929589090805163980e+07
1.700000000000000122e-01 4.457213985364676919e+05 3.149799193882120401e+07
1.799999999999999933e-01 2.242753602790961741e+05 1.497535374633410387e+07
1.900000000000000022e-01 1.170796234060485731e+05 7.410709554095133208e+06
2.000000000000000111e-01 6.316521484374997090e+04 3.801230859374998137e+06
2.099999999999999922e-01 3.510130935082002543e+04 2.013832574846765958e+06
2.200000000000000011e-01 2.003363590108424251e+04 1.098551683968720958e+06
2.300000000000000100e-01 1.171344159952961490e+04 6.153909271235360065e+05
2.399999999999999911e-01 7.000366551608181908e+03 3.531769649424981326e+05
2.500000000000000000e-01 4.267708088319999661e+03 2.072235383193599992e+05
2.600000000000000089e-01 2.649208766734760047e+03 1.240748768356157962e+05
2.700000000000000178e-01 1.671716859144208684e+03 7.568347074742958648e+04
2.800000000000000266e-01 1.070694238949724650e+03 4.696056947123901773e+04
2.899999999999999800e-01 6.950189833409259563e+02 2.959923831617730320e+04
2.999999999999999889e-01 4.566232093496740276e+02 1.892734264010493280e+04
3.099999999999999978e-01 3.032277626136676645e+02 1.226440734565897219e+04
3.200000000000000067e-01 2.032614559821510056e+02 8.043931791157363477e+03
3.300000000000000155e-01 1.373517273384576924e+02 5.334531525143280305e+03
3.400000000000000244e-01 9.343310628309751564e+01 3.573459227362564889e+03
3.500000000000000333e-01 6.388605773718161629e+01 2.415544778612898881e+03
3.599999999999999867e-01 4.383598019378779753e+01 1.646067004332201122e+03
3.699999999999999956e-01 3.012638337310615100e+01 1.129676059848657815e+03
3.800000000000000044e-01 2.069009085653775060e+01 7.799886588533457825e+02
3.900000000000000133e-01 1.415895614811425141e+01 5.412267105485374259e+02
4.000000000000000222e-01 9.618525505065912640e+00 3.769773960113523117e+02
4.100000000000000311e-01 6.451959832592575772e+00 2.632238928301784426e+02
4.199999999999999845e-01 4.239614261969089526e+00 1.839714382876749426e+02
4.299999999999999933e-01 2.693735828742164884e+00 1.284705944735601122e+02
4.400000000000000022e-01 1.615568718250423252e+00 8.943524274588042999e+01
4.500000000000000111e-01 8.669092283004573574e-01 6.188713866373243633e+01
4.600000000000000200e-01 3.510727873343285066e-01 4.239938670960219014e+01
4.700000000000000289e-01 5.031247677109718639e-05 2.859650538961749433e+01
4.799999999999999822e-01 -2.342284181777667951e-01 1.882114393687625054e+01
4.899999999999999911e-01 -3.858826824287970303e-01 1.191004063899093346e+01
5.000000000000000000e-01 -4.792140800000000422e-01 7.042222079999999274e+00
5.100000000000000089e-01 -5.315787148244988103e-01 3.635376327243304395e+00
5.200000000000000178e-01 -5.553956020304217089e-01 1.274607995301184404e+00
5.300000000000000266e-01 -5.595593221370934733e-01 -3.368741925686478678e-01
5.400000000000000355e-01 -5.504390765743272240e-01 -1.412107023541452122e+00
5.500000000000000444e-01 -5.325888188107573695e-01 -2.104443959869242153e+00
5.600000000000000533e-01 -5.092543698309784928e-01 -2.524519293525717245e+00
5.700000000000000622e-01 -4.827370949180802007e-01 -2.752267467694252900e+00
5.799999999999999600e-01 -4.546557100738014556e-01 -2.845481512294536941e+00
5.899999999999999689e-01 -4.261353894679897336e-01 -2.845935560079166926e+00
5.999999999999999778e-01 -3.979447580375809479e-01 -2.783783706704978655e+00
6.099999999999999867e-01 -3.705953695130295711e-01 -2.680733056473666664e+00
6.199999999999999956e-01 -3.444140767051171448e-01 -2.552340854820077887e+00
6.300000000000000044e-01 -3.195957461897122598e-01 -2.409682930927693256e+00
6.400000000000000133e-01 -2.962416768934483802e-01 -2.260569005606055892e+00
6.500000000000000222e-01 -2.743875927104194590e-01 -2.110430123407010417e+00
6.600000000000000311e-01 -2.540240143157554420e-01 -1.962967986711896096e+00
6.700000000000000400e-01 -2.351110504824097946e-01 -1.820630814761130978e+00
6.800000000000000488e-01 -2.175890975905686864e-01 -1.684962432064686100e+00
6.900000000000000577e-01 -2.013865366293376702e-01 -1.556858468769053871e+00
7.000000000000000666e-01 -1.864252267530127904e-01 -1.436754341026303283e+00
7.099999999999999645e-01 -1.726243828137488112e-01 -1.324763030100074790e+00
7.199999999999999734e-01 -1.599032694737965443e-01 -1.220775862016858726e+00
7.299999999999999822e-01 -1.481830309175335703e-01 -1.124535987201097820e+00
7.399999999999999911e-01 -1.373878916327037902e-01 -1.035691704121344925e+00
7.500000000000000000e-01 -1.274459021258803892e-01 -9.538349004064046177e-01
7.600000000000000089e-01 -1.182893579210338997e-01 -8.785285114624937775e-01
7.700000000000000178e-01 -1.098549865024652378e-01 -8.093258853674880626e-01
7.800000000000000266e-01 -1.020839718959352105e-01 -7.457841963044810063e-01
7.900000000000000355e-01 -9.492186805898354673e-02 -6.874734964233266687e-01
8.000000000000000444e-01 -8.831843850202855672e-02 -6.339825864415614687e-01
8.100000000000000533e-01 -8.222744935502153407e-02 -5.849225810466521791e-01
8.200000000000000622e-01 -7.660643552115750654e-02 -5.399288188069112371e-01
8.300000000000000711e-01 -7.141645394636324251e-02 -4.986615976904454905e-01
8.399999999999999689e-01 -6.662183388148733287e-02 -4.608060915883161468e-01
8.499999999999999778e-01 -6.218993095183077829e-02 -4.260717094759728929e-01
8.599999999999999867e-01 -5.809088959908909056e-02 -3.941910889058060086e-01
8.699999999999999956e-01 -5.429741681735050784e-02 -3.649188633742900256e-01
8.800000000000000044e-01 -5.078456891312593119e-02 -3.380303042631109811e-01
8.900000000000000133e-01 -4.752955216396278354e-02 -3.133199091690571647e-01
9.000000000000000222e-01 -4.451153764452578376e-02 -2.905999870125294815e-01
9.100000000000000311e-01 -4.171149006832222672e-02 -2.696992744783612284e-01
9.200000000000000400e-01 -3.911201020896457048e-02 -2.504616066929299945e-01
9.300000000000000488e-01 -3.669719028065015348e-02 -2.327446565258909639e-01
9.400000000000000577e-01 -3.445248154619444392e-02 -2.164187507326854887e-01
9.500000000000000666e-01 -3.236457336215999014e-02 -2.013657667309557697e-01
9.599999999999999645e-01 -3.042128284922673495e-02 -1.874781106831433786e-01
9.699999999999999734e-01 -2.861145438068926627e-02 -1.746577754026889806e-01
9.799999999999999822e-01 -2.692486810450818793e-02 -1.628154751596168903e-01
9.899999999999999911e-01 -2.535215674854599671e-02 -1.518698535429613694e-01
1.000000000000000000e+00 -2.388472999999999985e-02 -1.417467600000000272e-01
1.010000000000000009e+00 -2.251470579535305716e-02 -1.323785904088710941e-01
1.020000000000000018e+00 -2.123484790407696721e-02 -1.237036869721666599e-01
1.030000000000000027e+00 -2.003850923620901017e-02 -1.156657927851913598e-01
1.040000000000000036e+00 -1.891958034966016722e-02 -1.082135565898036389e-01
1.050000000000000044e+00 -1.787244267696229752e-02 -1.013000834407612738e-01
1.060000000000000053e+00 -1.689192603265780163e-02 -9.488252726263932124e-02
1.070000000000000062e+00 -1.597327000141810643e-02 -8.892172154459730693e-02
1.080000000000000071e+00 -1.511208884312976834e-02 -8.338184469537207599e-02
1.090000000000000080e+00 -1.430433958459592994e-02 -7.823011685335704013e-02
1.100000000000000089e+00 0.000000000000000000e+00 -7.343652521071362960e-02
1.110000000000000098e+00 0.000000000000000000e+00 -6.897357516237828667e-02
1.120000000000000107e+00 0.000000000000000000e+00 -6.481606482827471927e-02
1.130000000000000115e+00 0.000000000000000000e+00 -6.094088071879683044e-02
1.140000000000000124e+00 0.000000000000000000e+00 -5.732681251922151777e-02
1.150000000000000133e+00 0.000000000000000000e+00 -5.395438515822444103e-02
1.159999999999999920e+00 0.000000000000000000e+00 -5.080570649954591067e-02
1.169999999999999929e+00 0.000000000000000000e+00 -4.786432915477446814e-02
1.179999999999999938e+00 0.000000000000000000e+00 -4.511512506002225698e-02
1.189999999999999947e+00 0.000000000000000000e+00 -4.254417159087061501e-02
1.199999999999999956e+00 0.000000000000000000e+00 -4.013864810933146648e-02
