0.000000000000000000e+00 6.472609789023000986e+19 7.767605873411399405e+22
1.000000000000000021e-02 3.236699999487969280e+19 3.884039999692781440e+22
2.000000000000000042e-02 7.902099529370311000e+15 4.741259741623591936e+18
2.999999999999999889e-02 6.090421376465368750e+13 2.436168691060770000e+16
4.000000000000000083e-02 1.929222287371825928e+12 5.787668737225340000e+14
5.000000000000000278e-02 1.325749043007999268e+11 3.181801635609598438e+13
5.999999999999999778e-02 1.486908478261522675e+10 2.973827931102948730e+12
7.000000000000000666e-02 2.338395059058298588e+09 4.008714548527273560e+11
8.000000000000000167e-02 4.709823078021406531e+08 7.064881109990177917e+10
8.999999999999999667e-02 1.145924015805796236e+08 1.527962919392991638e+10
1.000000000000000056e-01 3.236187969999998435e+07 3.883732781999998093e+09
1.100000000000000006e-01 1.031023340096706711e+07 1.124910386061719179e+09
1.199999999999999956e-01 3.628459667303642258e+06 3.629317056358640194e+08
1.300000000000000044e-01 1.388195000569779892e+06 1.281900371765959263e+08
1.400000000000000133e-01 5.702278280393659370e+05 4.890581505865754187e+07
1.499999999999999944e-01 2.490141695563572575e+05 1.993911431622326002e+07
1.600000000000000033e-01 1.146854899790923664e+05 8.612856510781055316e+06
1.700000000000000122e-01 5.534187736939032766e+04 3.913972398872179911e+06
1.799999999999999933e-01 2.782846984126979441e+04 1.860249420558351325e+06
1.900000000000000022e-01 1.451492993553321867e+04 9.201693530267435126e+05
2.000000000000000111e-01 7.822094921874995634e+03 4.717258359374997672e+05
2.099999999999999922e-01 4.340484015050677044e+03 2.497333931347701873e+05
2.200000000000000011e-01 2.472691899787998409e+03 1.361057552714139747e+05
2.300000000000000100e-01 1.442370684270916172e+03 7.615642441957465780e+04
2.399999999999999911e-01 8.594796499936178407e+02 4.364381769889828865e+04
2.500000000000000000e-01 5.220554014720000851e+02 2.556200524185600079e+04
2.600000000000000089e-01 3.225987124776820565e+02 1.527167291484215821e+04
2.700000000000000178e-01 2.024275605190849774e+02 9.290478007203977540e+03
2.800000000000000266e-01 1.287563537043139092e+02 5.745817599585901917e+03
2.899999999999999800e-01 8.287196448899113932e+01 3.607283405835054509e+03
2.999999999999999889e-01 5.388048964983886435e+01 2.295694208764473842e+03
3.099999999999999978e-01 3.532312999270102694e+01 1.479011383919613309e+03
3.200000000000000067e-01 2.330524639466701942e+01 9.633589456525811556e+02
3.300000000000000155e-01 1.544124855239902061e+01 6.335856404402576345e+02
3.400000000000000244e-01 1.024846043108651372e+01 4.202020674017052784e+02
3.500000000000000333e-01 6.792847186380689628e+00 2.806472848064039454e+02
3.599999999999999867e-01 4.478580318842801944e+00 1.884898997455275946e+02
3.699999999999999956e-01 2.921137971374811126e+00 1.271015529175973171e+02
3.800000000000000044e-01 1.869688116300142644e+00 8.589384547702138661e+01
3.900000000000000133e-01 1.158979889262053309e+00 5.804784281727045681e+01
4.000000000000000222e-01 6.791502952575678709e-01 3.912560749053952946e+01
4.100000000000000311e-01 3.565512758758391243e-01 2.621029449821041979e+01
4.199999999999999845e-01 1.414399534345101017e-01 1.736719724446858493e+01
4.299999999999999933e-01 -6.887445884906640681e-06 1.130212439035519445e+01
4.400000000000000022e-01 -9.092368259045624512e-02 7.142541691250904989e+00
4.500000000000000111e-01 -1.472139177270401500e-01 4.295946974319460487e+00
4.600000000000000200e-01 -1.798554860513903453e-01 2.357350270506596512e+00
4.700000000000000289e-01 -1.964499947700620863e-01 1.048289792826142319e+00
4.799999999999999822e-01 -2.022717412193009712e-01 1.762939634034943193e-01
4.899999999999999911e-01 -2.009828550417497584e-01 -3.922805247750759117e-01
5.000000000000000000e-01 -1.951239679999999810e-01 -7.505848319999999241e-01
5.100000000000000089e-01 -1.864528458821545776e-01 -9.637432964588207307e-01
5.200000000000000178e-01 -1.761793390755554967e-01 -1.077383542164956243e+00
5.300000000000000266e-01 -1.651291764605364032e-01 -1.123509597593469911e+00
5.400000000000000355e-01 -1.538586339110075696e-01 -1.124568724756925153e+00
5.500000000000000444e-01 -1.427351007191785259e-01 -1.096282321515035685e+00
5.600000000000000533e-01 -1.319938531090545097e-01 -1.049625997641407293e+00
5.700000000000000622e-01 -1.217781510483667146e-01 -9.922205777885146905e-01
5.799999999999999600e-01 -1.121675978188148015e-01 -9.293130738302185501e-01
5.899999999999999689e-01 -1.031982086528033665e-01 -8.644708297839781563e-01
5.999999999999999778e-01 -9.487660451136628592e-02 -8.000740998295201578e-01
6.099999999999999867e-01 -8.719003231361911743e-02 -7.376663785031765119e-01
6.199999999999999956e-01 -8.011341444953895552e-02 -6.782039615569068758e-01
6.300000000000000044e-01 -7.361428106809135563e-02 -6.222338778715168495e-01
6.400000000000000133e-01 -6.765619269286179960e-02 -5.700207547679702058e-01
6.500000000000000222e-01 -6.220108683758121537e-02 -5.216371851749175281e-01
6.600000000000000311e-01 -5.721085887959396349e-02 -4.770279569846451739e-01
6.700000000000000400e-01 -5.264839954064877425e-02 -4.360555373002619750e-01
6.800000000000000488e-01 -4.847824850490731197e-02 -3.985321026706619141e-01
6.900000000000000577e-01 -4.466697868538400257e-02 -3.642419122652776897e-01
7.000000000000000666e-01 -4.118339330888360489e-02 -3.329567548113721021e-01
7.099999999999999645e-01 -3.799859470874490663e-02 -3.044464368502559637e-01
7.199999999999999734e-01 -3.508596692994590122e-02 -2.784857317691437628e-01
7.299999999999999822e-01 -3.242110213725433315e-02 -2.548588144065406236e-01
7.399999999999999911e-01 -2.998169207037710421e-02 -2.333619211789766390e-01
7.500000000000000000e-01 -2.774739947600580320e-02 -2.138047696682190413e-01
7.600000000000000089e-01 -2.569971989335870927e-02 -1.960111223773245703e-01
7.700000000000000178e-01 -2.382184089276595529e-02 -1.798187711343231243e-01
7.800000000000000266e-01 -2.209850351573285077e-02 -1.650791400739581583e-01
7.900000000000000355e-01 -2.051586898589127794e-02 -1.516566481125322385e-01
8.000000000000000444e-01 -1.906139256898313136e-02 -1.394279304658993524e-01
8.100000000000000533e-01 -1.772370562244073022e-02 -1.282809887873749277e-01
8.200000000000000622e-01 -1.649250629359480178e-02 -1.181143178301181651e-01
8.300000000000000711e-01 -1.535845892887436476e-02 -1.088360409192671990e-01
8.399999999999999689e-01 -1.431310199265714567e-02 -1.003630753143230081e-01
8.499999999999999778e-01 -1.334876412583231933e-02 -9.262034055581340464e-02
8.599999999999999867e-01 -1.245848787306667177e-02 -8.554001724767171244e-02
8.699999999999999956e-01 -1.163596055414620883e-02 -7.906085978808793935e-02
8.800000000000000044e-01 -1.087545173402517870e-02 -7.312756385822910543e-02
8.900000000000000133e-01 -1.017175674780327124e-02 -6.769018766693567224e-02
9.000000000000000222e-01 -9.520145753172252687e-03 -6.270362477895921605e-02
9.100000000000000311e-01 -8.916317808484152882e-03 -5.812712564063492876e-02
9.200000000000000400e-01 -8.356359505633162779e-03 -5.392386452575662764e-02
9.300000000000000488e-01 -7.836707720702140376e-03 -5.006054845794719044e-02
9.400000000000000577e-01 -7.354116079930392985e-03 -4.650706465288415026e-02
9.500000000000000666e-01 -6.905624772747628870e-03 -4.323616311292831360e-02
9.599999999999999645e-01 -6.488533376563680732e-03 -4.022317116106149948e-02
9.699999999999999734e-01 -6.100376389192227293e-03 -3.744573689422766444e-02
9.799999999999999822e-01 -5.738901193929309488e-03 -3.488359874962531498e-02
9.899999999999999911e-01 -5.402048209269780764e-03 -3.251837859832242689e-02
1.000000000000000000e+00 -5.087933000000000212e-03 -3.033339600000000205e-02
1.010000000000000009e+00 -4.794830148997957127e-03 -2.831350146489386432e-02
1.020000000000000018e+00 -4.521158709593907886e-03 -2.644492677046974063e-02
1.030000000000000027e+00 -4.265469076915109729e-03 -2.471515056892953366e-02
1.040000000000000036e+00 -4.026431133392307203e-03 -2.311277769628009363e-02
1.050000000000000044e+00 -3.802823538684370428e-03 -2.162743075411552654e-02
1.060000000000000053e+00 -3.593524047822378286e-03 -2.024965268168762988e-02
1.070000000000000062e+00 -3.397500753522942740e-03 -1.897081916881232511e-02
1.080000000000000071e+00 -3.213804159503465350e-03 -1.778305988042983357e-02
1.090000000000000080e+00 -3.041560001372217888e-03 -1.667918757206304434e-02
1.100000000000000089e+00 0.000000000000000000e+00 -1.565263427291286799e-02
1.110000000000000098e+00 0.000000000000000000e+00 -1.469739380080880078e-02
1.120000000000000107e+00 0.000000000000000000e+00 -1.380796995159379141e-02
1.130000000000000115e+00 0.000000000000000000e+00 -1.297932977562132190e-02
1.140000000000000124e+00 0.000000000000000000e+00 -1.220686141668361063e-02
1.150000000000000133e+00 0.000000000000000000e+00 -1.148633604462133591e-02
1.159999999999999920e+00 0.000000000000000000e+00 -1.081387346277472988e-02
1.169999999999999929e+00 0.000000000000000000e+00 -1.018591101595199902e-02
1.179999999999999938e+00 0.000000000000000000e+00 -9.599175464285417125e-03
1.189999999999999947e+00 0.000000000000000000e+00 -9.050657523732661552e-03
1.199999999999999956e+00 0.000000000000000000e+00 -8.537588805528717115e-03
