0.000000000000000000e+00 3.717546142235898675e+20 4.461327685340730459e+23
1.000000000000000021e-02 1.858999999827539395e+20 2.230799999896523731e+23
2.000000000000000042e-02 4.538574191803124000e+16 2.723144523165936845e+19
2.999999999999999889e-02 3.498036234081791250e+14 1.399214540946845280e+17
4.000000000000000083e-02 1.108049925329589648e+13 3.324150407556152000e+15
5.000000000000000278e-02 7.614452962559995117e+11 1.827470035507199062e+14
5.999999999999999778e-02 8.540091138015560913e+10 1.708021924019435742e+13
7.000000000000000666e-02 1.343068519031344986e+10 2.302415740217844238e+12
8.000000000000000167e-02 2.705135252684354305e+09 4.057752220228313599e+11
8.999999999999999667e-02 6.581848240260791779e+08 8.776013996291682434e+10
1.000000000000000056e-01 1.858827539999998808e+08 2.230696523999998856e+10
1.100000000000000006e-01 5.922373409495762736e+07 6.461301987671615601e+09
1.199999999999999956e-01 2.084414647395412624e+07 2.084703429920703888e+09
1.300000000000000044e-01 7.975623570569150150e+06 7.363763124034051895e+08
1.400000000000000133e-01 3.276721218186591752e+06 2.809599806981062889e+08
1.499999999999999944e-01 1.431281686253037304e+06 1.145630969852910042e+08
1.600000000000000033e-01 6.594215311852166196e+05 4.949516265278360993e+07
1.700000000000000122e-01 3.183601854384405888e+05 2.249770089656595886e+07
1.799999999999999933e-01 1.601905240126147110e+05 1.069627003396275267e+07
1.900000000000000022e-01 8.362508432119834470e+04 5.293160430378116667e+06
2.000000000000000111e-01 4.511627343749997090e+04 2.715060468749998603e+06
2.099999999999999922e-01 2.507139777159743244e+04 1.438396493524493882e+06
2.200000000000000011e-01 1.430918806125538322e+04 7.846495692777258810e+05
2.300000000000000100e-01 8.366420954511564560e+03 4.395480178926240187e+05
2.399999999999999911e-01 5.000068479513389320e+03 2.522595374545092345e+05
2.500000000000000000e-01 3.048244838399999935e+03 1.480111030272000062e+05
2.600000000000000089e-01 1.892218513582572086e+03 8.862148942573716340e+04
2.700000000000000178e-01 1.194036988011449694e+03 5.405753147735077800e+04
2.800000000000000266e-01 7.647517293654332207e+02 3.354196471252460469e+04
2.899999999999999800e-01 4.964226633346596032e+02 2.114149261922483129e+04
2.999999999999999889e-01 3.261465825933642009e+02 1.351900459317215791e+04
3.099999999999999978e-01 2.165826734848887725e+02 8.759949271924415370e+03
3.200000000000000067e-01 1.451809579702256485e+02 5.745440719917559363e+03
3.300000000000000155e-01 9.810442594648621650e+01 3.810229964526358799e+03
3.400000000000000244e-01 6.673521736125917414e+01 2.552370132737732547e+03
3.500000000000000333e-01 4.563101776389468966e+01 1.725320652518529187e+03
3.599999999999999867e-01 3.131010386046607508e+01 1.175715179112698934e+03
3.699999999999999956e-01 2.151792724976888493e+01 8.068789890954375323e+02
3.800000000000000044e-01 1.477799076851725602e+01 5.571121228488204906e+02
3.900000000000000133e-01 1.011308500763626483e+01 3.865746307187686170e+02
4.000000000000000222e-01 6.870054244995111858e+00 2.692583656311033451e+02
4.100000000000000311e-01 4.608316394118616266e+00 1.880091212758713652e+02
4.199999999999999845e-01 3.028136907071428574e+00 1.314025121132966945e+02
4.299999999999999933e-01 1.923986066012721707e+00 9.176066792410341577e+01
4.400000000000000022e-01 1.153901061495878455e+00 6.387942191988309304e+01
4.500000000000000111e-01 6.191688981076662879e-01 4.420302477624605331e+01
4.600000000000000200e-01 2.507319365922018872e-01 3.028379036914279965e+01
4.700000000000000289e-01 1.422166256688228782e-05 2.042501326938848294e+01
4.799999999999999822e-01 -1.673187224518857263e-01 1.344291849213884404e+01
4.899999999999999911e-01 -2.756368078851517689e-01 8.506637956798341449e+00
5.000000000000000000e-01 -3.422976000000000352e-01 5.029785600000002965e+00
5.100000000000000089e-01 -3.796977952884963425e-01 2.596441113914396581e+00
5.200000000000000178e-01 -3.967077410341318111e-01 9.102626979141974495e-01
5.300000000000000266e-01 -3.996804339410520157e-01 -2.407347298307954131e-01
5.400000000000000355e-01 -3.931651027430065337e-01 -1.008714009239416454e+00
5.500000000000000444e-01 -3.804144243786690138e-01 -1.503208748771582171e+00
5.600000000000000533e-01 -3.637467347198088397e-01 -1.803240098859395735e+00
5.700000000000000622e-01 -3.448057871539176311e-01 -1.965901640219502866e+00
5.799999999999999600e-01 -3.247477495209497023e-01 -2.032472307995865091e+00
5.899999999999999689e-01 -3.043762752918844350e-01 -2.032789442083676068e+00
5.999999999999999778e-01 -2.842403513513259705e-01 -1.988390703295379369e+00
6.099999999999999867e-01 -2.647053507407550743e-01 -1.914780442629891555e+00
6.199999999999999956e-01 -2.460047235188231596e-01 -1.823070443159085841e+00
6.300000000000000044e-01 -2.282776484814850182e-01 -1.721171615697679957e+00
6.400000000000000133e-01 -2.115964738047710902e-01 -1.614662039823069994e+00
6.500000000000000222e-01 -1.959867108773682975e-01 -1.507420817393771761e+00
6.600000000000000311e-01 -1.814415849316608487e-01 -1.402091862965241909e+00
6.700000000000000400e-01 -1.679325997754323729e-01 -1.300423788523707991e+00
6.800000000000000488e-01 -1.554171799301238832e-01 -1.203519241512325477e+00
6.900000000000000577e-01 -1.438441682146185951e-01 -1.112017897013440004e+00
7.000000000000000666e-01 -1.331577495095139507e-01 -1.026230723405306966e+00
7.099999999999999645e-01 -1.233002202712027984e-01 -9.462383914934436868e-01
7.199999999999999734e-01 -1.142139127848656593e-01 -8.719632565928423507e-01
7.299999999999999822e-01 -1.058425020181360809e-01 -8.032218414451801625e-01
7.399999999999999911e-01 -9.813186326052891761e-02 -7.397629226351547516e-01
7.500000000000000000e-01 -9.103060473241619821e-02 -6.812949871041187322e-01
7.600000000000000089e-01 -8.449036683718318119e-02 -6.275058443793577467e-01
7.700000000000000178e-01 -7.846595566863623361e-02 -5.780764578420524158e-01
7.800000000000000266e-01 -7.291536055262493043e-02 -5.326905251548753606e-01
7.900000000000000355e-01 -6.779969217181919250e-02 -4.910409434340686774e-01
8.000000000000000444e-01 -6.308306800201533837e-02 -4.528340022079644922e-01
8.100000000000000533e-01 -5.873246449808991465e-02 -4.177919298920825253e-01
8.200000000000000622e-01 -5.471755005848680936e-02 -3.856542578360136475e-01
8.300000000000000711e-01 -5.101050878818159939e-02 -3.561783455682455690e-01
8.399999999999999689e-01 -4.758586211464038013e-02 -3.291393210810331094e-01
8.499999999999999778e-01 -4.442029312405038760e-02 -3.043296230274595282e-01
8.599999999999999867e-01 -4.149247687834747150e-02 -2.815582817470757560e-01
8.699999999999999956e-01 -3.878291879975070966e-02 -2.606500387886672154e-01
8.800000000000000044e-01 -3.627380235836993871e-02 -2.414443768542275937e-01
8.900000000000000133e-01 -3.394884668746991213e-02 -2.237945114573428873e-01
9.000000000000000222e-01 -3.179317431838107194e-02 -2.075663802864226304e-01
9.100000000000000311e-01 -2.979318892656320980e-02 -1.926376549522449688e-01
9.200000000000000400e-01 -2.793646277728274036e-02 -1.788967914784964641e-01
9.300000000000000488e-01 -2.621163342779490174e-02 -1.662421298117116586e-01
9.400000000000000577e-01 -2.460830916339993429e-02 -1.545810482185732415e-01
9.500000000000000666e-01 -2.311698260275203698e-02 -1.438291752794237099e-01
9.599999999999999645e-01 -2.172895189252179587e-02 -1.339096599578037672e-01
9.699999999999999734e-01 -2.043624891490124565e-02 -1.247524986867576957e-01
9.799999999999999822e-01 -1.923157394754436075e-02 -1.162939173829888873e-01
9.899999999999999911e-01 -1.810823623996827766e-02 -1.084758056440658508e-01
1.000000000000000000e+00 -1.706010000000000165e-02 -1.012451999999999935e-01
1.010000000000000009e+00 -1.608153531621725474e-02 -9.455381290241859915e-02
1.020000000000000018e+00 -1.516737357584243932e-02 -8.835760408530475563e-02
1.030000000000000027e+00 -1.431286697103843070e-02 -8.261639097850807800e-02
1.040000000000000036e+00 -1.351365171922516012e-02 -7.729349496754744919e-02
1.050000000000000044e+00 -1.276571465435606678e-02 -7.235542044752489577e-02
1.060000000000000053e+00 -1.206536287573369698e-02 -6.777156379836639377e-02
1.070000000000000062e+00 -1.140919616871671934e-02 -6.351394960090017694e-02
1.080000000000000071e+00 -1.079408193749373246e-02 -5.955699160978577406e-02
1.090000000000000080e+00 -1.021713241396218080e-02 -5.587727619393800110e-02
1.100000000000000089e+00 0.000000000000000000e+00 -5.245336614372397149e-02
1.110000000000000098e+00 0.000000000000000000e+00 -4.926562292414980726e-02
1.120000000000000107e+00 0.000000000000000000e+00 -4.629604562285879327e-02
1.130000000000000115e+00 0.000000000000000000e+00 -4.352812500015687536e-02
1.140000000000000124e+00 0.000000000000000000e+00 -4.094671119513354496e-02
1.150000000000000133e+00 0.000000000000000000e+00 -3.853789377731108717e-02
1.159999999999999920e+00 0.000000000000000000e+00 -3.628889295744936599e-02
1.169999999999999929e+00 0.000000000000000000e+00 -3.418796088464662319e-02
1.179999999999999938e+00 0.000000000000000000e+00 -3.222429206030765630e-02
1.189999999999999947e+00 0.000000000000000000e+00 -3.038794199355325520e-02
1.199999999999999956e+00 0.000000000000000000e+00 -2.866975330790492299e-02
