0.000000000000000000e+00 2.409238504954074855e+01 6.716989168480536421e+01
1.000000000000000021e-02 2.342068613269269406e+01 6.716989168480512262e+01
2.000000000000000042e-02 2.274898721584464312e+01 6.716989168480488104e+01
2.999999999999999889e-02 2.207728829899659573e+01 6.716989168480488104e+01
4.000000000000000083e-02 2.140558938214854834e+01 6.716989168480488104e+01
4.999999999999999584e-02 2.073389046530049740e+01 6.716989168480488104e+01
5.999999999999999778e-02 2.006219154845244645e+01 6.716989168480512262e+01
6.999999999999999278e-02 1.939049263160439551e+01 6.716989168480488104e+01
8.000000000000000167e-02 1.871879371475635168e+01 6.716989168480488104e+01
8.999999999999999667e-02 1.804709479790829718e+01 6.716989168480488104e+01
9.999999999999999167e-02 1.737539588106025334e+01 6.716989168480488104e+01
1.099999999999999867e-01 1.670369696421219885e+01 6.716989168480512262e+01
1.199999999999999956e-01 1.603199804736415146e+01 6.716989168480488104e+01
1.300000000000000044e-01 1.536029913051610407e+01 6.716989168480488104e+01
1.399999999999999856e-01 1.468860021366805313e+01 6.716989168480488104e+01
1.499999999999999944e-01 1.401690129682000396e+01 6.716989168480488104e+01
1.600000000000000033e-01 1.334520237997195480e+01 6.716989168480499472e+01
1.699999999999999845e-01 1.267350346312390563e+01 6.716989168480499472e+01
1.799999999999999933e-01 1.200180454627585647e+01 6.716989168480499472e+01
1.899999999999999745e-01 1.133010562942780552e+01 6.716989168480493788e+01
1.999999999999999833e-01 1.065840671257975636e+01 6.716989168480482419e+01
2.099999999999999922e-01 9.986707795731708970e+00 6.716989168480493788e+01
2.199999999999999734e-01 9.315008878883658028e+00 6.716989168480493788e+01
2.299999999999999822e-01 8.643309962035608862e+00 6.716989168480499472e+01
2.399999999999999911e-01 7.971611045187557920e+00 6.716989168480499472e+01
2.500000000000000000e-01 7.299912128339508754e+00 6.716989168480493788e+01
2.600000000000000089e-01 6.628213211491459589e+00 6.716989168480499472e+01
2.700000000000000178e-01 5.956514294643409535e+00 6.716989168480492367e+01
2.799999999999999711e-01 5.284815377795361258e+00 6.716989168480488104e+01
2.899999999999999800e-01 4.613116460947312092e+00 6.716989168480492367e+01
2.999999999999999889e-01 3.941417544099262926e+00 6.716989168480482419e+01
3.099999999999999423e-01 3.269718627251215537e+00 6.716989168480493788e+01
3.200000000000000067e-01 2.598019710403164151e+00 6.716989168480513683e+01
3.300000000000000155e-01 1.926320793555112765e+00 5.697817488448048806e+01
3.399999999999999689e-01 1.458456212713554523e+00 4.007785067948148594e+01
3.500000000000000333e-01 1.124763779965483046e+00 2.981678688937935462e+01
3.599999999999999867e-01 8.621204749259675504e-01 2.385030243510606596e+01
3.699999999999999956e-01 6.477577312633617801e-01 1.963823676588155465e+01
3.799999999999999489e-01 4.693557396083364863e-01 1.629992822545773024e+01
3.900000000000000133e-01 3.217591667542072376e-01 1.350608199120345354e+01
3.999999999999999667e-01 1.992340997842674821e-01 1.115957648931099300e+01
4.099999999999999756e-01 9.856763696798734320e-02 9.202458660220630193e+00
4.199999999999999845e-01 1.518492657985487729e-02 7.577093153251102997e+00
4.299999999999999933e-01 -5.297422609703470592e-02 6.143948188211400208e+00
4.399999999999999467e-01 -1.076940371843731203e-01 4.851607920975329336e+00
4.499999999999999556e-01 -1.500063845165412746e-01 3.743153778466257631e+00
4.599999999999999645e-01 -1.825571127536982641e-01 2.836381264753986553e+00
4.699999999999999734e-01 -2.067340098116210168e-01 2.015395830751728123e+00
4.799999999999999822e-01 -2.228650293687328421e-01 1.244230267809053325e+00
4.899999999999999911e-01 -2.316186151678020499e-01 5.840378269671265832e-01
5.000000000000000000e-01 -2.345457859080753438e-01 4.151890762497603693e-02
5.100000000000000089e-01 -2.324489933203016112e-01 -4.103207722702672533e-01
5.200000000000000178e-01 -2.263393704626699976e-01 -7.259450741746472646e-01
5.299999999999999156e-01 -2.179300918368086704e-01 -8.691286018862984797e-01
5.400000000000000355e-01 -2.089567984249440513e-01 -8.644625596873766193e-01
5.499999999999999334e-01 -2.006408406430610913e-01 -7.612817149238227943e-01
5.599999999999999423e-01 -1.937311641264675977e-01 -6.307171790998343797e-01
5.699999999999999512e-01 -1.880264970610644459e-01 -5.741481551896339131e-01
5.799999999999999600e-01 -1.822482010226749161e-01 -6.242881354636239388e-01
5.899999999999999689e-01 -1.755407343517919605e-01 -7.105599491666071410e-01
5.999999999999999778e-01 -1.680370020393427977e-01 -8.035462615927534413e-01
6.099999999999999867e-01 -1.594698091199368839e-01 -9.125018188040355804e-01
6.199999999999998845e-01 -1.497869656632620783e-01 -1.006313254292779069e+00
6.300000000000000044e-01 -1.393435440340813070e-01 -1.053429877077721066e+00
6.400000000000000133e-01 -1.287183681217076436e-01 -1.106611854907273651e+00
6.499999999999999112e-01 -1.172113069359358301e-01 -1.169346931955446589e+00
6.600000000000000311e-01 -1.053314294825987152e-01 -1.148294002808935899e+00
6.700000000000000400e-01 -9.424542687975712152e-02 -1.039193968280686553e+00
6.799999999999999378e-01 -8.454755011698499023e-02 -9.102445778336103466e-01
6.899999999999999467e-01 -7.604053532308491237e-02 -7.877226943888973043e-01
7.000000000000000666e-01 -6.879309622920704026e-02 -6.962363555694874862e-01
7.099999999999999645e-01 -6.211580821169515598e-02 -6.769191271910938168e-01
7.199999999999999734e-01 -5.525471368538516226e-02 -6.903707235702617462e-01
7.299999999999998712e-01 -4.830839374028991773e-02 -6.639381548764731189e-01
7.399999999999999911e-01 -4.197595058785570654e-02 -5.775428677446221570e-01
7.500000000000000000e-01 -3.675753638539747820e-02 -4.531457448663263055e-01
7.599999999999998979e-01 -3.291303569052918265e-02 -3.041256804352243659e-01
7.699999999999999067e-01 -3.067502277669299088e-02 -1.884601765532814277e-01
7.800000000000000266e-01 -2.914383215946355146e-02 -1.810466643052403013e-01
7.899999999999999245e-01 -2.705408949058818457e-02 -2.655502188481861925e-01
7.999999999999999334e-01 -2.383282778249982969e-02 -3.325799315823308455e-01
8.100000000000000533e-01 -2.040249085894156947e-02 -3.098320348126329948e-01
8.199999999999999512e-01 -1.763618708624717021e-02 -2.227437758352243946e-01
8.299999999999999600e-01 -1.594761534223708074e-02 -1.224589593864769815e-01
8.399999999999999689e-01 -1.518700789851763072e-02 -6.205018346029666371e-02
8.499999999999999778e-01 -1.470661167303115129e-02 -7.675035831219872984e-02
8.599999999999999867e-01 -1.365200073227365585e-02 -1.258229148272639597e-01
8.699999999999999956e-01 -1.219015337648587070e-02 -1.426199253156713309e-01
8.799999999999998934e-01 -1.079960222596022812e-02 -1.192693731707777927e-01
8.900000000000000133e-01 -9.804765913070315544e-03 -7.506210417902127452e-02
8.999999999999999112e-01 -9.298360142379804433e-03 -3.415353470151388099e-02
9.099999999999999201e-01 -9.121695219040036953e-03 -2.314800067383843141e-02
9.199999999999999289e-01 -8.835400128903034278e-03 -4.692014376204822756e-02
9.299999999999999378e-01 -8.183292343799072541e-03 -7.829765829441158453e-02
9.399999999999999467e-01 -7.269446963014803038e-03 -9.218108235960617569e-02
9.499999999999999556e-01 -6.339670696606950449e-03 -8.550144759758010471e-02
9.599999999999999645e-01 -5.559418011063201569e-03 -7.344642739585612035e-02
9.699999999999999734e-01 -4.870742148689827765e-03 -6.739331424826404404e-02
9.799999999999999822e-01 -4.211551726097920514e-03 -6.277327429558127170e-02
9.899999999999998801e-01 -3.615276662778201845e-03 -5.229773056134105064e-02
1.000000000000000000e+00 -3.165597114871100074e-03 -3.766221691567334801e-02
1.010000000000000009e+00 -2.862032324464735059e-03 -2.392379132564988187e-02
1.020000000000000018e+00 -2.687121288358102367e-03 -1.747796598007202856e-02
1.029999999999999805e+00 -2.512473004863294539e-03 -1.184900436489149701e-02
1.040000000000000036e+00 -2.450141201060272462e-03 8.956073571490792348e-03
1.050000000000000044e+00 -2.691594476293110265e-03 4.062794334659398238e-02
1.059999999999999831e+00 -3.262700067992152161e-03 5.559456021292100841e-02
1.069999999999999840e+00 -3.803485680551530607e-03 3.415138216069726895e-02
1.080000000000000071e+00 -3.945727711206097055e-03 -1.310403650178357249e-02
1.089999999999999858e+00 -3.541404950515859330e-03 -5.500655010668436401e-02
1.099999999999999867e+00 -2.845596709072410312e-03 -6.543810673602588890e-02
1.109999999999999876e+00 -2.232642815795341396e-03 -4.697252852608724272e-02
1.119999999999999885e+00 -1.906146138550665354e-03 -1.895776178686427171e-02
1.129999999999999893e+00 -1.853487580058056075e-03 2.215939351506122056e-03
1.139999999999999902e+00 -1.950464925580787856e-03 6.702952833069627039e-03
1.149999999999999911e+00 -1.987546636719448624e-03 -7.771520813109108333e-03
1.159999999999999920e+00 -1.795034509318605559e-03 -6.957995353470354527e-02
1.169999999999999929e+00 -5.959475660253778185e-04 -8.591342940727213218e-02
1.179999999999999938e+00 -7.676592117316320815e-05 -2.948690083893665270e-02
1.189999999999999947e+00 -6.209549246644743405e-06 -3.838296058658160516e-03
1.199999999999999956e+00 0.000000000000000000e+00 -6.209549246644743880e-04
