0.000000000000000000e+00 8.312387069245775137e+02 1.282269417338907078e+04
1.000000000000000021e-02 7.030117651906867877e+02 1.183597015986498445e+04
2.000000000000000042e-02 5.945193037272778156e+02 1.001419939730871192e+04
2.999999999999999889e-02 5.027277772445125379e+02 8.472482172798023385e+03
4.000000000000000083e-02 4.250696602713173888e+02 7.167794892407210682e+03
4.999999999999999584e-02 3.593718793963683993e+02 6.063721289421213442e+03
5.999999999999999778e-02 3.037952344828931359e+02 5.129437885424184060e+03
6.999999999999999278e-02 2.567831216878846590e+02 4.338855217117685243e+03
8.000000000000000167e-02 2.170181301405394265e+02 3.669890914746352337e+03
8.999999999999999667e-02 1.833853033929576668e+02 3.103854389361465564e+03
9.999999999999999167e-02 1.549410423533101095e+02 2.624925993879612633e+03
1.099999999999999867e-01 1.308867835153654084e+02 2.219716153519374075e+03
1.199999999999999956e-01 1.105467192829226235e+02 1.876892187968705230e+03
1.300000000000000044e-01 9.334893975599129590e+01 1.586862432550350377e+03
1.399999999999999856e-01 7.880947063191563018e+01 1.341508861191736059e+03
1.499999999999999944e-01 6.651876253215657187e+01 1.133960764596025911e+03
1.600000000000000033e-01 5.613025533999510230e+01 9.584031802555532522e+02
1.699999999999999845e-01 4.735069892704552075e+01 8.099147386808339206e+02
1.799999999999999933e-01 3.993196056637842162e+01 6.843304093809988444e+02
1.899999999999999745e-01 3.366409073942553931e+01 5.781253235342067001e+02
1.999999999999999833e-01 2.836945409569429088e+01 4.883164372361044343e+02
2.099999999999999922e-01 2.389776199470345119e+01 4.123792960529760876e+02
2.199999999999999734e-01 2.012186817463477340e+01 3.481775821682942933e+02
2.299999999999999822e-01 1.693421035133756547e+01 2.939034814066509398e+02
2.399999999999999911e-01 1.424379854650175403e+01 2.480272087601856299e+02
2.500000000000000000e-01 1.197366617613385387e+01 2.092542861201231972e+02
2.600000000000000089e-01 1.005871282409929002e+01 1.764893818323343169e+02
2.700000000000000178e-01 8.443878539487167600e+00 1.488057044631350436e+02
2.799999999999999711e-01 7.082598734836588861e+00 1.254190978689963458e+02
2.899999999999999800e-01 5.935496582107241181e+00 1.056661156192087105e+02
2.999999999999999889e-01 4.969276422452415076e+00 8.898546367038485982e+01
3.099999999999999423e-01 4.155787308699543381e+00 7.490229402268370507e+01
3.200000000000000067e-01 3.471230541998741259e+00 6.301491151261107149e+01
3.300000000000000155e-01 2.895489078447322395e+00 5.298352312785220164e+01
3.399999999999999689e-01 2.411560079441697368e+00 4.452071613801322059e+01
3.500000000000000333e-01 2.005074755687057841e+00 3.738339950609444173e+01
3.599999999999999867e-01 1.663892089319808365e+00 3.136598382044811117e+01
3.699999999999999956e-01 1.377755079278095707e+00 2.629460950136350661e+01
3.799999999999999489e-01 1.137999899292538419e+00 2.202226225145790295e+01
3.900000000000000133e-01 9.373098342489376567e-01 1.842463944834489808e+01
3.999999999999999667e-01 7.695071103256404532e-01 1.539665211029221581e+01
4.099999999999999756e-01 6.293767920430934915e-01 1.284946478374669532e+01
4.199999999999999845e-01 5.125178146507064492e-01 1.070799069915583956e+01
4.299999999999999933e-01 4.152169780599767046e-01 8.908772236164804070e+00
4.399999999999999467e-01 3.343423699274103988e-01 7.398187484590706298e+00
4.499999999999999556e-01 2.672532283681625653e-01 6.130932782868816489e+00
4.599999999999999645e-01 2.117237142700340857e-01 5.068738814269158510e+00
4.699999999999999734e-01 1.658784520827794040e-01 4.179284357549394535e+00
4.799999999999999822e-01 1.281380271190462050e-01 3.435277304360528472e+00
4.899999999999999911e-01 9.717290599556885344e-02 2.813677224314924175e+00
5.000000000000000000e-01 7.186448263274773651e-02 2.295037710220815708e+00
5.100000000000000089e-01 5.127215179115253429e-02 1.862950080682410636e+00
5.200000000000000178e-01 3.460548101909952101e-02 1.503572848247882066e+00
5.299999999999999156e-01 2.120069482619489631e-02 1.205233757443926912e+00
5.400000000000000355e-01 1.050080587022098749e-02 9.580932251361780061e-01
5.499999999999999334e-01 2.038830323471336678e-03 7.538597322185964789e-01
5.599999999999999423e-01 -4.576388774150943681e-03 5.855491685041875893e-01
5.699999999999999512e-01 -9.672153046612412888e-03 4.472813623589682042e-01
5.799999999999999600e-01 -1.352201602133030513e-02 3.341080673693359593e-01
5.899999999999999689e-01 -1.635431439399913020e-02 2.418675591740103992e-01
5.999999999999999778e-01 -1.835936720481051374e-02 1.670617410850626927e-01
6.099999999999999867e-01 -1.969554921570038433e-02 1.067522880561857374e-01
6.199999999999998845e-01 -2.049441296593422848e-02 5.847289252649569280e-02
6.300000000000000044e-01 -2.086500706623030041e-02 2.015512756857288507e-02
6.400000000000000133e-01 -2.089751551730568632e-02 -9.934174792842663526e-03
6.499999999999999112e-01 -2.066632357037344672e-02 -3.324580857942504436e-02
6.600000000000000311e-01 -2.023259934571718446e-02 -5.099284677719616993e-02
6.700000000000000400e-01 -1.964646663482952360e-02 -6.418833500495341182e-02
6.799999999999999378e-01 -1.894883264561811678e-02 -7.367710263739263299e-02
6.899999999999999467e-01 -1.817292458208167108e-02 -8.016260212714076960e-02
7.000000000000000666e-01 -1.734558060307530084e-02 -8.422954684109648649e-02
7.099999999999999645e-01 -1.648833364525973885e-02 -8.636299890505647059e-02
7.199999999999999734e-01 -1.561832062497417288e-02 -8.696445801551896948e-02
7.299999999999998712e-01 -1.474904448494936127e-02 -8.636541711794630538e-02
7.399999999999999911e-01 -1.389101228261524490e-02 -8.483877888752767993e-02
7.500000000000000000e-01 -1.305226890719880795e-02 -8.260846606802409176e-02
7.599999999999998979e-01 -1.223884296125476480e-02 -7.985750722238270372e-02
7.699999999999999067e-01 -1.145511876275115415e-02 -7.673483588313691206e-02
7.800000000000000266e-01 -1.070414624359202621e-02 -7.336100424041132329e-02
7.899999999999999245e-01 -9.987898677942927753e-03 -6.983298133747634084e-02
7.999999999999999334e-01 -9.307486616842500921e-03 -6.622817938392371040e-02
8.100000000000000533e-01 -8.663335090264455071e-03 -6.260782950467901065e-02
8.199999999999999512e-01 -8.055330026748920222e-03 -5.901980939302936546e-02
8.299999999999999600e-01 -7.482938902403867519e-03 -5.550100939762597774e-02
8.399999999999999689e-01 -6.945309838796400598e-03 -5.207931009863199512e-02
8.499999999999999778e-01 -6.441352700431227790e-03 -4.877523303727329673e-02
8.599999999999999867e-01 -5.969805178050934143e-03 -4.560331663488621096e-02
8.699999999999999956e-01 -5.529286367733502947e-03 -4.257326120041241002e-02
8.799999999999998934e-01 -5.118339954042686393e-03 -3.969088004923629343e-02
8.900000000000000133e-01 -4.735468766748777807e-03 -3.695888794674137556e-02
8.999999999999999112e-01 -4.379162195107858500e-03 -3.437755318236820207e-02
9.099999999999999201e-01 -4.047917703101413731e-03 -3.194523543502002239e-02
9.199999999999999289e-01 -3.740257486407458452e-03 -2.965882809057444197e-02
9.299999999999999378e-01 -3.454741141289924527e-03 -2.751412071733377526e-02
9.399999999999999467e-01 -3.189975072060782964e-03 -2.550609491115736829e-02
9.499999999999999556e-01 -2.944619243066777525e-03 -2.362916461745552532e-02
9.599999999999999645e-01 -2.717391779711672822e-03 -2.187737026185179387e-02
9.699999999999999734e-01 -2.507071837829741388e-03 -2.024453452411971444e-02
9.799999999999999822e-01 -2.312501089229278273e-03 -1.872438632779814191e-02
9.899999999999998801e-01 -2.132584111273778688e-03 -1.731065855422472474e-02
1.000000000000000000e+00 -1.966287918144784316e-03 -1.599716409372160461e-02
1.010000000000000009e+00 -1.812640829399346639e-03 -1.477785409223695418e-02
1.020000000000000018e+00 -1.670730836300045102e-03 -1.364686161683618948e-02
1.029999999999999805e+00 -1.539703597062622989e-03 -1.259853342940343672e-02
1.040000000000000036e+00 -1.418760167711976281e-03 -1.162745210899772570e-02
1.050000000000000044e+00 -1.307154554882668284e-03 -1.072845038618994856e-02
1.059999999999999831e+00 -1.204191159988177509e-03 -9.896619236134707870e-03
1.069999999999999840e+00 -1.109222170159974204e-03 -9.127311011600403728e-03
1.080000000000000071e+00 -1.021644939756169304e-03 -8.416138674658969407e-03
1.089999999999999858e+00 -9.408993966667948206e-04 -7.758971999439055744e-03
1.099999999999999867e+00 -8.664654997673882459e-04 -7.151931462550472143e-03
1.109999999999999876e+00 -7.978607674157853864e-04 -6.591380407658255225e-03
1.119999999999999885e+00 -7.346378916142231067e-04 -6.073915962140536556e-03
1.129999999999999893e+00 -6.763824481729746466e-04 -5.596359093362843901e-03
1.139999999999999902e+00 -6.227107097469662287e-04 -5.155744116940669253e-03
1.149999999999999911e+00 -5.732675658341612355e-04 -4.749307906992047794e-03
1.159999999999999920e+00 -5.277245516071252425e-04 -4.374479006740960782e-03
1.169999999999999929e+00 -4.857779856993421435e-04 -4.028866795176514783e-03
1.179999999999999938e+00 -4.471472157035950206e-04 -3.710250830343996258e-03
1.189999999999999947e+00 -4.115729690924621706e-04 -3.416570461004321806e-03
1.199999999999999956e+00 -3.788158064835085671e-04 -3.275716260895364038e-03
