0.000000000000000000e+00 6.643773600000001522e+01 1.365385640000000080e+02
1.000000200000000089e-02 6.231440399999999613e+01 6.881355066666667426e+02
1.999999800000000147e-02 5.267488640000000544e+01 8.274138933333333625e+02
2.999999999999999889e-02 4.576626559999999699e+01 6.455821346666667750e+02
4.000000199999999978e-02 3.976335527999999897e+01 5.609063426666666601e+02
4.999999799999999689e-02 3.454795743999999758e+01 4.873376760000000445e+02
5.999999999999999778e-02 3.001660176000000035e+01 4.234180106666667029e+02
7.000000199999999173e-02 2.607958327999999781e+01 3.678816866666667238e+02
7.999999800000000272e-02 2.265895408000000089e+01 3.196297066666667206e+02
8.999999999999999667e-02 1.968697519999999912e+01 2.777067240000000083e+02
1.000000019999999906e-01 1.710481959999999901e+01 2.412829120000000103e+02
1.099999979999999877e-01 1.486131695999999991e+01 2.096358333333333803e+02
1.199999999999999956e-01 1.291211688000000279e+01 1.821399800000000084e+02
1.300000020000000034e-01 1.121855920000000140e+01 1.582500373333333528e+02
1.399999979999999866e-01 9.747088240000001846e+00 1.374939106666666646e+02
1.499999999999999944e-01 8.468667039999999702e+00 1.194601733333333442e+02
1.600000020000000023e-01 7.357898720000000559e+00 1.037917906666666852e+02
1.699999979999999855e-01 6.392817280000000046e+00 9.017775200000001234e+01
1.799999999999999933e-01 5.554343680000000560e+00 7.835028133333332789e+01
1.900000019999999734e-01 4.825825600000000826e+00 6.807374973333334367e+01
1.999999979999999844e-01 4.192870080000000499e+00 5.914509373333333286e+01
2.099999999999999922e-01 3.642925119999999684e+00 5.138753933333333634e+01
2.200000019999999723e-01 3.165116504000000219e+00 4.464753373333333286e+01
2.299999980000000110e-01 2.749975839999999838e+00 3.879146786666667168e+01
2.399999999999999911e-01 2.389285752000000151e+00 3.370358440000000400e+01
2.500000019999999989e-01 2.075904152000000114e+00 2.928297919999999976e+01
2.599999980000000099e-01 1.803626168000000085e+00 2.544220666666667086e+01
2.700000000000000178e-01 1.567062807999999974e+00 2.210518773333333442e+01
2.800000019999999701e-01 1.361523808000000280e+00 1.920581520000000353e+01
2.899999979999999811e-01 1.182946504000000010e+00 1.668676826666666813e+01
2.999999999999999889e-01 1.027787047999999981e+00 1.449811786666666791e+01
3.100000019999999967e-01 8.929827519999999907e-01 1.259648986666666737e+01
3.199999980000000077e-01 7.758600400000000841e-01 1.094436773333333512e+01
3.300000000000000155e-01 6.740967920000000557e-01 9.508907066666665742e+00
3.400000020000000234e-01 5.856805040000000462e-01 8.261656666666667093e+00
3.499999979999999788e-01 5.088622640000001196e-01 7.178070400000001960e+00
3.599999999999999867e-01 4.421190959999999892e-01 6.236586720000000028e+00
3.700000019999999945e-01 3.841301112000000129e-01 5.418586826666667911e+00
3.799999980000000055e-01 3.337472200000000111e-01 4.707878640000000559e+00
3.900000000000000133e-01 2.899725383999999795e-01 4.090389973333333984e+00
4.000000020000000212e-01 2.519395600000000068e-01 3.553889600000000204e+00
4.099999979999999766e-01 2.188947464000000065e-01 3.087757133333333570e+00
4.199999999999999845e-01 1.901845568000000153e-01 2.675465773333333797e+00
4.300000019999999368e-01 1.653855704000000149e-01 2.346526666666667094e+00
4.399999980000000033e-01 1.432538839999999980e-01 2.108924280000000095e+00
4.499999999999999556e-01 1.232070848000000052e-01 1.899103653333333419e+00
4.600000019999999634e-01 1.052719503999999945e-01 1.678139640000000377e+00
4.699999980000000299e-01 8.964429200000000042e-02 1.497397813333333438e+00
4.799999999999999822e-01 7.532371520000001597e-02 1.396626173333333387e+00
4.900000019999999901e-01 6.171190799999999588e-02 1.325240160000000111e+00
4.999999979999999455e-01 4.881891200000000597e-02 1.244244893333333657e+00
5.100000000000000089e-01 3.682685672000000215e-02 1.151136946666666772e+00
5.200000019999999612e-01 2.579632647999999945e-02 1.056327506666666638e+00
5.299999979999999722e-01 1.570033448000000137e-02 9.635054666666666989e-01
5.400000000000000355e-01 6.526245040000000670e-03 8.718688933333335056e-01
5.500000019999999878e-01 -1.737041991999999872e-03 7.826799600000000634e-01
5.599999979999999988e-01 -9.127312320000000728e-03 6.981143466666668296e-01
5.699999999999999512e-01 -1.569937215999999899e-02 6.192724453333333656e-01
5.800000019999999035e-01 -2.151274728000000455e-02 5.456696093333334163e-01
5.899999980000000255e-01 -2.661279224000000221e-02 4.762249720000000242e-01
5.999999999999999778e-01 -3.103724672000000157e-02 4.097670133333333742e-01
6.100000019999999301e-01 -3.480811855999999677e-02 3.453996599999999972e-01
6.199999980000000521e-01 -3.794523991999999846e-02 2.832407613333333685e-01
6.300000000000000044e-01 -4.047291984000000314e-02 2.247728480000000251e-01
6.400000019999999568e-01 -4.244082239999999451e-02 1.717845800000000200e-01
6.499999980000000788e-01 -4.390856960000000253e-02 1.249035573333333454e-01
6.600000000000000311e-01 -4.493867040000000534e-02 8.353425733333334768e-02
6.700000019999999834e-01 -4.557924080000000377e-02 4.686930746666667646e-02
6.799999979999998834e-01 -4.587630480000000344e-02 1.478548893333333364e-02
6.899999999999999467e-01 -4.587504960000000215e-02 -1.262954346666666887e-02
7.000000019999998990e-01 -4.562359120000000767e-02 -3.595401853333333314e-02
7.099999979999999100e-01 -4.515582000000000623e-02 -5.664243413333333588e-02
7.199999999999999734e-01 -4.449056400000000328e-02 -7.589845733333334954e-02
7.300000019999999257e-01 -4.363786480000000217e-02 -9.389174933333334361e-02
7.399999979999999367e-01 -4.261278479999999758e-02 -1.098857866666666933e-01
7.500000000000000000e-01 -4.144026064000000398e-02 -1.229879826666666620e-01
7.600000019999999523e-01 -4.015313672000000306e-02 -1.325832893333333540e-01
7.699999979999999633e-01 -3.878856695999999965e-02 -1.386340506666666750e-01
7.800000000000000266e-01 -3.738048360000000014e-02 -1.420928239999999787e-01
7.900000019999999790e-01 -3.594675232000000414e-02 -1.450927520000000193e-01
7.999999979999999900e-01 -3.447862855999999504e-02 -1.500396346666666714e-01
8.100000000000000533e-01 -3.294594567999999807e-02 -1.578420973333333477e-01
8.200000020000000056e-01 -3.132175872000000222e-02 -1.669290479999999965e-01
8.299999979999999056e-01 -2.960736471999999772e-02 -1.742287333333333299e-01
8.399999999999999689e-01 -2.783719800000000397e-02 -1.773032760000000374e-01
8.500000019999999212e-01 -2.606129919999999878e-02 -1.756659373333333551e-01
8.599999979999999322e-01 -2.432389320000000188e-02 -1.703829400000000105e-01
8.699999999999999956e-01 -2.265364040000000107e-02 -1.631348573333333551e-01
8.800000019999999479e-01 -2.106116816000000100e-02 -1.555820400000000325e-01
8.899999979999999589e-01 -1.954199960000000194e-02 -1.487356213333333455e-01
8.999999999999999112e-01 -1.808646968000000160e-02 -1.424045320000000003e-01
9.100000019999999745e-01 -1.669390895999999999e-02 -1.356989746666666663e-01
9.199999979999999855e-01 -1.537247624000000028e-02 -1.280290053333333622e-01
9.299999999999999378e-01 -1.413334280000000213e-02 -1.194469240000000099e-01
9.400000020000000012e-01 -1.298353776000000029e-02 -1.103160413333333506e-01
9.499999980000000122e-01 -1.192699407999999947e-02 -1.010038520000000190e-01
9.599999999999999645e-01 -1.096346072000000185e-02 -9.174605466666667375e-02
9.700000020000000278e-01 -1.009205904000000029e-02 -8.265910400000001101e-02
9.799999979999999278e-01 -9.310278640000000869e-03 -7.397939600000001670e-02
9.899999999999998801e-01 -8.612471119999999536e-03 -6.607735413333333530e-02
1.000000001999999943e+00 -7.988720399999999638e-03 -5.910046439999999679e-02
1.009999997999999843e+00 -7.430491120000000393e-03 -5.288840986666666633e-02
1.020000000000000018e+00 -6.930963360000000351e-03 -4.740374373333333669e-02
1.030000001999999970e+00 -6.482396720000000237e-03 -4.283544333333333398e-02
1.039999997999999870e+00 -6.074247520000000157e-03 -3.926460853333333528e-02
1.050000000000000044e+00 -5.697101759999999987e-03 -3.654242840000000714e-02
1.060000001999999997e+00 -5.343386400000000452e-03 -3.445496106666667141e-02
1.069999997999999897e+00 -5.007996960000000303e-03 -3.285995053333334165e-02
1.080000000000000071e+00 -4.686205520000000235e-03 -3.185460506666667330e-02
1.090000002000000023e+00 -4.370941120000000103e-03 -3.170900186666666953e-02
1.099999997999999923e+00 -4.052019904000000311e-03 -3.236324000000000839e-02
1.110000000000000098e+00 -3.723659584000000092e-03 -3.320178333333333870e-02
1.120000002000000050e+00 -3.387985632000000118e-03 -3.296287693333333629e-02
1.129999997999999950e+00 -3.064403440000000242e-03 -3.474832920000000408e-02
1.139999999999999902e+00 -2.693019047999999863e-03 -4.213748240000000228e-02
1.150000001999999855e+00 -2.221653792000000387e-03 -7.154151866666667858e-02
1.159999997999999977e+00 -1.262183096000000105e-03 -9.281855333333334512e-02
1.169999999999999929e+00 -3.652774256000000186e-04 -6.758108373333333863e-02
1.180000001999999881e+00 8.943760239999999076e-05 -1.860262186666666873e-02
1.189999998000000003e+00 6.775067520000000491e-06 4.471887093333334028e-03
1.199999999999999956e+00 0.000000000000000000e+00 -3.116877773333333670e-03
