0.000000000000000000e+00 0.000000000000000000e+00 0.000000000000000000e+00
1.000000200000000089e-02 0.000000000000000000e+00 0.000000000000000000e+00
1.999999800000000147e-02 0.000000000000000000e+00 0.000000000000000000e+00
2.999999999999999889e-02 0.000000000000000000e+00 0.000000000000000000e+00
4.000000199999999978e-02 0.000000000000000000e+00 0.000000000000000000e+00
4.999999799999999689e-02 0.000000000000000000e+00 0.000000000000000000e+00
5.999999999999999778e-02 0.000000000000000000e+00 0.000000000000000000e+00
7.000000199999999173e-02 0.000000000000000000e+00 0.000000000000000000e+00
7.999999800000000272e-02 0.000000000000000000e+00 0.000000000000000000e+00
8.999999999999999667e-02 0.000000000000000000e+00 0.000000000000000000e+00
1.000000019999999906e-01 0.000000000000000000e+00 0.000000000000000000e+00
1.099999979999999877e-01 0.000000000000000000e+00 0.000000000000000000e+00
1.199999999999999956e-01 0.000000000000000000e+00 0.000000000000000000e+00
1.300000020000000034e-01 0.000000000000000000e+00 0.000000000000000000e+00
1.399999979999999866e-01 0.000000000000000000e+00 0.000000000000000000e+00
1.499999999999999944e-01 0.000000000000000000e+00 0.000000000000000000e+00
1.600000020000000023e-01 0.000000000000000000e+00 0.000000000000000000e+00
1.699999979999999855e-01 0.000000000000000000e+00 0.000000000000000000e+00
1.799999999999999933e-01 0.000000000000000000e+00 0.000000000000000000e+00
1.900000019999999734e-01 0.000000000000000000e+00 0.000000000000000000e+00
1.999999979999999844e-01 0.000000000000000000e+00 0.000000000000000000e+00
2.099999999999999922e-01 0.000000000000000000e+00 0.000000000000000000e+00
2.200000019999999723e-01 0.000000000000000000e+00 0.000000000000000000e+00
2.299999980000000110e-01 0.000000000000000000e+00 0.000000000000000000e+00
2.399999999999999911e-01 0.000000000000000000e+00 0.000000000000000000e+00
2.500000019999999989e-01 0.000000000000000000e+00 0.000000000000000000e+00
2.599999980000000099e-01 0.000000000000000000e+00 0.000000000000000000e+00
2.700000000000000178e-01 0.000000000000000000e+00 0.000000000000000000e+00
2.800000019999999701e-01 0.000000000000000000e+00 0.000000000000000000e+00
2.899999979999999811e-01 0.000000000000000000e+00 0.000000000000000000e+00
2.999999999999999889e-01 0.000000000000000000e+00 0.000000000000000000e+00
3.100000019999999967e-01 0.000000000000000000e+00 0.000000000000000000e+00
3.199999980000000077e-01 0.000000000000000000e+00 0.000000000000000000e+00
3.300000000000000155e-01 0.000000000000000000e+00 0.000000000000000000e+00
3.400000020000000234e-01 0.000000000000000000e+00 0.000000000000000000e+00
3.499999979999999788e-01 0.000000000000000000e+00 0.000000000000000000e+00
3.599999999999999867e-01 0.000000000000000000e+00 0.000000000000000000e+00
3.700000019999999945e-01 0.000000000000000000e+00 0.000000000000000000e+00
3.799999980000000055e-01 0.000000000000000000e+00 0.000000000000000000e+00
3.900000000000000133e-01 0.000000000000000000e+00 0.000000000000000000e+00
4.000000020000000212e-01 0.000000000000000000e+00 0.000000000000000000e+00
4.099999979999999766e-01 0.000000000000000000e+00 0.000000000000000000e+00
4.199999999999999845e-01 0.000000000000000000e+00 0.000000000000000000e+00
4.300000019999999368e-01 0.000000000000000000e+00 0.000000000000000000e+00
4.399999980000000033e-01 0.000000000000000000e+00 0.000000000000000000e+00
4.499999999999999556e-01 -0.000000000000000000e+00 0.000000000000000000e+00
4.600000019999999634e-01 -0.000000000000000000e+00 0.000000000000000000e+00
4.699999980000000299e-01 -0.000000000000000000e+00 0.000000000000000000e+00
4.799999999999999822e-01 -0.000000000000000000e+00 0.000000000000000000e+00
4.900000019999999901e-01 -0.000000000000000000e+00 0.000000000000000000e+00
4.999999979999999455e-01 -0.000000000000000000e+00 0.000000000000000000e+00
5.100000000000000089e-01 -0.000000000000000000e+00 0.000000000000000000e+00
5.200000019999999612e-01 -0.000000000000000000e+00 0.000000000000000000e+00
5.299999979999999722e-01 -0.000000000000000000e+00 0.000000000000000000e+00
5.400000000000000355e-01 -0.000000000000000000e+00 0.000000000000000000e+00
5.500000019999999878e-01 -0.000000000000000000e+00 0.000000000000000000e+00
5.599999979999999988e-01 -0.000000000000000000e+00 0.000000000000000000e+00
5.699999999999999512e-01 -0.000000000000000000e+00 0.000000000000000000e+00
5.800000019999999035e-01 -0.000000000000000000e+00 0.000000000000000000e+00
5.899999980000000255e-01 -0.000000000000000000e+00 0.000000000000000000e+00
5.999999999999999778e-01 -0.000000000000000000e+00 0.000000000000000000e+00
6.100000019999999301e-01 -0.000000000000000000e+00 -0.000000000000000000e+00
6.199999980000000521e-01 -0.000000000000000000e+00 -0.000000000000000000e+00
6.300000000000000044e-01 -0.000000000000000000e+00 -0.000000000000000000e+00
6.400000019999999568e-01 -0.000000000000000000e+00 -0.000000000000000000e+00
6.499999980000000788e-01 -0.000000000000000000e+00 -0.000000000000000000e+00
6.600000000000000311e-01 -0.000000000000000000e+00 -0.000000000000000000e+00
6.700000019999999834e-01 -0.000000000000000000e+00 -0.000000000000000000e+00
6.799999979999998834e-01 -0.000000000000000000e+00 -0.000000000000000000e+00
6.899999999999999467e-01 -0.000000000000000000e+00 -0.000000000000000000e+00
7.000000019999998990e-01 -0.000000000000000000e+00 -0.000000000000000000e+00
7.099999979999999100e-01 -0.000000000000000000e+00 -0.000000000000000000e+00
7.199999999999999734e-01 -0.000000000000000000e+00 -0.000000000000000000e+00
7.300000019999999257e-01 -0.000000000000000000e+00 -0.000000000000000000e+00
7.399999979999999367e-01 -0.000000000000000000e+00 -0.000000000000000000e+00
7.500000000000000000e-01 -0.000000000000000000e+00 -0.000000000000000000e+00
7.600000019999999523e-01 -0.000000000000000000e+00 -0.000000000000000000e+00
7.699999979999999633e-01 -0.000000000000000000e+00 -0.000000000000000000e+00
7.800000000000000266e-01 -0.000000000000000000e+00 -0.000000000000000000e+00
7.900000019999999790e-01 -0.000000000000000000e+00 -0.000000000000000000e+00
7.999999979999999900e-01 -0.000000000000000000e+00 -0.000000000000000000e+00
8.100000000000000533e-01 -0.000000000000000000e+00 -0.000000000000000000e+00
8.200000020000000056e-01 -0.000000000000000000e+00 -0.000000000000000000e+00
8.299999979999999056e-01 -0.000000000000000000e+00 -0.000000000000000000e+00
8.399999999999999689e-01 -0.000000000000000000e+00 -0.000000000000000000e+00
8.500000019999999212e-01 -0.000000000000000000e+00 -0.000000000000000000e+00
8.599999979999999322e-01 -0.000000000000000000e+00 -0.000000000000000000e+00
8.699999999999999956e-01 -0.000000000000000000e+00 -0.000000000000000000e+00
8.800000019999999479e-01 -0.000000000000000000e+00 -0.000000000000000000e+00
8.899999979999999589e-01 -0.000000000000000000e+00 -0.000000000000000000e+00
8.999999999999999112e-01 -0.000000000000000000e+00 -0.000000000000000000e+00
9.100000019999999745e-01 -0.000000000000000000e+00 -0.000000000000000000e+00
9.199999979999999855e-01 -0.000000000000000000e+00 -0.000000000000000000e+00
9.299999999999999378e-01 -0.000000000000000000e+00 -0.000000000000000000e+00
9.400000020000000012e-01 -0.000000000000000000e+00 -0.000000000000000000e+00
9.499999980000000122e-01 -0.000000000000000000e+00 -0.000000000000000000e+00
9.599999999999999645e-01 -0.000000000000000000e+00 -0.000000000000000000e+00
9.700000020000000278e-01 -0.000000000000000000e+00 -0.000000000000000000e+00
9.799999979999999278e-01 -0.000000000000000000e+00 -0.000000000000000000e+00
9.899999999999998801e-01 -0.000000000000000000e+00 -0.000000000000000000e+00
1.000000001999999943e+00 -0.000000000000000000e+00 -0.000000000000000000e+00
1.009999997999999843e+00 -0.000000000000000000e+00 -0.000000000000000000e+00
1.020000000000000018e+00 -0.000000000000000000e+00 -0.000000000000000000e+00
1.030000001999999970e+00 -0.000000000000000000e+00 -0.000000000000000000e+00
1.039999997999999870e+00 -0.000000000000000000e+00 -0.000000000000000000e+00
1.050000000000000044e+00 -0.000000000000000000e+00 -0.000000000000000000e+00
1.060000001999999997e+00 -0.000000000000000000e+00 -0.000000000000000000e+00
1.069999997999999897e+00 -0.000000000000000000e+00 -0.000000000000000000e+00
1.080000000000000071e+00 -0.000000000000000000e+00 -0.000000000000000000e+00
1.090000002000000023e+00 -0.000000000000000000e+00 -0.000000000000000000e+00
1.099999997999999923e+00 -0.000000000000000000e+00 -0.000000000000000000e+00
1.110000000000000098e+00 -0.000000000000000000e+00 -0.000000000000000000e+00
1.120000002000000050e+00 -0.000000000000000000e+00 -0.000000000000000000e+00
1.129999997999999950e+00 -0.000000000000000000e+00 -0.000000000000000000e+00
1.139999999999999902e+00 -0.000000000000000000e+00 -0.000000000000000000e+00
1.150000001999999855e+00 -0.000000000000000000e+00 -0.000000000000000000e+00
1.159999997999999977e+00 -0.000000000000000000e+00 -0.000000000000000000e+00
1.169999999999999929e+00 -0.000000000000000000e+00 -0.000000000000000000e+00
1.180000001999999881e+00 -0.000000000000000000e+00 -0.000000000000000000e+00
1.189999998000000003e+00 -0.000000000000000000e+00 -0.000000000000000000e+00
1.199999999999999956e+00 0.000000000000000000e+00 0.000000000000000000e+00
