0.000000000000000000e+00 8.916894686044524860e+02 2.348104794032032714e+03
1.000000000000000021e-02 8.682084206641320634e+02 2.348104794032032714e+03
2.000000000000000042e-02 8.447273727238117544e+02 2.348104794032042264e+03
2.999999999999999889e-02 8.212463247834912181e+02 2.348104794032042264e+03
4.000000000000000083e-02 7.977652768431709092e+02 2.348104794032042264e+03
4.999999999999999584e-02 7.742842289028504865e+02 2.348104794032042264e+03
5.999999999999999778e-02 7.508031809625300639e+02 2.348104794032042264e+03
6.999999999999999278e-02 7.273221330222096412e+02 2.348104794032042264e+03
8.000000000000000167e-02 7.038410850818892186e+02 2.348104794032037262e+03
8.999999999999999667e-02 6.803600371415687960e+02 2.348104794032042264e+03
9.999999999999999167e-02 6.568789892012483733e+02 2.348104794032042264e+03
1.099999999999999867e-01 6.333979412609279507e+02 2.348104794032042264e+03
1.199999999999999956e-01 6.099168933206075280e+02 2.348104794032042264e+03
1.300000000000000044e-01 5.864358453802872191e+02 2.348104794032042264e+03
1.399999999999999856e-01 5.629547974399667964e+02 2.348104794032042264e+03
1.499999999999999944e-01 5.394737494996463738e+02 2.348104794032042264e+03
1.600000000000000033e-01 5.159927015593259512e+02 2.348104794032037262e+03
1.699999999999999845e-01 4.925116536190055854e+02 2.348104794032042264e+03
1.799999999999999933e-01 4.690306056786850490e+02 2.348104794032042264e+03
1.899999999999999745e-01 4.455495577383647401e+02 2.348104794032037262e+03
1.999999999999999833e-01 4.220685097980443174e+02 2.348104794032042264e+03
2.099999999999999922e-01 3.985874618577238948e+02 2.348104794032042264e+03
2.199999999999999734e-01 3.751064139174034722e+02 2.348104794032042264e+03
2.299999999999999822e-01 3.516253659770830495e+02 2.348104794032046811e+03
2.399999999999999911e-01 3.281443180367625132e+02 2.348104794032046811e+03
2.500000000000000000e-01 3.046632700964421474e+02 2.348104794032037262e+03
2.600000000000000089e-01 2.811822221561217816e+02 2.348104794032037262e+03
2.700000000000000178e-01 2.577011742158013590e+02 2.348104794032042264e+03
2.799999999999999711e-01 2.342201262754809648e+02 2.348104794032042264e+03
2.899999999999999800e-01 2.107390783351605421e+02 2.348104794032042264e+03
2.999999999999999889e-01 1.872580303948401195e+02 2.348104794032037262e+03
3.099999999999999423e-01 1.637769824545197821e+02 2.348104794032040900e+03
3.200000000000000067e-01 1.402959345141993026e+02 2.348104794032049540e+03
3.300000000000000155e-01 1.168148865738788089e+02 2.348104794032040900e+03
3.399999999999999689e-01 9.333383863355848575e+01 2.348104794032040900e+03
3.500000000000000333e-01 6.985279069323799206e+01 2.348104794032040900e+03
3.599999999999999867e-01 4.637174275291766179e+01 2.309288512001916843e+03
3.699999999999999956e-01 2.366702045319965819e+01 1.304876022032377250e+03
3.799999999999999489e-01 2.027422231227012261e+01 4.272055402561573487e+02
3.900000000000000133e-01 1.512290964807651328e+01 4.810012451075664330e+02
3.999999999999999667e-01 1.065419741011879395e+01 4.037694491702108621e+02
4.099999999999999756e-01 7.047520664672295432e+00 3.211217269255193969e+02
4.199999999999999845e-01 4.231762871608406584e+00 2.520457224121958575e+02
4.299999999999999933e-01 2.006606216428377554e+00 1.958967509596133993e+02
4.399999999999999467e-01 3.138278524161386418e-01 1.473715547875938796e+02
4.499999999999999556e-01 -9.408248793234998963e-01 1.062896057837098880e+02
4.599999999999999645e-01 -1.811964263258058816e+00 7.542956555008156272e+01
4.699999999999999734e-01 -2.449416190325131026e+00 5.722419493218954045e+01
4.799999999999999822e-01 -2.956448161901849669e+00 4.865931039340394904e+01
4.899999999999999911e-01 -3.422602398193209883e+00 4.414002638701948200e+01
5.000000000000000000e-01 -3.839248689642239309e+00 3.811573409655682809e+01
5.100000000000000089e-01 -4.184917080124346711e+00 2.858303868251867286e+01
5.200000000000000178e-01 -4.410909463292612465e+00 1.585871878395132661e+01
5.299999999999999156e-01 -4.502091455803372888e+00 1.820733017447992541e+00
5.400000000000000355e-01 -4.447324123641572591e+00 -1.155038539158777944e+01
5.499999999999999334e-01 -4.271083747971617051e+00 -2.129810212481454457e+01
5.599999999999999423e-01 -4.021362081145281486e+00 -2.441561692093563707e+01
5.699999999999999512e-01 -3.782771409552904807e+00 -2.152912321072851753e+01
5.799999999999999600e-01 -3.590779616930711349e+00 -1.907351014907183284e+01
5.899999999999999689e-01 -3.401301206571468061e+00 -1.696994332461410693e+01
5.999999999999999778e-01 -3.251380750438429335e+00 -2.010946324210677716e+01
6.099999999999999867e-01 -2.999111941729332376e+00 -3.108665825825246998e+01
6.199999999999998845e-01 -2.629647585273379828e+00 -4.332598121802751479e+01
6.300000000000000044e-01 -2.132592317368782187e+00 -4.424275735918691055e+01
6.400000000000000133e-01 -1.744792438089641573e+00 -3.460065794816252804e+01
6.499999999999999112e-01 -1.440579158405531857e+00 -2.413436686408576293e+01
6.600000000000000311e-01 -1.262105100807926261e+00 -1.432947984853921675e+01
6.700000000000000400e-01 -1.153989561434747513e+00 -9.730330166515706480e+00
6.799999999999999378e-01 -1.067498497477612274e+00 -9.131278408694404547e+00
6.899999999999999467e-01 -9.713639932608594263e-01 -1.030513887677841289e+01
7.000000000000000666e-01 -8.613957199420440025e-01 -1.109385719852949848e+01
7.099999999999999645e-01 -7.494868492902694301e-01 -1.043062670445920759e+01
7.199999999999999734e-01 -6.527831858528598818e-01 -7.579605128730857011e+00
7.299999999999998712e-01 -5.978947467156523476e-01 -2.338381903606291612e+00
7.399999999999999911e-01 -6.060155477807339652e-01 3.705738864025204915e+00
7.500000000000000000e-01 -6.720095239961564326e-01 7.360059845501813136e+00
7.599999999999998979e-01 -7.532167446907702679e-01 6.911080671859562763e+00
7.699999999999999067e-01 -8.102311374333476257e-01 4.234531616083003769e+00
7.800000000000000266e-01 -8.379073770124303433e-01 2.115278001163416022e+00
7.899999999999999245e-01 -8.525366974566159772e-01 5.769485982424000792e-01
7.999999999999999334e-01 -8.494463489772783316e-01 -1.716246535246209959e+00
8.100000000000000533e-01 -8.182117667516917159e-01 -4.464222194704459135e+00
8.199999999999999512e-01 -7.601619050831891489e-01 -5.964355871409143361e+00
8.299999999999999600e-01 -6.989246493235089508e-01 -5.274165672070105337e+00
8.399999999999999689e-01 -6.546785916417870999e-01 -3.126257914208381283e+00
8.499999999999999778e-01 -6.363994910393412363e-01 -1.259794321109986237e+00
8.599999999999999867e-01 -6.294827052195873796e-01 -5.205271898636125716e-01
8.699999999999999956e-01 -6.259889472420689938e-01 -5.664548924313220768e-01
8.799999999999998934e-01 -6.181536073709609225e-01 -1.532120834035924029e+00
8.900000000000000133e-01 -5.953465305613505620e-01 -3.362548999403480288e+00
8.999999999999999112e-01 -5.509026273828913078e-01 -5.554717703883083502e+00
9.099999999999999201e-01 -4.842521764836889009e-01 -7.304697894574227135e+00
9.199999999999999289e-01 -4.048086694914067585e-01 -8.345921402221534890e+00
9.299999999999999378e-01 -3.173337484392582120e-01 -7.992416067500903054e+00
9.399999999999999467e-01 -2.449603481413887007e-01 -5.609792429714115514e+00
9.499999999999999556e-01 -2.051378998449759072e-01 -2.549783942751457921e+00
9.599999999999999645e-01 -1.939646692863595534e-01 6.974573106069704709e-01
9.699999999999999734e-01 -2.190870460571153200e-01 5.984929042241303732e-01
9.799999999999999822e-01 -2.059345273708421409e-01 -3.587300795615449900e+00
9.899999999999998801e-01 -1.473410301448063175e-01 -7.427084462653827934e+00
1.000000000000000000e+00 -5.739283811776560440e-02 -7.890093026522538189e+00
1.010000000000000009e+00 1.046083038564443214e-02 -6.791698822683652992e+00
1.020000000000000018e+00 7.844113833590744822e-02 -6.491581779950481135e+00
1.029999999999999805e+00 1.402924659846540578e-01 -5.505309929856188056e+00
1.040000000000000036e+00 1.885473369330312177e-01 -3.850687166257232619e+00
1.050000000000000044e+00 2.173062093097986869e-01 -1.933634426495192793e+00
1.059999999999999831e+00 2.272200254629350713e-01 -5.443588672996275690e-01
1.069999999999999840e+00 2.281933866557912527e-01 -1.068269017602219845e-01
1.080000000000000071e+00 2.293565634981395152e-01 -1.102301782512803696e-01
1.089999999999999858e+00 2.303979902208168618e-01 4.138674417568104502e-01
1.099999999999999867e+00 2.210792146630032873e-01 1.998634844048667203e+00
1.109999999999999876e+00 1.904252933398435099e-01 4.214478952825365887e+00
1.119999999999999885e+00 1.367896356064959851e-01 6.253240118118048585e+00
1.129999999999999893e+00 6.536049097748256043e-02 7.163091906933311215e+00
1.139999999999999902e+00 -6.472202532170236514e-03 5.630762283130250623e+00
1.149999999999999911e+00 -4.725475468512242705e-02 2.027414510981733642e+00
1.159999999999999920e+00 -4.702049275180490706e-02 -1.946780682517159855e+00
1.169999999999999929e+00 -8.319141034779226757e-03 -2.305606050721345834e+00
1.179999999999999938e+00 -9.083717373779936740e-04 -4.106479244324046651e-01
1.189999999999999947e+00 -1.061825461311347079e-04 -4.541858686889968522e-02
1.199999999999999956e+00 0.000000000000000000e+00 -1.061825461311347203e-02
