0.000000000000000000e+00 5.018987255397331501e+21 6.023152353237307153e+24
1.000000000000000021e-02 2.509799999767159243e+21 3.011759999860295372e+24
2.000000000000000042e-02 6.127441369868747520e+17 3.676464832835623977e+20
2.999999999999999889e-02 4.722631167447828000e+15 1.889052530858417664e+18
4.000000000000000083e-02 1.495956806115722188e+14 4.487871271032713600e+16
5.000000000000000278e-02 1.028012589823999414e+13 2.467232003788798500e+15
5.999999999999999778e-02 1.152981212273564209e+12 2.305967415116401250e+14
7.000000000000000666e-02 1.813250870501055603e+11 3.108447027493335547e+13
8.000000000000000167e-02 3.652150862604378510e+10 5.478292909964917969e+12
8.999999999999999667e-02 8.886026194524436951e+09 1.184832701239149658e+12
1.000000000000000056e-01 2.509567159999998569e+09 3.011620295999998169e+11
1.100000000000000006e-01 7.995681941795797348e+08 8.723279020740182495e+10
1.199999999999999956e-01 2.814127945335367918e+08 2.814517833559819031e+10
1.300000000000000044e-01 1.076773525636982173e+08 9.941674340140310287e+09
1.400000000000000133e-01 4.423837970883487165e+07 3.793186412997048378e+09
1.499999999999999944e-01 1.932345719837198406e+07 1.546694230739443302e+09
1.600000000000000033e-01 8.902722445563992485e+06 6.682246213731558323e+08
1.700000000000000122e-01 4.298119172966783866e+06 3.037371077360052466e+08
1.799999999999999933e-01 2.162701180079890881e+06 1.444082711398929060e+08
1.900000000000000022e-01 1.129006006123281317e+06 7.146193337121869624e+07
2.000000000000000111e-01 6.091060156249996508e+05 3.665550468749997765e+07
2.099999999999999922e-01 3.384840403791639837e+05 1.941951158994904906e+07
2.200000000000000011e-01 1.931855398577967135e+05 1.059340108451919071e+07
2.300000000000000100e-01 1.129533992829206254e+05 5.934252010453484952e+06
2.399999999999999911e-01 6.750493234996346291e+04 3.405706635033431463e+06
2.500000000000000000e-01 4.115374407680000149e+04 1.998268819046400022e+06
2.600000000000000089e-01 2.554646027786913328e+04 1.196461234811601229e+06
2.700000000000000178e-01 1.612044966532933722e+04 7.298200015369148459e+05
2.800000000000000266e-01 1.032475486239439670e+04 4.528433620472780312e+05
2.899999999999999800e-01 6.702097963389190227e+03 2.854270322698923410e+05
2.999999999999999889e-01 4.403235053373753544e+03 1.825173308043603320e+05
3.099999999999999978e-01 2.924035120509449371e+03 1.182662725636662944e+05
3.200000000000000067e-01 1.960055341729826523e+03 7.756799684499602881e+04
3.300000000000000155e-01 1.324484972351606530e+03 5.144110735908128117e+04
3.400000000000000244e-01 9.009759907256428733e+02 3.445899817999884544e+04
3.500000000000000333e-01 6.160527929182726439e+02 2.329317352970037973e+04
3.599999999999999867e-01 4.227093300167413759e+02 1.587306465602811113e+04
3.699999999999999956e-01 2.905073986916305557e+02 1.089348527629741147e+04
3.800000000000000044e-01 1.995131108582542652e+02 7.521436521024568719e+03
3.900000000000000133e-01 1.365333627411080215e+02 5.219047205939854393e+03
4.000000000000000222e-01 9.275003433227533378e+01 3.635186576843258990e+03
4.100000000000000311e-01 6.221491931604110448e+01 2.538259174830599022e+03
4.199999999999999845e-01 4.088136531156743558e+01 1.774026707537781931e+03
4.299999999999999933e-01 2.597455999873611177e+01 1.238831834128891842e+03
4.400000000000000022e-01 1.557789470235646689e+01 8.624141843775269081e+02
4.500000000000000111e-01 8.358667415788545441e+00 5.967683371619970103e+02
4.600000000000000200e-01 3.384546798278712743e+00 4.088486056498787775e+02
4.700000000000000289e-01 -2.796866301331135674e-04 2.757481382007113098e+02
4.799999999999999822e-01 -2.259353476290737461e+00 1.814850500869352175e+02
4.899999999999999911e-01 -3.721686653451405036e+00 1.148419782620427441e+02
5.000000000000000000e-01 -4.621619199999999594e+00 6.790225920000000315e+01
5.100000000000000089e-01 -5.126515559388359122e+00 3.505065065211982755e+01
5.200000000000000178e-01 -5.356131773996803958e+00 1.228631352635591156e+01
5.300000000000000266e-01 -5.396237752244394059e+00 -3.252710053431343340e+00
5.400000000000000355e-01 -5.308251186603563987e+00 -1.362073149006175754e+01
5.500000000000000444e-01 -5.136085362636576335e+00 -2.029653483659976132e+01
5.600000000000000533e-01 -4.911039280983665378e+00 -2.434696270341407143e+01
5.700000000000000622e-01 -4.655304595507338661e+00 -2.654281892840453594e+01
5.799999999999999600e-01 -4.384490212742886861e+00 -2.744139778523857132e+01
5.899999999999999689e-01 -4.109445853515786951e+00 -2.744552352981491694e+01
5.999999999999999778e-01 -3.837583070133844032e+00 -2.684596867291007172e+01
6.099999999999999867e-01 -3.573834510108283791e+00 -2.585205168772673900e+01
6.199999999999999956e-01 -3.321351779793401349e+00 -2.461378826255465313e+01
6.300000000000000044e-01 -3.082013769091506372e+00 -2.323798008291575101e+01
6.400000000000000133e-01 -2.856797119018226194e+00 -2.179993402747046360e+01
6.500000000000000222e-01 -2.646046151851090489e+00 -2.035201965396012014e+01
6.600000000000000311e-01 -2.449669314102196349e+00 -1.892993070437840331e+01
6.700000000000000400e-01 -2.267281806995223192e+00 -1.755727379024872192e+01
6.800000000000000488e-01 -2.098308759872853813e+00 -1.624893462983595782e+01
6.900000000000000577e-01 -1.942059450638190965e+00 -1.501354856748079669e+01
7.000000000000000666e-01 -1.797780278571360579e+00 -1.385531324926208541e+01
7.099999999999999645e-01 -1.664692154011680580e+00 -1.277531720971834162e+01
7.199999999999999734e-01 -1.542016476479517673e+00 -1.177251167463207970e+01
7.299999999999999822e-01 -1.428992777532232861e+00 -1.084441911146733872e+01
7.399999999999999911e-01 -1.324890298969325642e+00 -9.987647417186801491e+00
7.500000000000000000e-01 -1.229015182952011509e+00 -9.198260595270594919e+00
7.600000000000000089e-01 -1.140714511691831801e+00 -8.472043529791147165e+00
7.700000000000000178e-01 -1.059378109514599986e+00 -7.804688712871415746e+00
7.800000000000000266e-01 -9.844387793464316472e-01 -7.191925583229421548e+00
7.900000000000000355e-01 -9.153714670541427401e-01 -6.629607806984513019e+00
8.000000000000000444e-01 -8.516917144879695423e-01 -6.113769882358608854e+00
8.100000000000000533e-01 -7.929536636512634074e-01 -5.640661516039642720e+00
8.200000000000000622e-01 -7.387478013936787935e-01 -5.206766036247961082e+00
8.300000000000000711e-01 -6.886985799011413611e-01 -4.808807481669934880e+00
8.399999999999999689e-01 -6.424620082208384320e-01 -4.443749793276501769e+00
8.499999999999999778e-01 -5.997232805304804071e-01 -4.108790631904681412e+00
8.599999999999999867e-01 -5.601944851690575655e-01 -3.801351670044443409e+00
8.699999999999999956e-01 -5.236124225992344616e-01 -3.519066703403533669e+00
8.800000000000000044e-01 -4.897365489806893013e-01 -3.259768553255240509e+00
8.900000000000000133e-01 -4.583470537852152860e-01 -3.021475452044872334e+00
9.000000000000000222e-01 -4.292430740442602088e-01 -2.802377398134649589e+00
9.100000000000000311e-01 -4.022410437629870827e-01 -2.600822812862447098e+00
9.200000000000000400e-01 -3.771731742938277399e-01 -2.415305720755094310e+00
9.300000000000000488e-01 -3.538860596863390717e-01 -2.244453591623420952e+00
9.400000000000000577e-01 -3.322393999566740641e-01 -2.087015923750495716e+00
9.500000000000000666e-01 -3.121048346531795636e-01 -1.941853604735521932e+00
9.599999999999999645e-01 -2.933648788884465342e-01 -1.807929056463366102e+00
9.699999999999999734e-01 -2.759119540539657356e-01 -1.684297149892039602e+00
9.799999999999999822e-01 -2.596475056510103019e-01 -1.570096861450225090e+00
9.899999999999999911e-01 -2.444812010012845649e-01 -1.464543633982754889e+00
1.000000000000000000e+00 -2.303301999999999849e-01 -1.366922399999999982e+00
1.010000000000000009e+00 -2.171184925110190012e-01 -1.276581222448209152e+00
1.020000000000000018e+00 -2.047762964561581078e-01 -1.192925507553431075e+00
1.030000000000000027e+00 -1.932395111029137358e-01 -1.115412744929740185e+00
1.040000000000000036e+00 -1.824492204959710651e-01 -1.043547731659240752e+00
1.050000000000000044e+00 -1.723512424007302701e-01 -9.768782391347901051e-01
1.060000000000000053e+00 -1.628957185272686958e-01 -9.149910838786591283e-01
1.070000000000000062e+00 -1.540367421781343449e-01 -8.575085661467212184e-01
1.080000000000000071e+00 -1.457320198120123367e-01 -8.040852427809035419e-01
1.090000000000000080e+00 -1.379425633374913862e-01 -7.544050034005108651e-01
1.100000000000000089e+00 0.000000000000000000e+00 -7.081784215698685436e-01
1.110000000000000098e+00 0.000000000000000000e+00 -6.651403550092040984e-01
1.120000000000000107e+00 0.000000000000000000e+00 -6.250477712055998447e-01
1.130000000000000115e+00 0.000000000000000000e+00 -5.876777769194004852e-01
1.140000000000000124e+00 0.000000000000000000e+00 -5.528258320641727952e-01
1.150000000000000133e+00 0.000000000000000000e+00 -5.203041302659288103e-01
1.159999999999999920e+00 0.000000000000000000e+00 -4.899401300841114693e-01
1.169999999999999929e+00 0.000000000000000000e+00 -4.615752224094206713e-01
1.179999999999999938e+00 0.000000000000000000e+00 -4.350635209500184897e-01
1.189999999999999947e+00 0.000000000000000000e+00 -4.102707639867970157e-01
1.199999999999999956e+00 0.000000000000000000e+00 -3.870733167295190014e-01
