0.000000000000000000e+00 8.364578807823730737e+21 1.003810728469241918e+25
1.000000000000000021e-02 4.182799999611958723e+21 5.019359999767174932e+24
2.000000000000000042e-02 1.021191400186874752e+18 6.127148419310623130e+20
2.999999999999999889e-02 7.870675610498329000e+15 3.148270350657493504e+18
4.000000000000000083e-02 2.493142134301757188e+14 7.479427823950193600e+16
5.000000000000000278e-02 1.713272396543999219e+13 4.111856731852797500e+15
5.999999999999999778e-02 1.921543475629233643e+12 3.843095268302363125e+14
7.000000000000000666e-02 3.021940291203437500e+11 5.180497341653707031e+13
8.000000000000000167e-02 6.086627076208589935e+10 9.130051633447406250e+12
8.999999999999999667e-02 1.480933556648647308e+10 1.974626753246145996e+12
1.000000000000000056e-01 4.182411959999998093e+09 5.019127175999996948e+11
1.100000000000000006e-01 1.332549945855062485e+09 1.453810325549423523e+11
1.199999999999999956e-01 4.689989018222171664e+08 4.690638787276526642e+10
1.300000000000000044e-01 1.794536754010457397e+08 1.656866508272403336e+10
1.400000000000000133e-01 7.372710867405068874e+07 6.321675131154090881e+09
1.499999999999999944e-01 3.220422286906732619e+07 2.577700493997265339e+09
1.600000000000000033e-01 1.483716178932808898e+07 1.113654471188055754e+09
1.700000000000000122e-01 7.163189784119782969e+06 5.062043206664648056e+08
1.799999999999999933e-01 3.604329864788620267e+06 2.406689522980135679e+08
1.900000000000000022e-01 1.881586881497125374e+06 1.190975330988619775e+08
2.000000000000000111e-01 1.015128281249999534e+06 6.108959062499996275e+07
2.099999999999999922e-01 5.641131888946291292e+05 3.236430785759973899e+07
2.200000000000000011e-01 3.219605768150693621e+05 1.765482626256262138e+07
2.300000000000000100e-01 1.882467192823399964e+05 9.889948560512376949e+06
2.399999999999999911e-01 1.125028837249366770e+05 5.675907393618340604e+06
2.500000000000000000e-01 6.858632724480000616e+04 3.330289591910400428e+06
2.600000000000000089e-01 4.257542431994707295e+04 1.994007320871083532e+06
2.700000000000000178e-01 2.686615244754893138e+04 1.216308976917205378e+06
2.800000000000000266e-01 1.720711884959069357e+04 7.547032114648519782e+05
2.899999999999999800e-01 1.116964283604890443e+04 4.756892576131551759e+05
2.999999999999999889e-01 7.338385333461291339e+03 3.041812295250085881e+05
3.099999999999999978e-01 4.873167998572334909e+03 1.971012068267662544e+05
3.200000000000000067e-01 3.266610265804103165e+03 1.292739551899124344e+05
3.300000000000000155e-01 2.207375690237502567e+03 8.573119391905090015e+04
3.400000000000000244e-01 1.501560105852729748e+03 5.742901034726634680e+04
3.500000000000000333e-01 1.026709976044227687e+03 3.882017535598087125e+04
3.599999999999999867e-01 7.044855920188472282e+02 2.645390498478590598e+04
3.699999999999999956e-01 4.841590097306094549e+02 1.815499198957923363e+04
3.800000000000000044e-01 3.325086469495198003e+02 1.253517071034155379e+04
3.900000000000000133e-01 2.275470299742665929e+02 8.698031584504113198e+03
4.000000000000000222e-01 1.545779800415038494e+02 6.058384323120113550e+03
4.100000000000000311e-01 1.036882822284098751e+02 4.230254682316289291e+03
4.199999999999999845e-01 6.813382900646594464e+01 2.956590924008950424e+03
4.299999999999999933e-01 4.329014677944783784e+01 2.064638910482656684e+03
4.400000000000000022e-01 2.596303442240208170e+01 1.437303495005278819e+03
4.500000000000000111e-01 1.393142320758895636e+01 9.945793659560470132e+02
4.600000000000000200e-01 5.641497856391836763e+00 6.813929308246077881e+02
4.700000000000000289e-01 2.864558911639392136e-04 4.595678639989813519e+02
4.799999999999999822e-01 -3.764745813295736099e+00 3.024689122574999374e+02
4.899999999999999911e-01 -6.201928429595451320e+00 1.914013221959621660e+02
5.000000000000000000e-01 -7.701811199999998081e+00 1.131712512000000288e+02
5.100000000000000089e-01 -8.543323061431102872e+00 5.842038172145532826e+01
5.200000000000000178e-01 -8.926049156440441834e+00 2.048094456041488343e+01
5.300000000000000266e-01 -8.992933571720946873e+00 -5.416780802947073425e+00
5.400000000000000355e-01 -8.846335137100476587e+00 -2.269649850216535469e+01
5.500000000000000444e-01 -8.559439924586202508e+00 -3.382274361617533032e+01
5.600000000000000533e-01 -8.184411086095437327e+00 -4.057351280834397755e+01
5.700000000000000622e-01 -7.758233490554227174e+00 -4.423342660480096811e+01
5.799999999999999600e-01 -7.306921204552325300e+00 -4.573127181756650117e+01
5.899999999999999689e-01 -6.848556629601173285e+00 -4.573839634154381173e+01
5.999999999999999778e-01 -6.395492103074470691e+00 -4.473940310401343368e+01
6.099999999999999867e-01 -5.955948603640552008e+00 -4.308314397520084071e+01
6.199999999999999956e-01 -5.535178809188908033e+00 -4.101963689585554107e+01
6.300000000000000044e-01 -5.136314270382971614e+00 -3.872687934529910336e+01
6.400000000000000133e-01 -4.760982832271650977e+00 -3.633037949369840192e+01
6.500000000000000222e-01 -4.409758500706317363e+00 -3.391741807330016911e+01
6.600000000000000311e-01 -4.082488835290185136e+00 -3.154748378470858228e+01
6.700000000000000400e-01 -3.778532658546214229e+00 -2.925992079247504307e+01
6.800000000000000488e-01 -3.496932005967813506e+00 -2.707953889580609541e+01
6.900000000000000577e-01 -3.236535823034829118e+00 -2.502073090026274826e+01
7.000000000000000666e-01 -2.996088250882034121e+00 -2.309049362979524389e+01
7.099999999999999645e-01 -2.774290941040280956e+00 -2.129064215753236056e+01
7.199999999999999734e-01 -2.569846351586212663e+00 -1.961942942103845411e+01
7.299999999999999822e-01 -2.381487151649826828e+00 -1.807272710126373028e+01
7.399999999999999911e-01 -2.207995518488264253e+00 -1.664488257647768421e+01
7.500000000000000000e-01 -2.048215121293238461e+00 -1.532933670063694898e+01
7.600000000000000089e-01 -1.901057854412548043e+00 -1.411906508333230015e+01
7.700000000000000178e-01 -1.765506841274666172e+00 -1.300688929662415205e+01
7.800000000000000266e-01 -1.640616829055780768e+00 -1.198569243688772978e+01
7.900000000000000355e-01 -1.525512796449721709e+00 -1.104856459262272494e+01
8.000000000000000444e-01 -1.419387375935911466e+00 -1.018889718689024093e+01
8.100000000000000533e-01 -1.321497527907824043e+00 -9.400440273466635688e+00
8.200000000000000622e-01 -1.231160782315326330e+00 -8.677333228075648108e+00
8.300000000000000711e-01 -1.147751273272041850e+00 -8.014116566375053097e+00
8.399999999999999689e-01 -1.070695725356028749e+00 -7.405730600209494696e+00
8.499999999999999778e-01 -9.994695011186141009e-01 -6.847505136799695080e+00
8.599999999999999867e-01 -9.335927831638966001e-01 -6.335143301520789194e+00
8.699999999999999956e-01 -8.726269377503098612e-01 -5.864701726836630158e+00
8.800000000000000044e-01 -8.161710877146787224e-01 -5.432568725699139733e+00
8.900000000000000133e-01 -7.638589087719570569e-01 -5.035441603521918275e+00
9.000000000000000222e-01 -7.153556535103818836e-01 -4.670303918521174324e+00
9.100000000000000311e-01 -6.703554006408164456e-01 -4.334403245717376230e+00
9.200000000000000400e-01 -6.285785224905011681e-01 -4.025229812671319074e+00
9.300000000000000488e-01 -5.897693607710814412e-01 -3.740496238175564425e+00
9.400000000000000577e-01 -5.536940988615224324e-01 -3.478118505931215410e+00
9.500000000000000666e-01 -5.201388179017405466e-01 -3.236198234159218590e+00
9.599999999999999645e-01 -4.889077236490133038e-01 -3.013006251941624303e+00
9.699999999999999734e-01 -4.598215311254928439e-01 -2.806967458458666798e+00
9.799999999999999822e-01 -4.327159944474725517e-01 -2.616646918120089982e+00
9.899999999999999911e-01 -4.074405697768096468e-01 -2.440737129831592966e+00
1.000000000000000000e+00 -3.838572000000000095e-01 -2.278046400000000027e+00
1.010000000000000009e+00 -3.618392104686032340e-01 -2.127488244648500615e+00
1.020000000000000018e+00 -3.412703058887069929e-01 -1.988071744905200333e+00
1.030000000000000027e+00 -3.220436592006540311e-01 -1.858892781190968124e+00
1.040000000000000036e+00 -3.040610840253422098e-01 -1.739126073959762264e+00
1.050000000000000044e+00 -2.872322829581238079e-01 -1.628017962316404166e+00
1.060000000000000053e+00 -2.714741646582421453e-01 -1.524879855873239043e+00
1.070000000000000062e+00 -2.567102233066472783e-01 -1.429082299533841915e+00
1.080000000000000071e+00 -2.428699745860554426e-01 -1.340049595313283159e+00
1.090000000000000080e+00 -2.298884428740472219e-01 -1.257254929683762290e+00
1.100000000000000089e+00 0.000000000000000000e+00 -1.180215959178708474e+00
1.110000000000000098e+00 0.000000000000000000e+00 -1.108490811037144086e+00
1.120000000000000107e+00 0.000000000000000000e+00 -1.041674459486269022e+00
1.130000000000000115e+00 0.000000000000000000e+00 -9.793954418241407334e-01
1.140000000000000124e+00 0.000000000000000000e+00 -9.213128817685479754e-01
1.150000000000000133e+00 0.000000000000000000e+00 -8.671137905839230164e-01
1.159999999999999920e+00 0.000000000000000000e+00 -8.165106192925534190e-01
1.169999999999999929e+00 0.000000000000000000e+00 -7.692390378304257981e-01
1.179999999999999938e+00 0.000000000000000000e+00 -7.250559193352782428e-01
1.189999999999999947e+00 0.000000000000000000e+00 -6.837375098695059883e-01
1.199999999999999956e+00 0.000000000000000000e+00 -6.450777657989505975e-01
