0.000000000000000000e+00 5.762496483844534829e+21 6.915417890305466666e+24
1.000000000000000021e-02 2.881599999732679180e+21 3.457919999839606627e+24
2.000000000000000042e-02 7.035156208231247360e+17 4.221093737469373317e+20
2.999999999999999889e-02 5.422238414280646000e+15 2.168895439051078656e+18
4.000000000000000083e-02 1.717566791210936875e+14 5.152701352587888000e+16
5.000000000000000278e-02 1.180301649151999219e+13 2.832726010982398000e+15
5.999999999999999778e-02 1.323783035291076904e+12 2.647571800177490000e+14
7.000000000000000666e-02 2.081864575327307434e+11 3.568930176411175000e+13
8.000000000000000167e-02 4.193177917718885803e+10 6.289843357443806641e+12
8.999999999999999667e-02 1.020239586515671158e+10 1.360352982670324219e+12
1.000000000000000056e-01 2.881332679999998093e+09 3.457759607999997559e+11
1.100000000000000006e-01 9.180156691431821585e+08 1.001553945522188873e+11
1.199999999999999956e-01 3.231010915002207160e+08 3.231458539637837982e+10
1.300000000000000044e-01 1.236286021909510493e+08 1.141442707969086647e+10
1.400000000000000133e-01 5.079182373893176019e+07 4.355106442695704460e+09
1.499999999999999944e-01 2.218602162437599525e+07 1.775820466849942684e+09
1.600000000000000033e-01 1.022156622319016233e+07 7.672149735008130074e+08
1.700000000000000122e-01 4.934840040993978269e+06 3.487325270756188035e+08
1.799999999999999933e-01 2.483082580919449218e+06 1.658008229682960510e+08
1.900000000000000022e-01 1.296256429835829418e+06 8.204826228682181239e+07
2.000000000000000111e-01 6.993387499999995343e+05 4.208563124999997020e+07
2.099999999999999922e-01 3.886269758377457038e+05 2.229630857458051667e+07
2.200000000000000011e-01 2.218040218191693712e+05 1.216270310958905704e+07
2.300000000000000100e-01 1.296863222533679800e+05 6.813350160884582438e+06
2.399999999999999911e-01 7.750513210236087616e+04 3.910227279776715208e+06
2.500000000000000000e-01 4.725028290559999732e+04 2.294292204748800024e+06
2.600000000000000089e-01 2.933093615057384523e+04 1.373705110098603880e+06
2.700000000000000178e-01 1.850855461544973514e+04 8.379357528048941167e+05
2.800000000000000266e-01 1.185428322305812981e+04 5.199278250851743505e+05
2.899999999999999800e-01 7.694963464116210162e+03 3.277104349026392447e+05
2.999999999999999889e-01 5.055544679465831905e+03 2.095556692088115960e+05
3.099999999999999978e-01 3.357213988549907299e+03 1.357864328056573286e+05
3.200000000000000067e-01 2.250428433541173035e+03 8.905908783241041237e+04
3.300000000000000155e-01 1.520703115996513816e+03 5.906173622907826211e+04
3.400000000000000244e-01 1.034454193421812533e+03 3.956387552736227371e+04
3.500000000000000333e-01 7.073213563383517339e+02 2.674392674146240097e+04
3.599999999999999867e-01 4.853350504615693808e+02 1.822458689298510944e+04
3.699999999999999956e-01 3.335479302292023931e+02 1.250731909834829639e+04
3.800000000000000044e-01 2.290730778664078571e+02 8.635723695213564497e+03
3.900000000000000133e-01 1.567629430643810338e+02 5.992248933654322173e+03
4.000000000000000222e-01 1.064930725097655397e+02 4.173747253417965112e+03
4.100000000000000311e-01 7.143407836462782257e+01 2.914314387045992589e+03
4.199999999999999845e-01 4.693982530363011563e+01 2.036862962877515656e+03
4.299999999999999933e-01 2.982443045552268046e+01 1.422379658229579491e+03
4.400000000000000022e-01 1.788735055756517767e+01 9.901955791111605549e+02
4.500000000000000111e-01 9.598450339496856998e+00 6.851936550810621611e+02
4.600000000000000200e-01 3.887277256216762567e+00 4.694327070588640822e+02
4.700000000000000289e-01 8.620102699339327046e-04 3.166123764872532433e+02
4.799999999999999822e-01 -2.593009774778451515e+00 2.083831514014135564e+02
4.899999999999999911e-01 -4.272093297832002534e+00 1.318658701518398288e+02
5.000000000000000000e-01 -5.305446400000001006e+00 7.797104639999997744e+01
5.100000000000000089e-01 -5.885229187943835427e+00 4.025155596255473256e+01
5.200000000000000178e-01 -6.148940294509308124e+00 1.411384232475077738e+01
5.300000000000000266e-01 -6.195057210431441419e+00 -3.728050346733795095e+00
5.400000000000000355e-01 -6.094097421816131899e+00 -1.563278206105786694e+01
5.500000000000000444e-01 -5.896480695415633022e+00 -2.329822306892531003e+01
5.600000000000000533e-01 -5.638143657722219260e+00 -2.794927405076433047e+01
5.700000000000000622e-01 -5.344566279346553372e+00 -3.047093915127910435e+01
5.799999999999999600e-01 -5.033670492133202501e+00 -3.150308150828286813e+01
5.899999999999999689e-01 -4.717913912677466293e+00 -3.150820928087628658e+01
5.999999999999999778e-01 -4.405806571190405307e+00 -3.082017806303992558e+01
6.099999999999999867e-01 -4.103012294027590379e+00 -2.967932158057140413e+01
6.199999999999999956e-01 -3.813149960101664959e+00 -2.825788463213686441e+01
6.300000000000000044e-01 -3.538377138226123542e+00 -2.667849543023155690e+01
6.400000000000000133e-01 -3.279815443645028417e+00 -2.502762101665341277e+01
6.500000000000000222e-01 -3.037860462275753903e+00 -2.336539256877775017e+01
6.600000000000000311e-01 -2.812407300341533301e+00 -2.173279457918174984e+01
6.700000000000000400e-01 -2.603014348856305116e+00 -2.015693338798465106e+01
6.800000000000000488e-01 -2.409021745144798832e+00 -1.865490216061088091e+01
6.900000000000000577e-01 -2.229636591698109349e+00 -1.723661744525272965e+01
7.000000000000000666e-01 -2.063993779273360474e+00 -1.590690042478389188e+01
7.099999999999999645e-01 -1.911198917946722808e+00 -1.466700235940356833e+01
7.199999999999999734e-01 -1.770358165738374678e+00 -1.351572038522714259e+01
7.299999999999999822e-01 -1.640598486882205442e+00 -1.245021105721002819e+01
7.399999999999999911e-01 -1.521080946771100617e+00 -1.146658073230076447e+01
7.500000000000000000e-01 -1.411008968548531195e+00 -1.056031117853233070e+01
7.600000000000000089e-01 -1.309632972379961791e+00 -9.726563589711153313e+00
7.700000000000000178e-01 -1.216252445461001086e+00 -8.960392989146132692e+00
7.800000000000000266e-01 -1.130216214389173190e+00 -8.256896740750645947e+00
7.900000000000000355e-01 -1.050921486448140652e+00 -7.611314770184494982e+00
8.000000000000000444e-01 -9.778120741248126357e-01 -7.019094564020631921e+00
8.100000000000000533e-01 -9.103761041735056736e-01 -6.475930646387231704e+00
8.200000000000000622e-01 -8.481434286926916588e-01 -5.977785726422713886e+00
8.300000000000000711e-01 -7.906828935370386890e-01 -5.520898843116311738e+00
8.399999999999999689e-01 -7.375995734201217235e-01 -5.101784442367157446e+00
8.499999999999999778e-01 -6.885320491585051883e-01 -4.717225282994357727e+00
8.599999999999999867e-01 -6.431497776013598289e-01 -4.364261294066087871e+00
8.699999999999999956e-01 -6.011505865942071702e-01 -4.040175928535842509e+00
8.800000000000000044e-01 -5.622583141315392607e-01 -3.742481128105355381e+00
8.900000000000000133e-01 -5.262206013819975547e-01 -3.468901694432653393e+00
9.000000000000000222e-01 -4.928068425639445804e-01 -3.217359624593642220e+00
9.100000000000000311e-01 -4.618062899912599995e-01 -2.985958793372297748e+00
9.200000000000000400e-01 -4.330263094616174646e-01 -2.772970235972245234e+00
9.300000000000000488e-01 -4.062907791198706042e-01 -2.576818190459370772e+00
9.400000000000000577e-01 -3.814386236963656640e-01 -2.396066990908226835e+00
9.500000000000000666e-01 -3.583224753689796538e-01 -2.229408853254133405e+00
9.599999999999999645e-01 -3.368074522607392707e-01 -2.075652561299280663e+00
9.699999999999999734e-01 -3.167700456373049867e-01 -1.933713036462689328e+00
9.799999999999999822e-01 -2.980971071181348075e-01 -1.802601758902136586e+00
9.899999999999999911e-01 -2.806849275937930988e-01 -1.681417997468292347e+00
1.000000000000000000e+00 -2.644384000000000179e-01 -1.569340799999999980e+00
1.010000000000000009e+00 -2.492702586006304566e-01 -1.465621692553107369e+00
1.020000000000000018e+00 -2.351003879512567618e-01 -1.369578035391180171e+00
1.030000000000000027e+00 -2.218551952339103961e-01 -1.280586984297939601e+00
1.040000000000000036e+00 -2.094670401601126386e-01 -1.198080007511785006e+00
1.050000000000000044e+00 -1.978737171246827964e-01 -1.121537910974070407e+00
1.060000000000000053e+00 -1.870179847522508154e-01 -1.050486327363211014e+00
1.070000000000000062e+00 -1.768471384088819709e-01 -9.844916273671058260e-01
1.080000000000000071e+00 -1.673126216514772280e-01 -9.231572146920161703e-01
1.090000000000000080e+00 -1.583696729574932127e-01 -8.661201693227582599e-01
1.100000000000000089e+00 0.000000000000000000e+00 -8.130482064728038472e-01
1.110000000000000098e+00 0.000000000000000000e+00 -7.636369214519195259e-01
1.120000000000000107e+00 0.000000000000000000e+00 -7.176072933078132543e-01
1.130000000000000115e+00 0.000000000000000000e+00 -6.747034225533645735e-01
1.140000000000000124e+00 0.000000000000000000e+00 -6.346904805672176630e-01
1.150000000000000133e+00 0.000000000000000000e+00 -5.973528503536765788e-01
1.159999999999999920e+00 0.000000000000000000e+00 -5.624924402728583850e-01
1.169999999999999929e+00 0.000000000000000000e+00 -5.299271541115299078e-01
1.179999999999999938e+00 0.000000000000000000e+00 -4.994895024682433071e-01
1.189999999999999947e+00 0.000000000000000000e+00 -4.710253418834388084e-01
1.199999999999999956e+00 0.000000000000000000e+00 -4.443927294667279759e-01
