0.000000000000000000e+00 1.053791347625760140e+23 1.264626808575383859e+26
1.000000000000000021e-02 5.269599999846350271e+22 6.323519999907809061e+25
2.000000000000000042e-02 1.286523435099249664e+19 7.719140617797747343e+21
2.999999999999999889e-02 9.915681868712820800e+16 3.966272789638215270e+19
4.000000000000000083e-02 3.140925985966796000e+15 9.422778520576168960e+17
5.000000000000000278e-02 2.158427176652798750e+14 5.180226403983356800e+16
5.999999999999999778e-02 2.420817526975243750e+13 4.841638347160364000e+15
7.000000000000000666e-02 3.807147302807015625e+12 6.526549427553036250e+14
8.000000000000000167e-02 7.668218636679647217e+11 1.150237191406488125e+14
8.999999999999999667e-02 1.865781607267458191e+11 2.487728084077882031e+13
1.000000000000000056e-01 5.269446351999996948e+10 6.323427811199996094e+12
1.100000000000000006e-01 1.678970226716091347e+10 1.831651191121411621e+12
1.199999999999999956e-01 5.909692516486868858e+09 5.909949798508474121e+11
1.300000000000000044e-01 2.261498463393753529e+09 2.087683961027185669e+11
1.400000000000000133e-01 9.292784500348497629e+08 7.966118401940156555e+10
1.499999999999999944e-01 4.060114480988860130e+08 3.248631144297261429e+10
1.600000000000000033e-01 1.871222186734666526e+08 1.403760070093266678e+10
1.700000000000000122e-01 9.038260083989281952e+07 6.382194946092359543e+09
1.799999999999999933e-01 4.550684027361682802e+07 3.035295163132088661e+09
1.900000000000000022e-01 2.377597263337656856e+07 1.502671719441069365e+09
2.000000000000000111e-01 1.284122687499999255e+07 7.711938374999995232e+08
2.099999999999999922e-01 7.145929127489438280e+06 4.088506577461037040e+08
2.200000000000000011e-01 4.085708541065874975e+06 2.232264188183868229e+08
2.300000000000000100e-01 2.394225188755934127e+06 1.251868560592360198e+08
2.399999999999999911e-01 1.434881587344884407e+06 7.194508094662308693e+07
2.500000000000000000e-01 8.777987522559999488e+05 4.228538223820800334e+07
2.600000000000000089e-01 5.472275807607154129e+05 2.537143717864166945e+07
2.700000000000000178e-01 3.471192428961044061e+05 1.551565353858178295e+07
2.800000000000000266e-01 2.237359975355512579e+05 9.657009397618606687e+06
2.899999999999999800e-01 1.463535960668970365e+05 6.109454037556200288e+06
2.999999999999999889e-01 9.704916647379487404e+04 3.924119745371548459e+06
3.099999999999999978e-01 6.517048843835871230e+04 2.556236414838347118e+06
3.200000000000000067e-01 4.427553563559171016e+04 1.687163058386786375e+06
3.300000000000000155e-01 3.040470297363811187e+04 1.127256761182526359e+06
3.400000000000000244e-01 2.108699411414246788e+04 7.617988160224534804e+05
3.500000000000000333e-01 1.475829751671950362e+04 5.203273090666642529e+05
3.599999999999999867e-01 1.041524815177993150e+04 3.589390911866716342e+05
3.699999999999999956e-01 7.406071416569338908e+03 2.499079586436559912e+05
3.800000000000000044e-01 5.302354529758487843e+03 1.755001386570263421e+05
3.900000000000000133e-01 3.819351482388030945e+03 1.242362892487018980e+05
4.000000000000000222e-01 2.765809173583982556e+03 8.860103302001947304e+04
4.100000000000000311e-01 2.011991905128769531e+03 6.362116368887865247e+04
4.199999999999999845e-01 1.469067104736315059e+03 4.597217757611655543e+04
4.299999999999999933e-01 1.075669400464457112e+03 3.341023679084397736e+04
4.400000000000000022e-01 7.890520617413606033e+02 2.440701813465772284e+04
4.500000000000000111e-01 5.792018643187652742e+02 1.791250470452619629e+04
4.600000000000000200e-01 4.248880832394025333e+02 1.319934363046675207e+04
4.700000000000000289e-01 3.109862294934004581e+02 9.759746128358781789e+03
4.799999999999999822e-01 2.266498064722075583e+02 7.236570000702517973e+03
4.899999999999999911e-01 1.640512424673538590e+02 5.376851040893066966e+03
5.000000000000000000e-01 1.175080959999999948e+02 4.000210944000000381e+03
5.100000000000000089e-01 8.287217017903493854e+01 2.977208912863082332e+03
5.200000000000000178e-01 5.709942844704622189e+01 2.214394782619604939e+03
5.300000000000000266e-01 3.794516954500339523e+01 1.643914374851219236e+03
5.400000000000000355e-01 2.374659812644053147e+01 1.216230556277062306e+03
5.500000000000000444e-01 1.326678709984825133e+01 8.949922915509193899e+02
5.600000000000000533e-01 5.582045414136580064e+00 6.533948600628326631e+02
5.700000000000000622e-01 1.655527906478937439e-04 4.715821758721983770e+02
5.799999999999999600e-01 -3.999229458667862502e+00 3.347820545333102018e+02
5.899999999999999689e-01 -6.808432951026698987e+00 2.319601604971439883e+02
5.999999999999999778e-01 -8.723890563580905422e+00 1.548431763827030636e+02
6.099999999999999867e-01 -9.970062359713793398e+00 9.720629454264235392e+01
6.199999999999999956e-01 -1.071716275079672798e+01 5.435096640552347935e+01
6.300000000000000044e-01 -1.109440298849987272e+01 2.272031586022637839e+01
6.400000000000000133e-01 -1.119991466295294735e+01 -3.853370233574935355e-01
6.500000000000000222e-01 -1.110821314918951330e+01 -1.701979934573287778e+01
6.600000000000000311e-01 -1.087583004038419432e+01 -2.874862605205260024e+01
6.700000000000000400e-01 -1.054557733691291332e+01 -3.676714096188720760e+01
6.800000000000000488e-01 -1.014978532814081191e+01 -4.198913267664620719e+01
6.900000000000000577e-01 -9.712767881447710749e+00 -4.511374500273248600e+01
7.000000000000000666e-01 -9.252704149564012326e+00 -4.667608960193557266e+01
7.099999999999999645e-01 -8.783078047084160289e+00 -4.708566158337593066e+01
7.199999999999999734e-01 -8.313781594132674257e+00 -4.665558286569635271e+01
7.299999999999999822e-01 -7.851962044769226878e+00 -4.562492429358776747e+01
7.399999999999999911e-01 -7.402673199779618685e+00 -4.417578796685202747e+01
7.500000000000000000e-01 -6.969376698418074945e+00 -4.244641038456573767e+01
7.600000000000000089e-01 -6.554328115773236263e+00 -4.054123479329125246e+01
7.700000000000000178e-01 -6.158874427678969532e+00 -3.853866863506348750e+01
7.800000000000000266e-01 -5.783683156775934364e+00 -3.649706823049999116e+01
7.900000000000000355e-01 -5.428918774592675689e+00 -3.445936251062504141e+01
8.000000000000000444e-01 -5.094378329813478601e+00 -3.245662953704594855e+01
8.100000000000000533e-01 -4.779595522955777831e+00 -3.051086550320614066e+01
8.200000000000000622e-01 -4.483920344059780128e+00 -2.863712982741803970e+01
8.300000000000000711e-01 -4.206579776599360443e+00 -2.684520734427868049e+01
8.399999999999999689e-01 -3.946723830361815732e+00 -2.514089614182853438e+01
8.499999999999999778e-01 -3.703460210092822003e+00 -2.352700479286482604e+01
8.599999999999999867e-01 -3.475880188397098003e+00 -2.200412373182313530e+01
8.699999999999999956e-01 -3.263077680009295989e+00 -2.057122093907248228e+01
8.800000000000000044e-01 -3.064163071524867110e+00 -1.922610086253603967e+01
8.900000000000000133e-01 -2.878273016578618115e+00 -1.796575683953117064e+01
9.000000000000000222e-01 -2.704577138770281941e+00 -1.678664057923563746e+01
9.100000000000000311e-01 -2.542282376100281294e+00 -1.568486707220584186e+01
9.200000000000000400e-01 -2.390635538024976636e+00 -1.465636926055205436e+01
9.300000000000000488e-01 -2.248924519243061582e+00 -1.369701366543541354e+01
9.400000000000000577e-01 -2.116478515085138401e+00 -1.280268572436111363e+01
9.500000000000000666e-01 -1.992667505783202619e+00 -1.196935168336764121e+01
9.599999999999999645e-01 -1.876901216203693767e+00 -1.119310239866079115e+01
9.699999999999999734e-01 -1.768627710151266852e+00 -1.047018323596196154e+01
9.799999999999999822e-01 -1.667331741220918984e+00 -9.797013342288101612e+00
9.899999999999999911e-01 -1.572532953154963664e+00 -9.170196848627927722e+00
1.000000000000000000e+00 -1.483783999999999992e+00 -8.586528000000001271e+00
1.010000000000000009e+00 -1.400668638688810974e+00 -8.042991768203396674e+00
1.020000000000000018e+00 -1.322799832920989571e+00 -7.536761156120815208e+00
1.030000000000000027e+00 -1.249817896542652296e+00 -7.065192130345650412e+00
1.040000000000000036e+00 -1.181388696369183311e+00 -6.625816905256801448e+00
1.050000000000000044e+00 -1.117201928035960856e+00 -6.216336133986719581e+00
1.060000000000000053e+00 -1.056969473591700348e+00 -5.834610430237622936e+00
1.070000000000000062e+00 -1.000423845845445081e+00 -5.478651541913805545e+00
1.080000000000000071e+00 -9.473167216877433905e-01 -5.146613417011856484e+00
1.090000000000000080e+00 -8.974175645293137604e-01 -4.836783339386696134e+00
1.100000000000000089e+00 0.000000000000000000e+00 -4.547573263139440769e+00
1.110000000000000098e+00 0.000000000000000000e+00 -4.277511436494101815e+00
1.120000000000000107e+00 0.000000000000000000e+00 -4.025234376808013437e+00
1.130000000000000115e+00 0.000000000000000000e+00 -3.789479235950034219e+00
1.140000000000000124e+00 0.000000000000000000e+00 -3.569076578222176277e+00
1.150000000000000133e+00 0.000000000000000000e+00 -3.362943580141118716e+00
1.159999999999999920e+00 0.000000000000000000e+00 -3.170077651824054321e+00
1.169999999999999929e+00 0.000000000000000000e+00 -2.989550472717491303e+00
1.179999999999999938e+00 0.000000000000000000e+00 -2.820502429398195066e+00
1.189999999999999947e+00 0.000000000000000000e+00 -2.662137439712012110e+00
1.199999999999999956e+00 0.000000000000000000e+00 -2.513718145244082436e+00
