0.000000000000000000e+00 9.294065331175664124e+21 1.115355919870337637e+25
1.000000000000000021e-02 4.647599999568838656e+21 5.577119999741302804e+24
2.000000000000000042e-02 1.134667962013124608e+18 6.808007792289373225e+20
2.999999999999999889e-02 8.745278752833075000e+15 3.498111619421295104e+18
4.000000000000000083e-02 2.770184417944335000e+14 8.310554832788083200e+16
5.000000000000000278e-02 1.903654200575998828e+13 4.568773392691197000e+15
5.999999999999999778e-02 2.135068723655354980e+12 4.270146688565853750e+14
7.000000000000000666e-02 3.357743544344185181e+11 5.756163202871723438e+13
8.000000000000000167e-02 6.762983647048471069e+10 1.014459882643818555e+13
8.999999999999999667e-02 1.645497465245136070e+10 2.194050707233955566e+12
1.000000000000000056e-01 4.647168839999997139e+09 5.576861303999996338e+11
1.100000000000000006e-01 1.480625209810972452e+09 1.615360253564523621e+11
1.199999999999999956e-01 5.211148741653518081e+08 5.211870714711644745e+10
1.300000000000000044e-01 1.993948793907084465e+08 1.840980391737996292e+10
1.400000000000000133e-01 8.191979298436954618e+07 7.024150648346054077e+09
1.499999999999999944e-01 3.578281201307390630e+07 2.864139048288711071e+09
1.600000000000000033e-01 1.648589295495184511e+07 1.237405689320439339e+09
1.700000000000000122e-01 7.959175859470752999e+06 5.624546234016103745e+08
1.799999999999999933e-01 4.004849249324946664e+06 2.674125039167720675e+08
1.900000000000000022e-01 2.090672076570283622e+06 1.323318575901616365e+08
2.000000000000000111e-01 1.127931093749999302e+06 6.787797187499995530e+07
2.099999999999999922e-01 6.267984223573097261e+05 3.596068584470959753e+07
2.200000000000000011e-01 3.577373924050310743e+05 1.961666113957072049e+07
2.300000000000000100e-01 2.091650194744486071e+05 1.098893676317227446e+07
2.399999999999999911e-01 1.250043978596055676e+05 6.306624038146493956e+06
2.500000000000000000e-01 7.620775772160000633e+04 3.700357123276799917e+06
2.600000000000000089e-01 4.730647836824269325e+04 2.215584853227423504e+06
2.700000000000000178e-01 2.985156513486886251e+04 1.351467324287395226e+06
2.800000000000000266e-01 1.911920311187272455e+04 8.385671286792117171e+05
2.899999999999999800e-01 1.241083240540461520e+04 5.285486628418137552e+05
2.999999999999999889e-01 8.153839015055296841e+03 3.379823671865740907e+05
3.099999999999999978e-01 5.414682527446893801e+03 2.190034282150442014e+05
3.200000000000000067e-01 3.629601372203693245e+03 1.436390959814736852e+05
3.300000000000000155e-01 2.452662861545280066e+03 9.525778854757462977e+04
3.400000000000000244e-01 1.668415864480275786e+03 6.381061803977804811e+04
3.500000000000000333e-01 1.140799596810561070e+03 4.313393766159115330e+04
3.599999999999999867e-01 7.827691068283727418e+02 2.939350638731783329e+04
3.699999999999999956e-01 5.379594744658411400e+02 2.017240419724971798e+04
3.800000000000000044e-01 3.694574785286943097e+02 1.392809896370669776e+04
3.900000000000000133e-01 2.528323597958078608e+02 9.664570554632849962e+03
4.000000000000000222e-01 1.717548751831053551e+02 6.731601333618159515e+03
4.100000000000000311e-01 1.152102365744473786e+02 4.700326939115151617e+03
4.199999999999999845e-01 7.570491987150333557e+01 3.285131605751966163e+03
4.299999999999999933e-01 4.810057223864120601e+01 2.294064462483244824e+03
4.400000000000000022e-01 2.884804761488658187e+01 1.597018551612895408e+03
4.500000000000000111e-01 1.547946845302457319e+01 1.105098236387173074e+03
4.600000000000000200e-01 6.268356980939628897e+00 7.571100542663593842e+02
4.700000000000000289e-01 2.884785309689164023e-04 5.106354626101932013e+02
4.799999999999999822e-01 -4.183117177553761223e+00 3.360794546722228233e+02
4.899999999999999911e-01 -6.891120701487871258e+00 2.126698852559575812e+02
5.000000000000000000e-01 -8.557670399999999233e+00 1.257467904000000090e+02
5.100000000000000089e-01 -9.492690217092286886e+00 6.491194116462264674e+01
5.200000000000000178e-01 -9.917943492198254773e+00 2.275663516254584806e+01
5.300000000000000266e-01 -9.992258464620858760e+00 -6.018867009278267233e+00
5.400000000000000355e-01 -9.829368219340825163e+00 -2.521871681954235100e+01
5.500000000000000444e-01 -9.510591361599026072e+00 -3.758131225691900568e+01
5.600000000000000533e-01 -9.093887477794702079e+00 -4.508222363950004308e+01
5.700000000000000622e-01 -8.620351238030101726e+00 -4.914882040521187889e+01
5.799999999999999600e-01 -8.118887418685655888e+00 -5.081309747521569875e+01
5.899999999999999689e-01 -7.609587753364655427e+00 -5.082100384141409677e+01
5.999999999999999778e-01 -7.106177179122424192e+00 -4.971099214211925243e+01
6.099999999999999867e-01 -6.617790192466002530e+00 -4.787067909780385122e+01
6.199999999999999956e-01 -6.150263148001352320e+00 -4.557786492852937954e+01
6.300000000000000044e-01 -5.707075571136241976e+00 -4.303032637664459514e+01
6.400000000000000133e-01 -5.290036188447880150e+00 -4.036751819093538529e+01
6.500000000000000222e-01 -4.899782783865269664e+00 -3.768641979872489145e+01
6.600000000000000311e-01 -4.536145971947153299e+00 -3.505313031011232283e+01
6.700000000000000400e-01 -4.198413321583780444e+00 -3.251136581447592278e+01
6.800000000000000488e-01 -3.885520413333150014e+00 -3.008869296136568039e+01
6.900000000000000577e-01 -3.596188281777286555e+00 -2.780110386025668845e+01
7.000000000000000666e-01 -3.329021511573790004e+00 -2.565637279148434402e+01
7.099999999999999645e-01 -3.082577476656506388e+00 -2.365651648519584782e+01
7.199999999999999734e-01 -2.855414447475112194e+00 -2.179959371022005854e+01
7.299999999999999822e-01 -2.646124262936932148e+00 -2.008101737362384753e+01
7.399999999999999911e-01 -2.453353771765949709e+00 -1.849450670025226628e+01
7.500000000000000000e-01 -2.275818147938153402e+00 -1.703277365919151976e+01
7.600000000000000089e-01 -2.112308372081432850e+00 -1.568801327907744358e+01
7.700000000000000178e-01 -1.961694569176608116e+00 -1.445224943640725357e+01
7.800000000000000266e-01 -1.822926447059062482e+00 -1.331757437067794569e+01
7.900000000000000355e-01 -1.695031749463059789e+00 -1.227631031656407323e+01
8.000000000000000444e-01 -1.577113391831516553e+00 -1.132111432962119046e+01
8.100000000000000533e-01 -1.468345765853850127e+00 -1.044504194909162109e+01
8.200000000000000622e-01 -1.367970563460916944e+00 -9.641581299431020824e+00
8.300000000000000711e-01 -1.275292370780451767e+00 -8.904666221385193481e+00
8.399999999999999689e-01 -1.189674208419249757e+00 -8.228674778798328759e+00
8.499999999999999778e-01 -1.110533139756220811e+00 -7.608417813050197154e+00
8.599999999999999867e-01 -1.037336028760843964e+00 -7.039120968100061937e+00
8.699999999999999956e-01 -9.695954995056056402e-01 -6.516402677899915119e+00
8.800000000000000044e-01 -9.068661282619585595e-01 -6.036249914313726705e+00
8.900000000000000133e-01 -8.487408837945159545e-01 -5.594992977896978026e+00
9.000000000000000222e-01 -7.948478206531421897e-01 -5.189280231313894376e+00
9.100000000000000311e-01 -7.448470227503686258e-01 -4.816053392389853194e+00
9.200000000000000400e-01 -6.984277894353475569e-01 -4.472523795772708866e+00
9.300000000000000488e-01 -6.553060529862648753e-01 -4.156149880116895012e+00
9.400000000000000577e-01 -6.152220144550464287e-01 -3.864616047490965212e+00
9.500000000000000666e-01 -5.779379837484402982e-01 -3.595812962729963758e+00
9.599999999999999645e-01 -5.432364094475906624e-01 -3.347819304727172707e+00
9.699999999999999734e-01 -5.109180839529607887e-01 -3.118884943182179015e+00
9.799999999999999822e-01 -4.808005099440578745e-01 -2.907415488580401774e+00
9.899999999999999911e-01 -4.527164147542537265e-01 -2.711958146781868972e+00
1.000000000000000000e+00 -4.265124000000000137e-01 -2.531188799999999794e+00
1.010000000000000009e+00 -4.020477146128614288e-01 -2.363900231248627914e+00
1.020000000000000018e+00 -3.791931402605652202e-01 -2.208991408104305609e+00
1.030000000000000027e+00 -3.578299789805394759e-01 -2.065457742811774189e+00
1.040000000000000036e+00 -3.378491336661813005e-01 -1.932382248568575100e+00
1.050000000000000044e+00 -3.191502728291262247e-01 -1.808927515682309917e+00
1.060000000000000053e+00 -3.016410718018103787e-01 -1.694328435779150155e+00
1.070000000000000062e+00 -2.852365232389602046e-01 -1.587885607049680292e+00
1.080000000000000071e+00 -2.698583104222362361e-01 -1.488959358430850699e+00
1.090000000000000080e+00 -2.554342374688507999e-01 -1.396964335488764641e+00
1.100000000000000089e+00 0.000000000000000000e+00 -1.311364595482937601e+00
1.110000000000000098e+00 0.000000000000000000e+00 -1.231669163591291971e+00
1.120000000000000107e+00 0.000000000000000000e+00 -1.157428006515361929e+00
1.130000000000000115e+00 0.000000000000000000e+00 -1.088228383645143849e+00
1.140000000000000124e+00 0.000000000000000000e+00 -1.023691539634424830e+00
1.150000000000000133e+00 0.000000000000000000e+00 -9.634697056216244837e-01
1.159999999999999920e+00 0.000000000000000000e+00 -9.072433794361193238e-01
1.169999999999999929e+00 0.000000000000000000e+00 -8.547188579679187992e-01
1.179999999999999938e+00 0.000000000000000000e+00 -8.056259974644034427e-01
1.189999999999999947e+00 0.000000000000000000e+00 -7.597161798679468170e-01
1.199999999999999956e+00 0.000000000000000000e+00 -7.167604654398024300e-01
