0.000000000000000000e+00 1.678075131572511310e+21 2.013813078942884418e+24
1.000000000000000021e-02 8.391399998672497541e+20 1.006967999920349783e+24
2.000000000000000042e-02 2.048681619882811840e+17 1.229208978152343470e+20
2.999999999999999889e-02 1.578989771630812000e+15 6.315959450720779520e+17
4.000000000000000083e-02 5.001660920715330469e+13 1.500498762359618800e+16
5.000000000000000278e-02 3.437108943999998047e+12 8.249071660799995000e+14
5.999999999999999778e-02 3.854927488790502319e+11 7.709883430513104688e+13
7.000000000000000666e-02 6.062473597358953094e+10 1.039290859744810156e+13
8.000000000000000167e-02 1.221058774366974449e+10 1.831626141630112793e+12
8.999999999999999667e-02 2.970898375792566776e+09 3.961364362753538818e+11
1.000000000000000056e-01 8.390072499999995232e+08 1.006888349999999390e+11
1.100000000000000006e-01 2.673009304592542052e+08 2.916418880905761719e+10
1.199999999999999956e-01 9.407067758955761790e+07 9.409290644275979996e+09
1.300000000000000044e-01 3.599004968421878666e+07 3.323427785097793579e+09
1.400000000000000133e-01 1.478360584021386504e+07 1.267921810667072058e+09
1.499999999999999944e-01 6.455888529488695785e+06 5.169372551986019015e+08
1.600000000000000033e-01 2.973311639834718313e+06 2.232950923598763943e+08
1.700000000000000122e-01 1.434781723557167454e+06 1.014728178515118062e+08
1.799999999999999933e-01 7.214749622672321275e+05 4.822843110176045448e+07
1.900000000000000022e-01 3.763109587896618759e+05 2.385611466731604934e+07
2.000000000000000111e-01 2.027939453124998836e+05 1.222986328124999255e+07
2.099999999999999922e-01 1.125304455760968558e+05 6.474534431983889081e+06
2.200000000000000011e-01 6.410646822845018323e+04 3.528648514541020617e+06
2.300000000000000100e-01 3.739458270331400854e+04 1.974414975970700383e+06
2.399999999999999911e-01 2.228267629054819554e+04 1.131500106091597583e+06
2.500000000000000000e-01 1.353468903424000018e+04 6.627149296435200376e+05
2.600000000000000089e-01 8.363618954418217982e+03 3.959300005457318621e+05
2.700000000000000178e-01 5.248088504473006651e+03 2.408628436121319537e+05
2.800000000000000266e-01 3.338105475235544418e+03 1.489647553462399228e+05
2.899999999999999800e-01 2.148517360553012622e+03 9.352159105712907331e+04
2.999999999999999889e-01 1.396891188297478720e+03 5.951762284054113843e+04
3.099999999999999978e-01 9.157775398220306897e+02 3.834448885252317996e+04
3.200000000000000067e-01 6.042048570353839523e+02 2.497580223470574128e+04
3.300000000000000155e-01 4.003248543318954944e+02 1.642617662627616301e+04
3.400000000000000244e-01 2.656980045926981120e+02 1.089404501829916808e+04
3.500000000000000333e-01 1.761087318399034416e+02 7.275981808036582152e+03
3.599999999999999867e-01 1.161097230496177986e+02 4.886732569974023136e+03
3.699999999999999956e-01 7.573195410857815091e+01 3.295194185990921142e+03
3.800000000000000044e-01 4.847241332801238656e+01 2.226854224918605269e+03
3.900000000000000133e-01 3.004684677615629340e+01 1.504926550897268498e+03
4.000000000000000222e-01 1.760697364807126775e+01 1.014354228973387990e+03
4.100000000000000311e-01 9.243413108115841936e+00 6.795158243781270357e+02
4.199999999999999845e-01 3.666544345660863513e+00 4.502525989926274974e+02
4.299999999999999933e-01 -5.241478545237043818e-04 2.930116656875713943e+02
4.400000000000000022e-01 -2.357569232564705075e+00 1.851719207035762338e+02
4.500000000000000111e-01 -3.816899993646812206e+00 1.113723053848609652e+02
4.600000000000000200e-01 -4.663125890713601507e+00 6.111315724949031392e+01
4.700000000000000289e-01 -5.093323702304752842e+00 2.717515235879281477e+01
4.799999999999999822e-01 -5.244233020313791016e+00 4.568327337373119690e+00
4.899999999999999911e-01 -5.210796844445036768e+00 -1.017211457441806033e+01
5.000000000000000000e-01 -5.058882560000000694e+00 -1.946118143999999006e+01
5.100000000000000089e-01 -4.834061217941194144e+00 -2.498726556268825050e+01
5.200000000000000178e-01 -4.567698798519130854e+00 -2.793329292040321121e+01
5.300000000000000266e-01 -4.281202684879280795e+00 -2.912898813037438117e+01
5.400000000000000355e-01 -3.988994524492769145e+00 -2.915630998874090096e+01
5.500000000000000444e-01 -3.700598969263163784e+00 -2.842284467770293688e+01
5.600000000000000533e-01 -3.422115567146299053e+00 -2.721314066539372334e+01
5.700000000000000622e-01 -3.157258298328474044e+00 -2.572477144771865198e+01
5.799999999999999600e-01 -2.908090815118503425e+00 -2.409376794395835475e+01
5.899999999999999689e-01 -2.675546733623840101e+00 -2.241261468191570572e+01
5.999999999999999778e-01 -2.459797615704284013e+00 -2.074302021532023232e+01
6.099999999999999867e-01 -2.260512748897520741e+00 -1.912499966472423907e+01
6.199999999999999956e-01 -2.077041908585222529e+00 -1.758334474232942668e+01
6.300000000000000044e-01 -1.908543229777822425e+00 -1.613223674666778251e+01
6.400000000000000133e-01 -1.754071939725956097e+00 -1.477853562080824190e+01
6.500000000000000222e-01 -1.612641194608144479e+00 -1.352412277181438860e+01
6.600000000000000311e-01 -1.483263063939492143e+00 -1.236756625040586499e+01
6.700000000000000400e-01 -1.364975427252060669e+00 -1.130529995181012026e+01
6.800000000000000488e-01 -1.256858918958828175e+00 -1.033245401312134959e+01
6.900000000000000577e-01 -1.158046890173148213e+00 -9.443434845712133097e+00
7.000000000000000666e-01 -1.067730517789722722e+00 -8.632325601083579159e+00
7.099999999999999645e-01 -9.851605875642575061e-01 -7.893158080323012804e+00
7.199999999999999734e-01 -9.096470427735218189e-01 -7.220092887474613086e+00
7.299999999999999822e-01 -8.405570759779665835e-01 -6.607534395329325960e+00
7.399999999999999911e-01 -7.773123146448490672e-01 -6.050199707211596056e+00
7.500000000000000000e-01 -7.193854876943255316e-01 -5.543155457430193778e+00
7.600000000000000089e-01 -6.662968419842923984e-01 -5.081832424157385120e+00
7.700000000000000178e-01 -6.176104927905100572e-01 -4.662025122581719749e+00
7.800000000000000266e-01 -5.729308313848792134e-01 -4.279881509766187087e+00
7.900000000000000355e-01 -5.318990692853545754e-01 -3.931886454486904103e+00
8.000000000000000444e-01 -4.941899678669868790e-01 -3.614841552916912892e+00
8.100000000000000533e-01 -4.595087803091476020e-01 -3.325843093947165929e+00
8.200000000000000622e-01 -4.275884177776183570e-01 -3.062259416074101903e+00
8.300000000000000711e-01 -3.981868414566535619e-01 -2.821708492846765726e+00
8.399999999999999689e-01 -3.710846752096087497e-01 -2.602036293378093834e+00
8.499999999999999778e-01 -3.460830292759383142e-01 -2.401296257373418896e+00
8.599999999999999867e-01 -3.230015227922141685e-01 -2.217730077843577341e+00
8.699999999999999956e-01 -3.016764915348554843e-01 -2.049749882559386727e+00
8.800000000000000044e-01 -2.819593667446874674e-01 -1.895921835219637197e+00
8.900000000000000133e-01 -2.637152109347524753e-01 -1.754951130347486732e+00
9.000000000000000222e-01 -2.468213970060089690e-01 -1.625668325584474605e+00
9.100000000000000311e-01 -2.311664176596195108e-01 -1.507016936550150898e+00
9.200000000000000400e-01 -2.166488128993323825e-01 -1.398042209296170180e+00
9.300000000000000488e-01 -2.031762042927437173e-01 -1.297880981068635364e+00
9.400000000000000577e-01 -1.906644255574575508e-01 -1.205752539757940944e+00
9.500000000000000666e-01 -1.790367399245613445e-01 -1.120950394728305932e+00
9.599999999999999645e-01 -1.682231355859892530e-01 -1.042834875721600829e+00
9.699999999999999734e-01 -1.581596913409648586e-01 -9.708264815391074443e-01
9.799999999999999822e-01 -1.487880053122897228e-01 -9.043999057392045904e-01
9.899999999999999911e-01 -1.400546803022831577e-01 -8.430786723143459671e-01
1.000000000000000000e+00 -1.319108600000000187e-01 -7.864303200000000160e-01
1.010000000000000009e+00 -1.243118108371069341e-01 -7.340620793715916248e-01
1.020000000000000018e+00 -1.172165448218594058e-01 -6.856169921088340891e-01
1.030000000000000027e+00 -1.105874791620899827e-01 -6.407704266956786299e-01
1.040000000000000036e+00 -1.043901289224922202e-01 -5.992269493517747847e-01
1.050000000000000044e+00 -9.859282935242277834e-02 -5.607175131504756882e-01
1.060000000000000053e+00 -9.316648487161503789e-02 -5.249969320746963319e-01
1.070000000000000062e+00 -8.808434201616474613e-02 -4.918416102094624320e-01
1.080000000000000071e+00 -8.332178392930193744e-02 -4.610474993881761852e-01
1.090000000000000080e+00 -7.885614423399239792e-02 -4.324282614207460851e-01
1.100000000000000089e+00 0.000000000000000000e+00 -4.058136135594107574e-01
1.110000000000000098e+00 0.000000000000000000e+00 -3.810478381261222514e-01
1.120000000000000107e+00 0.000000000000000000e+00 -3.579884392569691598e-01
1.130000000000000115e+00 0.000000000000000000e+00 -3.365049315365298832e-01
1.140000000000000124e+00 0.000000000000000000e+00 -3.164777469191056292e-01
1.150000000000000133e+00 0.000000000000000000e+00 -2.977972477838805587e-01
1.159999999999999920e+00 0.000000000000000000e+00 -2.803628352650285871e-01
1.169999999999999929e+00 0.000000000000000000e+00 -2.640821431519293494e-01
1.179999999999999938e+00 0.000000000000000000e+00 -2.488703086837813494e-01
1.189999999999999947e+00 0.000000000000000000e+00 -2.346493124803680774e-01
1.199999999999999956e+00 0.000000000000000000e+00 -2.213473806686453715e-01
