0.000000000000000000e+00 1.294521957804600197e+21 1.553521174682279948e+24
1.000000000000000021e-02 6.473399998975938396e+20 7.768079999385561874e+23
2.000000000000000042e-02 1.580419905874062080e+17 9.482519483247183462e+19
2.999999999999999889e-02 1.218084275293073750e+15 4.872337382121539840e+17
4.000000000000000083e-02 3.858444574743651562e+13 1.157533747445068000e+16
5.000000000000000278e-02 2.651498086015998535e+12 6.363603271219196250e+14
5.999999999999999778e-02 2.973816956523045044e+11 5.947655862205896875e+13
7.000000000000000666e-02 4.676790118116596985e+10 8.017429097054546875e+12
8.000000000000000167e-02 9.419646156042812347e+09 1.412976221998035400e+12
8.999999999999999667e-02 2.291848031611592293e+09 3.055925838785983276e+11
1.000000000000000056e-01 6.472375939999996424e+08 7.767465563999995422e+10
1.100000000000000006e-01 2.062046680193413198e+08 2.249820772123438263e+10
1.199999999999999956e-01 7.256919334607283771e+07 7.258634112717279434e+09
1.300000000000000044e-01 2.776390001139559597e+07 2.563800743531918526e+09
1.400000000000000133e-01 1.140455656078731827e+07 9.781163011731507778e+08
1.499999999999999944e-01 4.980283391127144918e+06 3.987822863244652152e+08
1.600000000000000033e-01 2.293709799581847154e+06 1.722571302156210840e+08
1.700000000000000122e-01 1.106837547387806466e+06 7.827944797744359076e+07
1.799999999999999933e-01 5.565693968253958737e+05 3.720498841116702557e+07
1.900000000000000022e-01 2.902985987106643734e+05 1.840338706053486839e+07
2.000000000000000111e-01 1.564418984374999127e+05 9.434516718749994412e+06
2.099999999999999922e-01 8.680968030101353361e+04 4.994667862695403397e+06
2.200000000000000011e-01 4.945383799575996818e+04 2.722115105428279378e+06
2.300000000000000100e-01 2.884741368541831980e+04 1.523128488391493214e+06
2.399999999999999911e-01 1.718959299987235499e+04 8.728763539779657731e+05
2.500000000000000000e-01 1.044110802944000170e+04 5.112401048371199868e+05
2.600000000000000089e-01 6.451974249553641130e+03 3.054334582968431641e+05
2.700000000000000178e-01 4.048551210381699548e+03 1.858095601440795290e+05
2.800000000000000266e-01 2.575127074086278299e+03 1.149163519917180383e+05
2.899999999999999800e-01 1.657439289779822730e+03 7.214566811670108291e+04
2.999999999999999889e-01 1.077609792996777287e+03 4.591388417528947321e+04
3.099999999999999978e-01 7.064625998540204819e+02 2.958022767839226435e+04
3.200000000000000067e-01 4.661049278933403457e+02 1.926717891305162266e+04
3.300000000000000155e-01 3.088249710479803980e+02 1.267171280880515224e+04
3.400000000000000244e-01 2.049692086217302744e+02 8.404041348034104885e+03
3.500000000000000333e-01 1.358569437276137819e+02 5.612945696128078453e+03
3.599999999999999867e-01 8.957160637685603888e+01 3.769797994910551552e+03
3.699999999999999956e-01 5.842275942749621720e+01 2.542031058351946285e+03
3.800000000000000044e-01 3.739376232600285022e+01 1.717876909540427505e+03
3.900000000000000133e-01 2.317959778524106440e+01 1.160956856345409051e+03
4.000000000000000222e-01 1.358300590515135653e+01 7.825121498107905609e+02
4.100000000000000311e-01 7.131025517516782486e+00 5.242058899642083816e+02
4.199999999999999845e-01 2.828799068690202034e+00 3.473439448893716985e+02
4.299999999999999933e-01 -1.377489176981328001e-04 2.260424878071038677e+02
4.400000000000000022e-01 -1.818473651809124902e+00 1.428508338250180998e+02
4.500000000000000111e-01 -2.944278354540802667e+00 8.591893948638920619e+01
4.600000000000000200e-01 -3.597109721027806906e+00 4.714700541013192492e+01
4.700000000000000289e-01 -3.928999895401241282e+00 2.096579585652284550e+01
4.799999999999999822e-01 -4.045434824386019201e+00 3.525879268069886052e+00
4.899999999999999911e-01 -4.019657100834995056e+00 -7.845610495501517789e+00
5.000000000000000000e-01 -3.902479359999999620e+00 -1.501169663999999671e+01
5.100000000000000089e-01 -3.729056917643091218e+00 -1.927486592917641417e+01
5.200000000000000178e-01 -3.523586781511109933e+00 -2.154767084329912308e+01
5.300000000000000266e-01 -3.302583529210727953e+00 -2.247019195186939555e+01
5.400000000000000355e-01 -3.077172678220151170e+00 -2.249137449513850129e+01
5.500000000000000444e-01 -2.854702014383570408e+00 -2.192564643030071281e+01
5.600000000000000533e-01 -2.639877062181090306e+00 -2.099251995282814676e+01
5.700000000000000622e-01 -2.435563020967334236e+00 -1.984441155577029292e+01
5.799999999999999600e-01 -2.243351956376296030e+00 -1.858626147660437056e+01
5.899999999999999689e-01 -2.063964173056067164e+00 -1.728941659567956179e+01
5.999999999999999778e-01 -1.897532090227325607e+00 -1.600148199659040316e+01
6.099999999999999867e-01 -1.743800646272382293e+00 -1.475332757006352935e+01
6.199999999999999956e-01 -1.602268288990779110e+00 -1.356407923113813574e+01
6.300000000000000044e-01 -1.472285621361826946e+00 -1.244467755743033699e+01
6.400000000000000133e-01 -1.353123853857235881e+00 -1.140041509535940278e+01
6.500000000000000222e-01 -1.244021736751624196e+00 -1.043274370349834967e+01
6.600000000000000311e-01 -1.144217177591879242e+00 -9.540559139692902590e+00
6.700000000000000400e-01 -1.052967990812975430e+00 -8.721110746005239278e+00
6.800000000000000488e-01 -9.695649700981462393e-01 -7.970642053413238060e+00
6.900000000000000577e-01 -8.933395737076800236e-01 -7.284838245305553350e+00
7.000000000000000666e-01 -8.236678661776720700e-01 -6.659135096227441153e+00
7.099999999999999645e-01 -7.599718941748980772e-01 -6.088928737005118386e+00
7.199999999999999734e-01 -7.017193385989179966e-01 -5.569714635382875478e+00
7.299999999999999822e-01 -6.484220427450866353e-01 -5.097176288130812694e+00
7.399999999999999911e-01 -5.996338414075420564e-01 -4.667238423579532558e+00
7.500000000000000000e-01 -5.549479895201160362e-01 -4.276095393364380826e+00
7.600000000000000089e-01 -5.139943978671741576e-01 -3.920222447546491296e+00
7.700000000000000178e-01 -4.764368178553191058e-01 -3.596375422686462375e+00
7.800000000000000266e-01 -4.419700703146570153e-01 -3.301582801479162832e+00
7.900000000000000355e-01 -4.103173797178255588e-01 -3.033132962250644660e+00
8.000000000000000444e-01 -3.812278513796625856e-01 -2.788558609317986825e+00
8.100000000000000533e-01 -3.544741124488146045e-01 -2.565619775747498554e+00
8.200000000000000622e-01 -3.298501258718959939e-01 -2.362286356602363302e+00
8.300000000000000711e-01 -3.071691785774872674e-01 -2.176720818385343925e+00
8.399999999999999689e-01 -2.862620398531429133e-01 -2.007261506286460051e+00
8.499999999999999778e-01 -2.669752825166463728e-01 -1.852406811116267926e+00
8.599999999999999867e-01 -2.491697574613334076e-01 -1.710800344953434138e+00
8.699999999999999956e-01 -2.327192110829241489e-01 -1.581217195761758676e+00
8.800000000000000044e-01 -2.175090346805035602e-01 -1.462551277164582109e+00
8.900000000000000133e-01 -2.034351349560654110e-01 -1.353803753338713500e+00
9.000000000000000222e-01 -1.904029150634450329e-01 -1.254072495579184210e+00
9.100000000000000311e-01 -1.783263561696830368e-01 -1.162542512812698492e+00
9.200000000000000400e-01 -1.671271901126632486e-01 -1.078477290515132525e+00
9.300000000000000488e-01 -1.567341544140427867e-01 -1.001210969158943698e+00
9.400000000000000577e-01 -1.470823215986078458e-01 -9.301412930576828941e-01
9.500000000000000666e-01 -1.381124954549525774e-01 -8.647232622585662165e-01
9.599999999999999645e-01 -1.297706675312736146e-01 -8.044634232212298786e-01
9.699999999999999734e-01 -1.220075277838445355e-01 -7.489147378845533165e-01
9.799999999999999822e-01 -1.147780238785861828e-01 -6.976719749925062164e-01
9.899999999999999911e-01 -1.080409641853956049e-01 -6.503675719664485655e-01
1.000000000000000000e+00 -1.017586600000000008e-01 -6.066679200000000272e-01
1.010000000000000009e+00 -9.589660297995913907e-02 -5.662700292978772865e-01
1.020000000000000018e+00 -9.042317419187814731e-02 -5.288985354093947988e-01
1.030000000000000027e+00 -8.530938153830218418e-02 -4.943030113785906177e-01
1.040000000000000036e+00 -8.052862266784613365e-02 -4.622555539256018586e-01
1.050000000000000044e+00 -7.605647077368740683e-02 -4.325486150823105169e-01
1.060000000000000053e+00 -7.187048095644756052e-02 -4.049930536337525422e-01
1.070000000000000062e+00 -6.795001507045884959e-02 -3.794163833762465021e-01
1.080000000000000071e+00 -6.427608319006930526e-02 -3.556611976085966575e-01
1.090000000000000080e+00 -6.083120002744435428e-02 -3.335837514412609006e-01
1.100000000000000089e+00 0.000000000000000000e+00 -3.130526854582573737e-01
1.110000000000000098e+00 0.000000000000000000e+00 -2.939478760161760018e-01
1.120000000000000107e+00 0.000000000000000000e+00 -2.761593990318758074e-01
1.130000000000000115e+00 0.000000000000000000e+00 -2.595865955124264102e-01
1.140000000000000124e+00 0.000000000000000000e+00 -2.441372283336721849e-01
1.150000000000000133e+00 0.000000000000000000e+00 -2.297267208924267112e-01
1.159999999999999920e+00 0.000000000000000000e+00 -2.162774692554945699e-01
1.169999999999999929e+00 0.000000000000000000e+00 -2.037182203190399665e-01
1.179999999999999938e+00 0.000000000000000000e+00 -1.919835092857083148e-01
1.189999999999999947e+00 0.000000000000000000e+00 -1.810131504746532172e-01
1.199999999999999956e+00 0.000000000000000000e+00 -1.707517761105743492e-01
