0.000000000000000000e+00 1.917845859073946026e+21 2.301555515443656075e+24
1.000000000000000021e-02 9.590399998482876989e+20 1.150847999908972497e+24
2.000000000000000042e-02 2.341406226294999360e+17 1.404843742888499610e+20
2.999999999999999889e-02 1.804602748756593000e+15 7.218411411245849600e+17
4.000000000000000083e-02 5.716320148632810938e+13 1.714896600175780800e+16
5.000000000000000278e-02 3.928218130431997559e+12 9.427735164518393750e+14
5.999999999999999778e-02 4.405736420515167847e+11 8.811505358177110938e+13
7.000000000000000666e-02 6.928706393474905396e+10 1.187789292001892969e+13
8.000000000000000167e-02 1.395529004526137924e+10 2.093336911940573975e+12
8.999999999999999667e-02 3.395393364204741478e+09 4.527381467535329590e+11
1.000000000000000056e-01 9.588882879999994040e+08 1.150756972799999237e+11
1.100000000000000006e-01 3.054940619480642676e+08 3.333129607445481110e+10
1.199999999999999956e-01 1.075119101627991647e+08 1.075373141837182236e+10
1.300000000000000044e-01 4.113246690082235634e+07 3.798293765491059303e+09
1.400000000000000133e-01 1.689595300273834169e+07 1.449088068129408836e+09
1.499999999999999944e-01 7.378334688004880212e+06 5.907995359731750488e+08
1.600000000000000033e-01 3.398151786648667417e+06 2.552004867437061965e+08
1.700000000000000122e-01 1.639789867401012452e+06 1.159717073118071705e+08
1.799999999999999933e-01 8.245626396273421124e+05 5.511952644052609056e+07
1.900000000000000022e-01 4.300800428812694154e+05 2.726478482103629410e+07
2.000000000000000111e-01 2.317701249999998545e+05 1.397732249999999069e+07
2.099999999999999922e-01 1.286093575177530729e+05 7.399646246663808823e+06
2.200000000000000011e-01 7.326633335177152185e+04 4.032838695129151456e+06
2.300000000000000100e-01 4.273772439556645259e+04 2.256529078884554096e+06
2.399999999999999911e-01 2.546655359545817919e+04 1.293174571115930099e+06
2.500000000000000000e-01 1.546860888064000028e+04 7.574071227187199984e+05
2.600000000000000089e-01 9.558668581333813563e+03 4.525026547135698493e+05
2.700000000000000178e-01 5.997973618387082752e+03 2.752787205949901254e+05
2.800000000000000266e-01 3.815080858773957061e+03 1.702497547318951983e+05
2.899999999999999800e-01 2.455516856738900060e+03 1.068845710409143940e+05
2.999999999999999889e-01 1.596493217497333262e+03 6.802192348727330682e+04
3.099999999999999978e-01 1.046634497040600536e+03 4.382344613557029516e+04
3.200000000000000067e-01 6.905417907603348340e+02 2.854455734926374498e+04
3.300000000000000155e-01 4.575295933247606399e+02 1.877330380206558766e+04
3.400000000000000244e-01 3.036659200080089249e+02 1.245070132174716491e+04
3.500000000000000333e-01 2.012751295390157225e+02 8.315661005718655360e+03
3.599999999999999867e-01 1.327027002143930758e+02 5.585015517849099524e+03
3.699999999999999956e-01 8.655516773209143366e+01 3.766063270000397551e+03
3.800000000000000044e-01 5.540032420747200348e+01 2.545067862376716221e+03
3.900000000000000133e-01 3.434174910453722163e+01 1.719982853701683325e+03
4.000000000000000222e-01 2.012417602539060368e+01 1.159311218261717841e+03
4.100000000000000311e-01 1.056539490193759789e+01 7.766262046205915794e+02
4.199999999999999845e-01 4.191511440660182330e+00 5.146020227972389876e+02
4.299999999999999933e-01 3.345654062663072636e-04 3.348914834070821485e+02
4.400000000000000022e-01 -2.693615740565107330e+00 2.116411867329856591e+02
4.500000000000000111e-01 -4.361564667903888193e+00 1.272951446513405926e+02
4.600000000000000200e-01 -5.328790837221490051e+00 6.985339788260736782e+01
4.700000000000000289e-01 -5.820532606155904176e+00 3.106504660930752948e+01
4.799999999999999822e-01 -5.993069479725442683e+00 5.227101624217567633e+00
4.899999999999999911e-01 -5.954911948404135735e+00 -1.162032988398257771e+01
5.000000000000000000e-01 -5.781340160000000949e+00 -2.223734784000001241e+01
5.100000000000000089e-01 -5.524437673420950823e+00 -2.855360975824801528e+01
5.200000000000000178e-01 -5.220053110022327303e+00 -3.192107989707756843e+01
5.300000000000000266e-01 -4.892653415085533197e+00 -3.328805123156916324e+01
5.400000000000000355e-01 -4.558721521395908916e+00 -3.331964665595205588e+01
5.500000000000000444e-01 -4.229143559272605657e+00 -3.248169938684529257e+01
5.600000000000000533e-01 -3.910891076044770820e+00 -3.109942317966542547e+01
5.700000000000000622e-01 -3.608209120009942428e+00 -2.939862816206708729e+01
5.799999999999999600e-01 -3.323456546324219385e+00 -2.753478735395012933e+01
5.899999999999999689e-01 -3.057700659843793911e+00 -2.561360441380360342e+01
5.999999999999999778e-01 -2.811137783874410268e+00 -2.370560890108215801e+01
6.099999999999999867e-01 -2.583390165142336770e+00 -2.185653669371106034e+01
6.199999999999999956e-01 -2.373714855255142808e+00 -2.009472457904139375e+01
6.300000000000000044e-01 -2.181149857891270472e+00 -1.843638245578870638e+01
6.400000000000000133e-01 -2.004615543692300772e+00 -1.688935241492446693e+01
6.500000000000000222e-01 -1.842984182724951570e+00 -1.545578636716252063e+01
6.600000000000000311e-01 -1.695126787576331617e+00 -1.413404919683018335e+01
6.700000000000000400e-01 -1.559943855384831490e+00 -1.292006649026621545e+01
6.800000000000000488e-01 -1.436384735747129326e+00 -1.180827361571384948e+01
6.900000000000000577e-01 -1.323459017522750081e+00 -1.079227865974623768e+01
7.000000000000000666e-01 -1.220242369277602323e+00 -9.865320135532545720e+00
7.099999999999999645e-01 -1.125878578290008258e+00 -9.020577762431706503e+00
7.199999999999999734e-01 -1.039579035703532828e+00 -8.251378376027664885e+00
7.299999999999999822e-01 -9.606205564715117884e-01 -7.551327333842634992e+00
7.399999999999999911e-01 -8.883421635683431683e-01 -6.914387341753325700e+00
7.500000000000000000e-01 -8.221412788538332572e-01 -6.334920522017985611e+00
7.600000000000000089e-01 -7.614696280600963263e-01 -5.807705122053160807e+00
7.700000000000000178e-01 -7.058290702693639229e-01 -5.327935056209270215e+00
7.800000000000000266e-01 -6.547674925859782169e-01 -4.891208145369017934e+00
7.900000000000000355e-01 -6.078748609550367332e-01 -4.493507229798084701e+00
8.000000000000000444e-01 -5.647794827818868324e-01 -4.131177105009554928e+00
8.100000000000000533e-01 -5.251445121883683287e-01 -3.800899342277584303e+00
8.200000000000000622e-01 -4.886647115101493966e-01 -3.499666413273691656e+00
8.300000000000000711e-01 -4.550634708857303479e-01 -3.224756075488615537e+00
8.399999999999999689e-01 -4.240900799736279092e-01 -2.973706643095761049e+00
8.499999999999999778e-01 -3.955172408383678118e-01 -2.744293531265996400e+00
8.599999999999999867e-01 -3.691388080508740122e-01 -2.534507294747476713e+00
8.699999999999999956e-01 -3.447677404598631368e-01 -2.342533264816410110e+00
8.800000000000000044e-01 -3.222342484761138159e-01 -2.166732808600149607e+00
8.900000000000000133e-01 -3.013841207583851101e-01 -2.005626181102323269e+00
9.000000000000000222e-01 -2.820772146731879704e-01 -1.857876905573931259e+00
9.100000000000000311e-01 -2.641860956593440335e-01 -1.722277596726115023e+00
9.200000000000000400e-01 -2.475948115478815159e-01 -1.597737129689465352e+00
9.300000000000000488e-01 -2.321977888880031593e-01 -1.483269052690626921e+00
9.400000000000000577e-01 -2.178988393551593017e-01 -1.377981141032529111e+00
9.500000000000000666e-01 -2.046102653301956897e-01 -1.281065992606211346e+00
9.599999999999999645e-01 -1.922520547146454595e-01 -1.191792569734992924e+00
9.699999999999999734e-01 -1.807511559713101401e-01 -1.109498597875199666e+00
9.799999999999999822e-01 -1.700408252427330902e-01 -1.033583738021697229e+00
9.899999999999999911e-01 -1.600600381990283649e-01 -9.635034562089820342e-01
1.000000000000000000e+00 -1.507529600000000192e-01 -8.987635200000000379e-01
1.010000000000000009e+00 -1.420684674258879121e-01 -8.389150581438988841e-01
1.020000000000000018e+00 -1.339597178391217502e-01 -7.835501255530112896e-01
1.030000000000000027e+00 -1.263837601896903029e-01 -7.322977213362525939e-01
1.040000000000000036e+00 -1.193011837731426106e-01 -6.848202128002693900e-01
1.050000000000000044e+00 -1.126758008970070168e-01 -6.408101230827314421e-01
1.060000000000000053e+00 -1.064743600127393136e-01 -5.999872444205343047e-01
1.070000000000000062e+00 -1.006662862302604988e-01 -5.620960429955340620e-01
1.080000000000000071e+00 -9.522344645459770995e-02 -5.269033248639213296e-01
1.090000000000000080e+00 -9.011993667273615616e-02 -4.941961356879231992e-01
1.100000000000000089e+00 0.000000000000000000e+00 -4.637798698771895545e-01
1.110000000000000098e+00 0.000000000000000000e+00 -4.354765673391660652e-01
1.120000000000000107e+00 0.000000000000000000e+00 -4.091233783595195073e-01
1.130000000000000115e+00 0.000000000000000000e+00 -3.845711792106564775e-01
1.140000000000000124e+00 0.000000000000000000e+00 -3.616833229423795926e-01
1.150000000000000133e+00 0.000000000000000000e+00 -3.403345114659335757e-01
1.159999999999999920e+00 0.000000000000000000e+00 -3.204097765214724003e-01
1.169999999999999929e+00 0.000000000000000000e+00 -3.018035584379641922e-01
1.179999999999999938e+00 0.000000000000000000e+00 -2.844188727706594144e-01
1.189999999999999947e+00 0.000000000000000000e+00 -2.681665559497557472e-01
1.199999999999999956e+00 0.000000000000000000e+00 -2.529645820086258712e-01
