0.000000000000000000e+00 2.397267328725244969e+21 2.876896397234257393e+24
1.000000000000000021e-02 1.198779999810359656e+21 1.438535999886215577e+24
2.000000000000000042e-02 2.926708954743749120e+17 1.756025381735624212e+20
2.999999999999999889e-02 2.255715802417278000e+15 9.022863729943458560e+17
4.000000000000000083e-02 7.145280976501462500e+13 2.143584987432860400e+16
5.000000000000000278e-02 4.910190743039997070e+12 1.178447234764799250e+15
5.999999999999999778e-02 5.507078646912359619e+11 1.101419794025818906e+14
7.000000000000000666e-02 8.660738496612014771e+10 1.484711844391231641e+13
8.000000000000000167e-02 1.744382151827215576e+10 2.616627484180032227e+12
8.999999999999999667e-02 4.244170891132697105e+09 5.659132415588189697e+11
1.000000000000000056e-01 1.198590359999999285e+09 1.438422215999999084e+11
1.100000000000000006e-01 3.818612048187261224e+08 4.166342489855714417e+10
1.199999999999999956e-01 1.343876445704032481e+08 1.344193995965520859e+10
1.300000000000000044e-01 5.141472518637958914e+07 4.747787966280899048e+09
1.400000000000000133e-01 2.111958848186136037e+07 1.811329847599340916e+09
1.499999999999999944e-01 9.222764213073516265e+06 7.384870882118620872e+08
1.600000000000000033e-01 4.247618679037258029e+06 3.189952793591145277e+08
1.700000000000000122e-01 2.049703006690932671e+06 1.449622110178530812e+08
1.799999999999999933e-01 1.030686010929873562e+06 6.889825547703734040e+07
1.900000000000000022e-01 5.375910173818299081e+05 3.408041031767914444e+07
2.000000000000000111e-01 2.897077734374998254e+05 1.747136015624998882e+07
2.099999999999999922e-01 1.607589779644854134e+05 9.249402440746564418e+06
2.200000000000000011e-01 9.158136087517481064e+04 5.040963506300187670e+06
2.300000000000000100e-01 5.342124286188880069e+04 2.820613732993382961e+06
2.399999999999999911e-01 3.183264435440678062e+04 1.616440831899115583e+06
2.500000000000000000e-01 1.933542555648000052e+04 9.467427972710400354e+05
2.600000000000000089e-01 1.194812614667499292e+04 5.656186454692420084e+05
2.700000000000000178e-01 7.497333773717745316e+03 3.440924785541328602e+05
2.800000000000000266e-01 4.768764947597923310e+03 2.128085023061751272e+05
2.899999999999999800e-01 3.069339544173049944e+03 1.336033747631881852e+05
2.999999999999999889e-01 1.995578888343203744e+03 8.502589901795312471e+04
3.099999999999999978e-01 1.308267729724035917e+03 5.477832476971906726e+04
3.200000000000000067e-01 8.631598912156587176e+02 3.568004616527618782e+04
3.300000000000000155e-01 5.719000004540031341e+02 2.346619370887479818e+04
3.400000000000000244e-01 3.795740192579767154e+02 1.556308086093567908e+04
3.500000000000000333e-01 2.515879933990826203e+02 1.039437333630190369e+04
3.599999999999999867e-01 1.658741544173311695e+02 6.981128702289368448e+03
3.699999999999999956e-01 1.081909215144514462e+02 4.707480552884405370e+03
3.800000000000000044e-01 6.924819915100093226e+01 3.181265161391766014e+03
3.900000000000000133e-01 4.292557107502450719e+01 2.149928865414888151e+03
4.000000000000000222e-01 2.515402793884274502e+01 1.449103260040282066e+03
4.100000000000000311e-01 1.320585723973402281e+01 9.707568127214573224e+02
4.199999999999999845e-01 5.238725498895071553e+00 6.432335627271154408e+02
4.299999999999999933e-01 -8.229836698703252296e-05 4.186003866739739010e+02
4.400000000000000022e-01 -3.367399513240464159e+00 2.645411242107570615e+02
4.500000000000000111e-01 -5.452245889528605005e+00 1.591111960235425045e+02
4.600000000000000200e-01 -6.661211357212716067e+00 8.731093490058469797e+01
4.700000000000000289e-01 -7.275837887350729005e+00 3.882691346191066373e+01
4.799999999999999822e-01 -7.491470550808156048e+00 6.530534501488148180e+00
4.899999999999999911e-01 -7.443744329864969700e+00 -1.452796895154477852e+01
5.000000000000000000e-01 -7.226757120000000256e+00 -2.779865087999999673e+01
5.100000000000000089e-01 -6.905611685137130529e+00 -3.569353204159691018e+01
5.200000000000000178e-01 -6.525117554518210738e+00 -3.990253064804620919e+01
5.300000000000000266e-01 -6.115857480587179040e+00 -4.161098581448629830e+01
5.400000000000000355e-01 -5.698434433303994240e+00 -4.165028124347580984e+01
5.500000000000000444e-01 -5.286455551327343905e+00 -4.060269373690030648e+01
5.600000000000000533e-01 -4.888634871879577126e+00 -3.887472954937350522e+01
5.700000000000000622e-01 -4.510278403254099011e+00 -3.674864316556640631e+01
5.799999999999999600e-01 -4.154334483381488141e+00 -3.441876971953174547e+01
5.899999999999999689e-01 -3.822137065828248303e+00 -3.201723414824105873e+01
5.999999999999999778e-01 -3.513931417716172234e+00 -2.963219488381589173e+01
6.099999999999999867e-01 -3.229245241232196140e+00 -2.732081909279669674e+01
6.199999999999999956e-01 -2.967149768184337066e+00 -2.511852570668061801e+01
6.300000000000000044e-01 -2.726442438515656708e+00 -2.304557552024195388e+01
6.400000000000000133e-01 -2.505773664780111876e+00 -2.111176992799438779e+01
6.500000000000000222e-01 -2.303733744574989029e+00 -1.931979787283868077e+01
6.600000000000000311e-01 -2.118911412009952588e+00 -1.766761472402932753e+01
6.700000000000000400e-01 -1.949932263406408683e+00 -1.615012688910803718e+01
6.800000000000000488e-01 -1.795482965765951455e+00 -1.476037812697242124e+01
6.900000000000000577e-01 -1.654325489182626230e+00 -1.349037819040781372e+01
7.000000000000000666e-01 -1.525304406549318870e+00 -1.233167494002681508e+01
7.099999999999999645e-01 -1.407349441655116440e+00 -1.127574280235129045e+01
7.199999999999999734e-01 -1.299474825110534137e+00 -1.031424014471988215e+01
7.299999999999999822e-01 -1.200776568873733519e+00 -9.439173522662368754e+00
7.399999999999999911e-01 -1.110428446196430663e+00 -8.642996205343035143e+00
7.500000000000000000e-01 -1.027677229953127602e+00 -7.918660754695854287e+00
7.600000000000000089e-01 -9.518375736757890282e-01 -7.259639906787534791e+00
7.700000000000000178e-01 -8.822867982430429024e-01 -6.659925995425296286e+00
7.800000000000000266e-01 -8.184597600942029594e-01 -6.114016248814813537e+00
7.900000000000000355e-01 -7.598439146518866094e-01 -5.616889178383160264e+00
8.000000000000000444e-01 -7.059746445156631633e-01 -5.163975746836511505e+00
8.100000000000000533e-01 -6.564308909674626547e-01 -4.751127892395164309e+00
8.200000000000000622e-01 -6.108311057909309172e-01 -4.374586183468856859e+00
8.300000000000000711e-01 -5.688295257153914708e-01 -4.030947799539976728e+00
8.399999999999999689e-01 -5.301127620280529085e-01 -3.717135619027102766e+00
8.499999999999999778e-01 -4.943966916536469136e-01 -3.430368899103960256e+00
8.599999999999999867e-01 -4.614236322572264348e-01 -3.168135823461796452e+00
8.699999999999999956e-01 -4.309597819398827134e-01 -2.928168048124702771e+00
8.800000000000000044e-01 -4.027929033289151528e-01 -2.708417275301636451e+00
8.900000000000000133e-01 -3.767302319227873175e-01 -2.507033818173040274e+00
9.000000000000000222e-01 -3.525965891556080978e-01 -2.322347076155723222e+00
9.100000000000000311e-01 -3.302326815943978922e-01 -2.152847813756670892e+00
9.200000000000000400e-01 -3.094935688319919720e-01 -1.997172121639745779e+00
9.300000000000000488e-01 -2.902472838887351081e-01 -1.854086932363041562e+00
9.400000000000000577e-01 -2.723735912177909224e-01 -1.722476962765236985e+00
9.500000000000000666e-01 -2.557628686751007296e-01 -1.601332958282262631e+00
9.599999999999999645e-01 -2.403151010351894656e-01 -1.489741120192274115e+00
9.699999999999999734e-01 -2.259389737891289163e-01 -1.386873603941829680e+00
9.799999999999999822e-01 -2.125510570403205957e-01 -1.291979984611663523e+00
9.899999999999999911e-01 -2.000750703123474472e-01 -1.204379593758948541e+00
1.000000000000000000e+00 -1.884412199999999926e-01 -1.123454640000000060e+00
1.010000000000000009e+00 -1.775856020313443806e-01 -1.048644033558897126e+00
1.020000000000000018e+00 -1.674496630687656584e-01 -9.794378424690699525e-01
1.030000000000000027e+00 -1.579797142647104691e-01 -9.153723150986371460e-01
1.040000000000000036e+00 -1.491264922083692379e-01 -8.560254101381172820e-01
1.050000000000000044e+00 -1.408447622580071279e-01 -8.010127811305384204e-01
1.060000000000000053e+00 -1.330929599553113962e-01 -7.499841680470332728e-01
1.070000000000000062e+00 -1.258328666680647856e-01 -7.026201533358851226e-01
1.080000000000000071e+00 -1.190293160105223153e-01 -6.586292443274036623e-01
1.090000000000000080e+00 -1.126499279516146867e-01 -6.177452478927791812e-01
1.100000000000000089e+00 0.000000000000000000e+00 -5.797249068659380278e-01
1.110000000000000098e+00 0.000000000000000000e+00 -5.443457709773789066e-01
1.120000000000000107e+00 0.000000000000000000e+00 -5.114042779512049108e-01
1.130000000000000115e+00 0.000000000000000000e+00 -4.807140230128011393e-01
1.140000000000000124e+00 0.000000000000000000e+00 -4.521041973746276477e-01
1.150000000000000133e+00 0.000000000000000000e+00 -4.254181783391265403e-01
1.159999999999999920e+00 0.000000000000000000e+00 -4.005122555062220480e-01
1.169999999999999929e+00 0.000000000000000000e+00 -3.772544792216352416e-01
1.179999999999999938e+00 0.000000000000000000e+00 -3.555236188723801538e-01
1.189999999999999947e+00 0.000000000000000000e+00 -3.352082199464490042e-01
1.199999999999999956e+00 0.000000000000000000e+00 -3.162057499421132567e-01
