0.000000000000000000e+00 9.475940258736995980e+06 2.946600483763426542e+08
1.000000000000000021e-02 6.943333767338176258e+06 2.159327239554517567e+08
2.000000000000000042e-02 5.087406574979518540e+06 1.582366293548405170e+08
2.999999999999999889e-02 3.727388015548322815e+06 1.159539317883991450e+08
4.000000000000000083e-02 2.730794983972515911e+06 8.496736091900651157e+07
5.000000000000000278e-02 2.000533940008978359e+06 6.225940751109039038e+07
5.999999999999999778e-02 1.465447983727300074e+06 4.561857507135296613e+07
7.000000000000000666e-02 1.073388832028399222e+06 3.342409109972589463e+07
8.000000000000000167e-02 7.861392991873947904e+05 2.448812170898009092e+07
8.999999999999999667e-02 5.756920132278901292e+05 1.794013067405173182e+07
1.000000000000000056e-01 4.215221172677834402e+05 1.314212626793430001e+07
1.100000000000000006e-01 3.085884611242688843e+05 9.626545837032031268e+06
1.199999999999999956e-01 2.258687014910393045e+05 7.050731619882905856e+06
1.300000000000000044e-01 1.652857014596392983e+05 5.163566307625295594e+06
1.400000000000000133e-01 1.209207109738266445e+05 3.781020482456970960e+06
1.499999999999999944e-01 8.843672669630947348e+04 2.768231564447924960e+06
1.600000000000000033e-01 6.465589013741300732e+04 2.026369687608547974e+06
1.700000000000000122e-01 4.724977834748426540e+04 1.483011899816235760e+06
1.799999999999999933e-01 3.451243166542943800e+04 1.085087595224475022e+06
1.900000000000000022e-01 2.519401773459352989e+04 7.937083846509214491e+05
2.000000000000000111e-01 1.837893429867525992e+04 5.803790528094257461e+05
2.099999999999999922e-01 1.339647981187431287e+04 4.242206973707286525e+05
2.200000000000000011e-01 9.755391793323009551e+03 3.099356806559461402e+05
2.300000000000000100e-01 7.095876791867553948e+03 2.263162417815007502e+05
2.399999999999999911e-01 5.154459025798818402e+03 1.651515449408133863e+05
2.500000000000000000e-01 3.738223022328930256e+03 1.204267302974333725e+05
2.600000000000000089e-01 2.705940418139633039e+03 8.773596365335215523e+04
2.700000000000000178e-01 1.954241553565955201e+03 6.385231707507188548e+04
2.800000000000000266e-01 1.407483869948058100e+03 4.641258326941464475e+04
2.899999999999999800e-01 1.010329239562110729e+03 3.368631822070133057e+04
2.999999999999999889e-01 7.223062801826712302e+02 2.440660890576281963e+04
3.099999999999999978e-01 5.138271270513606623e+02 1.764607427224253479e+04
3.200000000000000067e-01 3.632698858561190036e+02 1.272601330555950517e+04
3.300000000000000155e-01 2.548418731730072579e+02 9.149842819413881443e+03
3.400000000000000244e-01 1.770148810231040386e+02 6.554333923747427434e+03
3.500000000000000333e-01 1.213794931957612278e+02 4.673890332082662098e+03
3.599999999999999867e-01 8.180636601989658629e+01 3.314382611765140155e+03
3.699999999999999956e-01 5.383234726945218540e+01 2.333983901436112319e+03
3.800000000000000044e-01 3.421126216491065009e+01 1.629135212570986141e+03
3.900000000000000133e-01 2.058528373819175528e+01 1.124268664006912331e+03
4.000000000000000222e-01 1.124459360425574239e+01 7.642835837181263514e+02
4.100000000000000311e-01 4.951677157752577330e+00 5.090390523251774084e+02
4.199999999999999845e-01 8.129262470209818181e-01 3.293233231268192753e+02
4.299999999999999933e-01 -1.815140568097204143e+00 2.039048097803810720e+02
4.400000000000000022e-01 -3.394332856012834299e+00 1.173750387370322130e+02
4.500000000000000111e-01 -4.254722219030953489e+00 5.857141865035453066e+01
4.600000000000000200e-01 -4.631036203022669717e+00 1.942443135936648346e+01
4.700000000000000289e-01 -4.689157863752885902e+00 -5.884569581157367502e+00
4.799999999999999822e-01 -4.545398709468548404e+00 -2.153830256685672140e+01
4.899999999999999911e-01 -4.280496610657164247e+00 -3.053227547430807931e+01
5.000000000000000000e-01 -3.949765930262605362e+00 -3.500195970443191840e+01
5.100000000000000089e-01 -3.590443280446232510e+00 -3.646112797106190584e+01
5.200000000000000178e-01 -3.226991367346838668e+00 -3.597529210198980820e+01
5.300000000000000266e-01 -2.874917804013155997e+00 -3.428775386975563322e+01
5.400000000000000355e-01 -2.543515377948861289e+00 -3.191107854869876093e+01
5.500000000000000444e-01 -2.237820273266874160e+00 -2.919335749964979243e+01
5.600000000000000533e-01 -1.960004341510750647e+00 -2.636610556389770110e+01
5.700000000000000622e-01 -1.710358759673907159e+00 -2.357879445399613871e+01
5.799999999999999600e-01 -1.487983501036676426e+00 -2.092367373509338435e+01
5.899999999999999689e-01 -1.291265721189228222e+00 -1.845354385145434861e+01
5.999999999999999778e-01 -1.118207314088136339e+00 -1.619442387341657508e+01
6.099999999999999867e-01 -9.666452416368751521e-01 -1.415452909956994176e+01
6.199999999999999956e-01 -8.343961166422662057e-01 -1.233058825793823310e+01
6.300000000000000044e-01 -7.193477022074736826e-01 -1.071224866176235047e+01
6.400000000000000133e-01 -6.195135875542283621e-01 -9.285112358064743887e+00
6.500000000000000222e-01 -5.330626577691189860e-01 -8.032796611011702836e+00
6.600000000000000311e-01 -4.583316155585174245e-01 -6.938303018535553868e+00
6.700000000000000400e-01 -3.938263878666675155e-01 -5.984900215311081517e+00
6.800000000000000488e-01 -3.382165043377574620e-01 -5.156667453300306292e+00
6.900000000000000577e-01 -2.903252820875240059e-01 -4.438804510535270254e+00
7.000000000000000666e-01 -2.491177564282156809e-01 -3.817783073353786083e+00
7.099999999999999645e-01 -2.136876611929669212e-01 -3.281392834222667698e+00
7.199999999999999734e-01 -1.832443131491008070e-01 -2.818719758038254142e+00
7.299999999999999822e-01 -1.570999403284736584e-01 -2.420082623478253314e+00
7.399999999999999911e-01 -1.346577759232721883e-01 -2.076945823432327032e+00
7.500000000000000000e-01 -1.154010901382912513e-01 -1.781820620906953589e+00
7.600000000000000089e-01 -9.888323211467427154e-02 -1.528162956635436887e+00
7.700000000000000178e-01 -8.471868835107457252e-02 -1.310273020835232227e+00
7.800000000000000266e-01 -7.257512258522344495e-02 -1.123199791807885983e+00
7.900000000000000355e-01 -6.216633742996283130e-02 -9.626523599841856349e-01
8.000000000000000444e-01 -5.324608487429324799e-02 -8.249189176828414238e-01
8.100000000000000533e-01 -4.560264728960783387e-02 -7.067936722686276596e-01
8.200000000000000622e-01 -3.905411016069181007e-02 -6.055115398580537267e-01
8.300000000000000711e-01 -3.344425052508290253e-02 -5.186902308972428655e-01
8.399999999999999689e-01 -2.863896976032507743e-02 -4.442791996356941775e-01
8.499999999999999778e-01 -2.452320502270163502e-02 -3.805148624091229115e-01
8.599999999999999867e-01 -2.099825971992665130e-02 -3.258814704087940051e-01
8.699999999999999956e-01 -1.797949950580801995e-02 -2.790770341568055701e-01
8.800000000000000044e-01 -1.539436617248658365e-02 -2.389837273165524301e-01
8.900000000000000133e-01 -1.318066734040583207e-02 -2.046422385468883998e-01
9.000000000000000222e-01 -1.128510493059840455e-02 -1.752295863034598888e-01
9.100000000000000311e-01 -9.662010016738172002e-03 -1.500399591198998406e-01
9.200000000000000400e-01 -8.272255794093035311e-03 -1.284681906000867679e-01
9.300000000000000488e-01 -7.082324086201480934e-03 -1.099955226723742657e-01
9.400000000000000577e-01 -6.063504066089943356e-03 -9.417735178041687638e-02
9.500000000000000666e-01 -5.191204731345337199e-03 -8.063269022305893929e-02
9.599999999999999645e-01 -4.444365177939149994e-03 -6.903510870090892593e-02
9.699999999999999734e-01 -3.804948903036366441e-03 -5.910495635459977332e-02
9.799999999999999822e-01 -3.257510267431489200e-03 -5.060268137538999345e-02
9.899999999999999911e-01 -2.788822896845239395e-03 -4.332309888131732206e-02
1.000000000000000000e+00 -2.387561228543191600e-03 -3.709047345993068262e-02
1.010000000000000009e+00 -2.044027643217012115e-03 -3.175430186797805615e-02
1.020000000000000018e+00 -1.749918686574176031e-03 -2.718569712958782830e-02
1.030000000000000027e+00 -1.498124802652207052e-03 -2.327428895317541074e-02
1.040000000000000036e+00 -1.282558790983212354e-03 -1.992556723990360906e-02
1.050000000000000044e+00 -1.098008879503390616e-03 -1.705860570781141464e-02
1.060000000000000053e+00 -9.400128895111039325e-04 -1.460411150826692456e-02
1.070000000000000062e+00 -8.047504710922960504e-04 -1.250275434607432505e-02
1.080000000000000071e+00 -6.889508186134487514e-04 -1.070373519165390003e-02
1.090000000000000080e+00 -5.898136459850296951e-04 -9.163560334448480477e-03
1.100000000000000089e+00 0.000000000000000000e+00 -7.844991394909765423e-03
1.110000000000000098e+00 0.000000000000000000e+00 -6.716146096246632287e-03
1.120000000000000107e+00 0.000000000000000000e+00 -5.749728190733703961e-03
1.130000000000000115e+00 0.000000000000000000e+00 -4.922368020555255297e-03
1.140000000000000124e+00 0.000000000000000000e+00 -4.214057840738759213e-03
1.150000000000000133e+00 0.000000000000000000e+00 -3.607668302988587417e-03
1.159999999999999920e+00 0.000000000000000000e+00 -3.088534447068198418e-03
1.169999999999999929e+00 0.000000000000000000e+00 -2.644101216428242345e-03
1.179999999999999938e+00 0.000000000000000000e+00 -2.263619946341447180e-03
1.189999999999999947e+00 0.000000000000000000e+00 -1.937888499711762445e-03
1.199999999999999956e+00 0.000000000000000000e+00 -1.659028777065669731e-03
