0.000000000000000000e+00 4.929725318369253984e+01 1.334752654986791924e+02
1.000000000000000021e-02 4.796250052870574621e+01 1.334752654986788798e+02
2.000000000000000042e-02 4.662774787371895968e+01 1.334752654986791924e+02
2.999999999999999889e-02 4.529299521873215895e+01 1.334752654986791924e+02
4.000000000000000083e-02 4.395824256374537242e+01 1.334752654986788798e+02
4.999999999999999584e-02 4.262348990875858590e+01 1.334752654986791924e+02
5.999999999999999778e-02 4.128873725377179227e+01 1.334752654986791924e+02
6.999999999999999278e-02 3.995398459878499864e+01 1.334752654986788798e+02
8.000000000000000167e-02 3.861923194379821211e+01 1.334752654986788798e+02
8.999999999999999667e-02 3.728447928881142559e+01 1.334752654986791924e+02
9.999999999999999167e-02 3.594972663382463196e+01 1.334752654986791924e+02
1.099999999999999867e-01 3.461497397883783833e+01 1.334752654986791924e+02
1.199999999999999956e-01 3.328022132385104470e+01 1.334752654986788798e+02
1.300000000000000044e-01 3.194546866886426173e+01 1.334752654986788798e+02
1.399999999999999856e-01 3.061071601387747165e+01 1.334752654986791924e+02
1.499999999999999944e-01 2.927596335889067802e+01 1.334752654986791924e+02
1.600000000000000033e-01 2.794121070390388795e+01 1.334752654986791924e+02
1.699999999999999845e-01 2.660645804891709432e+01 1.334752654986790503e+02
1.799999999999999933e-01 2.527170539393030779e+01 1.334752654986790503e+02
1.899999999999999745e-01 2.393695273894351416e+01 1.334752654986791924e+02
1.999999999999999833e-01 2.260220008395672409e+01 1.334752654986790503e+02
2.099999999999999922e-01 2.126744742896993401e+01 1.334752654986790503e+02
2.199999999999999734e-01 1.993269477398314393e+01 1.334752654986790503e+02
2.299999999999999822e-01 1.859794211899635386e+01 1.334752654986791924e+02
2.399999999999999911e-01 1.726318946400956023e+01 1.334752654986791924e+02
2.500000000000000000e-01 1.592843680902277015e+01 1.334752654986790503e+02
2.600000000000000089e-01 1.459368415403597830e+01 1.334752654986790503e+02
2.700000000000000178e-01 1.325893149904918999e+01 1.334752654986790503e+02
2.799999999999999711e-01 1.192417884406239814e+01 1.334752654986790503e+02
2.899999999999999800e-01 1.058942618907560984e+01 1.334752654986790503e+02
2.999999999999999889e-01 9.254673534088817988e+00 1.334752654986788798e+02
3.099999999999999423e-01 7.919920879102031464e+00 1.334752654986789935e+02
3.200000000000000067e-01 6.585168224115237834e+00 1.334752654986794482e+02
3.300000000000000155e-01 5.250415569128443316e+00 1.334752654986790503e+02
3.399999999999999689e-01 3.915662914141657680e+00 1.334752654986790503e+02
3.500000000000000333e-01 2.580910259154862718e+00 1.120928548696685141e+02
3.599999999999999867e-01 1.673805816748286990e+00 7.986444911369336808e+01
3.699999999999999956e-01 9.836212768809957652e-01 6.182659449226483872e+01
3.799999999999999489e-01 4.372739269029904396e-01 4.937017409655966560e+01
3.900000000000000133e-01 -3.782205050197573384e-03 3.999132180518054014e+01
3.999999999999999667e-01 -3.625525092006203209e-01 3.250259173205861885e+01
4.099999999999999756e-01 -6.538340396913698838e-01 2.618030683617310572e+01
4.199999999999999845e-01 -8.861586459240823332e-01 2.064476158339761369e+01
4.299999999999999933e-01 -1.066729271359322162e+00 1.575256388439208166e+01
4.399999999999999467e-01 -1.201209923611924024e+00 1.147049367065668690e+01
4.499999999999999556e-01 -1.296139144772455953e+00 7.788829151665167316e+00
4.599999999999999645e-01 -1.356986506645227353e+00 4.654209011351846392e+00
4.699999999999999734e-01 -1.389223324999492748e+00 1.979283102041650810e+00
4.799999999999999822e-01 -1.396572168686060378e+00 -3.495151420950546872e-01
4.899999999999999911e-01 -1.382233022157591584e+00 -2.385511386989653815e+00
5.000000000000000000e-01 -1.348861940946267213e+00 -4.070033850624580118e+00
5.100000000000000089e-01 -1.300832345145100044e+00 -5.279251489890905091e+00
5.200000000000000178e-01 -1.243276911148449182e+00 -6.045014242873424593e+00
5.299999999999999156e-01 -1.179932060287631534e+00 -6.486172560657097463e+00
5.400000000000000355e-01 -1.113553459935307188e+00 -6.683005138094214814e+00
5.499999999999999334e-01 -1.046271957525747309e+00 -6.656658737720108299e+00
5.599999999999999423e-01 -9.804202851809050712e-01 -6.458540580059356273e+00
5.699999999999999512e-01 -9.171011459245601571e-01 -6.160136844533194989e+00
5.799999999999999600e-01 -8.572175482902412158e-01 -5.889236128476324161e+00
5.899999999999999689e-01 -7.993164233550337228e-01 -5.780718527974826770e+00
5.999999999999999778e-01 -7.416031777307446893e-01 -5.857537662322587657e+00
6.099999999999999867e-01 -6.821656701085819785e-01 -6.001039630793147950e+00
6.199999999999998845e-01 -6.215823851148817303e-01 -6.007137783749797677e+00
6.300000000000000044e-01 -5.620229144335860960e-01 -5.701054019633302161e+00
6.400000000000000133e-01 -5.075613047222157226e-01 -5.070020490169109273e+00
6.499999999999999112e-01 -4.606225046302038773e-01 -4.302117012487747694e+00
6.600000000000000311e-01 -4.215189644724607332e-01 -3.612198704400122029e+00
6.700000000000000400e-01 -3.883785305422014500e-01 -3.135491397143435499e+00
6.799999999999999378e-01 -3.588091365295920099e-01 -2.898511148314051322e+00
6.899999999999999467e-01 -3.304083075759203791e-01 -2.799209379472859638e+00
7.000000000000000666e-01 -3.028249489401348415e-01 -2.648535827508862184e+00
7.099999999999999645e-01 -2.774375910257431688e-01 -2.336430967067942621e+00
7.199999999999999734e-01 -2.560963295987759847e-01 -1.885379187928965417e+00
7.299999999999998712e-01 -2.397300072671638693e-01 -1.380996073953792092e+00
7.399999999999999911e-01 -2.284764081197001584e-01 -9.104775337506146871e-01
7.500000000000000000e-01 -2.215204565921515545e-01 -5.485864181242379178e-01
7.599999999999998979e-01 -2.175046797572154078e-01 -3.074815401725302655e-01
7.699999999999999067e-01 -2.153708257887009536e-01 -1.611610674079183569e-01
7.800000000000000266e-01 -2.142814584090570185e-01 -9.966446659057344448e-02
7.899999999999999245e-01 -2.133775364568895050e-01 -1.248619860429522194e-01
7.999999999999999334e-01 -2.117842186881979949e-01 -2.110534945957951714e-01
8.100000000000000533e-01 -2.091564665649735810e-01 -3.147801782277162008e-01
8.199999999999999512e-01 -2.054886151236436642e-01 -4.228556939794964054e-01
8.299999999999999600e-01 -2.006993526853836640e-01 -5.306505230516596061e-01
8.399999999999999689e-01 -1.948756046626104743e-01 -5.955016186307539039e-01
8.499999999999999778e-01 -1.887893203127685715e-01 -5.781510744264068968e-01
8.599999999999999867e-01 -1.833125831740823330e-01 -4.967978929656058917e-01
8.699999999999999956e-01 -1.788533624534564548e-01 -4.091039361264154350e-01
8.799999999999998934e-01 -1.751305044515540366e-01 -3.923205077976424371e-01
8.900000000000000133e-01 -1.710069522975036227e-01 -4.811957956366776923e-01
8.999999999999999112e-01 -1.655065885388204705e-01 -6.321229530193873680e-01
9.099999999999999201e-01 -1.583644932371158776e-01 -7.733696588927474469e-01
9.199999999999999289e-01 -1.500391953609655216e-01 -8.649180013870249040e-01
9.299999999999999378e-01 -1.410661332093753606e-01 -8.985110009695624900e-01
9.399999999999999467e-01 -1.320689753415742740e-01 -8.815658754180978329e-01
9.499999999999999556e-01 -1.234348157010134173e-01 -8.489761728255309503e-01
9.599999999999999645e-01 -1.150894518850636566e-01 -8.425487587777403808e-01
9.699999999999999734e-01 -1.065838405254586202e-01 -8.680119902597686066e-01
9.799999999999999822e-01 -9.772921207986828840e-02 -8.908205401931408307e-01
9.899999999999998801e-01 -8.876742972159579192e-02 -8.797769330812034161e-01
1.000000000000000000e+00 -8.013367341824421952e-02 -8.366320734731318431e-01
1.010000000000000009e+00 -7.203478825213316394e-02 -7.803912097538852066e-01
1.020000000000000018e+00 -6.452584922316652316e-02 -7.210641710587878395e-01
1.029999999999999805e+00 -5.761350483095740299e-02 -6.592879061290890519e-01
1.040000000000000036e+00 -5.134009110058473935e-02 -5.927154478878318145e-01
1.050000000000000044e+00 -4.575919587320077114e-02 -5.247269394505815754e-01
1.059999999999999831e+00 -4.084555231157310784e-02 -4.656579092820178900e-01
1.069999999999999840e+00 -3.644603768756041196e-02 -4.198881855535119834e-01
1.080000000000000071e+00 -3.244778860050286790e-02 -3.855832316257269410e-01
1.089999999999999858e+00 -2.873437305504587466e-02 -3.603617826169941418e-01
1.099999999999999867e+00 -2.524055294816298506e-02 -3.427645425883897867e-01
1.109999999999999876e+00 -2.187908220327807948e-02 -3.267433060121465727e-01
1.119999999999999885e+00 -1.870568682792005458e-02 -3.061152602217281915e-01
1.129999999999999893e+00 -1.575677699884351496e-02 -2.846330712039892852e-01
1.139999999999999902e+00 -1.301302540384027123e-02 -2.664644488286416202e-01
1.149999999999999911e+00 -1.042748802227068394e-02 -2.506284722212659966e-01
1.159999999999999920e+00 -8.000455959414950330e-03 -3.951251522061504651e-01
1.169999999999999929e+00 -2.524984978147674485e-03 -3.831642460604152145e-01
1.179999999999999938e+00 -3.371710382066474146e-04 -1.249100706457319937e-01
1.189999999999999947e+00 -2.678356523303514517e-05 -1.685855191033237138e-02
1.199999999999999956e+00 0.000000000000000000e+00 -2.678356523303514897e-03
