0.000000000000000000e+00 5.874963639765485190e+06 1.826847503782187104e+08
1.000000000000000021e-02 4.304785143122464418e+06 1.338751813121671975e+08
2.000000000000000042e-02 3.154136278844775632e+06 9.810456139635872841e+07
2.999999999999999889e-02 2.310942717212269548e+06 7.188995721481178701e+07
4.000000000000000083e-02 1.693067378443844849e+06 5.267874790041402727e+07
5.000000000000000278e-02 1.240313980979771819e+06 3.860013885224285722e+07
5.999999999999999778e-02 9.085664448342054384e+05 2.828304524873939157e+07
7.000000000000000666e-02 6.654936701292052167e+05 2.072261834249614552e+07
8.000000000000000167e-02 4.874015831144333933e+05 1.518242229490819015e+07
8.999999999999999667e-02 3.569260165147202206e+05 1.112273945637290739e+07
1.000000000000000056e-01 2.613418379956427671e+05 8.148025292373264208e+06
1.100000000000000006e-01 1.913237266431864700e+05 5.968398153409942985e+06
1.199999999999999956e-01 1.400379615039449709e+05 4.371415222797275521e+06
1.300000000000000044e-01 1.024768077878538315e+05 3.201387226152142975e+06
1.400000000000000133e-01 7.497070166951848660e+04 2.344218308581280988e+06
1.499999999999999944e-01 5.483074240623644437e+04 1.716295308215012075e+06
1.600000000000000033e-01 4.008668543118283560e+04 1.256344828011181206e+06
1.700000000000000122e-01 2.929492691427444151e+04 9.194653994693912100e+05
1.799999999999999933e-01 2.139778395647105208e+04 6.727537620865806239e+05
1.900000000000000022e-01 1.562036833596205361e+04 4.920994604175716522e+05
2.000000000000000111e-01 1.139501164962428993e+04 3.598356912233502953e+05
2.099999999999999922e-01 8.305882050575592075e+03 2.630176867640522541e+05
2.200000000000000011e-01 6.048398677698251959e+03 1.921610103681678302e+05
2.300000000000000100e-01 4.399490670969421444e+03 1.403169134534822369e+05
2.399999999999999911e-01 3.195803619857086233e+03 1.023947173924380768e+05
2.500000000000000000e-01 2.317730192630577676e+03 7.466523315851094958e+04
2.600000000000000089e-01 1.677708878631328616e+03 5.439685757409286452e+04
2.700000000000000178e-01 1.211650457668905119e+03 3.958890294539950264e+04
2.800000000000000266e-01 8.726564574634849123e+02 2.877618439143642900e+04
2.899999999999999800e-01 6.264171295677698481e+02 2.088582786145352293e+04
2.999999999999999889e-01 4.478401029265848479e+02 1.513234713994486265e+04
3.099999999999999978e-01 3.185807928093772716e+02 1.094076510075214355e+04
3.200000000000000067e-01 2.252335268161145336e+02 7.890285908921525333e+03
3.300000000000000155e-01 1.580067559716785013e+02 5.673026689760523368e+03
3.400000000000000244e-01 1.097529189399369756e+02 4.063784274141135029e+03
3.500000000000000333e-01 7.525811733409912563e+01 2.897887818801606500e+03
3.599999999999999867e-01 5.072210850488757217e+01 2.054976071109321765e+03
3.699999999999999956e-01 3.337769780510829776e+01 1.447115519812972934e+03
3.800000000000000044e-01 2.121222446730365618e+01 1.010098874749520292e+03
3.900000000000000133e-01 1.276380989626889040e+01 6.970734584354427170e+02
4.000000000000000222e-01 6.972346167192681854e+00 4.738763727973682194e+02
4.100000000000000311e-01 3.070558033525976338e+00 3.156198595642141527e+02
4.199999999999999845e-01 5.043957320757008755e-01 2.041923251641418915e+02
4.299999999999999933e-01 -1.125109162752901959e+00 1.264299392345172350e+02
4.400000000000000022e-01 -2.104286316033674442e+00 7.277925316055147675e+01
4.500000000000000111e-01 -2.637786119915110472e+00 3.631930699747385916e+01
4.600000000000000200e-01 -2.871144291339023713e+00 1.204687948596935421e+01
4.700000000000000289e-01 -2.907211900714417485e+00 -3.645683734602656934e+00
4.799999999999999822e-01 -2.818104831815245515e+00 -1.335174077086371902e+01
4.899999999999999911e-01 -2.653882671254826242e+00 -1.892856281983406319e+01
5.000000000000000000e-01 -2.448841934570720635e+00 -2.170018564467616784e+01
5.100000000000000089e-01 -2.226070548910151548e+00 -2.260518183194526998e+01
5.200000000000000178e-01 -2.000736325092808077e+00 -2.230419445793221911e+01
5.300000000000000266e-01 -1.782454690133169928e+00 -2.125809035351810650e+01
5.400000000000000355e-01 -1.576987706108894383e+00 -1.978467507723157937e+01
5.500000000000000444e-01 -1.387458208781597202e+00 -1.809977678305869375e+01
5.600000000000000533e-01 -1.215213046976601152e+00 -1.634694343189946508e+01
5.700000000000000622e-01 -1.060432974724837329e+00 -1.461885413439570769e+01
5.799999999999999600e-01 -9.225601417056881193e-01 -1.297270865409692675e+01
5.899999999999999689e-01 -8.005947067488435875e-01 -1.144124706516869772e+01
5.999999999999999778e-01 -6.932979334033911867e-01 -1.004060404870526213e+01
6.099999999999999867e-01 -5.993288025151631837e-01 -8.775875231117582942e+00
6.199999999999999956e-01 -5.173336599213518294e-01 -7.645034021268708457e+00
6.300000000000000044e-01 -4.460029508233721018e-01 -6.641662938906770286e+00
6.400000000000000133e-01 -3.841051223901521539e-01 -5.756836127434509898e+00
6.500000000000000222e-01 -3.305048977127421073e-01 -4.980396930312451786e+00
6.600000000000000311e-01 -2.841710413329039397e-01 -4.301806801735586383e+00
6.700000000000000400e-01 -2.441772328764877098e-01 -3.710692626810510042e+00
6.800000000000000488e-01 -2.096985828427999077e-01 -3.197183775098369818e+00
6.900000000000000577e-01 -1.800055480125987706e-01 -2.752104269481581156e+00
7.000000000000000666e-01 -1.544564491255474015e-01 -2.367066662336338556e+00
7.099999999999999645e-01 -1.324893991422384509e-01 -2.034500630625794670e+00
7.199999999999999734e-01 -1.136141719157716251e-01 -1.747639511845652249e+00
7.299999999999999822e-01 -9.740434599780099789e-02 -1.500480967768279994e+00
7.399999999999999911e-01 -8.348992302493239703e-02 -1.287732926746004924e+00
7.500000000000000000e-01 -7.155052758596261442e-02 -1.104752366844182099e+00
7.600000000000000089e-01 -6.130923329488177642e-02 -9.474819598516861507e-01
7.700000000000000178e-01 -5.252701906400327608e-02 -8.123878081751106928e-01
7.800000000000000266e-01 -4.499783386198889790e-02 -6.964002605094801179e-01
7.900000000000000355e-01 -3.854423294486540585e-02 -5.968589339871257504e-01
8.000000000000000444e-01 -3.301354037288670162e-02 -5.114624886982411800e-01
8.100000000000000533e-01 -2.827448923335223671e-02 -4.382233144444764861e-01
8.200000000000000622e-01 -2.421429072788739215e-02 -3.754270412298171267e-01
8.300000000000000711e-01 -2.073608499575178843e-02 -3.215966325645566171e-01
8.399999999999999689e-01 -1.775672943094769654e-02 -2.754607342779288315e-01
8.499999999999999778e-01 -1.520488376225960850e-02 -2.359259099161724327e-01
8.599999999999999867e-01 -1.301935493400423714e-02 -2.020523818688017004e-01
8.699999999999999956e-01 -1.114766861050490478e-02 -1.730329045160359513e-01
8.800000000000000044e-01 -9.544837777464711126e-03 -1.481744145399469803e-01
8.900000000000000133e-01 -8.172302338527556026e-03 -1.268821290077003505e-01
9.000000000000000222e-01 -6.997016757585631380e-03 -1.086457904736225916e-01
9.100000000000000311e-01 -5.990665657311117914e-03 -9.302778787506209290e-02
9.200000000000000400e-01 -5.128989850955432452e-03 -7.965291094868458266e-02
9.300000000000000488e-01 -4.391207568318647621e-03 -6.819952337102298812e-02
9.400000000000000577e-01 -3.759517655489339437e-03 -5.839196532303810028e-02
9.500000000000000666e-01 -3.218673302691454387e-03 -4.999401945134494818e-02
9.599999999999999645e-01 -2.755616408028683118e-03 -4.280329518235177766e-02
9.699999999999999734e-01 -2.359164039821893145e-03 -3.664640508623925874e-02
9.799999999999999822e-01 -2.019739638487672885e-03 -3.137482360081029348e-02
9.899999999999999911e-01 -1.729142621033051075e-03 -2.686133306488355799e-02
1.000000000000000000e+00 -1.480350936124374918e-03 -2.299697484965749703e-02
1.010000000000000009e+00 -1.267351882447944689e-03 -1.968843459181059824e-02
1.020000000000000018e+00 -1.084997163076106309e-03 -1.685580029779060185e-02
1.030000000000000027e+00 -9.288787174490479312e-04 -1.443064056952022764e-02
1.040000000000000036e+00 -7.952223624538656919e-04 -1.235435755035710001e-02
1.050000000000000044e+00 -6.807966955421800633e-04 -1.057677554594778184e-02
1.060000000000000053e+00 -5.828350751642933812e-04 -9.054931763206342313e-03
1.070000000000000062e+00 -4.989688051120550654e-04 -7.752040344160685166e-03
1.080000000000000071e+00 -4.271699166979150888e-04 -6.636604949225758700e-03
1.090000000000000080e+00 -3.657021721637511674e-04 -5.681658654135830593e-03
1.100000000000000089e+00 0.000000000000000000e+00 -4.864112943073836334e-03
1.110000000000000098e+00 0.000000000000000000e+00 -4.164200174527564989e-03
1.120000000000000107e+00 0.000000000000000000e+00 -3.564996124464280425e-03
1.130000000000000115e+00 0.000000000000000000e+00 -3.052011124241910470e-03
1.140000000000000124e+00 0.000000000000000000e+00 -2.612839952191178382e-03
1.150000000000000133e+00 0.000000000000000000e+00 -2.236862045996743792e-03
1.159999999999999920e+00 0.000000000000000000e+00 -1.914984810679428101e-03
1.169999999999999929e+00 0.000000000000000000e+00 -1.639423832424386027e-03
1.179999999999999938e+00 0.000000000000000000e+00 -1.403514696081576947e-03
1.189999999999999947e+00 0.000000000000000000e+00 -1.201551864857219399e-03
1.199999999999999956e+00 0.000000000000000000e+00 -1.028650732555730796e-03
