0.000000000000000000e+00 5.921445739352055825e+06 2.019833963909221590e+08
1.000000000000000021e-02 4.209965965362893417e+06 1.436223625599960089e+08
2.000000000000000042e-02 2.993013971802305896e+06 1.021217253318476975e+08
2.999999999999999889e-02 2.127719509599383455e+06 7.261092687986554205e+07
4.000000000000000083e-02 1.512484388692243723e+06 5.162633532366190851e+07
5.000000000000000278e-02 1.075060439424114767e+06 3.670484463285414129e+07
5.999999999999999778e-02 7.640712435727999546e+05 2.609486449119693786e+07
7.000000000000000666e-02 5.429828899530257331e+05 1.855079188677852601e+07
8.000000000000000167e-02 3.858163430598555715e+05 1.318685059322810359e+07
8.999999999999999667e-02 2.740983503807697562e+05 9.373149997857667506e+06
1.000000000000000056e-01 1.946931282668062195e+05 6.661768101279719733e+06
1.100000000000000006e-01 1.382604063704029832e+05 4.734186101764008403e+06
1.199999999999999956e-01 9.815890085950045614e+04 3.363907066392332315e+06
1.300000000000000044e-01 6.966654905631970905e+04 2.389872684311262332e+06
1.400000000000000133e-01 4.942600447245556279e+04 1.697559005390867591e+06
1.499999999999999944e-01 3.505032194223724218e+04 1.205533028202958638e+06
1.600000000000000033e-01 2.484255868015581655e+04 8.558927183220213046e+05
1.700000000000000122e-01 1.759638387191220681e+04 6.074686828992555384e+05
1.799999999999999933e-01 1.245429512699741281e+04 4.309897584203397273e+05
1.900000000000000022e-01 8.806800051444415658e+03 3.056452023130599409e+05
2.000000000000000111e-01 6.220728471429419187e+03 2.166400512631368765e+05
2.099999999999999922e-01 4.388259484493644777e+03 1.534567461209298053e+05
2.200000000000000011e-01 3.090678646342561478e+03 1.086189979854320845e+05
2.300000000000000100e-01 2.172609466751938271e+03 7.681280587375497271e+04
2.399999999999999911e-01 1.523692842375460486e+03 5.426144814045168459e+04
2.500000000000000000e-01 1.065562356377050492e+03 3.828107496548544441e+04
2.600000000000000089e-01 7.425851141249710281e+02 2.696472482955585292e+04
2.700000000000000178e-01 5.152799165627169486e+02 1.895766085901917177e+04
2.800000000000000266e-01 3.556389804357230560e+02 1.329764181528271911e+04
2.899999999999999800e-01 2.438029928831844018e+02 9.301365034975498929e+03
2.999999999999999889e-01 1.656982749557533339e+02 6.483739212564677473e+03
3.099999999999999978e-01 1.113578832246219719e+02 4.500499615293970237e+03
3.200000000000000067e-01 7.372886978598774022e+01 3.107419460766953307e+03
3.300000000000000155e-01 4.782508466098894218e+01 2.131320440880084789e+03
3.400000000000000244e-01 3.012555109263617226e+01 1.449471495335463260e+03
3.500000000000000333e-01 1.814734538731710600e+01 9.749505989873048293e+02
3.599999999999999867e-01 1.014246210210513510e+01 6.462452142408748159e+02
3.699999999999999956e-01 4.882755619784483692e+00 4.198654397961321365e+02
3.800000000000000044e-01 1.507436448815028252e+00 2.650982629525709058e+02
3.900000000000000133e-01 -5.850148337138038057e-01 1.602832973687347646e+02
4.000000000000000222e-01 -1.813403511812247793e+00 9.016954637991094046e+01
4.100000000000000311e-01 -2.468002489041865033e+00 4.404011198299875218e+01
4.199999999999999845e-01 -2.748863541671205724e+00 1.438233195064159275e+01
4.299999999999999933e-01 -2.792876744828921343e+00 -4.054789250937913536e+00
4.400000000000000022e-01 -2.692857243498362863e+00 -1.492822099636760669e+01
4.500000000000000111e-01 -2.510986795901851032e+00 -2.077344945902300921e+01
4.600000000000000200e-01 -2.288261397249810258e+00 -2.333862934781880583e+01
4.700000000000000289e-01 -2.051116071127390139e+00 -2.382061595085370342e+01
4.799999999999999822e-01 -1.816056914375140829e+00 -2.303147002756162109e+01
4.899999999999999911e-01 -1.592888406237215726e+00 -2.151572986942841226e+01
5.000000000000000000e-01 -1.386952201898442150e+00 -1.963284971796371181e+01
5.100000000000000089e-01 -1.200671766111276684e+00 -1.761501659250758323e+01
5.200000000000000178e-01 -1.034610795542061146e+00 -1.560758427327722053e+01
5.300000000000000266e-01 -8.881921466627368256e-01 -1.369725240741557037e+01
5.400000000000000355e-01 -7.601806236762158608e-01 -1.193162073827531344e+01
5.500000000000000444e-01 -6.490022978818135169e-01 -1.033268580320538810e+01
5.600000000000000533e-01 -5.529513395255573061e-01 -8.906093951600823289e+00
5.700000000000000622e-01 -4.703200276386481637e-01 -7.647430554925028545e+00
5.799999999999999600e-01 -3.994768041141179560e-01 -6.546447114925152633e+00
5.899999999999999689e-01 -3.389096363008857193e-01 -5.589860371661481864e+00
5.999999999999999778e-01 -2.872466119626358450e-01 -4.763168325737049180e+00
6.099999999999999867e-01 -2.432619480149175450e-01 -4.051794492955114180e+00
6.199999999999999956e-01 -2.058729797533365991e-01 -3.441777499116191130e+00
6.300000000000000044e-01 -1.741318772504542034e-01 -2.920156796472511473e+00
6.400000000000000133e-01 -1.472145745149425200e-01 -2.475158681871087119e+00
6.500000000000000222e-01 -1.244085282130510117e-01 -2.096254133611149317e+00
6.600000000000000311e-01 -1.051003285447945496e-01 -1.774137158547128168e+00
6.700000000000000400e-01 -8.876378222787463523e-02 -1.500656448304612312e+00
6.800000000000000488e-01 -7.494881801351573059e-02 -1.268722127869680971e+00
6.900000000000000577e-01 -6.327138765735315640e-02 -1.072201787637392156e+00
7.000000000000000666e-01 -5.340442099191283071e-02 -9.058147945511146881e-01
7.099999999999999645e-01 -4.506982255963121881e-02 -7.650303550159123223e-01
7.199999999999999734e-01 -3.803145514095325475e-02 -6.459724418027860127e-01
7.299999999999999822e-01 -3.208903272386330607e-02 -5.453331406911432477e-01
7.399999999999999911e-01 -2.707283530066176627e-02 -4.602949687450852978e-01
7.500000000000000000e-01 -2.283915575010445759e-02 -3.884620891164445311e-01
7.600000000000000089e-01 -1.926639184902996862e-02 -3.277999746460065200e-01
7.700000000000000178e-01 -1.625170206430827727e-02 -2.765828693343769240e-01
7.800000000000000266e-01 -1.370815082048760722e-02 -2.333483043556544012e-01
7.900000000000000355e-01 -1.156227652648225690e-02 -1.968579035200659910e-01
8.000000000000000444e-01 -9.752023215056176281e-03 -1.660637346684745996e-01
8.100000000000000533e-01 -8.224983866075653849e-03 -1.400795100754979317e-01
8.200000000000000622e-01 -6.936910163237094973e-03 -1.181559984259132334e-01
8.300000000000000711e-01 -5.850449487468493276e-03 -9.966007545705618531e-02
8.399999999999999689e-01 -4.934075354731839828e-03 -8.405690498983081627e-02
8.499999999999999778e-01 -4.161182276664203948e-03 -7.089480383658745832e-02
8.599999999999999867e-01 -3.509320197158697589e-03 -5.979240132630875976e-02
8.699999999999999956e-01 -2.959547286234983938e-03 -5.042775614153494068e-02
8.800000000000000044e-01 -2.495883008879152577e-03 -4.252913958645434395e-02
8.900000000000000133e-01 -2.104846085893022356e-03 -3.586723541342253657e-02
9.000000000000000222e-01 -1.775064278914964934e-03 -3.024854223812832241e-02
9.100000000000000311e-01 -1.496944911674443456e-03 -2.550979579003688491e-02
9.200000000000000400e-01 -1.262396728788710851e-03 -2.151325523761501296e-02
9.300000000000000488e-01 -1.064595131887227696e-03 -1.814272106602807938e-02
9.400000000000000577e-01 -8.977840558268480224e-04 -1.530017191961352378e-02
9.500000000000000666e-01 -7.571087861446781529e-04 -1.290292487255320121e-02
9.599999999999999645e-01 -6.384748995755668011e-04 -1.088123814122653188e-02
9.699999999999999734e-01 -5.384292557020810277e-04 -9.176287643289674986e-03
9.799999999999999822e-01 -4.540595996434371021e-04 -7.738459344728066888e-03
9.899999999999999911e-01 -3.829098703210378021e-04 -6.525908282746752630e-03
1.000000000000000000e+00 -3.229087609738349497e-04 -5.503342740734577451e-03
1.010000000000000009e+00 -2.723094607934848960e-04 -4.640998481877419389e-03
1.020000000000000018e+00 -2.296388295034382677e-04 -3.913773392791804889e-03
1.030000000000000027e+00 -1.936545295137736752e-04 -3.300497495854004017e-03
1.040000000000000036e+00 -1.633088706696738659e-04 -2.783317185408477196e-03
1.050000000000000044e+00 -1.377183171287157829e-04 -2.347175836906250420e-03
1.060000000000000053e+00 -1.161377701040035461e-04 -1.979375721388316502e-03
1.070000000000000062e+00 -9.793887879916823847e-05 -1.669208508954505427e-03
1.080000000000000071e+00 -8.259174881694497021e-05 -1.407643630500999589e-03
1.090000000000000080e+00 -6.964951601114187981e-05 -1.187065443530792123e-03
1.100000000000000089e+00 0.000000000000000000e+00 -1.001051563094142475e-03
1.110000000000000098e+00 0.000000000000000000e+00 -8.441859134237272898e-04
1.120000000000000107e+00 0.000000000000000000e+00 -7.119010638862874546e-04
1.130000000000000115e+00 0.000000000000000000e+00 -6.003452634847918860e-04
1.140000000000000124e+00 0.000000000000000000e+00 -5.062703058344573308e-04
1.150000000000000133e+00 0.000000000000000000e+00 -4.269369620246887993e-04
1.159999999999999920e+00 0.000000000000000000e+00 -3.600352295734124495e-04
1.169999999999999929e+00 0.000000000000000000e+00 -3.036170765650089481e-04
1.179999999999999938e+00 0.000000000000000000e+00 -2.560397235218038903e-04
1.189999999999999947e+00 0.000000000000000000e+00 -2.159178121302637410e-04
1.199999999999999956e+00 0.000000000000000000e+00 -1.820830685217240323e-04
