0.000000000000000000e+00 2.960722826667136978e+06 1.009916966006735861e+08
1.000000000000000021e-02 2.104982953011334874e+06 7.181118017704376578e+07
2.000000000000000042e-02 1.496506965452681761e+06 5.106086190373682976e+07
2.999999999999999889e-02 1.063859740721219918e+06 3.630546291368057579e+07
4.000000000000000083e-02 7.562421846639626892e+05 2.581316729881041124e+07
5.000000000000000278e-02 5.375302130612111650e+05 1.835242206624977291e+07
5.999999999999999778e-02 3.820356172235970153e+05 1.304743207336566038e+07
7.000000000000000666e-02 2.714914418504731730e+05 9.275395824947703630e+06
8.000000000000000167e-02 1.929081693913842319e+05 6.593425215260190889e+06
8.999999999999999667e-02 1.370491737297229411e+05 4.686574943120401353e+06
1.000000000000000056e-01 9.734656313747089007e+04 3.330884012407912873e+06
1.100000000000000006e-01 6.913020250741789641e+04 2.367093024729688652e+06
1.199999999999999956e-01 4.907944996943310252e+04 1.681953515335512580e+06
1.300000000000000044e-01 3.483327421624149429e+04 1.194936329978993395e+06
1.400000000000000133e-01 2.471300202539282691e+04 8.487794944096894469e+05
1.499999999999999944e-01 1.752516082900124093e+04 6.027665084750687238e+05
1.600000000000000033e-01 1.242127924457392874e+04 4.279463553491468774e+05
1.700000000000000122e-01 8.798191871995863039e+03 3.037343388736271299e+05
1.799999999999999933e-01 6.227147520827858898e+03 2.154948774742178794e+05
1.900000000000000022e-01 4.403399997377671752e+03 1.528225999903311604e+05
2.000000000000000111e-01 3.110364216979072353e+03 1.083200248508634832e+05
2.099999999999999922e-01 2.194129729932231385e+03 7.672837253988660814e+04
2.200000000000000011e-01 1.545339315129545412e+03 5.430949864714463911e+04
2.300000000000000100e-01 1.086304728164048129e+03 3.840640270865328057e+04
2.399999999999999911e-01 7.618464178396868647e+02 2.713072392039016268e+04
2.500000000000000000e-01 5.327811760603653966e+02 1.914053738504728972e+04
2.600000000000000089e-01 3.712925557268080183e+02 1.348236235159418356e+04
2.700000000000000178e-01 2.576399574559903272e+02 9.478830389040336740e+03
2.800000000000000266e-01 1.778194897176379925e+02 6.648820882023779632e+03
2.899999999999999800e-01 1.219014961458683928e+02 4.650682501505506480e+03
2.999999999999999889e-01 8.284913730870771076e+01 3.241869596493250810e+03
3.099999999999999978e-01 5.567894151985007056e+01 2.250249801793703227e+03
3.200000000000000067e-01 3.686443484575990936e+01 1.553709726996462905e+03
3.300000000000000155e-01 2.391254230891548360e+01 1.065660218570966435e+03
3.400000000000000244e-01 1.506277553847103334e+01 7.247357467110881544e+02
3.500000000000000333e-01 9.073672692475676982e+00 4.874752990678936158e+02
3.599999999999999867e-01 5.071231052503121894e+00 3.231226069891353063e+02
3.699999999999999956e-01 2.441377811809414045e+00 2.099327199179058709e+02
3.800000000000000044e-01 7.537182257398208352e-01 1.325491315629775784e+02
3.900000000000000133e-01 -2.925074165169853080e-01 8.014164879046929002e+01
4.000000000000000222e-01 -9.067017566138659834e-01 4.508477329057336647e+01
4.100000000000000311e-01 -1.234001246155786768e+00 2.202005607517073571e+01
4.199999999999999845e-01 -1.374431773204605189e+00 7.191166038280627504e+00
4.299999999999999933e-01 -1.396438375310043556e+00 -2.027394582830397862e+00
4.400000000000000022e-01 -1.346428624979117306e+00 -7.464110473458198669e+00
4.500000000000000111e-01 -1.255493401351692073e+00 -1.038672471951957199e+01
4.600000000000000200e-01 -1.144130702065575989e+00 -1.166931467539337852e+01
4.700000000000000289e-01 -1.025558038944739847e+00 -1.191030798540420754e+01
4.799999999999999822e-01 -9.080284604372129698e-01 -1.151573502969702290e+01
4.899999999999999911e-01 -7.964442061882862633e-01 -1.075786495448103253e+01
5.000000000000000000e-01 -6.934761038090035967e-01 -9.816424880954578214e+00
5.100000000000000089e-01 -6.003358856900312679e-01 -8.807508319179603973e+00
5.200000000000000178e-01 -5.173054001753654152e-01 -7.803792159594857836e+00
5.300000000000000266e-01 -4.440960755088103062e-01 -6.848626226040409826e+00
5.400000000000000355e-01 -3.800903137972568291e-01 -5.965810390405077435e+00
5.500000000000000444e-01 -3.245011506939210477e-01 -5.166342921527316889e+00
5.600000000000000533e-01 -2.764756713239445718e-01 -4.453046994228265554e+00
5.700000000000000622e-01 -2.351600152039886871e-01 -3.823715294330529701e+00
5.799999999999999600e-01 -1.997384032808560694e-01 -3.273223572772681500e+00
5.899999999999999689e-01 -1.694548192287478605e-01 -2.794930199629715784e+00
5.999999999999999778e-01 -1.436233069288799791e-01 -2.381584175232640543e+00
6.099999999999999867e-01 -1.216309748381664002e-01 -2.025897257501054316e+00
6.199999999999999956e-01 -1.029364906034140187e-01 -1.720888759344705976e+00
6.300000000000000044e-01 -8.706593925984491833e-02 -1.460078406893111858e+00
6.400000000000000133e-01 -7.360728781072532756e-02 -1.237579348568904836e+00
6.500000000000000222e-01 -6.220426458813421711e-02 -1.048127073517944430e+00
6.600000000000000311e-01 -5.255016469108084176e-02 -8.870685851618407280e-01
6.700000000000000400e-01 -4.438189147747972213e-02 -7.503282293066951825e-01
6.800000000000000488e-01 -3.747440932207701109e-02 -6.343610684383206300e-01
6.900000000000000577e-01 -3.163569410189738529e-02 -5.361008977468716408e-01
7.000000000000000666e-01 -2.670221073248423005e-02 -4.529074006967829802e-01
7.099999999999999645e-01 -2.253491148440728981e-02 -3.825151804836381397e-01
7.199999999999999734e-01 -1.901572774730796167e-02 -3.229862234864003812e-01
7.299999999999999822e-01 -1.604451651466053813e-02 -2.726665725887135183e-01
7.399999999999999911e-01 -1.353641778215527135e-02 -2.301474863170689111e-01
7.500000000000000000e-01 -1.141957798876331275e-02 -1.942310462423314787e-01
7.600000000000000089e-01 -9.633196022545113466e-03 -1.638999887803347377e-01
7.700000000000000178e-01 -8.125851116620131862e-03 -1.382914359272938432e-01
7.800000000000000266e-01 -6.854075482985532916e-03 -1.166741532666087239e-01
7.900000000000000355e-01 -5.781138325855999203e-03 -9.842895270015097897e-02
8.000000000000000444e-01 -4.876011661401532041e-03 -8.303186814548095540e-02
8.100000000000000533e-01 -4.112491979370333332e-03 -7.003975573737399041e-02
8.200000000000000622e-01 -3.468455121449436507e-03 -5.907799981598824135e-02
8.300000000000000711e-01 -2.925224777962592056e-03 -4.983003824803305254e-02
8.399999999999999689e-01 -2.467037706768899098e-03 -4.202845294224424877e-02
8.499999999999999778e-01 -2.080591163581060280e-03 -3.544740230329589126e-02
8.599999999999999867e-01 -1.754660120253840857e-03 -2.989620099436857137e-02
8.699999999999999956e-01 -1.479773661717529928e-03 -2.521387835558959803e-02
8.800000000000000044e-01 -1.247941520396303981e-03 -2.126457003805804630e-02
8.900000000000000133e-01 -1.052423056631492711e-03 -1.793361791708633635e-02
9.000000000000000222e-01 -8.875321511907744310e-04 -1.512427129976713289e-02
9.100000000000000311e-01 -7.484724658943822358e-04 -1.275489805018066927e-02
9.200000000000000400e-01 -6.311983730125251884e-04 -1.075662775199475070e-02
9.300000000000000488e-01 -5.322975733267832276e-04 -9.071360647302115221e-03
9.400000000000000577e-01 -4.488920342369983794e-04 -7.650086057847449439e-03
9.500000000000000666e-01 -3.785543984870834129e-04 -6.451462520354896146e-03
9.599999999999999645e-01 -3.192374544232378015e-04 -5.440619142697183767e-03
9.699999999999999734e-01 -2.692146318184647762e-04 -4.588143883428544983e-03
9.799999999999999822e-01 -2.270298032166428938e-04 -3.869229725305371390e-03
9.899999999999999911e-01 -1.914549380649400708e-04 -3.262954186726285677e-03
1.000000000000000000e+00 -1.614543829711926845e-04 -2.751671409209881496e-03
1.010000000000000009e+00 -1.361547325212250311e-04 -2.320499274197597092e-03
1.020000000000000018e+00 -1.148194165681649720e-04 -1.956886724867176828e-03
1.030000000000000027e+00 -9.682726630966679627e-05 -1.650248772294387939e-03
1.040000000000000036e+00 -8.165443666197987765e-05 -1.391658613554745899e-03
1.050000000000000044e+00 -6.885915969844942359e-05 -1.173587936290581765e-03
1.060000000000000053e+00 -5.806888602095572794e-05 -9.896878759508536804e-04
1.070000000000000062e+00 -4.896944022730678205e-05 -8.346042675239883886e-04
1.080000000000000071e+00 -4.129587511543270518e-05 -7.038218264052384940e-04
1.090000000000000080e+00 -3.482475860929084736e-05 -5.935327313007220410e-04
1.100000000000000089e+00 0.000000000000000000e+00 -5.005257896965997072e-04
1.110000000000000098e+00 0.000000000000000000e+00 -4.220929636757616904e-04
1.120000000000000107e+00 0.000000000000000000e+00 -3.559505378928728807e-04
1.130000000000000115e+00 0.000000000000000000e+00 -3.001726368247972939e-04
1.140000000000000124e+00 0.000000000000000000e+00 -2.531351572580262978e-04
1.150000000000000133e+00 0.000000000000000000e+00 -2.134684847191578474e-04
1.159999999999999920e+00 0.000000000000000000e+00 -1.800176179516375138e-04
1.169999999999999929e+00 0.000000000000000000e+00 -1.518085409843583514e-04
1.179999999999999938e+00 0.000000000000000000e+00 -1.280198640670920690e-04
1.189999999999999947e+00 0.000000000000000000e+00 -1.079589080333147571e-04
1.199999999999999956e+00 0.000000000000000000e+00 -9.104153594034077002e-05
