0.000000000000000000e+00 1.136061204756824858e+07 3.767840754211009741e+08
1.000000000000000021e-02 8.153720712335794233e+06 2.704578897442118526e+08
2.000000000000000042e-02 5.851817916528749280e+06 1.941320414854525626e+08
2.999999999999999889e-02 4.199554160074331798e+06 1.393424730981462896e+08
4.000000000000000083e-02 3.013622769178687129e+06 1.000130096781034172e+08
5.000000000000000278e-02 2.162435068333236035e+06 7.178170393739196658e+07
5.999999999999999778e-02 1.551529482633011881e+06 5.151722634437459707e+07
7.000000000000000666e-02 1.113096966447978513e+06 3.697168704465119541e+07
8.000000000000000167e-02 7.984614948519470636e+05 2.653140092321089655e+07
8.999999999999999667e-02 5.726819574294362683e+05 1.903796511572083458e+07
1.000000000000000056e-01 4.106769778174700332e+05 1.365981311917481013e+07
1.100000000000000006e-01 2.944430188045011018e+05 9.800005512132192031e+06
1.199999999999999956e-01 2.110573390600451385e+05 7.030034520651428029e+06
1.300000000000000044e-01 1.512443804514185758e+05 5.042303601540835574e+06
1.400000000000000133e-01 1.083466306343051547e+05 3.616013568996838294e+06
1.499999999999999944e-01 7.758584913107112516e+04 2.592673081196848303e+06
1.600000000000000033e-01 5.553273780517914565e+04 1.858518298717427067e+06
1.700000000000000122e-01 3.972624741142970015e+04 1.331892513104266720e+06
1.799999999999999933e-01 2.840030284302906512e+04 9.541864384619573830e+05
1.900000000000000022e-01 2.028764011399629453e+04 6.833346228164692875e+05
2.000000000000000111e-01 1.447899843224876713e+04 4.891468328742946032e+05
2.099999999999999922e-01 1.032204885545137768e+04 3.499567132531009847e+05
2.200000000000000011e-01 7.348847482235269126e+03 2.502160737403521489e+05
2.300000000000000100e-01 5.223764443146755184e+03 1.787680073125225608e+05
2.399999999999999911e-01 3.706110827790282201e+03 1.276073113827424240e+05
2.500000000000000000e-01 2.623315887548645151e+03 9.099071971416138695e+04
2.600000000000000089e-01 1.851677130246710021e+03 6.479824320939256722e+04
2.700000000000000178e-01 1.302546027617352138e+03 4.607476493826003571e+04
2.800000000000000266e-01 9.124151367715720653e+02 3.270102563829986684e+04
2.899999999999999800e-01 6.358053629659158332e+02 2.315748688609782039e+04
2.999999999999999889e-01 4.401628676796144646e+02 1.635486130134813357e+04
3.099999999999999978e-01 3.021982152552185426e+02 1.151249474790380373e+04
3.200000000000000067e-01 2.052604926689901390e+02 8.071094535660282418e+03
3.300000000000000155e-01 1.374540903852497706e+02 5.630108769638011836e+03
3.400000000000000244e-01 9.028834720121670898e+01 3.902797832427988396e+03
3.500000000000000333e-01 5.770949102443831435e+01 2.684002896720338413e+03
3.599999999999999867e-01 3.540682095996189815e+01 1.827026132201320479e+03
3.699999999999999956e-01 2.031559052199899185e+01 1.227049239965809420e+03
3.800000000000000044e-01 1.026095308745947499e+01 8.092433537131142884e+02
3.900000000000000133e-01 3.703049432678193753e+00 5.202447616510419266e+02
4.000000000000000222e-01 -4.454018916794041383e-01 3.220451659662589350e+02
4.100000000000000311e-01 -2.949555026360416221e+00 1.876138291265126838e+02
4.199999999999999845e-01 -4.345662515662860770e+00 9.776176462760541597e+01
4.299999999999999933e-01 -5.007642334726635447e+00 3.889651082183480213e+01
4.400000000000000022e-01 -5.194561660071015829e+00 1.415339785347782486e+00
4.500000000000000111e-01 -5.084467359334125192e+00 -2.144397544083100016e+01
4.600000000000000200e-01 -4.798454248899158614e+00 -3.442456783412704624e+01
4.700000000000000289e-01 -4.417758465793933276e+00 -4.083709215832733008e+01
4.799999999999999822e-01 -3.995871877662009908e+00 -4.297825400733134416e+01
4.899999999999999911e-01 -3.567106075386861974e+00 -4.242906732135172376e+01
5.000000000000000000e-01 -3.152627834220832703e+00 -4.026710599261917167e+01
5.100000000000000089e-01 -2.764696550080064430e+00 -3.721729727698891566e+01
5.200000000000000178e-01 -2.409625451624974435e+00 -3.375883615136484650e+01
5.300000000000000266e-01 -2.089838960960080705e+00 -3.020080370493277044e+01
5.400000000000000355e-01 -1.805291642250452577e+00 -2.673549164826330937e+01
5.500000000000000444e-01 -1.554437698484911756e+00 -2.347586901453631469e+01
5.600000000000000533e-01 -1.334885316660551657e+00 -2.048178904664575484e+01
5.700000000000000622e-01 -1.143831128264186647e+00 -1.777821814203293371e+01
5.799999999999999600e-01 -9.783422051762221683e-01 -1.536782679295936838e+01
5.899999999999999689e-01 -8.355331684588400698e-01 -1.323960870971342807e+01
5.999999999999999778e-01 -7.126718682556327789e-01 -1.137471271613126333e+01
6.099999999999999867e-01 -6.072370634135618728e-01 -9.750328035374979052e+00
6.199999999999999956e-01 -5.169444194701446893e-01 -8.342218144279746284e+00
6.300000000000000044e-01 -4.397521158980323697e-01 -7.126323441950152215e+00
6.400000000000000133e-01 -3.738538088839821194e-01 -6.079728468704404420e+00
6.500000000000000222e-01 -3.176642061454564292e-01 -5.181200936337307716e+00
6.600000000000000311e-01 -2.698007693968344500e-01 -4.411447085554605962e+00
6.700000000000000400e-01 -2.290638497024886089e-01 -3.753183495038296069e+00
6.800000000000000488e-01 -1.944167254167432080e-01 -3.191094151520466937e+00
6.900000000000000577e-01 -1.649664408688428785e-01 -2.711719578076657644e+00
7.000000000000000666e-01 -1.399459576102425606e-01 -2.303309412605128781e+00
7.099999999999999645e-01 -1.186978729955153328e-01 -1.955659105630344063e+00
7.199999999999999734e-01 -1.006597935410996902e-01 -1.659943993829338327e+00
7.299999999999999822e-01 -8.535134496033115747e-02 -1.408558925691510311e+00
7.399999999999999911e-01 -7.236273735362994119e-02 -1.194968173509682430e+00
7.500000000000000000e-01 -6.134476896913455130e-02 -1.013568068179484527e+00
7.600000000000000089e-01 -5.200013564390102566e-02 -8.595632907023196267e-01
7.700000000000000178e-01 -4.407590884310087775e-02 -7.288568000913703271e-01
7.800000000000000266e-01 -3.735704857013828761e-02 -6.179527978544755440e-01
7.900000000000000355e-01 -3.166082522279756867e-02 -5.238718025662297828e-01
8.000000000000000444e-01 -2.683203464134760116e-02 -4.440767492607654576e-01
8.100000000000000533e-01 -2.273890176791345391e-02 -3.764089785515337128e-01
8.200000000000000622e-01 -1.926957963826516143e-02 -3.190329989793714294e-01
8.300000000000000711e-01 -1.632916132024572406e-02 -2.703889655012855497e-01
8.399999999999999689e-01 -1.383713258820493987e-02 -2.291518987109191219e-01
8.499999999999999778e-01 -1.172520242290103418e-02 -1.941967610857231186e-01
8.599999999999999867e-01 -9.935456793505876086e-03 -1.645686004073141362e-01
8.699999999999999956e-01 -8.418788617591340881e-03 -1.394570616158354592e-01
8.800000000000000044e-01 -7.133563349298620293e-03 -1.181746538832774140e-01
8.900000000000000133e-01 -6.044485379582568985e-03 -1.001382381299973090e-01
9.000000000000000222e-01 -5.121635419938413286e-03 -8.485327095925404572e-02
9.100000000000000311e-01 -4.339653359793809069e-03 -7.190040401034955564e-02
9.200000000000000400e-01 -3.677044813696187225e-03 -6.092409334279692140e-02
9.300000000000000488e-01 -3.115592779258544772e-03 -5.162292217030271108e-02
9.400000000000000577e-01 -2.639858576616976524e-03 -4.374138267104570738e-02
9.500000000000000666e-01 -2.236758594693198914e-03 -3.706289935019842219e-02
9.599999999999999645e-01 -1.895205382242432434e-03 -3.140390815519435164e-02
9.699999999999999734e-01 -1.605803339708771361e-03 -2.660883284560246198e-02
9.799999999999999822e-01 -1.360590732714253917e-03 -2.254582355417714817e-02
9.899999999999999911e-01 -1.152820995671467296e-03 -1.910314254882524918e-02
1.000000000000000000e+00 -9.767773558436755599e-04 -1.618609936892942067e-02
1.010000000000000009e+00 -8.276157112319312836e-04 -1.371445216399943927e-02
1.020000000000000018e+00 -7.012314632405694612e-04 -1.162020455959420807e-02
1.030000000000000027e+00 -5.941466571664758998e-04 -9.845738021671966017e-03
1.040000000000000036e+00 -5.034143373176142586e-04 -8.342228752344280768e-03
1.050000000000000044e+00 -4.265374936569334184e-04 -7.068305857703740050e-03
1.060000000000000053e+00 -3.614003758130584099e-04 -5.988914080366017356e-03
1.070000000000000062e+00 -3.062102887825178749e-04 -5.074349956089988997e-03
1.080000000000000071e+00 -2.594482717723609771e-04 -4.299444981448007422e-03
1.090000000000000080e+00 -2.198273051466782921e-04 -3.642873393055966278e-03
1.100000000000000089e+00 0.000000000000000000e+00 -3.086565565156774125e-03
1.110000000000000098e+00 0.000000000000000000e+00 -2.615210922519525805e-03
1.120000000000000107e+00 0.000000000000000000e+00 -2.215836717338546310e-03
1.130000000000000115e+00 0.000000000000000000e+00 -1.877451098224042431e-03
1.140000000000000124e+00 0.000000000000000000e+00 -1.590740662735809366e-03
1.150000000000000133e+00 0.000000000000000000e+00 -1.347814180062134170e-03
1.159999999999999920e+00 0.000000000000000000e+00 -1.141985438043151757e-03
1.169999999999999929e+00 0.000000000000000000e+00 -9.675892433119585075e-04
1.179999999999999938e+00 0.000000000000000000e+00 -8.198255141989233951e-04
1.189999999999999947e+00 0.000000000000000000e+00 -6.946271781004948170e-04
1.199999999999999956e+00 0.000000000000000000e+00 -5.885482393726153066e-04
