0.000000000000000000e+00 4.184743018001723569e+06 1.820050893422701955e+08
1.000000000000000021e-02 2.708738135363391135e+06 1.178307126927637309e+08
2.000000000000000042e-02 1.753185825228490401e+06 7.628073357103092968e+07
2.999999999999999889e-02 1.134599229930697707e+06 4.937965741465760022e+07
4.000000000000000083e-02 7.341745043307099259e+05 3.196336586466548219e+07
5.000000000000000278e-02 4.749898013728581136e+05 2.068812593671470881e+07
5.999999999999999778e-02 3.072414854013625882e+05 1.338891190700630285e+07
7.000000000000000666e-02 1.986845389577163442e+05 8.663912181821966544e+06
8.000000000000000167e-02 1.284427338183691754e+05 5.605494000705046579e+06
8.999999999999999667e-02 8.300074936342446017e+04 3.626001420232247096e+06
1.000000000000000056e-01 5.360911261489876779e+04 2.344958916597108357e+06
1.100000000000000006e-01 3.460394293163760449e+04 1.516035724452414084e+06
1.199999999999999956e-01 2.231903091921149462e+04 9.797555636823466048e+05
1.300000000000000044e-01 1.438144976169678557e+04 6.328766451610109070e+05
1.400000000000000133e-01 9.255498951482202756e+03 4.085657237498228787e+05
1.499999999999999944e-01 5.947438285645856922e+03 2.635612841829395038e+05
1.600000000000000033e-01 3.814328879891340421e+03 1.698621503828943823e+05
1.700000000000000122e-01 2.440279264975056776e+03 1.093462548092861834e+05
1.799999999999999933e-01 1.556332596800264810e+03 7.028663234179976280e+04
1.900000000000000022e-01 9.886083418321769614e+02 4.509581540966575994e+04
2.000000000000000111e-01 6.247360829973985119e+02 2.886557211907202145e+04
2.099999999999999922e-01 3.921312610407346142e+02 1.842158790208521168e+04
2.200000000000000011e-01 2.439367379784638388e+02 1.171153784406968589e+04
2.300000000000000100e-01 1.499264740605732982e+02 7.408999682103184568e+03
2.399999999999999911e-01 9.062093987630852610e+01 4.657098739720603589e+03
2.500000000000000000e-01 5.348112073894775875e+01 2.902608657030809809e+03
2.600000000000000089e-01 3.044759096342045623e+01 1.788605257581752085e+03
2.700000000000000178e-01 1.634985640675461127e+01 1.085019648236225521e+03
2.800000000000000266e-01 7.878657264377105562e+00 6.437197063512203385e+02
2.899999999999999800e-01 2.922351934281487651e+00 3.694644464637653982e+02
2.999999999999999889e-01 1.386912063633428116e-01 2.011285640006394715e+02
3.099999999999999978e-01 -1.321276710130602883e+00 9.957082935669080825e+01
3.200000000000000067e-01 -1.991025948726581341e+00 3.979944660424241221e+01
3.300000000000000155e-01 -2.202924655486044436e+00 5.915712438140299234e+00
3.400000000000000244e-01 -2.161673246711357965e+00 -1.214659360427683943e+01
3.500000000000000333e-01 -1.991358542003309307e+00 -2.072168025272555170e+01
3.599999999999999867e-01 -1.765521063218086661e+00 -2.376312087569760934e+01
3.699999999999999956e-01 -1.526301396307583769e+00 -2.371188011547087626e+01
3.800000000000000044e-01 -1.296578090762090296e+00 -2.205273287104333235e+01
3.900000000000000133e-01 -1.087618180926503308e+00 -1.967001410842394193e+01
4.000000000000000222e-01 -9.038628683597556002e-01 -1.707431882786987742e+01
4.100000000000000311e-01 -7.458910156710976125e-01 -1.454635372484923828e+01
4.199999999999999845e-01 -6.122291711976889372e-01 -1.222771744941101879e+01
4.299999999999999933e-01 -5.004359699107723269e-01 -1.017777835776590400e+01
4.400000000000000022e-01 -4.077337940462656962e-01 -8.408971685727506085e+00
4.500000000000000111e-01 -3.313610477263164156e-01 -6.908422174215952616e+00
4.600000000000000200e-01 -2.687546057703394942e-01 -5.650952991310451701e+00
4.700000000000000289e-01 -2.176312144587230213e-01 -4.606710903504696475e+00
4.799999999999999822e-01 -1.760106374063498957e-01 -3.745461300420263928e+00
4.899999999999999911e-01 -1.422068543847744004e-01 -3.038852363011737001e+00
5.000000000000000000e-01 -1.148032201290501847e-01 -2.461465181854305850e+00
5.100000000000000089e-01 -9.262097572942366852e-02 -1.991159002084872620e+00
5.200000000000000178e-01 -7.468646424196430378e-02 -1.609025427343026227e+00
5.300000000000000266e-01 -6.019992818239486981e-02 -1.299142025580968252e+00
5.400000000000000355e-01 -4.850727939812091161e-02 -1.048238376751315926e+00
5.500000000000000444e-01 -3.907536119864223750e-02 -8.453394895499412032e-01
5.600000000000000533e-01 -3.147073320154519099e-02 -6.814219753938546287e-01
5.700000000000000622e-01 -2.534175224177947355e-02 -5.491005402858523121e-01
5.799999999999999600e-01 -2.040360432955721712e-02 -4.423518572610500854e-01
5.899999999999999689e-01 -1.642590472238001156e-02 -3.562769259431111668e-01
5.999999999999999778e-01 -1.322248978185299254e-02 -2.868998461122794219e-01
6.099999999999999867e-01 -1.064305363599877055e-02 -2.309994181737924368e-01
6.199999999999999956e-01 -8.566321848408588180e-03 -1.859694414974776000e-01
6.300000000000000044e-01 -6.894495900986621732e-03 -1.497035834980755820e-01
6.400000000000000133e-01 -5.548742301565659334e-03 -1.205009774481656665e-01
6.500000000000000222e-01 -4.465536543932114612e-03 -9.698912008155911868e-02
6.600000000000000311e-01 -3.593704187320083572e-03 -7.806109133817160095e-02
6.700000000000000400e-01 -2.892028875699757980e-03 -6.282455874332035228e-02
6.800000000000000488e-01 -2.327320435989963660e-03 -5.056043294439259428e-02
6.900000000000000577e-01 -1.872855701385722814e-03 -4.068939832626986691e-02
7.000000000000000666e-01 -1.507120883986429443e-03 -3.274485112291531524e-02
7.099999999999999645e-01 -1.212797650526286969e-03 -2.635103921961109638e-02
7.199999999999999734e-01 -9.759459828040836478e-04 -2.120541725252937312e-02
7.299999999999999822e-01 -7.853458284161394078e-04 -1.706441284492970015e-02
7.399999999999999911e-01 -6.319668129589406987e-04 -1.373195013371381924e-02
7.500000000000000000e-01 -5.085411861037072555e-04 -1.105020007520296325e-02
7.600000000000000089e-01 -4.092199580297420716e-04 -8.892127805601571233e-03
7.700000000000000178e-01 -3.292960553382491464e-04 -7.155489430684523755e-03
7.800000000000000266e-01 -2.649814566821733224e-04 -5.757997329102398920e-03
7.900000000000000355e-01 -2.132277975316518271e-04 -4.633427152390230501e-03
8.000000000000000444e-01 -1.715819749226248851e-04 -3.728483508007079863e-03
8.100000000000000533e-01 -1.380699297774472495e-04 -3.000276734913479102e-03
8.200000000000000622e-01 -1.111031121069833204e-04 -2.414291799248729099e-03
8.300000000000000711e-01 -8.940320449217031926e-05 -1.942753439715552352e-03
8.399999999999999689e-01 -7.194154142254493471e-05 -1.563310329758070723e-03
8.499999999999999778e-01 -5.789035656135421649e-05 -1.257976051745165504e-03
8.599999999999999867e-01 -4.658354931346289174e-05 -1.012276791239089761e-03
8.699999999999999956e-01 -3.748511243520365546e-05 -8.145654193962402348e-04
8.800000000000000044e-01 -3.016372501813131514e-05 -6.554694936146509936e-04
8.900000000000000133e-01 -2.427230707625432454e-05 -5.274470384485205245e-04
9.000000000000000222e-01 -1.953156693264778646e-05 -4.244290675080459045e-04
9.100000000000000311e-01 -1.571676172747124995e-05 -3.415319121799703997e-04
9.200000000000000400e-01 -1.264704359018106191e-05 -2.748257278009661668e-04
9.300000000000000488e-01 -1.017688653038804779e-05 -2.211482081884739515e-04
9.400000000000000577e-01 -8.189187699278128180e-06 -1.779546807314055952e-04
9.500000000000000666e-01 -6.589716022585703462e-06 -1.431974777123266374e-04
9.599999999999999645e-01 -5.302645063054976194e-06 -1.152288666409114615e-04
9.699999999999999734e-01 -4.266958358891012493e-06 -9.272293873080865987e-05
9.799999999999999822e-01 -3.433556838795541351e-06 -7.461275307225949610e-05
9.899999999999999911e-01 -2.762931192808788048e-06 -6.003975706812575853e-05
1.000000000000000000e+00 -2.223288858029699925e-06 -4.831308554588987369e-05
1.010000000000000009e+00 -1.789046828302918018e-06 -3.887680918937454905e-05
1.020000000000000018e+00 -1.439618838370084672e-06 -3.128357973151712384e-05
1.030000000000000027e+00 -1.158439427635520749e-06 -2.517342256516941405e-05
1.040000000000000036e+00 -9.321786179766509969e-07 -2.025667142989553911e-05
1.050000000000000044e+00 -7.501099761799946109e-07 -1.630023618181543108e-05
1.060000000000000053e+00 -6.036021029135261257e-07 -1.311655265600955296e-05
1.070000000000000062e+00 -4.857094413247292545e-07 -1.055469077535163051e-05
1.080000000000000071e+00 -3.908430067404664846e-07 -8.493199372169438885e-06
1.090000000000000080e+00 -3.145054277330251812e-07 -6.834348519384368594e-06
1.100000000000000089e+00 0.000000000000000000e+00 -5.499496418267840243e-06
1.110000000000000098e+00 0.000000000000000000e+00 -4.425361201097185369e-06
1.120000000000000107e+00 0.000000000000000000e+00 -3.561020905906217046e-06
1.130000000000000115e+00 0.000000000000000000e+00 -2.865499400788560434e-06
1.140000000000000124e+00 0.000000000000000000e+00 -2.305823813246846469e-06
1.150000000000000133e+00 0.000000000000000000e+00 -1.855461372709803995e-06
1.159999999999999920e+00 0.000000000000000000e+00 -1.493061561203200823e-06
1.169999999999999929e+00 0.000000000000000000e+00 -1.201443940945177585e-06
1.179999999999999938e+00 0.000000000000000000e+00 -9.667836744888293498e-07
1.189999999999999947e+00 0.000000000000000000e+00 -7.779561250913522767e-07
1.199999999999999956e+00 0.000000000000000000e+00 -6.260094665487614656e-07
