0.000000000000000000e+00 3.823675943742541961e+01 1.273319047626995513e+02
1.000000000000000021e-02 3.698240490748992215e+01 1.235571453443836845e+02
2.000000000000000042e-02 3.576525873716886395e+01 1.198897267729883538e+02
2.999999999999999889e-02 3.458426255936224436e+01 1.163266547601906922e+02
4.000000000000000083e-02 3.343838753415683129e+01 1.128650177722075512e+02
5.000000000000000278e-02 3.232663353271696138e+01 1.095019847531135042e+02
5.999999999999999778e-02 3.124802834362835569e+01 1.062348029106511262e+02
7.000000000000000666e-02 3.020162690107840930e+01 1.030607955628188677e+02
8.000000000000000167e-02 2.918651053427364062e+01 9.997736004357129502e+01
8.999999999999999667e-02 2.820178623751154490e+01 9.698196566601059487e+01
1.000000000000000056e-01 2.724658596033945557e+01 9.407215174149274617e+01
1.100000000000000006e-01 2.632006591724922373e+01 9.124552565311543617e+01
1.199999999999999956e-01 2.542140591637149072e+01 8.849976098209698705e+01
1.300000000000000044e-01 2.454980870664758186e+01 8.583259568559516595e+01
1.400000000000000133e-01 2.370449934297190353e+01 8.324183032455579223e+01
1.499999999999999944e-01 2.288472456881174466e+01 8.072532634022024922e+01
1.600000000000000033e-01 2.208975221582379689e+01 7.828100437795525579e+01
1.700000000000000122e-01 2.131887062000161492e+01 7.590684265710989109e+01
1.799999999999999933e-01 2.057138805389944736e+01 7.360087538563595899e+01
1.900000000000000022e-01 1.984663217449110917e+01 7.136119121824424383e+01
2.000000000000000111e-01 1.914394948623483828e+01 6.918593175690406838e+01
2.099999999999999922e-01 1.846270481892604565e+01 6.707329009252323715e+01
2.200000000000000011e-01 1.780228081993223910e+01 6.502150938668000890e+01
2.300000000000000100e-01 1.716207746041482451e+01 6.302888149230859938e+01
2.399999999999999911e-01 1.654151155515395644e+01 6.109374561226954370e+01
2.500000000000000000e-01 1.594001629560236744e+01 5.921448699476609789e+01
2.600000000000000089e-01 1.535704079580515469e+01 5.738953566459613853e+01
2.700000000000000178e-01 1.479204965083198076e+01 5.561736518925653172e+01
2.800000000000000266e-01 1.424452250737791736e+01 5.389649147894420622e+01
2.899999999999999800e-01 1.371395364619867863e+01 5.222547161952398653e+01
2.999999999999999889e-01 1.319985157605517045e+01 5.060290273755928325e+01
3.099999999999999978e-01 1.270173863885105092e+01 4.902742089652567614e+01
3.200000000000000067e-01 1.221915062565580179e+01 4.749770002335243646e+01
3.300000000000000155e-01 1.175163640331427040e+01 4.601245086445996435e+01
3.400000000000000244e-01 1.129875755135172355e+01 4.457041997048388993e+01
3.500000000000000333e-01 1.086008800889145220e+01 4.317038870889889779e+01
3.599999999999999867e-01 1.043521373130995222e+01 4.181117230377726202e+01
3.699999999999999956e-01 1.002373235636181548e+01 4.049161890193693125e+01
3.800000000000000044e-01 9.625252879514395232e+00 3.921060866475641404e+01
3.900000000000000133e-01 9.239395338238720612e+00 3.796705288495056152e+01
4.000000000000000222e-01 8.865790505010933131e+00 3.675989312762443717e+01
4.100000000000000311e-01 8.504079588784334121e+00 3.558810039493716459e+01
4.199999999999999845e-01 8.153913944699706207e+00 3.445067431372980593e+01
4.299999999999999933e-01 7.814954791806951739e+00 3.334664234548571216e+01
4.400000000000000022e-01 7.486872938578165382e+00 3.227505901801148980e+01
4.500000000000000111e-01 7.169348515997718607e+00 3.123500517824217937e+01
4.600000000000000200e-01 6.862070718021096027e+00 3.022558726559109132e+01
4.700000000000000289e-01 6.564737549199903377e+00 2.924593660528059758e+01
4.799999999999999822e-01 6.277055579275927499e+00 2.829520872110550656e+01
4.899999999999999911e-01 5.998739704552595420e+00 2.737258266709561028e+01
5.000000000000000000e-01 5.729512915857559285e+00 2.647726037755916906e+01
5.100000000000000089e-01 5.469106072914979855e+00 2.560846603500235830e+01
5.200000000000000178e-01 5.217257684951301044e+00 2.476544545543437792e+01
5.300000000000000266e-01 4.973713697363069564e+00 2.394746549058118745e+01
5.400000000000000355e-01 4.738227284279979301e+00 2.315381344654336004e+01
5.500000000000000444e-01 4.510558646861001719e+00 2.238379651844709528e+01
5.600000000000000533e-01 4.290474817165907062e+00 2.163674124064929316e+01
5.700000000000000622e-01 4.077749467448723131e+00 2.091199295206965658e+01
5.799999999999999600e-01 3.872162724723960725e+00 2.020891527623461670e+01
5.899999999999999689e-01 3.673500990460556448e+00 1.952688961562936498e+01
5.999999999999999778e-01 3.481556765262395103e+00 1.886531465996504409e+01
6.099999999999999867e-01 3.296128478398156592e+00 1.822360590797917723e+01
6.199999999999999956e-01 3.117020322047050040e+00 1.760119520239766544e+01
6.300000000000000044e-01 2.944042090130655431e+00 1.699753027769729030e+01
6.400000000000000133e-01 2.777009021604579075e+00 1.641207432031697877e+01
6.500000000000000222e-01 2.615741648087186455e+00 1.584430554097612820e+01
6.600000000000000311e-01 2.460065645706012827e+00 1.529371675876769210e+01
6.700000000000000400e-01 2.309811691045723592e+00 1.475981499670251118e+01
6.800000000000000488e-01 2.164815321084659683e+00 1.424212108839050117e+01
6.900000000000000577e-01 2.024916797010211766e+00 1.374016929555304145e+01
7.000000000000000666e-01 1.889960971806116552e+00 1.325350693606882224e+01
7.099999999999999645e-01 1.759797161507854923e+00 1.278169402226411933e+01
7.199999999999999734e-01 1.634279020025093399e+00 1.232430290916602011e+01
7.299999999999999822e-01 1.513264417432934605e+00 1.188091795244502258e+01
7.399999999999999911e-01 1.396615321636390794e+00 1.145113517578086793e+01
7.500000000000000000e-01 1.284197683315169147e+00 1.103456194739271368e+01
7.600000000000000089e-01 1.175881324058397404e+00 1.063081666548204041e+01
7.700000000000000178e-01 1.071539827601362349e+00 1.023952845234336451e+01
7.800000000000000266e-01 9.710504340788004285e-01 9.860336856904639902e+00
7.900000000000000355e-01 8.742939372116198538e-01 9.492891565465891190e+00
8.000000000000000444e-01 7.811545843461650263e-01 9.136852120410685174e+00
8.100000000000000533e-01 6.915199792674282531e-01 8.791887646671490586e+00
8.200000000000000622e-01 6.052809877097279356e-01 8.457676585735892871e+00
8.300000000000000711e-01 5.223316454904833872e-01 8.133906436986382715e+00
8.399999999999999689e-01 4.425690691947690159e-01 7.820273506172292777e+00
8.499999999999999778e-01 3.658933693403010889e-01 7.516482660817835004e+00
8.599999999999999867e-01 2.922075659544696169e-01 7.222247092375680744e+00
8.699999999999999956e-01 2.214175064968741391e-01 6.937288084940646193e+00
8.800000000000000044e-01 1.534317860626772112e-01 6.661334790343220291e+00
8.900000000000000133e-01 8.816166980385496676e-02 6.394124009447597068e+00
9.000000000000000222e-01 2.552101750716196174e-02 6.135399979483638688e+00
9.100000000000000311e-01 -3.457378973070779349e-02 5.884914167246942718e+00
9.200000000000000400e-01 -9.220392078861858187e-02 5.642425068005691102e+00
9.300000000000000488e-01 -1.474481638234466652e-01 5.407698009957387697e+00
9.400000000000000577e-01 -2.003829936442035886e-01 5.180504964082932595e+00
9.500000000000000666e-01 -2.510826372110752658e-01 4.960624359249622195e+00
9.599999999999999645e-01 -2.996191373111272704e-01 4.747840902418754006e+00
9.699999999999999734e-01 -3.460624144610254804e-01 4.541945403817483573e+00
9.799999999999999822e-01 -3.904803270857270525e-01 4.342734606938432051e+00
9.899999999999999911e-01 -4.329387300207450662e-01 4.150011023234272400e+00
1.000000000000000000e+00 -4.735015313843049523e-01 3.963582771378173053e+00
1.010000000000000009e+00 -5.122307478644013701e-01 3.783263420964531942e+00
1.020000000000000018e+00 -5.491865584645553300e-01 3.608871840527879460e+00
1.030000000000000027e+00 -5.844273567508594391e-01 3.440232049761146271e+00
1.040000000000000036e+00 -6.180098016417151507e-01 3.277173075817811476e+00
1.050000000000000044e+00 -6.499888667805391318e-01 3.119528813585574767e+00
1.060000000000000053e+00 -6.804178885306200186e-01 2.967137889822255570e+00
1.070000000000000062e+00 -7.093486126301825623e-01 2.819843531047731666e+00
1.080000000000000071e+00 -7.368312395447376151e-01 2.677493435088480922e+00
1.090000000000000080e+00 -7.629144685527073921e-01 2.539939646174294019e+00
1.100000000000000089e+00 0.000000000000000000e+00 2.407038433489352869e+00
1.110000000000000098e+00 0.000000000000000000e+00 2.278650173082636510e+00
1.120000000000000107e+00 0.000000000000000000e+00 2.154639233045196889e+00
1.130000000000000115e+00 0.000000000000000000e+00 2.034873861864364031e+00
1.140000000000000124e+00 0.000000000000000000e+00 1.919226079867458967e+00
1.150000000000000133e+00 0.000000000000000000e+00 1.807571573669945808e+00
1.159999999999999920e+00 0.000000000000000000e+00 1.699789593545308675e+00
1.169999999999999929e+00 0.000000000000000000e+00 1.595762853636228940e+00
1.179999999999999938e+00 0.000000000000000000e+00 1.495377434928819582e+00
1.189999999999999947e+00 0.000000000000000000e+00 1.398522690913809985e+00
1.199999999999999956e+00 0.000000000000000000e+00 1.305091155860724106e+00
