0.000000000000000000e+00 5.159128861364147269e+02 2.361731197532755323e+04
1.000000000000000021e-02 3.224888616386221543e+02 1.559425123591024931e+04
2.000000000000000042e-02 1.953123718335711487e+02 1.019873658983797759e+04
2.999999999999999889e-02 1.126012588064469639e+02 6.585899440204707389e+03
4.000000000000000083e-02 5.959153474116057936e+01 4.179939362395284661e+03
5.000000000000000278e-02 2.629987256888171387e+01 2.588870703844648688e+03
5.999999999999999778e-02 5.995454839622694543e+00 1.546206881218774470e+03
7.000000000000000666e-02 -5.843026900560759351e+00 8.710835856391830703e+02
8.000000000000000167e-02 -1.223868078713251428e+01 4.410012640671893109e+02
8.999999999999999667e-02 -1.520104580630398772e+01 1.732022023991527249e+02
1.000000000000000056e-01 -1.605589214993420555e+01 1.195423491681598449e+01
1.100000000000000006e-01 -1.566933167773257196e+01 -8.012627914242096949e+01
1.199999999999999956e-01 -1.459983798635518504e+01 -1.279902461530193989e+02
1.300000000000000044e-01 -1.320113989955107670e+01 -1.481849142580607861e+02
1.400000000000000133e-01 -1.169167533951784677e+01 -1.515944933953533962e+02
1.499999999999999944e-01 -1.020131511281112502e+01 -1.453014659632100063e+02
1.600000000000000033e-01 -8.802662655098702160e+00 -1.338483011819866135e+02
1.700000000000000122e-01 -7.531909445808131487e+00 -1.200907151455696891e+02
1.799999999999999933e-01 -6.402636485560792678e+00 -1.057730240380926858e+02
1.900000000000000022e-01 -5.414867063057484664e+00 -9.191469509392923953e+01
2.000000000000000111e-01 -4.560935626237715645e+00 -7.906886537049850006e+01
2.099999999999999922e-01 -3.829232824242177369e+00 -6.749423427959077060e+01
2.200000000000000011e-01 -3.206543056215744869e+00 -5.726850894512550383e+01
2.300000000000000100e-01 -2.679457086497074592e+00 -4.836255231921950326e+01
2.399999999999999911e-01 -2.235183542035359405e+00 -4.068822505209473661e+01
2.500000000000000000e-01 -1.861975524023059547e+00 -3.412871487087866740e+01
2.600000000000000089e-01 -1.549315828945245554e+00 -2.855729007996814417e+01
2.700000000000000178e-01 -1.287955243750288581e+00 -2.384847156809010116e+01
2.800000000000000266e-01 -1.069865452101684600e+00 -1.988429965619520701e+01
2.899999999999999800e-01 -8.881460784460636360e-01 -1.655747951839991572e+01
2.999999999999999889e-01 -7.369107713226236145e-01 -1.377258598449248339e+01
3.099999999999999978e-01 -6.111675831185183760e-01 -1.144610258188184559e+01
3.200000000000000067e-01 -5.067026070099828194e-01 -9.505797442213202331e+00
3.300000000000000155e-01 -4.199717753101315787e-01 -7.889757059645837955e+00
3.400000000000000244e-01 -3.480031571621934883e-01 -6.545278475651839400e+00
3.500000000000000333e-01 -2.883105114985633488e-01 -5.427741304075555995e+00
3.599999999999999867e-01 -2.388179131198783778e-01 -4.499529535195420316e+00
3.699999999999999956e-01 -1.977947477245188268e-01 -3.729040074600772137e+00
3.800000000000000044e-01 -1.638001139299075093e-01 -3.089794265089260250e+00
3.900000000000000133e-01 -1.356355763549924320e-01 -2.559656016318731631e+00
4.000000000000000222e-01 -1.123052178493248593e-01 -2.120152812411732590e+00
4.100000000000000311e-01 -9.298199831397077619e-02 -1.755891899895886121e+00
4.199999999999999845e-01 -7.697951507953883221e-02 -1.454062126223767626e+00
4.299999999999999933e-01 -6.372835854489541929e-02 -1.204011377381527748e+00
4.400000000000000022e-01 -5.275635652139688825e-02 -9.968898127075310756e-01
4.500000000000000111e-01 -4.367209562491672359e-02 -8.253497684823702940e-01
4.600000000000000200e-01 -3.615119505918665960e-02 -6.832940790689671084e-01
4.700000000000000289e-01 -2.992488593667837204e-02 -5.656655095430351832e-01
4.799999999999999822e-01 -2.477051764815675627e-02 -4.682709261523477773e-01
4.899999999999999911e-01 -2.050367209560422302e-02 -3.876347055071892034e-01
5.000000000000000000e-01 -1.697161755063181232e-02 -3.208766777161581318e-01
5.100000000000000089e-01 -1.404787734506541576e-02 -2.656106043844577713e-01
5.200000000000000178e-01 -1.162772543312299428e-02 -2.198598095560303223e-01
5.300000000000000266e-01 -9.624451949486731439e-03 -1.819871151505395301e-01
5.400000000000000355e-01 -7.966268026454541989e-03 -1.506366895099086611e-01
5.500000000000000444e-01 -6.593741049278323794e-03 -1.246858066058386810e-01
5.600000000000000533e-01 -5.457669860917079875e-03 -1.032048426608725838e-01
5.700000000000000622e-01 -4.517324732639350741e-03 -8.542411440076702611e-02
5.799999999999999600e-01 -3.738989675235207012e-03 -7.070639622876974395e-02
5.899999999999999689e-01 -3.094755287436818519e-03 -5.852414886575611763e-02
5.999999999999999778e-01 -2.561519172143743219e-03 -4.844065521341155839e-02
6.099999999999999867e-01 -2.120158291911248237e-03 -4.009439538642813744e-02
6.199999999999999956e-01 -1.754843731020936997e-03 -3.318610633456287040e-02
6.300000000000000044e-01 -1.452473390570332718e-03 -2.746806591312675808e-02
6.400000000000000133e-01 -1.202202339739454973e-03 -2.273521977892465837e-02
6.500000000000000222e-01 -9.950540263758632896e-04 -1.881783471963737256e-02
6.600000000000000311e-01 -8.235984347706394506e-04 -1.557541618146419775e-02
6.700000000000000400e-01 -6.816856691639793442e-04 -1.289167269849935196e-02
6.800000000000000488e-01 -5.642254223069088567e-04 -1.067034720040805143e-02
6.900000000000000577e-01 -4.670044292933218412e-04 -8.831766078843129517e-03
7.000000000000000666e-01 -3.865353659884123989e-04 -7.309982508392581096e-03
7.099999999999999645e-01 -3.199317769643465086e-04 -6.050411744436391334e-03
7.199999999999999734e-01 -2.648045499423774926e-04 -5.007873706464710875e-03
7.299999999999999822e-01 -2.191762255313126908e-04 -4.144972723052595467e-03
7.399999999999999911e-01 -1.814100700682753594e-04 -3.430756380221756507e-03
7.500000000000000000e-01 -1.501513684206315195e-04 -2.839605406954297771e-03
7.600000000000000089e-01 -1.242788315995292474e-04 -2.350314805704873094e-03
7.700000000000000178e-01 -1.028643766251400340e-04 -1.945333286718782442e-03
7.800000000000000266e-01 -8.513983624232751297e-05 -1.610133737206827188e-03
7.900000000000000355e-01 -7.046940455587250452e-05 -1.332692152500835649e-03
8.000000000000000444e-01 -5.832683033281765004e-05 -1.103056344037683587e-03
8.100000000000000533e-01 -4.827653997253852144e-05 -9.129889574195486921e-04
8.200000000000000622e-01 -3.995801307220258751e-05 -7.556719980256976438e-04
8.300000000000000711e-01 -3.307285016625591452e-05 -6.254622670729231533e-04
8.399999999999999689e-01 -2.737406877426402336e-05 -5.176889366104121468e-04
8.499999999999999778e-01 -2.265724381292593724e-05 -4.284860030817577801e-04
8.599999999999999867e-01 -1.875317458056890543e-05 -3.546536099339285260e-04
8.699999999999999956e-01 -1.552181527774083156e-05 -2.935432651254999011e-04
8.800000000000000044e-01 -1.284725134900473939e-05 -2.429628363942521927e-04
8.900000000000000133e-01 -1.063354144390974685e-05 -2.010979165085971130e-04
9.000000000000000222e-01 -8.801275844640775296e-06 -1.664467378800211345e-04
9.100000000000000311e-01 -7.284727907574532722e-06 -1.377663019071164081e-04
9.200000000000000400e-01 -6.029496337609507319e-06 -1.140277906825124763e-04
9.300000000000000488e-01 -4.990553720621045362e-06 -9.437966164727655777e-05
9.400000000000000577e-01 -4.130631312213610669e-06 -7.811710136360956085e-05
9.500000000000000666e-01 -3.418882142794792839e-06 -6.465674267948919539e-05
9.599999999999999645e-01 -2.829774482522025525e-06 -5.351573835929499516e-05
9.699999999999999734e-01 -2.342175972973161102e-06 -4.429444052397581112e-05
9.799999999999999822e-01 -1.938595571866807867e-06 -3.666206458795413477e-05
9.899999999999999911e-01 -1.604556118139657220e-06 -3.034482343701969413e-05
1.000000000000000000e+00 -1.328075010237235316e-06 -2.511610620195601381e-05
1.010000000000000009e+00 -1.099234368663723946e-06 -2.078834932494061513e-05
1.020000000000000018e+00 -9.098252637809151539e-07 -1.720630832065982301e-05
1.030000000000000027e+00 -7.530532466882351865e-07 -1.424148887904384998e-05
1.040000000000000036e+00 -6.232946200599319172e-07 -1.178753754388126465e-05
1.050000000000000044e+00 -5.158947059440721819e-07 -9.756426623073026098e-06
1.060000000000000053e+00 -4.270008740310750905e-07 -8.075296476657412687e-06
1.070000000000000062e+00 -3.534243408181039842e-07 -6.683841909967903434e-06
1.080000000000000071e+00 -2.925257821579372720e-07 -5.532148917249922403e-06
1.090000000000000080e+00 -2.421206559091446496e-07 -4.578904175903696815e-06
1.100000000000000089e+00 0.000000000000000000e+00 -3.789913062727577238e-06
1.110000000000000098e+00 0.000000000000000000e+00 -3.136873030758281878e-06
1.120000000000000107e+00 0.000000000000000000e+00 -2.596358345537965681e-06
1.130000000000000115e+00 0.000000000000000000e+00 -2.148979761473365471e-06
1.140000000000000124e+00 0.000000000000000000e+00 -1.778688994365016465e-06
1.150000000000000133e+00 0.000000000000000000e+00 -1.472203040280777317e-06
1.159999999999999920e+00 0.000000000000000000e+00 -1.218527690051467129e-06
1.169999999999999929e+00 0.000000000000000000e+00 -1.008563146991018917e-06
1.179999999999999938e+00 0.000000000000000000e+00 -8.347776006344867487e-07
1.189999999999999947e+00 0.000000000000000000e+00 -6.909370469917930449e-07
1.199999999999999956e+00 0.000000000000000000e+00 -5.718816634794820121e-07
