0.000000000000000000e+00 2.370764263544545258e+01 7.881861401090348807e+01
1.000000000000000021e-02 2.293081219273298643e+01 7.655787151037367266e+01
2.000000000000000042e-02 2.217628004456271995e+01 7.435867868513203405e+01
2.999999999999999889e-02 2.144343891364701804e+01 7.221939890909938242e+01
4.000000000000000083e-02 2.073169767285986609e+01 7.013843858603515002e+01
5.000000000000000278e-02 2.004048092058864228e+01 6.811424602445849530e+01
5.999999999999999778e-02 1.936922856718934938e+01 6.614531034190497394e+01
7.000000000000000666e-02 1.871739543225578117e+01 6.423016039775563968e+01
8.000000000000000167e-02 1.808445085242072636e+01 6.236736375389415343e+01
8.999999999999999667e-02 1.746987829941437198e+01 6.055552566246714008e+01
1.000000000000000056e-01 1.687317500811263216e+01 5.879328808004247264e+01
1.100000000000000006e-01 1.629385161431469697e+01 5.707932870747756482e+01
1.199999999999999956e-01 1.573143180199622826e+01 5.541236005482862481e+01
1.300000000000000044e-01 1.518545195979087126e+01 5.379112853064820143e+01
1.400000000000000133e-01 1.465546084645970026e+01 5.221441355503688442e+01
1.499999999999999944e-01 1.414101926511367147e+01 5.068102669582895459e+01
1.600000000000000033e-01 1.364169974596132917e+01 4.918981082731119159e+01
1.700000000000000122e-01 1.315708623735898541e+01 4.773963931088700718e+01
1.799999999999999933e-01 1.268677380494693097e+01 4.632941519711437195e+01
1.900000000000000022e-01 1.223036833866071937e+01 4.495807044856128698e+01
2.000000000000000111e-01 1.178748626741213279e+01 4.362456518293642915e+01
2.099999999999999922e-01 1.135775428123957731e+01 4.232788693596648244e+01
2.200000000000000011e-01 1.094080906073318893e+01 4.106704994350658922e+01
2.300000000000000100e-01 1.053629701354476111e+01 3.984109444238225706e+01
2.399999999999999911e-01 1.014387401779758058e+01 3.864908598947515372e+01
2.500000000000000000e-01 9.763205172216233407e+00 3.749011479857752960e+01
2.600000000000000089e-01 9.393964552800914802e+00 3.636329509455230635e+01
2.700000000000000178e-01 9.035834975875514985e+00 3.526776448434817723e+01
2.800000000000000266e-01 8.688507767343114807e+00 3.420268334443056801e+01
2.899999999999999800e-01 8.351682537986850008e+00 3.316723422420068346e+01
2.999999999999999889e-01 8.025066964658417845e+00 3.216062126498635365e+01
3.099999999999999978e-01 7.708376577200508173e+00 3.118206963419896027e+01
3.200000000000000067e-01 7.401334550953459157e+00 3.023082497426106130e+01
3.300000000000000155e-01 7.103671504700408867e+00 2.930615286592023949e+01
3.400000000000000244e-01 6.815125303908963872e+00 2.840733830557422479e+01
3.500000000000000333e-01 6.535440869131030617e+00 2.753368519624202193e+01
3.599999999999999867e-01 6.264369989426248786e+00 2.668451585182587849e+01
3.699999999999999956e-01 6.001671140677760974e+00 2.585917051431741243e+01
3.800000000000000044e-01 5.747109308672621708e+00 2.505700688361091011e+01
3.900000000000000133e-01 5.500455816822424460e+00 2.427739965959505142e+01
4.000000000000000222e-01 5.261488158402909399e+00 2.351974009620321837e+01
4.100000000000000311e-01 5.029989833194634663e+00 2.278343556711074669e+01
4.199999999999999845e-01 4.805750188409678714e+00 2.206790914277569371e+01
4.299999999999999933e-01 4.588564263792442866e+00 2.137259917852716740e+01
4.400000000000000022e-01 4.378232640785556740e+00 2.069695891341377347e+01
4.500000000000000111e-01 4.174561295654663162e+00 2.004045607953140262e+01
4.600000000000000200e-01 3.977361456468667011e+00 1.940257252155734946e+01
4.700000000000000289e-01 3.786449463834722806e+00 1.878280382622473610e+01
4.799999999999999822e-01 3.601646635289851073e+00 1.818065896147815863e+01
4.899999999999999911e-01 3.422779133253679884e+00 1.759565992505826060e+01
5.000000000000000000e-01 3.249677836449166968e+00 1.702734140226926840e+01
5.100000000000000089e-01 3.082178214700780128e+00 1.647525043269036971e+01
5.200000000000000178e-01 2.920120207021805303e+00 1.593894608559763881e+01
5.300000000000000266e-01 2.763348102904815029e+00 1.541799914386939463e+01
5.400000000000000355e-01 2.611710426731602919e+00 1.491199179615393078e+01
5.500000000000000444e-01 2.465059825221041834e+00 1.442051733708423100e+01
5.600000000000000533e-01 2.323252957835406640e+00 1.394317987532970093e+01
5.700000000000000622e-01 2.186150390067869598e+00 1.347959404928077909e+01
5.799999999999999600e-01 2.053616489535823320e+00 1.302938475016735431e+01
5.899999999999999689e-01 1.925519324806624688e+00 1.259218685241699198e+01
5.999999999999999778e-01 1.801730566884389484e+00 1.216764495106452770e+01
6.099999999999999867e-01 1.682125393288175008e+00 1.175541310602878298e+01
6.199999999999999956e-01 1.566582394653817989e+00 1.135515459307763741e+01
6.300000000000000044e-01 1.454983483793400811e+00 1.096654166130676167e+01
6.400000000000000133e-01 1.347213807148086584e+00 1.058925529696242585e+01
6.500000000000000222e-01 1.243161658571678263e+00 1.022298499344263334e+01
6.600000000000000311e-01 1.142718395383965246e+00 9.867428527315700748e+00
6.700000000000000400e-01 1.045778356634438744e+00 9.522291740199147370e+00
6.800000000000000488e-01 9.522387835185635030e-01 9.187288326346127576e+00
6.900000000000000577e-01 8.619997418902692887e-01 8.862139625790518949e+00
7.000000000000000666e-01 7.749640468158005557e-01 8.546574422905639068e+00
7.099999999999999645e-01 6.910371891155022706e-01 8.240328750235383026e+00
7.199999999999999734e-01 6.101272638415017324e-01 7.943145697460204602e+00
7.299999999999999822e-01 5.321449006406320237e-01 7.654775225364081059e+00
7.399999999999999911e-01 4.570031959532040999e-01 7.374973984671800764e+00
7.500000000000000000e-01 3.846176469996041569e-01 7.103505139629710641e+00
7.600000000000000089e-01 3.149060875078714128e-01 6.840138196205967525e+00
7.700000000000000178e-01 2.477886251366816506e-01 6.584648834789882166e+00
7.800000000000000266e-01 1.831875805493380360e-01 6.336818747272904062e+00
7.900000000000000355e-01 1.210274280955171977e-01 6.096435478396877272e+00
8.000000000000000444e-01 6.123473805865853326e-02 5.863292271258257138e+00
8.100000000000000533e-01 3.738120427989615694e-03 5.637187916859765835e+00
8.200000000000000622e-01 -5.153182984475901396e-02 5.417926607603915201e+00
8.300000000000000711e-01 -1.046425861428612047e-01 5.205317794625425876e+00
8.399999999999999689e-01 -1.556597420741971660e-01 4.999176048862403299e+00
8.499999999999999778e-01 -2.046470619898547172e-01 4.799320925768652657e+00
8.599999999999999867e-01 -2.516665301676623834e-01 4.605576833572067486e+00
8.699999999999999956e-01 -2.967783986956478715e-01 4.417772904986541072e+00
8.800000000000000044e-01 -3.400412340895107577e-01 4.235742872287200811e+00
8.900000000000000133e-01 -3.815119626772934258e-01 4.059324945661179740e+00
9.000000000000000222e-01 -4.212459147835846407e-01 3.888361694748379005e+00
9.100000000000000311e-01 -4.592968677447256676e-01 3.722699933288959429e+00
9.200000000000000400e-01 -4.957170877856920121e-01 3.562190606796357795e+00
9.300000000000000488e-01 -5.305573707885019585e-01 3.406688683176903432e+00
9.400000000000000577e-01 -5.638670819812309221e-01 3.256053046219013591e+00
9.500000000000000666e-01 -5.956941945759517409e-01 3.110146391877049776e+00
9.599999999999999645e-01 -6.260853273831862298e-01 2.968835127276838293e+00
9.699999999999999734e-01 -6.550857814297198489e-01 2.831989272371724375e+00
9.799999999999999822e-01 -6.827395756059404519e-01 2.699482364179993432e+00
9.899999999999999911e-01 -7.090894813681756226e-01 2.571191363536136532e+00
1.000000000000000000e+00 -7.341770565208427524e-01 2.446996564290336185e+00
1.010000000000000009e+00 -7.580426781025597638e-01 2.326781504892200925e+00
1.020000000000000018e+00 -7.807255743997603137e-01 2.210432882296421209e+00
1.030000000000000027e+00 -8.022638561107200417e-01 2.097840468129695601e+00
1.040000000000000036e+00 -8.226945466823097908e-01 1.988897027059832512e+00
1.050000000000000044e+00 -8.420536118412137450e-01 1.883498237309457979e+00
1.060000000000000053e+00 -8.603759883407675613e-01 1.781542613258291663e+00
1.070000000000000062e+00 -8.776956119440445514e-01 1.682931430079381174e+00
1.080000000000000071e+00 -8.940454446632376539e-01 1.587568650356156574e+00
1.090000000000000080e+00 -9.094575012749120946e-01 1.495360852628489834e+00
1.100000000000000089e+00 0.000000000000000000e+00 1.406217161817335581e+00
1.110000000000000098e+00 0.000000000000000000e+00 1.320049181478860856e+00
1.120000000000000107e+00 0.000000000000000000e+00 1.236770927840184164e+00
1.130000000000000115e+00 0.000000000000000000e+00 1.156298765570165088e+00
1.140000000000000124e+00 0.000000000000000000e+00 1.078551345239871395e+00
1.150000000000000133e+00 0.000000000000000000e+00 1.003449542428503705e+00
1.159999999999999920e+00 0.000000000000000000e+00 9.309163984317692098e-01
1.169999999999999929e+00 0.000000000000000000e+00 8.608770625307742286e-01
1.179999999999999938e+00 0.000000000000000000e+00 7.932587357806122341e-01
1.189999999999999947e+00 0.000000000000000000e+00 7.279906162788937207e-01
1.199999999999999956e+00 0.000000000000000000e+00 6.650038458754881088e-01
