0.000000000000000000e+00 2.676974911448958494e+01 8.908953803932119797e+01
1.000000000000000021e-02 2.589181900983021478e+01 8.650850959514960437e+01
2.000000000000000042e-02 2.503934164903782289e+01 8.399866496931025495e+01
2.999999999999999889e-02 2.421161483584442209e+01 8.155808443051076040e+01
4.000000000000000083e-02 2.340795531405025898e+01 7.918489946677387081e+01
5.000000000000000278e-02 2.262769826215796343e+01 7.687729142607956589e+01
5.999999999999999778e-02 2.187019680141933620e+01 7.463349019298959774e+01
7.000000000000000666e-02 2.113482151694014988e+01 7.245177290030370898e+01
8.000000000000000167e-02 2.042095999149693242e+01 7.033046267482089320e+01
8.999999999999999667e-02 1.972801635172945467e+01 6.826792741630453065e+01
1.000000000000000056e-01 1.905541082638126582e+01 6.626257860877363726e+01
1.100000000000000006e-01 1.840257931626911514e+01 6.431287016326491823e+01
1.199999999999999956e-01 1.776897297567107259e+01 6.241729729123468928e+01
1.300000000000000044e-01 1.715405780483053633e+01 6.057439540778924680e+01
1.400000000000000133e-01 1.655731425328248463e+01 5.878273906395688897e+01
1.499999999999999944e-01 1.597823683371453818e+01 5.704094090723116039e+01
1.600000000000000033e-01 1.541633374608477780e+01 5.534765066964084212e+01
1.700000000000000122e-01 1.487112651172398259e+01 5.370155418261617797e+01
1.799999999999999933e-01 1.434214961715835912e+01 5.210137241794470242e+01
1.900000000000000022e-01 1.382895016739501770e+01 5.054586055412558920e+01
2.000000000000000111e-01 1.333108754841981813e+01 4.903380706745176809e+01
2.099999999999999922e-01 1.284813309866344966e+01 4.756403284716548541e+01
2.200000000000000011e-01 1.237966978919819638e+01 4.613539033405061929e+01
2.300000000000000100e-01 1.192529191243430198e+01 4.474676268184263961e+01
2.399999999999999911e-01 1.148460477909054234e+01 4.339706294085194571e+01
2.500000000000000000e-01 1.105722442322005250e+01 4.208523326321385127e+01
2.600000000000000089e-01 1.064277731507782754e+01 4.081024412919283861e+01
2.700000000000000178e-01 1.024090008162230703e+01 3.957109359398459958e+01
2.800000000000000266e-01 9.851239234448657456e+00 3.836680655447337784e+01
2.899999999999999800e-01 9.473450904956958851e+00 3.719643403541734017e+01
2.999999999999999889e-01 9.107200586563507727e+00 3.605905249454763606e+01
3.099999999999999978e-01 8.752162883768644264e+00 3.495376314608117951e+01
3.200000000000000067e-01 8.408021267899487228e+00 3.387969130216023927e+01
3.300000000000000155e-01 8.074467839350504050e+00 3.283598573174414526e+01
3.400000000000000244e-01 7.751203096149968275e+00 3.182181803649227803e+01
3.500000000000000333e-01 7.437935708684366709e+00 3.083638204318801712e+01
3.599999999999999867e-01 7.134382300417824396e+00 2.987889321226694506e+01
3.699999999999999956e-01 6.840267234447395595e+00 2.894858806202255153e+01
3.800000000000000044e-01 6.555322405739707925e+00 2.804472360807526954e+01
3.900000000000000133e-01 6.279287038898282880e+00 2.716657681770084309e+01
4.000000000000000222e-01 6.011907491314886443e+00 2.631344407862483337e+01
4.100000000000000311e-01 5.752937061562205301e+00 2.548464068190064680e+01
4.199999999999999845e-01 5.502135802888943772e+00 2.467950031849865766e+01
4.299999999999999933e-01 5.259270341681892447e+00 2.389737458924319213e+01
4.400000000000000022e-01 5.024113700763433776e+00 2.313763252774479540e+01
4.500000000000000111e-01 4.796445127396189001e+00 2.239966013598354522e+01
4.600000000000000200e-01 4.576049925869895674e+00 2.168285993220866104e+01
4.700000000000000289e-01 4.362719294549182614e+00 2.098665051082889477e+01
4.799999999999999822e-01 4.156250167263709550e+00 2.031046611397588464e+01
4.899999999999999911e-01 3.956445058925670999e+00 1.965375621443204679e+01
5.000000000000000000e-01 3.763111915262418616e+00 1.901598510962198674e+01
5.100000000000000089e-01 3.576063966555071971e+00 1.839663152637463384e+01
5.200000000000000178e-01 3.395119585276881402e+00 1.779518823617138068e+01
5.300000000000000266e-01 3.220102147527791558e+00 1.721116168060221696e+01
5.400000000000000355e-01 3.050839898164574127e+00 1.664407160676017128e+01
5.500000000000000444e-01 2.887165819528386024e+00 1.609345071231061297e+01
5.600000000000000533e-01 2.728917503674369804e+00 1.555884429997969853e+01
5.700000000000000622e-01 2.575937028010279128e+00 1.503980994121231873e+01
5.799999999999999600e-01 2.428070834253704735e+00 1.453591714875706842e+01
5.899999999999999689e-01 2.285169610619818492e+00 1.404674705794184497e+01
5.999999999999999778e-01 2.147088177153850364e+00 1.357189211640999460e+01
6.099999999999999867e-01 2.013685374124830840e+00 1.311095578209304158e+01
6.199999999999999956e-01 1.884823953399365370e+00 1.266355222920201662e+01
6.300000000000000044e-01 1.760370472716254353e+00 1.222930606202495873e+01
6.400000000000000133e-01 1.640195192784991374e+00 1.180785203632408553e+01
6.500000000000000222e-01 1.524171977133127687e+00 1.139883478813123574e+01
6.600000000000000311e-01 1.412178194629504002e+00 1.100190856974582410e+01
6.700000000000000400e-01 1.304094624612299302e+00 1.061673699274456517e+01
6.800000000000000488e-01 1.199805364552680276e+00 1.024299277781723028e+01
6.900000000000000577e-01 1.099197740186738992e+00 9.880357511247785496e+00
7.000000000000000666e-01 1.002162218050109965e+00 9.528521407864815274e+00
7.099999999999999645e-01 9.085923203514674196e-01 9.187183080289983650e+00
7.199999999999999734e-01 8.183845421227280426e-01 8.856049314317674614e+00
7.299999999999999822e-01 7.314382705854985955e-01 8.534834850263512962e+00
7.399999999999999911e-01 6.476557066748377389e-01 8.223262170123527781e+00
7.500000000000000000e-01 5.669417886630255810e-01 7.921061290390199794e+00
7.600000000000000089e-01 4.892041178275130520e-01 7.627969560375434277e+00
7.700000000000000178e-01 4.143528861087142912e-01 7.343731465894630439e+00
7.800000000000000266e-01 3.423008057047451924e-01 7.068098438169823083e+00
7.900000000000000355e-01 2.729630405516176306e-01 6.800828667813607176e+00
8.000000000000000444e-01 2.062571396387463396e-01 6.541686923759258754e+00
8.100000000000000533e-01 1.421029721109787480e-01 6.290444377005977472e+00
8.200000000000000622e-01 8.042266410962575773e-02 6.046878429051707471e+00
8.300000000000000711e-01 2.114053730624021465e-02 5.810772544889255542e+00
8.399999999999999689e-01 -3.581695091586414165e-02 5.581916090444862810e+00
8.499999999999999778e-01 -9.052126567621722464e-02 5.360104174341438821e+00
8.599999999999999867e-01 -1.430418512505541306e-01 5.145137493871900780e+00
8.699999999999999956e-01 -1.934461862045127045e-01 4.936822185070982805e+00
8.800000000000000044e-01 -2.417998370480747838e-01 4.734969676776927372e+00
8.900000000000000133e-01 -2.881665104501391905e-01 4.539396548577276924e+00
9.000000000000000222e-01 -3.326081040515409537e-01 4.349924392535834627e+00
9.100000000000000311e-01 -3.751847559138251631e-01 4.166379678600529601e+00
9.200000000000000400e-01 -4.159548926400994384e-01 3.988593623594627324e+00
9.300000000000000488e-01 -4.549752762033166253e-01 3.816402063696271441e+00
9.400000000000000577e-01 -4.923010495164086286e-01 3.649645330313869174e+00
9.500000000000000666e-01 -5.279857807777761369e-01 3.488168129267300799e+00
9.599999999999999645e-01 -5.620815066247563108e-01 3.331819423187256657e+00
9.699999999999999734e-01 -5.946387741268137628e-01 3.180452317047390842e+00
9.799999999999999822e-01 -6.257066816493738193e-01 3.033923946746212685e+00
9.899999999999999911e-01 -6.553329186183827204e-01 2.892095370657814080e+00
1.000000000000000000e+00 -6.835638042148916016e-01 2.754831464072697855e+00
1.010000000000000009e+00 -7.104443250281796685e-01 2.622000816452057403e+00
1.020000000000000018e+00 -7.360181716951735842e-01 2.493475631420869476e+00
1.030000000000000027e+00 -7.603277745531911158e-01 2.369131629427141394e+00
1.040000000000000036e+00 -7.834143383323084464e-01 2.248847952996589239e+00
1.050000000000000044e+00 -8.053178759129694386e-01 2.132507074513876333e+00
1.060000000000000053e+00 -8.260772411737538068e-01 2.019994706463381640e+00
1.070000000000000062e+00 -8.457301609535827769e-01 1.911199714064240940e+00
1.080000000000000071e+00 -8.643132661519785653e-01 1.806014030236102741e+00
1.090000000000000080e+00 -8.818621219903777231e-01 1.704332572833756831e+00
1.100000000000000089e+00 0.000000000000000000e+00 1.606053164090436969e+00
1.110000000000000098e+00 0.000000000000000000e+00 1.511076452211128851e+00
1.120000000000000107e+00 0.000000000000000000e+00 1.419305835058861875e+00
1.130000000000000115e+00 0.000000000000000000e+00 1.330647385878390043e+00
1.140000000000000124e+00 0.000000000000000000e+00 1.245009781003180604e+00
1.150000000000000133e+00 0.000000000000000000e+00 1.162304229493065666e+00
1.159999999999999920e+00 0.000000000000000000e+00 1.082444404651271341e+00
1.169999999999999929e+00 0.000000000000000000e+00 1.005346377370936795e+00
1.179999999999999938e+00 0.000000000000000000e+00 9.309285512625290471e-01
1.189999999999999947e+00 0.000000000000000000e+00 8.591115995148559392e-01
1.199999999999999956e+00 0.000000000000000000e+00 7.898184034436332990e-01
