0.000000000000000000e+00 2.066606953321203122e+01 6.901539379286271014e+01
1.000000000000000021e-02 1.998579582697091084e+01 6.704830515078312203e+01
2.000000000000000042e-02 1.932492664392076165e+01 6.513425363139960211e+01
2.999999999999999889e-02 1.868293861701522829e+01 6.327184451830375878e+01
4.000000000000000083e-02 1.805932214436970540e+01 6.145971933747502192e+01
5.000000000000000278e-02 1.745358103153915863e+01 5.969655492098897298e+01
5.999999999999999778e-02 1.686523214303795726e+01 5.798106249484451524e+01
7.000000000000000666e-02 1.629380506286328512e+01 5.631198679028815945e+01
8.000000000000000167e-02 1.573884176379044852e+01 5.468810517803233751e+01
8.999999999999999667e-02 1.519989628521393321e+01 5.310822682477801493e+01
1.000000000000000056e-01 1.467653441931409475e+01 5.157119187146798112e+01
1.100000000000000006e-01 1.416833340533509578e+01 5.007587063271228800e+01
1.199999999999999956e-01 1.367488163176485472e+01 4.862116281684039620e+01
1.300000000000000044e-01 1.319577834621372503e+01 4.720599676605032613e+01
1.400000000000000133e-01 1.273063337279316976e+01 4.582932871613677150e+01
1.499999999999999944e-01 1.227906683680159716e+01 4.449014207529580034e+01
1.600000000000000033e-01 1.184070889652853786e+01 4.318744672151369457e+01
1.700000000000000122e-01 1.141519948199425905e+01 4.192027831806355209e+01
1.799999999999999933e-01 1.100218804044569687e+01 4.068769764664246225e+01
1.900000000000000022e-01 1.060133328843469869e+01 3.948878995769603506e+01
2.000000000000000111e-01 1.021230297030901824e+01 3.832266433748798562e+01
2.099999999999999922e-01 9.834773622950557126e+00 3.718845309148363043e+01
2.200000000000000011e-01 9.468430346600111847e+00 3.608531114362811820e+01
2.300000000000000100e-01 9.112966581611463113e+00 3.501241545110980979e+01
2.399999999999999911e-01 8.768083890982069306e+00 3.396896443421059786e+01
2.500000000000000000e-01 8.433491748511531938e+00 3.295417742085517432e+01
2.600000000000000089e-01 8.108907332442552018e+00 3.196729410548059036e+01
2.700000000000000178e-01 7.794055324443209365e+00 3.100757402185793765e+01
2.800000000000000266e-01 7.488667713792696468e+00 3.007429602950682579e+01
2.899999999999999800e-01 7.192483606636466575e+00 2.916675781335320394e+01
2.999999999999999889e-01 6.905249040179958442e+00 2.828427539628929566e+01
3.099999999999999978e-01 6.626716801693645742e+00 2.742618266430398322e+01
3.200000000000000067e-01 6.356646252205230496e+00 2.659183090385982950e+01
3.300000000000000155e-01 6.094803154758203334e+00 2.578058835120174308e+01
3.400000000000000244e-01 5.840959507118892446e+00 2.499183975329005847e+01
3.500000000000000333e-01 5.594893378817355156e+00 2.422498594005890737e+01
3.599999999999999867e-01 5.356388752410231824e+00 2.347944340770837712e+01
3.699999999999999956e-01 5.125235368856736251e+00 2.275464391274637421e+01
3.800000000000000044e-01 4.901228576901613287e+00 2.205003407650366043e+01
3.900000000000000133e-01 4.684169186361699211e+00 2.136507499985213343e+01
4.000000000000000222e-01 4.473863325215406306e+00 2.069924188786416153e+01
4.100000000000000311e-01 4.270122300396949733e+00 2.005202368415659819e+01
4.199999999999999845e-01 4.072762462199784217e+00 1.942292271467053766e+01
4.299999999999999933e-01 3.881605072196032680e+00 1.881145434064355015e+01
4.400000000000000022e-01 3.696476174581270424e+00 1.821714662053805256e+01
4.500000000000000111e-01 3.517206470856180545e+00 1.763953998069504792e+01
4.600000000000000200e-01 3.343631197758970774e+00 1.707818689448852112e+01
4.700000000000000289e-01 3.175590008364701955e+00 1.653265156976185324e+01
4.799999999999999822e-01 3.012926856269678932e+00 1.600250964433273992e+01
4.899999999999999911e-01 2.855489882781361288e+00 1.548734788935908036e+01
5.000000000000000000e-01 2.703131307036124475e+00 1.498676392036321481e+01
5.100000000000000089e-01 2.555707318969346442e+00 1.450036591571749867e+01
5.200000000000000178e-01 2.413077975064085834e+00 1.402777234239884230e+01
5.300000000000000266e-01 2.275107096806705531e+00 1.356861168882529611e+01
5.400000000000000355e-01 2.141662171779429968e+00 1.312252220459195051e+01
5.500000000000000444e-01 2.012614257321839517e+00 1.268915164692885078e+01
5.600000000000000533e-01 1.887837886694857303e+00 1.226815703370741950e+01
5.700000000000000622e-01 1.767210977682656337e+00 1.185920440282698962e+01
5.799999999999999600e-01 1.650614743569482012e+00 1.146196857781699485e+01
5.899999999999999689e-01 1.537933606430042399e+00 1.107613293949471078e+01
5.999999999999999778e-01 1.429055112673696115e+00 1.070138920352260392e+01
6.099999999999999867e-01 1.323869850784203495e+00 1.033743720371328401e+01
6.199999999999999956e-01 1.222271371198306866e+00 9.983984680933966516e+00
6.300000000000000044e-01 1.124156108267871490e+00 9.640747077466249593e+00
6.400000000000000133e-01 1.029423304251745552e+00 9.307447336680624517e+00
6.500000000000000222e-01 9.379749352848628652e-01 8.983815707888748392e+00
6.600000000000000311e-01 8.497156392735015773e-01 8.669589556240156369e+00
6.700000000000000400e-01 7.645526456668867432e-01 8.364513177533359212e+00
6.800000000000000488e-01 6.823957070566488703e-01 8.068337617814728802e+00
6.900000000000000577e-01 6.031570325568609281e-01 7.780820497641785849e+00
7.000000000000000666e-01 5.267512229186327444e-01 7.501725840890704156e+00
7.099999999999999645e-01 4.530952073343872955e-01 7.230823907990881594e+00
7.199999999999999734e-01 3.821081818881406078e-01 6.967891033472526807e+00
7.299999999999999822e-01 3.137115496091997802e-01 6.712709467716077683e+00
7.399999999999999911e-01 2.478288620878176807e-01 6.465067222795161328e+00
7.500000000000000000e-01 1.843857626123846793e-01 6.224757922307559532e+00
7.600000000000000089e-01 1.233099307887949164e-01 5.991580655091401475e+00
7.700000000000000178e-01 6.453102860366376203e-02 5.765339832726439795e+00
7.800000000000000266e-01 7.980647893983876945e-03 5.545845050722777891e+00
7.900000000000000355e-01 -4.640774081311441895e-02 5.332910953302069323e+00
8.000000000000000444e-01 -9.869883812601597251e-02 5.126357101678479466e+00
8.100000000000000533e-01 -1.489555643141864949e-01 4.926007845749238889e+00
8.200000000000000622e-01 -1.972391065673388122e-01 4.731692199106833918e+00
8.300000000000000711e-01 -2.436089650209576907e-01 4.543243717287219319e+00
8.399999999999999689e-01 -2.881229975801520293e-01 4.360500379170553664e+00
8.499999999999999778e-01 -3.308374635729287583e-01 4.183304471453197060e+00
8.599999999999999867e-01 -3.718070662632115275e-01 4.011502476111786564e+00
8.699999999999999956e-01 -4.110849942531428214e-01 3.844944960782135102e+00
8.800000000000000044e-01 -4.487229618034338507e-01 3.683486471977863719e+00
8.900000000000000133e-01 -4.847712480997921625e-01 3.526985431075452482e+00
9.000000000000000222e-01 -5.192787354927318466e-01 3.375304032994395520e+00
9.100000000000000311e-01 -5.522929467373766110e-01 3.228308147502898517e+00
9.200000000000000400e-01 -5.838600812591586697e-01 3.085867223081399047e+00
9.300000000000000488e-01 -6.140250504706683543e-01 2.947854193277925638e+00
9.400000000000000577e-01 -6.428315121642474983e-01 2.814145385490979479e+00
9.500000000000000666e-01 -6.703219040042897037e-01 2.684620432117320377e+00
9.599999999999999645e-01 -6.965374761425840999e-01 2.559162184003626272e+00
9.699999999999999734e-01 -7.215183229794511766e-01 2.437656626142560068e+00
9.799999999999999822e-01 -7.453034140928151974e-01 2.319992795555335441e+00
9.899999999999999911e-01 -7.679306243568023715e-01 2.206062701304344564e+00
1.000000000000000000e+00 -7.894367632708824134e-01 2.095761246580861936e+00
1.010000000000000009e+00 -8.098576035200437673e-01 1.988986152814258945e+00
1.020000000000000018e+00 -8.292279087859452114e-01 1.885637885750563569e+00
1.030000000000000027e+00 -8.475814608284905072e-01 1.785619583449495673e+00
1.040000000000000036e+00 -8.649510858567581728e-01 1.688836986150469288e+00
1.050000000000000044e+00 -8.813686802077347338e-01 1.595198367959293151e+00
1.060000000000000053e+00 -8.968652353508211883e-01 1.504614470308556884e+00
1.070000000000000062e+00 -9.114708622356225698e-01 1.416998437145904344e+00
1.080000000000000071e+00 -9.252148150000686355e-01 1.332265751805573384e+00
1.090000000000000080e+00 -9.381255140554911609e-01 1.250334175519712820e+00
1.100000000000000089e+00 0.000000000000000000e+00 1.171123687527138468e+00
1.110000000000000098e+00 0.000000000000000000e+00 1.094556426738255261e+00
1.120000000000000107e+00 0.000000000000000000e+00 1.020556634915956717e+00
1.130000000000000115e+00 0.000000000000000000e+00 9.490506013333162016e-01
1.140000000000000124e+00 0.000000000000000000e+00 8.799666088699313882e-01
1.150000000000000133e+00 0.000000000000000000e+00 8.132348815097447670e-01
1.159999999999999920e+00 0.000000000000000000e+00 7.487875332041235010e-01
1.169999999999999929e+00 0.000000000000000000e+00 6.865585180649048658e-01
1.179999999999999938e+00 0.000000000000000000e+00 6.264835818530598566e-01
1.189999999999999947e+00 0.000000000000000000e+00 5.685002147294604402e-01
1.199999999999999956e+00 0.000000000000000000e+00 5.125476052351375378e-01
