0.000000000000000000e+00 3.058789107143425667e+01 1.017521973098343153e+02
1.000000000000000021e-02 2.958530522542158891e+01 9.877898941292316692e+01
2.000000000000000042e-02 2.861203478221884211e+01 9.588873390166172328e+01
2.999999999999999889e-02 2.766726159927874917e+01 9.307916486538628931e+01
4.000000000000000083e-02 2.675018988542526444e+01 9.034807766203155666e+01
5.000000000000000278e-02 2.586004559644687362e+01 8.769332726974629111e+01
5.999999999999999778e-02 2.499607584695161222e+01 8.511282668274748175e+01
7.000000000000000666e-02 2.415754833804711055e+01 8.260454535022617506e+01
8.000000000000000167e-02 2.334375080042142869e+01 8.016650765715257876e+01
8.999999999999999667e-02 2.255399045241079392e+01 7.779679144585561801e+01
1.000000000000000056e-01 2.178759347265233970e+01 7.549352657728532279e+01
1.100000000000000006e-01 2.104390448693022719e+01 7.325489353089353983e+01
1.199999999999999956e-01 2.032228606883425215e+01 7.107912204209831941e+01
1.300000000000000044e-01 1.962211825385992015e+01 6.896448977632341837e+01
1.400000000000000133e-01 1.894279806658970244e+01 6.690932103863471525e+01
1.499999999999999944e-01 1.828373906060345888e+01 6.491198551801596750e+01
1.600000000000000033e-01 1.764437087077717337e+01 6.297089706535835063e+01
1.700000000000000122e-01 1.702413877763684269e+01 6.108451250425837031e+01
1.799999999999999933e-01 1.642250328344400856e+01 5.925133047374460205e+01
1.900000000000000022e-01 1.583893969969798476e+01 5.746989030207798521e+01
2.000000000000000111e-01 1.527293774574821938e+01 5.573877091079191359e+01
2.099999999999999922e-01 1.472400115821835520e+01 5.405658974816151385e+01
2.200000000000000011e-01 1.419164731095188969e+01 5.242200175131358009e+01
2.300000000000000100e-01 1.367540684519658534e+01 5.083369833620835720e+01
2.399999999999999911e-01 1.317482330975294857e+01 4.929040641474661300e+01
2.500000000000000000e-01 1.268945281081897747e+01 4.779088743827433206e+01
2.600000000000000089e-01 1.221886367127087425e+01 4.633393646677734523e+01
2.700000000000000178e-01 1.176263609912617625e+01 4.491838126307681733e+01
2.800000000000000266e-01 1.132036186494282859e+01 4.354308141135558685e+01
2.899999999999999800e-01 1.089164398791398014e+01 4.220692745936255363e+01
2.999999999999999889e-01 1.047609643042503791e+01 4.090884008366023039e+01
3.099999999999999978e-01 1.007334380084558667e+01 3.964776927729773348e+01
3.200000000000000067e-01 9.683021064334987216e+00 3.842269355930746144e+01
3.300000000000000155e-01 9.304773261446328547e+00 3.723261920544062775e+01
3.400000000000000244e-01 8.938255234319214537e+00 3.607657949957159360e+01
3.500000000000000333e-01 8.583131360257452158e+00 3.495363400521699759e+01
3.599999999999999867e-01 8.239075292493273750e+00 3.386286785663007493e+01
3.699999999999999956e-01 7.905769707944898528e+00 3.280339106894516021e+01
3.800000000000000044e-01 7.582906061779509876e+00 3.177433786686128414e+01
3.900000000000000133e-01 7.270184348598871971e+00 3.077486603136811993e+01
4.000000000000000222e-01 6.967312870069403807e+00 2.980415626402952611e+01
4.100000000000000311e-01 6.674008008823624216e+00 2.886141156835435240e+01
4.199999999999999845e-01 6.389994008464402242e+00 2.794585664779599199e+01
4.299999999999999933e-01 6.115002759507856211e+00 2.705673731993439546e+01
4.400000000000000022e-01 5.848773591105436154e+00 2.619331994640690908e+01
4.500000000000000111e-01 5.591053068389631342e+00 2.535489087816482012e+01
4.600000000000000200e-01 5.341594795292232689e+00 2.454075591564502190e+01
4.700000000000000289e-01 5.100159222687997485e+00 2.375023978345636522e+01
4.799999999999999822e-01 4.866513461720463063e+00 2.298268561919131514e+01
4.899999999999999911e-01 4.640431102170635036e+00 2.223745447598399849e+01
5.000000000000000000e-01 4.421692035732877279e+00 2.151392483844574954e+01
5.100000000000000089e-01 4.210082284066081648e+00 2.081149215161926946e+01
5.200000000000000178e-01 4.005393831491637080e+00 2.012956836260201854e+01
5.300000000000000266e-01 3.807424462213278016e+00 1.946758147449900633e+01
5.400000000000000355e-01 3.615977601937089503e+00 1.882497511237393795e+01
5.500000000000000444e-01 3.430862163773398255e+00 1.820120810087693641e+01
5.600000000000000533e-01 3.251892398305294307e+00 1.759575405323541375e+01
5.700000000000000622e-01 3.078887747711684053e+00 1.700810097130300136e+01
5.799999999999999600e-01 2.911672703835848086e+00 1.643775085637011557e+01
5.899999999999999689e-01 2.750076670093250630e+00 1.588421933044693191e+01
5.999999999999999778e-01 2.593933827115354696e+00 1.534703526773797400e+01
6.099999999999999867e-01 2.443083002028862083e+00 1.482574043603463032e+01
6.199999999999999956e-01 2.297367541272564928e+00 1.431988914775949873e+01
6.300000000000000044e-01 2.156635186856564523e+00 1.382904792040330477e+01
6.400000000000000133e-01 2.020737955971213307e+00 1.335279514610246032e+01
6.500000000000000222e-01 1.889532023855618581e+00 1.289072077011180539e+01
6.600000000000000311e-01 1.762877609837915083e+00 1.244242597793366123e+01
6.700000000000000400e-01 1.640638866461961554e+00 1.200752289087095548e+01
6.800000000000000488e-01 1.522683771617303172e+00 1.158563426977810096e+01
6.900000000000000577e-01 1.408884023591591150e+00 1.117639322678969371e+01
7.000000000000000666e-01 1.299114938966687838e+00 1.077944294481264897e+01
7.099999999999999645e-01 1.193255353281920117e+00 1.039443640457345630e+01
7.199999999999999734e-01 1.091187524389935160e+00 1.002103611901764602e+01
7.299999999999999822e-01 9.927970384326140207e-01 9.658913874864003546e+00
7.399999999999999911e-01 8.979727183664840684e-01 9.307750481121468411e+00
7.500000000000000000e-01 8.066065349689212072e-01 8.967235524381635514e+00
7.600000000000000089e-01 7.185935202583102477e-01 8.637067130704975781e+00
7.700000000000000178e-01 6.338316832631255560e-01 8.316951733923664491e+00
7.800000000000000266e-01 5.522219280765980898e-01 8.006603850188636073e+00
7.900000000000000355e-01 4.736679741354188344e-01 7.705745858593193276e+00
8.000000000000000444e-01 3.980762786624835736e-01 7.414107787709914632e+00
8.100000000000000533e-01 3.253559612153708591e-01 7.131427107882017502e+00
8.200000000000000622e-01 2.554187302837929163e-01 6.857448529114634539e+00
8.300000000000000711e-01 1.881788118807438126e-01 6.591923804415479538e+00
8.399999999999999689e-01 1.235528800736163391e-01 6.334611538438558398e+00
8.499999999999999778e-01 6.145998940296126117e-02 6.085277001288442733e+00
8.599999999999999867e-01 1.821509137978809386e-03 5.843691947346415283e+00
8.699999999999999956e-01 -5.543894068079739668e-02 5.609634438983564841e+00
8.800000000000000044e-01 -1.103955514598311538e-01 5.382888675029516179e+00
8.900000000000000133e-01 -1.631203865788515839e-01 5.163244823868970990e+00
9.000000000000000222e-01 -2.136834402706964953e-01 4.950498861041736198e+00
9.100000000000000311e-01 -2.621526948991786399e-01 4.744452411225126731e+00
9.200000000000000400e-01 -3.085941766781850615e-01 4.544912594481055557e+00
9.300000000000000488e-01 -3.530720098741028656e-01 4.351691876653071667e+00
9.400000000000000577e-01 -3.956484695324887224e-01 4.164607923801895595e+00
9.500000000000000666e-01 -4.363840327688379706e-01 3.983483460570808710e+00
9.599999999999999645e-01 -4.753374286622172873e-01 3.808146132375285653e+00
9.699999999999999734e-01 -5.125656867894805568e-01 3.638428371314064158e+00
9.799999999999999822e-01 -5.481241844367872318e-01 3.474167265701566087e+00
9.899999999999999911e-01 -5.820666925241447798e-01 3.315204433124308014e+00
1.000000000000000000e+00 -6.144454202777389629e-01 3.161385896926556693e+00
1.010000000000000009e+00 -6.453110586838813889e-01 3.012561966032988536e+00
1.020000000000000018e+00 -6.747128227574951120e-01 2.868587118018626647e+00
1.030000000000000027e+00 -7.026984926571655521e-01 2.729319885338712393e+00
1.040000000000000036e+00 -7.293144536779470055e-01 2.594622744633504396e+00
1.050000000000000044e+00 -7.546057351522318379e-01 2.464362009025344413e+00
1.060000000000000053e+00 -7.786160482882210632e-01 2.338407723327434073e+00
1.070000000000000062e+00 -8.013878229747225523e-01 2.216633562086021136e+00
1.080000000000000071e+00 -8.229622435802030900e-01 2.098916730379789097e+00
1.090000000000000080e+00 -8.433792837733241621e-01 1.985137867302209758e+00
1.100000000000000089e+00 0.000000000000000000e+00 1.875180952054722683e+00
1.110000000000000098e+00 0.000000000000000000e+00 1.768933212580450220e+00
1.120000000000000107e+00 0.000000000000000000e+00 1.666285036670081876e+00
1.130000000000000115e+00 0.000000000000000000e+00 1.567129885473422135e+00
1.140000000000000124e+00 0.000000000000000000e+00 1.471364209351809560e+00
1.150000000000000133e+00 0.000000000000000000e+00 1.378887366008431092e+00
1.159999999999999920e+00 0.000000000000000000e+00 1.289601540835195070e+00
1.169999999999999929e+00 0.000000000000000000e+00 1.203411669416493579e+00
1.179999999999999938e+00 0.000000000000000000e+00 1.120225362131790581e+00
1.189999999999999947e+00 0.000000000000000000e+00 1.039952830800509709e+00
1.199999999999999956e+00 0.000000000000000000e+00 9.625068173142358186e-01
