0.000000000000000000e+00 1.761517652895537367e+01 5.907280633946583492e+01
1.000000000000000021e-02 1.703282255636933940e+01 5.740547358446040249e+01
2.000000000000000042e-02 1.646691929657367837e+01 5.578247004032834866e+01
2.999999999999999889e-02 1.591702921991950603e+01 5.420264816682438180e+01
4.000000000000000083e-02 1.538272612487287816e+01 5.266488975542613815e+01
5.000000000000000278e-02 1.486359484843896972e+01 5.116810518423859833e+01
5.999999999999999778e-02 1.435923098394243347e+01 4.971123269176747783e+01
7.000000000000000666e-02 1.386924060597771913e+01 4.829323766908462545e+01
8.000000000000000167e-02 1.339324000234769940e+01 4.691311196992018040e+01
8.999999999999999667e-02 1.293085541281361195e+01 4.556987323822823299e+01
1.000000000000000056e-01 1.248172277448387035e+01 4.426256425278427287e+01
1.100000000000000006e-01 1.204548747367350536e+01 4.299025228838355162e+01
1.199999999999999956e-01 1.162180410407037456e+01 4.175202849322059251e+01
1.300000000000000044e-01 1.121033623104841581e+01 4.054700728204088733e+01
1.400000000000000133e-01 1.081075616197208156e+01 3.937432574466529900e+01
1.499999999999999944e-01 1.042274472234051963e+01 3.823314306949959018e+01
1.600000000000000033e-01 1.004599103762298640e+01 3.712263998164835499e+01
1.700000000000000122e-01 9.680192320641953785e+00 3.604201819526583961e+01
1.799999999999999933e-01 9.325053664362835448e+00 3.499049987978221310e+01
1.900000000000000022e-01 8.980287839953613016e+00 3.396732713965509021e+01
2.000000000000000111e-01 8.645615099980728857e+00 3.297176150730389566e+01
2.099999999999999922e-01 8.320762986611129008e+00 3.200308344889381829e+01
2.200000000000000011e-01 8.005466144693556885e+00 3.106059188264410054e+01
2.300000000000000100e-01 7.699466139595479319e+00 3.014360370934426214e+01
2.399999999999999911e-01 7.402511279675104916e+00 2.925145335476901209e+01
2.500000000000000000e-01 7.114356443270996699e+00 2.838349232369119690e+01
2.600000000000000089e-01 6.834762910094812405e+00 2.753908876519919602e+01
2.700000000000000178e-01 6.563498196915534599e+00 2.671762704903301966e+01
2.800000000000000266e-01 6.300335897426402099e+00 2.591850735266003980e+01
2.899999999999999800e-01 6.045055526188540362e+00 2.514114525881901940e+01
2.999999999999999889e-01 5.797442366547896242e+00 2.438497136326734704e+01
3.099999999999999978e-01 5.557287322424780740e+00 2.364943089247340779e+01
3.200000000000000067e-01 5.324386773877781032e+00 2.293398333100255115e+01
3.300000000000000155e-01 5.098542436346430229e+00 2.223810205835138021e+01
3.400000000000000244e-01 4.879561223479221610e+00 2.156127399499114361e+01
3.500000000000000333e-01 4.667255113456167059e+00 2.090299925738748144e+01
3.599999999999999867e-01 4.461441018717194673e+00 2.026279082176916546e+01
3.699999999999999956e-01 4.261940659010059917e+00 1.964017419642459927e+01
3.800000000000000044e-01 4.068580437673542605e+00 1.903468710231024019e+01
3.900000000000000133e-01 3.881191321073871769e+00 1.844587916176051934e+01
4.000000000000000222e-01 3.699608721114429954e+00 1.787331159509449918e+01
4.100000000000000311e-01 3.523672380740704657e+00 1.731655692491905185e+01
4.199999999999999845e-01 3.353226262364563670e+00 1.677519868793413238e+01
4.299999999999999933e-01 3.188118439133754478e+00 1.624883115405008738e+01
4.400000000000000022e-01 3.028200988974435237e+00 1.573705905263192761e+01
4.500000000000000111e-01 2.873329891336399378e+00 1.523949730569033001e+01
4.600000000000000200e-01 2.723364926572361622e+00 1.475577076784334629e+01
4.700000000000000289e-01 2.578169577884528163e+00 1.428551397287765390e+01
4.799999999999999822e-01 2.437610935773228515e+00 1.382837088674209802e+01
4.899999999999999911e-01 2.301559604924126923e+00 1.338399466681079453e+01
5.000000000000000000e-01 2.169889613472134826e+00 1.295204742725714731e+01
5.100000000000000089e-01 2.042478324581670002e+00 1.253220001038392972e+01
5.200000000000000178e-01 1.919206350284451412e+00 1.212413176375879331e+01
5.300000000000000266e-01 1.799957467517548482e+00 1.172753032300815335e+01
5.400000000000000355e-01 1.684618536305773961e+00 1.134209140012616501e+01
5.500000000000000444e-01 1.573079420034014575e+00 1.096751857715927159e+01
5.600000000000000533e-01 1.465232907756396807e+00 1.060352310513006735e+01
5.700000000000000622e-01 1.360974638490571875e+00 1.024982370806794130e+01
5.799999999999999600e-01 1.260203027446703539e+00 9.906146392017104674e+00
5.899999999999999689e-01 1.162819194142010515e+00 9.572224258895996485e+00
5.999999999999999778e-01 1.068726892352984681e+00 9.247797325085251430e+00
6.099999999999999867e-01 9.778324418585645494e-01 8.932612344624365264e+00
6.199999999999999956e-01 8.900446619288072680e-01 8.626422636900477059e+00
6.300000000000000044e-01 8.052748065146760892e-01 8.328987918715423433e+00
6.400000000000000133e-01 7.234365010957289899e-01 8.040074140620138365e+00
6.500000000000000222e-01 6.444456811435856913e-01 7.759453327408444956e+00
6.600000000000000311e-01 5.682205321600920511e-01 7.486903422664713759e+00
6.700000000000000400e-01 4.946814312501726096e-01 7.222208137262838612e+00
6.800000000000000488e-01 4.237508901903515035e-01 6.965156801716354984e+00
6.900000000000000577e-01 3.553534999549251006e-01 6.715544222282172626e+00
7.000000000000000666e-01 2.894158766627272783e-01 6.473170540722811062e+00
7.099999999999999645e-01 2.258666089083689876e-01 6.237841097634489351e+00
7.199999999999999734e-01 1.646362064427385474e-01 6.009366299250630483e+00
7.299999999999999822e-01 1.056570501684631347e-01 5.787561487632856050e+00
7.399999999999999911e-01 4.886334341688161609e-02 5.572246814163503537e+00
7.500000000000000000e-01 -5.808935526068213610e-03 5.363247116256103730e+00
7.600000000000000089e-01 -5.842207967681571634e-02 5.160391797202218633e+00
7.700000000000000178e-01 -1.090366984249439841e-01 4.963514709075150577e+00
7.800000000000000266e-01 -1.577117614479675856e-01 4.772454038613117788e+00
7.900000000000000355e-01 -2.045046414995301265e-01 4.587052196006290217e+00
8.000000000000000444e-01 -2.494711560996836497e-01 4.407155706514145344e+00
8.100000000000000533e-01 -2.926656081551895494e-01 4.232615104841382703e+00
8.200000000000000622e-01 -3.341408255370808544e-01 4.063284832202475272e+00
8.300000000000000711e-01 -3.739481996420337961e-01 3.899023136006690482e+00
8.399999999999999689e-01 -4.121377229634047845e-01 3.739691972097158867e+00
8.499999999999999778e-01 -4.487580256971670511e-01 3.585156909479227050e+00
8.599999999999999867e-01 -4.838564114073060085e-01 3.435287037475004635e+00
8.699999999999999956e-01 -5.174788917746407924e-01 3.289954875242542265e+00
8.800000000000000044e-01 -5.496702204524035462e-01 3.149036283599732755e+00
8.900000000000000133e-01 -5.804739260513452903e-01 3.012410379094448754e+00
9.000000000000000222e-01 -6.099323442765272052e-01 2.879959450263977594e+00
9.100000000000000311e-01 -6.380866492374279719e-01 2.751568876028220423e+00
9.200000000000000400e-01 -6.649768839524227149e-01 2.627127046162533563e+00
9.300000000000000488e-01 -6.906419900681692869e-01 2.506525283797468973e+00
9.400000000000000577e-01 -7.151198368139104478e-01 2.389657769893996697e+00
9.500000000000000666e-01 -7.384472492101961105e-01 2.276421469644094309e+00
9.599999999999999645e-01 -7.606600355510373390e-01 2.166716060747867711e+00
9.699999999999999734e-01 -7.817930141780129460e-01 2.060443863519569430e+00
9.799999999999999822e-01 -8.018800395643865819e-01 1.957509772776145685e+00
9.899999999999999911e-01 -8.209540277268314590e-01 1.857821191463059129e+00
1.000000000000000000e+00 -8.390469809819224301e-01 1.761287965973299618e+00
1.010000000000000009e+00 -8.561900120640956180e-01 1.667822323116633365e+00
1.020000000000000018e+00 -8.724133676213839950e-01 1.577338808697184680e+00
1.030000000000000027e+00 -8.877464511047938878e-01 1.489754227658559138e+00
1.040000000000000036e+00 -9.022178450668109084e-01 1.404987585756687585e+00
1.050000000000000044e+00 -9.158553328841040342e-01 1.322960032721633539e+00
1.060000000000000053e+00 -9.286859199191400682e-01 1.243594806870558234e+00
1.070000000000000062e+00 -9.407358541350271386e-01 1.166817181134993220e+00
1.080000000000000071e+00 -9.520306461775510654e-01 1.092554410466528791e+00
1.090000000000000080e+00 -9.625950889380194830e-01 1.020735680585897587e+00
1.100000000000000089e+00 0.000000000000000000e+00 9.512920580413549709e-01
1.110000000000000098e+00 0.000000000000000000e+00 8.841564415431035773e-01
1.120000000000000107e+00 0.000000000000000000e+00 8.192635145413400544e-01
1.130000000000000115e+00 0.000000000000000000e+00 7.565496990163591562e-01
1.140000000000000124e+00 0.000000000000000000e+00 6.959531104499040444e-01
1.150000000000000133e+00 0.000000000000000000e+00 6.374135139477746792e-01
1.159999999999999920e+00 0.000000000000000000e+00 5.808722814844341498e-01
1.169999999999999929e+00 0.000000000000000000e+00 5.262723502411041920e-01
1.179999999999999938e+00 0.000000000000000000e+00 4.735581820095754457e-01
1.189999999999999947e+00 0.000000000000000000e+00 4.226757236346437296e-01
1.199999999999999956e+00 0.000000000000000000e+00 3.735723684687732860e-01
