0.000000000000000000e+00 4.282534726671237024e+01 1.426570491921873440e+02
1.000000000000000021e-02 4.142009168593688173e+01 1.384145461346882939e+02
2.000000000000000042e-02 4.005665253124530523e+01 1.342931901409578472e+02
2.999999999999999889e-02 3.873383538679250648e+01 1.302895861872310377e+02
4.000000000000000083e-02 3.745047931335850677e+01 1.264004335317179084e+02
5.000000000000000278e-02 3.620545591862229884e+01 1.226225231080390898e+02
5.999999999999999778e-02 3.499766845314015029e+01 1.189527349905628313e+02
7.000000000000000666e-02 3.382605093131927276e+01 1.153880359296622089e+02
8.000000000000000167e-02 3.268956727669743856e+01 1.119254769549664275e+02
8.999999999999999667e-02 3.158721049085783505e+01 1.085621910447320175e+02
1.000000000000000056e-01 3.051800184532732629e+01 1.052953908595126506e+02
1.100000000000000006e-01 2.948099009582386998e+01 1.021223665383551094e+02
1.199999999999999956e-01 2.847525071823654486e+01 9.904048355579894292e+01
1.300000000000000044e-01 2.749988516573852593e+01 9.604718063800372363e+01
1.400000000000000133e-01 2.655402014645018127e+01 9.313996773637570925e+01
1.499999999999999944e-01 2.563680692108455972e+01 9.031642405710708488e+01
1.600000000000000033e-01 2.474742062002490428e+01 8.757419614508982875e+01
1.700000000000000122e-01 2.388505957929707435e+01 8.491099602070332253e+01
1.799999999999999933e-01 2.304894469491583919e+01 8.232459936801974720e+01
1.900000000000000022e-01 2.223831879509810605e+01 7.981284377300987387e+01
2.000000000000000111e-01 2.145244602984966420e+01 7.737362701037145030e+01
2.099999999999999922e-01 2.069061127744627271e+01 7.500490537763967325e+01
2.200000000000000011e-01 1.995211956734258862e+01 7.270469207527712285e+01
2.300000000000000100e-01 1.923629551905563417e+01 7.047105563147553653e+01
2.399999999999999911e-01 1.854248279658182952e+01 6.830211837043700029e+01
2.500000000000000000e-01 1.787004357791882114e+01 6.619605492293659665e+01
2.600000000000000089e-01 1.721835803927513453e+01 6.415109077800057946e+01
2.700000000000000178e-01 1.658682385356223676e+01 6.216550087456690932e+01
2.800000000000000266e-01 1.597485570277464184e+01 6.023760823202640324e+01
2.899999999999999800e-01 1.538188480387471557e+01 5.836578261857207650e+01
2.999999999999999889e-01 1.480735844780928190e+01 5.654843925631517720e+01
3.099999999999999978e-01 1.425073955129546910e+01 5.478403756215384846e+01
3.200000000000000067e-01 1.371150622102325300e+01 5.307107992340919367e+01
3.300000000000000155e-01 1.318915132993175199e+01 5.140811050726989606e+01
3.400000000000000244e-01 1.268318210522599720e+01 4.979371410311392054e+01
3.500000000000000333e-01 1.219311972780980646e+01 4.822651499680023335e+01
3.599999999999999867e-01 1.171849894281966442e+01 4.670517587604975063e+01
3.699999999999999956e-01 1.125886768095286072e+01 4.522839676605799042e+01
3.800000000000000044e-01 1.081378669029179207e+01 4.379491399450588318e+01
3.900000000000000133e-01 1.038282917833475416e+01 4.240349918515892824e+01
4.000000000000000222e-01 9.965580463950745482e+00 4.105295827926489238e+01
4.100000000000000311e-01 9.561637638984914034e+00 3.974213058398574816e+01
4.199999999999999845e-01 9.170609239247227151e+00 3.846988784711589204e+01
4.299999999999999933e-01 8.792114924625888506e+00 3.723513335736427621e+01
4.400000000000000022e-01 8.425785168072845721e+00 3.603680106949374817e+01
4.500000000000000111e-01 8.071260953216585321e+00 3.487385475363289800e+01
4.600000000000000200e-01 7.728193480363692025e+00 3.374528716809381024e+01
4.700000000000000289e-01 7.396243880657420888e+00 3.265011925504720836e+01
4.799999999999999822e-01 7.075082938167862601e+00 3.158739935842498525e+01
4.899999999999999911e-01 6.764390819694517276e+00 3.055620246343672619e+01
5.000000000000000000e-01 6.463856812068099700e+00 2.955562945710447309e+01
5.100000000000000089e-01 6.173179066744362231e+00 2.858480640923580651e+01
5.200000000000000178e-01 5.892064351488318863e+00 2.764288387327162155e+01
5.300000000000000266e-01 5.620227808952930282e+00 2.672903620646036416e+01
5.400000000000000355e-01 5.357392721961623749e+00 2.584246090882576041e+01
5.500000000000000444e-01 5.103290285309350693e+00 2.498237798040940660e+01
5.600000000000000533e-01 4.857659383901943073e+00 2.414802929628447714e+01
5.700000000000000622e-01 4.620246377058523812e+00 2.333867799884992422e+01
5.799999999999999600e-01 4.390804888806565387e+00 2.255360790692875383e+01
5.899999999999999689e-01 4.169095604003882904e+00 2.179212294120665661e+01
5.999999999999999778e-01 3.954886070126423014e+00 2.105354656556029980e+01
6.099999999999999867e-01 3.747950504565160657e+00 2.033722124383675833e+01
6.199999999999999956e-01 3.548069607279705107e+00 1.964250791165786580e+01
6.300000000000000044e-01 3.355030378660498691e+00 1.896878546283500810e+01
6.400000000000000133e-01 3.168625942455479905e+00 1.831545024999104854e+01
6.500000000000000222e-01 2.988655373621128764e+00 1.768191559899752363e+01
6.600000000000000311e-01 2.814923530961671805e+00 1.706761133684583243e+01
6.700000000000000400e-01 2.647240894423943391e+00 1.647198333258168645e+01
6.800000000000000488e-01 2.485423406919093914e+00 1.589449305094238873e+01
6.900000000000000577e-01 2.329292320545873540e+00 1.533461711834630492e+01
7.000000000000000666e-01 2.178674047093691168e+00 1.479184690089370768e+01
7.099999999999999645e-01 2.033400012706989557e+00 1.426568809404742844e+01
7.199999999999999734e-01 1.893306516595756772e+00 1.375566032367097336e+01
7.299999999999999822e-01 1.758234593680190860e+00 1.326129675811066022e+01
7.399999999999999911e-01 1.628029881060584438e+00 1.278214373101685730e+01
7.500000000000000000e-01 1.502542488206548121e+00 1.231776037460795692e+01
7.600000000000000089e-01 1.381626870762584947e+00 1.186771826308879518e+01
7.700000000000000178e-01 1.265141707869868126e+00 1.143160106594313952e+01
7.800000000000000266e-01 1.152949782906879106e+00 1.100900421082776681e+01
7.900000000000000355e-01 1.044917867554194579e+00 1.059953455580294523e+01
8.000000000000000444e-01 9.409166090913670955e-01 1.020281007064160050e+01
8.100000000000000533e-01 8.408204208363613263e-01 9.818459526966437423e+00
8.200000000000000622e-01 7.445073756405122811e-01 9.446122196971403540e+00
8.300000000000000711e-01 6.518591023543184315e-01 9.085447560490242935e+00
8.399999999999999689e-01 5.627606851817980038e-01 8.736095020181849691e+00
8.499999999999999778e-01 4.771005658433191687e-01 8.397733624608084924e+00
8.599999999999999867e-01 3.947704484691297311e-01 8.070041798986283155e+00
8.699999999999999956e-01 3.156652071478502908e-01 7.752707083404293265e+00
8.800000000000000044e-01 2.396827960563730209e-01 7.445425878292065924e+00
8.900000000000000133e-01 1.667241620996060270e-01 7.147903196949338955e+00
9.000000000000000222e-01 9.669315999046436405e-02 6.859852424934458348e+00
9.100000000000000311e-01 2.949646970246762659e-02 6.580995086124858062e+00
9.200000000000000400e-01 -3.495648377086531949e-02 6.311060615264863394e+00
9.300000000000000488e-01 -9.675360841377406151e-02 6.049786136821619920e+00
9.400000000000000577e-01 -1.559802210053996552e-01 5.796916249974841229e+00
9.500000000000000666e-01 -2.127191208167749370e-01 5.552202819570895009e+00
9.599999999999999645e-01 -2.670506612464974006e-01 5.315404772876457073e+00
9.699999999999999734e-01 -3.190528194522617711e-01 5.086287901971450864e+00
9.799999999999999822e-01 -3.688012640338696468e-01 4.864624671625437102e+00
9.899999999999999911e-01 -4.163694208217831316e-01 4.650194032505927666e+00
1.000000000000000000e+00 -4.618285368238108646e-01 4.442781239571235830e+00
1.010000000000000009e+00 -5.052477423810461943e-01 4.242177675504583689e+00
1.020000000000000018e+00 -5.466941115827642639e-01 4.048180679050151554e+00
1.030000000000000027e+00 -5.862327209886306623e-01 3.860593378115486640e+00
1.040000000000000036e+00 -6.239267067052086668e-01 3.679224527508612841e+00
1.050000000000000044e+00 -6.598373198624837288e-01 3.503888351181610794e+00
1.060000000000000053e+00 -6.940239805348279445e-01 3.334404388856159418e+00
1.070000000000000062e+00 -7.265443301496257167e-01 3.170597346909831860e+00
1.080000000000000071e+00 -7.574542824255779960e-01 3.012296953405325883e+00
1.090000000000000080e+00 -7.868080728815275426e-01 2.859337817148110084e+00
1.100000000000000089e+00 0.000000000000000000e+00 2.711559290661027077e+00
1.110000000000000098e+00 0.000000000000000000e+00 2.568805336967562081e+00
1.120000000000000107e+00 0.000000000000000000e+00 2.430924400078409597e+00
1.130000000000000115e+00 0.000000000000000000e+00 2.297769279078933469e+00
1.140000000000000124e+00 0.000000000000000000e+00 2.169197005717856896e+00
1.150000000000000133e+00 0.000000000000000000e+00 2.045068725400396747e+00
1.159999999999999920e+00 0.000000000000000000e+00 1.925249581491580875e+00
1.169999999999999929e+00 0.000000000000000000e+00 1.809608602838198577e+00
1.179999999999999938e+00 0.000000000000000000e+00 1.698018594420344085e+00
1.189999999999999947e+00 0.000000000000000000e+00 1.590356031045873086e+00
1.199999999999999956e+00 0.000000000000000000e+00 1.486500954003652675e+00
