0.000000000000000000e+00 3.441115222400143381e+01 1.145105655516802301e+02
1.000000000000000021e-02 3.328298749345345442e+01 1.111384460748785727e+02
2.000000000000000042e-02 3.218806645479428141e+01 1.078613833730704954e+02
2.999999999999999889e-02 3.112545173220495087e+01 1.046767512024726301e+02
4.000000000000000083e-02 3.009423185135656809e+01 1.015819951782080608e+02
5.000000000000000278e-02 2.909352053065037325e+01 9.857463081747410172e+01
5.999999999999999778e-02 2.812245599175893318e+01 9.565224163587049588e+01
7.000000000000000666e-02 2.718020028894446583e+01 9.281247729544718084e+01
8.000000000000000167e-02 2.626593865664389327e+01 9.005305180306673662e+01
8.999999999999999667e-02 2.537887887482431637e+01 8.737174175771690443e+01
1.000000000000000056e-01 2.451825065162629258e+01 8.476638464544473095e+01
1.100000000000000006e-01 2.368330502282497108e+01 8.223487718062008867e+01
1.199999999999999956e-01 2.287331376765227375e+01 7.977517369227145139e+01
1.300000000000000044e-01 2.208756884053537561e+01 7.738528455427014308e+01
1.400000000000000133e-01 2.132538181831910151e+01 7.506327465817398092e+01
1.499999999999999944e-01 2.058608336255158378e+01 7.280726192757251169e+01
1.600000000000000033e-01 1.986902269642334673e+01 7.061541587280623844e+01
1.700000000000000122e-01 1.917356709596221620e+01 6.848595618496609916e+01
1.799999999999999933e-01 1.849910139509609053e+01 6.641715136810566378e+01
1.900000000000000022e-01 1.784502750420700679e+01 6.440731740862958077e+01
2.000000000000000111e-01 1.721076394180947489e+01 6.245481648084880533e+01
2.099999999999999922e-01 1.659574537899670688e+01 6.055805568772161962e+01
2.200000000000000011e-01 1.599942219630738549e+01 5.871548583582495695e+01
2.300000000000000100e-01 1.542126005267551925e+01 5.692560024362710180e+01
2.399999999999999911e-01 1.486073946613476338e+01 5.518693358215764988e+01
2.500000000000000000e-01 1.431735540595778744e+01 5.349806074719572990e+01
2.600000000000000089e-01 1.379061689591975792e+01 5.185759576212068822e+01
2.700000000000000178e-01 1.328004662838339911e+01 5.026419071059275012e+01
2.800000000000000266e-01 1.278518058891155995e+01 4.871653469825432126e+01
2.899999999999999800e-01 1.230556769112094173e+01 4.721335284266384491e+01
2.999999999999999889e-01 1.184076942149847333e+01 4.575340529069573137e+01
3.099999999999999978e-01 1.139035949390953562e+01 4.433548626266102843e+01
3.200000000000000067e-01 1.095392351353437554e+01 4.295842312242309191e+01
3.300000000000000155e-01 1.053105864997635877e+01 4.162107547280278652e+01
3.400000000000000244e-01 1.012137331929254636e+01 4.032233427558639960e+01
3.500000000000000333e-01 9.724486874704012962e+00 3.906112099546847816e+01
3.599999999999999867e-01 9.340029305749792954e+00 3.783638676727973404e+01
3.699999999999999956e-01 8.967640945654652640e+00 3.664711158586746365e+01
3.800000000000000044e-01 8.606972186687560367e+00 3.549230351801419658e+01
3.900000000000000133e-01 8.257683203293046503e+00 3.437099793579507434e+01
4.000000000000000222e-01 7.919443682784445215e+00 3.328225677079294087e+01
4.100000000000000311e-01 7.591932563392916222e+00 3.222516778860400422e+01
4.199999999999999845e-01 7.274837779472311361e+00 3.119884388308324930e+01
4.299999999999999933e-01 6.967856013665112869e+00 3.020242238979385618e+01
4.400000000000000022e-01 6.670692455840098845e+00 2.923506441813889012e+01
4.500000000000000111e-01 6.383060568617292319e+00 2.829595420166767994e+01
4.600000000000000200e-01 6.104681859301111402e+00 2.738429846606374340e+01
4.700000000000000289e-01 5.835285658047245860e+00 2.649932581433390411e+01
4.799999999999999822e-01 5.574608902093519447e+00 2.564028612873110902e+01
4.899999999999999911e-01 5.322395925889821022e+00 2.480644998895691700e+01
5.000000000000000000e-01 5.078398256966445423e+00 2.399710810620133827e+01
5.100000000000000089e-01 4.842374417384609941e+00 2.321157077258953194e+01
5.200000000000000178e-01 4.614089730617266127e+00 2.244916732561742378e+01
5.300000000000000266e-01 4.393316133712287908e+00 2.170924562716867001e+01
5.400000000000000355e-01 4.179831994594235489e+00 2.099117155671698498e+01
5.500000000000000444e-01 3.973421934364788743e+00 2.029432851832860152e+01
5.600000000000000533e-01 3.773876654465718072e+00 1.961811696108982872e+01
5.700000000000000622e-01 3.580992768571981788e+00 1.896195391259503538e+01
5.799999999999999600e-01 3.394572639086109955e+00 1.832527252514022820e+01
5.899999999999999689e-01 3.214424218108589137e+00 1.770752163427710357e+01
5.999999999999999778e-01 3.040360892762284717e+00 1.710816532939156431e+01
6.099999999999999867e-01 2.872201334752336965e+00 1.652668253598019632e+01
6.199999999999999956e-01 2.709769354046131618e+00 1.596256660930675508e+01
6.300000000000000044e-01 2.552893756561077421e+00 1.541532493912932544e+01
6.400000000000000133e-01 2.401408205751033087e+00 1.488447856519757728e+01
6.500000000000000222e-01 2.255151087985136638e+00 1.436956180322724208e+01
6.600000000000000311e-01 2.113965381615682482e+00 1.387012188106716160e+01
6.700000000000000400e-01 1.977698529634524860e+00 1.338571858478185028e+01
6.800000000000000488e-01 1.846202315820208550e+00 1.291592391438022780e+01
6.900000000000000577e-01 1.719332744280670067e+00 1.246032174892817856e+01
7.000000000000000666e-01 1.596949922298974478e+00 1.201850752079002760e+01
7.099999999999999645e-01 1.478917946392006577e+00 1.159008789875070455e+01
7.199999999999999734e-01 1.365104791494561542e+00 1.117468047977725476e+01
7.299999999999999822e-01 1.255382203183606826e+00 1.077191348918487002e+01
7.399999999999999911e-01 1.149625592859804701e+00 1.038142548897888418e+01
7.500000000000000000e-01 1.047713935805673291e+00 1.000286509415057701e+01
7.600000000000000089e-01 9.495296720419118541e-01 9.635890696710436742e+00
7.700000000000000178e-01 8.549586099056039057e-01 9.280170197248652997e+00
7.800000000000000266e-01 7.638898322760175885e-01 8.935380743818029714e+00
7.900000000000000355e-01 6.762156053758008323e-01 8.601208477940351926e+00
8.000000000000000444e-01 5.918312900773105012e-01 8.277348287542437788e+00
8.100000000000000533e-01 5.106352556457165459e-01 7.963503566633457709e+00
8.200000000000000622e-01 4.325287958523887366e-01 7.659385981540209443e+00
8.300000000000000711e-01 3.574160473938888249e-01 7.364715243521994026e+00
8.399999999999999689e-01 2.852039105536476882e-01 7.079218887591595788e+00
8.499999999999999778e-01 2.158019720450897183e-01 6.802632057373557473e+00
8.599999999999999867e-01 1.491224299767003880e-01 6.534697295835608877e+00
8.699999999999999956e-01 8.508002088105293126e-02 6.275164341733383999e+00
8.800000000000000044e-01 2.359194875149001058e-02 6.023789931613095838e+00
8.900000000000000133e-01 -3.542218396838522215e-02 5.780337607220997320e+00
9.000000000000000222e-01 -9.204044349573507755e-02 5.544577528172434988e+00
9.100000000000000311e-01 -1.463386299718974215e-01 5.316286289737527149e+00
9.200000000000000400e-01 -1.983903409286616182e-01 5.095246745604149474e+00
9.300000000000000488e-01 -2.482670330064884190e-01 4.881247835482868780e+00
9.400000000000000577e-01 -2.960380819724420798e-01 4.674084417422066373e+00
9.500000000000000666e-01 -3.417708410842892341e-01 4.473557104705029097e+00
9.599999999999999645e-01 -3.855306978459551726e-01 4.279472107204394860e+00
9.699999999999999734e-01 -4.273811291983067862e-01 4.091641077072559973e+00
9.799999999999999822e-01 -4.673837551880243857e-01 3.909880958650126637e+00
9.899999999999999911e-01 -5.055983911561706678e-01 3.734013842477502454e+00
1.000000000000000000e+00 -5.420830984869243752e-01 3.563866823298021291e+00
1.010000000000000009e+00 -5.768942339558469357e-01 3.399271861943904405e+00
1.020000000000000018e+00 -6.100864977159830005e-01 3.240065650999365499e+00
1.030000000000000027e+00 -6.417129799590466366e-01 3.086089484138038408e+00
1.040000000000000036e+00 -6.718252062879384034e-01 2.937189129034660340e+00
1.050000000000000044e+00 -7.004731818358405082e-01 2.793214703753723605e+00
1.060000000000000053e+00 -7.277054341661892689e-01 2.654020556520393370e+00
1.070000000000000062e+00 -7.535690549868843124e-01 2.519465148781604213e+00
1.080000000000000071e+00 -7.781097407111824404e-01 2.389410941467711158e+00
1.090000000000000080e+00 -8.013718318968496845e-01 2.263724284367556905e+00
1.100000000000000089e+00 0.000000000000000000e+00 2.142275308532114231e+00
1.110000000000000098e+00 0.000000000000000000e+00 2.024937821624252621e+00
1.120000000000000107e+00 0.000000000000000000e+00 1.911589206134343799e+00
1.130000000000000115e+00 0.000000000000000000e+00 1.802110320383624620e+00
1.140000000000000124e+00 0.000000000000000000e+00 1.696385402239397600e+00
1.150000000000000133e+00 0.000000000000000000e+00 1.594301975468166876e+00
1.159999999999999920e+00 0.000000000000000000e+00 1.495750758654797563e+00
1.169999999999999929e+00 0.000000000000000000e+00 1.400625576617816170e+00
1.179999999999999938e+00 0.000000000000000000e+00 1.308823274252816526e+00
1.189999999999999947e+00 0.000000000000000000e+00 1.220243632737749273e+00
1.199999999999999956e+00 0.000000000000000000e+00 1.134789288035776611e+00
