0.000000000000000000e+00 1.759137831204328606e+01 5.902429308275371511e+01
1.000000000000000021e-02 1.700950482995705570e+01 5.735788601799177400e+01
2.000000000000000042e-02 1.644407288505700748e+01 5.573579194423196270e+01
2.999999999999999889e-02 1.589464510870259950e+01 5.415686355900398041e+01
4.000000000000000083e-02 1.536079545799956669e+01 5.261998288973371984e+01
5.000000000000000278e-02 1.484210892624263245e+01 5.112406054859107485e+01
5.999999999999999778e-02 1.433818126071502697e+01 4.966803500621066547e+01
7.000000000000000666e-02 1.384861868765833215e+01 4.825087188380813075e+01
8.000000000000000167e-02 1.337303764423125152e+01 4.687156326322731559e+01
8.999999999999999667e-02 1.291106451728003535e+01 4.552912701446398813e+01
1.000000000000000056e-01 1.246233538874821534e+01 4.422260614022506786e+01
1.100000000000000006e-01 1.202649578755733017e+01 4.295106813709179505e+01
1.199999999999999956e-01 1.160320044779473747e+01 4.171360437286718792e+01
1.300000000000000044e-01 1.119211307304881586e+01 4.050932947969864983e+01
1.400000000000000133e-01 1.079290610673556650e+01 3.933738076257602501e+01
1.499999999999999944e-01 1.040526050826526472e+01 3.819691762281762237e+01
1.600000000000000033e-01 1.002886553490055732e+01 3.708712099616312230e+01
1.700000000000000122e-01 9.663418529162390413e+00 3.600719280510574549e+01
1.799999999999999933e-01 9.308624711642830007e+00 3.495635542510247973e+01
1.900000000000000022e-01 8.964196979087864392e+00 3.393385116431159787e+01
2.000000000000000111e-01 8.629855707616604477e+00 3.293894175651517031e+01
2.099999999999999922e-01 8.305328560946785288e+00 3.197090786689336994e+01
2.200000000000000011e-01 7.990350303499534235e+00 3.102904861032487460e+01
2.300000000000000100e-01 7.684662618259950229e+00 3.011268108189723236e+01
2.399999999999999911e-01 7.388013929272684521e+00 2.922113989931748534e+01
2.500000000000000000e-01 7.100159228655276600e+00 2.835377675692271993e+01
2.600000000000000089e-01 6.820859908014558215e+00 2.750995999099658462e+01
2.700000000000000178e-01 6.549883594154575661e+00 2.668907415610595280e+01
2.800000000000000266e-01 6.287003988967195589e+00 2.589051961217881370e+01
2.899999999999999800e-01 6.032000713399384928e+00 2.511371212205174075e+01
2.999999999999999889e-01 5.784659155393743646e+00 2.435808245922185833e+01
3.099999999999999978e-01 5.544770321701613547e+00 2.362307602554532693e+01
3.200000000000000067e-01 5.312130693470465737e+00 2.290815247863037740e+01
3.300000000000000155e-01 5.086542085509967670e+00 2.221278536867992059e+01
3.400000000000000244e-01 4.867811509143334270e+00 2.153646178454429716e+01
3.500000000000000333e-01 4.655751038553100685e+00 2.087868200875135472e+01
3.599999999999999867e-01 4.450177680532634739e+00 2.023895918128642180e+01
3.699999999999999956e-01 4.250913247557042141e+00 1.961681897190100088e+01
3.800000000000000044e-01 4.057784234089238495e+00 1.901179926073411863e+01
3.900000000000000133e-01 3.870621696039111548e+00 1.842344982703608025e+01
4.000000000000000222e-01 3.689261133295806960e+00 1.785133204578950838e+01
4.100000000000000311e-01 3.513542375255150230e+00 1.729501859202783720e+01
4.199999999999999845e-01 3.343309469266189549e+00 1.675409315265630994e+01
4.299999999999999933e-01 3.178410571922847261e+00 1.622815014558577218e+01
4.400000000000000022e-01 3.018697843128399061e+00 1.571679444599394948e+01
4.500000000000000111e-01 2.864027342862491832e+00 1.521964111953390741e+01
4.600000000000000200e-01 2.714258930582062579e+00 1.473631516231388794e+01
4.700000000000000289e-01 2.569256167189302609e+00 1.426645124747687277e+01
4.799999999999999822e-01 2.428886219501567911e+00 1.380969347821311999e+01
4.899999999999999911e-01 2.293019767159620859e+00 1.336569514704247474e+01
5.000000000000000000e-01 2.161530911912417974e+00 1.293411850120802242e+01
5.100000000000000089e-01 2.034297089218013888e+00 1.251463451402611504e+01
5.200000000000000178e-01 1.911198982101834476e+00 1.210692266204211798e+01
5.300000000000000266e-01 1.792120437214963502e+00 1.171067070784479469e+01
5.400000000000000355e-01 1.676948383036604984e+00 1.132557448839605918e+01
5.500000000000000444e-01 1.565572750166235982e+00 1.095133770873645673e+01
5.600000000000000533e-01 1.457886393652417123e+00 1.058767174093022412e+01
5.700000000000000622e-01 1.353785017306490035e+00 1.023429542811724069e+01
5.799999999999999600e-01 1.253167099950770247e+00 9.890934893542551620e+00
5.899999999999999689e-01 1.155933823552079742e+00 9.557323354437386342e+00
5.999999999999999778e-01 1.061989003192732373e+00 9.233200940628819353e+00
6.099999999999999867e-01 9.712390188322660434e-01 8.918314517758270554e+00
6.199999999999999956e-01 8.835927488144523778e-01 8.612417514992172229e+00
6.300000000000000044e-01 7.989615050751931458e-01 8.315269757110902660e+00
6.400000000000000133e-01 7.172589700081160036e-01 8.026637300865237634e+00
6.500000000000000222e-01 6.384011349457110462e-01 7.746292275492051793e+00
6.600000000000000311e-01 5.623062402149596739e-01 7.474012727284040203e+00
6.700000000000000400e-01 4.888947167274159677e-01 7.209582468110648179e+00
6.800000000000000488e-01 4.180891290647522629e-01 6.952790927790171160e+00
6.900000000000000577e-01 3.498141200217295688e-01 6.703433010215430699e+00
7.000000000000000666e-01 2.839963565695400871e-01 6.461308953137909761e+00
7.099999999999999645e-01 2.205644772034066614e-01 6.226224191517647277e+00
7.199999999999999734e-01 1.594490406392231330e-01 5.997989224348548198e+00
7.299999999999999822e-01 1.005824758249503348e-01 5.776419484871047061e+00
7.399999999999999911e-01 4.389903323328453455e-02 5.561335214086231993e+00
7.500000000000000000e-01 -1.066526259695187336e-02 5.352561337487837356e+00
7.600000000000000089e-01 -6.317265930250560990e-02 5.149927344930465445e+00
7.700000000000000178e-01 -1.136837217514056891e-01 4.953267173554602998e+00
7.800000000000000266e-01 -1.622573759428982965e-01 4.762419093690944294e+00
7.900000000000000355e-01 -2.089509517809946260e-01 4.577225597668477697e+00
8.000000000000000444e-01 -2.538202247503217324e-01 4.397533291452735860e+00
8.100000000000000533e-01 -2.969194565222005866e-01 4.223192789042468753e+00
8.200000000000000622e-01 -3.383014345181886706e-01 4.054058609554820336e+00
8.300000000000000711e-01 -3.780175104576433132e-01 3.889989076930790546e+00
8.399999999999999689e-01 -4.161176379151478866e-01 3.730846222194621475e+00
8.499999999999999778e-01 -4.526504089130456432e-01 3.576495688202280476e+00
8.599999999999999867e-01 -4.876630895736284166e-01 3.426806636815968865e+00
8.699999999999999956e-01 -5.212016548549517347e-01 3.281651658443117903e+00
8.800000000000000044e-01 -5.533108223936096248e-01 3.140906683879887584e+00
8.900000000000000133e-01 -5.840340854772188006e-01 3.004450898400767844e+00
9.000000000000000222e-01 -6.134137451687968756e-01 2.872166658037260678e+00
9.100000000000000311e-01 -6.414909416046383761e-01 2.743939407990158674e+00
9.200000000000000400e-01 -6.683056844867560908e-01 2.619657603121266387e+00
9.300000000000000488e-01 -6.938968827904129499e-01 2.499212630471842722e+00
9.400000000000000577e-01 -7.183023737067647518e-01 2.382498733756323261e+00
9.500000000000000666e-01 -7.415589508400998175e-01 2.269412939781210170e+00
9.599999999999999645e-01 -7.637023916786916944e-01 2.159854986740312288e+00
9.699999999999999734e-01 -7.847674843577909787e-01 2.053727254338664210e+00
9.799999999999999822e-01 -8.047880537327978256e-01 1.950934695698797183e+00
9.899999999999999911e-01 -8.237969867802279467e-01 1.851384771004062291e+00
1.000000000000000000e+00 -8.418262573436101626e-01 1.754987382834947596e+00
1.010000000000000009e+00 -8.589069502410267010e-01 1.661654813155446497e+00
1.020000000000000018e+00 -8.750692847506063021e-01 1.571301661907529734e+00
1.030000000000000027e+00 -8.903426374898165685e-01 1.483844787172965640e+00
1.040000000000000036e+00 -9.047555647040537163e-01 1.399203246862671834e+00
1.050000000000000044e+00 -9.183358239796035605e-01 1.317298241894794719e+00
1.060000000000000053e+00 -9.311103953956602064e-01 1.238053060823771867e+00
1.070000000000000062e+00 -9.431055021297438667e-01 1.161393025883481034e+00
1.080000000000000071e+00 -9.543466305304688646e-01 1.087245440408604491e+00
1.090000000000000080e+00 -9.648585496712688281e-01 1.015539537599184694e+00
1.100000000000000089e+00 0.000000000000000000e+00 9.462064305942787801e-01
1.110000000000000098e+00 0.000000000000000000e+00 8.791790638214421749e-01
1.120000000000000107e+00 0.000000000000000000e+00 8.143921655896414480e-01
1.130000000000000115e+00 0.000000000000000000e+00 7.517822018940233386e-01
1.140000000000000124e+00 0.000000000000000000e+00 6.912873314017250470e-01
1.150000000000000133e+00 0.000000000000000000e+00 6.328473615887431070e-01
1.159999999999999920e+00 0.000000000000000000e+00 5.764037059986057976e-01
1.169999999999999929e+00 0.000000000000000000e+00 5.218993425943283526e-01
1.179999999999999938e+00 0.000000000000000000e+00 4.692787731758985559e-01
1.189999999999999947e+00 0.000000000000000000e+00 4.184879838361824089e-01
1.199999999999999956e+00 0.000000000000000000e+00 3.694744064288649765e-01
