0.000000000000000000e+00 2.267611379759607715e+01 7.563589771932038275e+01
1.000000000000000021e-02 2.193065088826947218e+01 7.346664865916180531e+01
2.000000000000000042e-02 2.120658419321620514e+01 7.135639036467004814e+01
2.999999999999999889e-02 2.050333166999897827e+01 6.930355673327306931e+01
4.000000000000000083e-02 1.982032673078821716e+01 6.730662276484802931e+01
5.000000000000000278e-02 1.915701783672457736e+01 6.536410348904843204e+01
5.999999999999999778e-02 1.851286810286784856e+01 6.347455292054618070e+01
7.000000000000000666e-02 1.788735491345705952e+01 6.163656304146472564e+01
8.000000000000000167e-02 1.727996954721307787e+01 5.984876281029537637e+01
8.999999999999999667e-02 1.669021681242264776e+01 5.810981719660966860e+01
1.000000000000000056e-01 1.611761469154901860e+01 5.641842624089598246e+01
1.100000000000000006e-01 1.556169399512139684e+01 5.477332413886902884e+01
1.199999999999999956e-01 1.502199802466152967e+01 5.317327834961461264e+01
1.300000000000000044e-01 1.449808224441225413e+01 5.161708872695119510e+01
1.400000000000000133e-01 1.398951396163901961e+01 5.010358667340474881e+01
1.499999999999999944e-01 1.349587201528074409e+01 4.863163431620800026e+01
1.600000000000000033e-01 1.301674647273328311e+01 4.720012370475349428e+01
1.700000000000000122e-01 1.255173833455318189e+01 4.580797602894102027e+01
1.799999999999999933e-01 1.210045924687590002e+01 4.445414085787739822e+01
1.900000000000000022e-01 1.166253122134738263e+01 4.313759539839907120e+01
2.000000000000000111e-01 1.123758636237353770e+01 4.185734377290248176e+01
2.099999999999999922e-01 1.082526660149686926e+01 4.061241631597997070e+01
2.200000000000000011e-01 1.042522343871487323e+01 3.940186888937284237e+01
2.300000000000000100e-01 1.003711769055920300e+01 3.822478221476478666e+01
2.399999999999999911e-01 9.660619244759727664e+00 3.708026122395250468e+01
2.500000000000000000e-01 9.295406821321801516e+00 3.596743442594108586e+01
2.600000000000000089e-01 8.941167739849875673e+00 3.488545329052489308e+01
2.700000000000000178e-01 8.597597692954570547e+00 3.383349164792443986e+01
2.800000000000000266e-01 8.264400525584969515e+00 3.281074510406278222e+01
2.899999999999999800e-01 7.941288020131498371e+00 3.181643047107387190e+01
2.999999999999999889e-01 7.627979687149358590e+00 3.084978521264757134e+01
3.099999999999999978e-01 7.324202561555822832e+00 2.991006690382500111e+01
3.200000000000000067e-01 7.029691004158991952e+00 2.899655270486889336e+01
3.300000000000000155e-01 6.744186508378919420e+00 2.810853884884258491e+01
3.400000000000000244e-01 6.467437512025963287e+00 2.724534014254151160e+01
3.500000000000000333e-01 6.199199214004437408e+00 2.640628948042968815e+01
3.599999999999999867e-01 5.939233395813371175e+00 2.559073737124325021e+01
3.699999999999999956e-01 5.687308247719190746e+00 2.479805147693133094e+01
3.800000000000000044e-01 5.443198199478704424e+00 2.402761616361374308e+01
3.900000000000000133e-01 5.206683755493713761e+00 2.327883206424271734e+01
4.000000000000000222e-01 4.977551334281738349e+00 2.255111565266430418e+01
4.100000000000000311e-01 4.755593112150413582e+00 2.184389882878313927e+01
4.199999999999999845e-01 4.540606870965871344e+00 2.115662851454150939e+01
4.299999999999999933e-01 4.332395849908493801e+00 2.048876626043166027e+01
4.400000000000000022e-01 4.130768601111968863e+00 1.983978786226720104e+01
4.500000000000000111e-01 3.935538849084495805e+00 1.920918298794692092e+01
4.600000000000000200e-01 3.746525353813443537e+00 1.859645481395082456e+01
4.700000000000000289e-01 3.563551777457464542e+00 1.800111967131553925e+01
4.799999999999999822e-01 3.386446554532473563e+00 1.742270670084219120e+01
4.899999999999999911e-01 3.215042765500408350e+00 1.686075751729680050e+01
5.000000000000000000e-01 3.049178013671970611e+00 1.631482588236906750e+01
5.100000000000000089e-01 2.888694305336984236e+00 1.578447738616183393e+01
5.200000000000000178e-01 2.733437933038080470e+00 1.526928913698911572e+01
5.300000000000000266e-01 2.583259361905807960e+00 1.476884945926669879e+01
5.400000000000000355e-01 2.438013118975216109e+00 1.428275759928451372e+01
5.500000000000000444e-01 2.297557685406202754e+00 1.381062343865599473e+01
5.600000000000000533e-01 2.161755391531774428e+00 1.335206721524432538e+01
5.700000000000000622e-01 2.030472314660511479e+00 1.290671925137128717e+01
5.799999999999999600e-01 1.903578179561300709e+00 1.247421968911900869e+01
5.899999999999999689e-01 1.780946261560349297e+00 1.205421823254009439e+01
5.999999999999999778e-01 1.662453292182340503e+00 1.164637389659639410e+01
6.099999999999999867e-01 1.547979367269262774e+00 1.125035476265119350e+01
6.199999999999999956e-01 1.437407857512261300e+00 1.086583774034426852e+01
6.300000000000000044e-01 1.330625321333535060e+00 1.049250833568376784e+01
6.400000000000000133e-01 1.227521420056894241e+00 1.013006042519301175e+01
6.500000000000000222e-01 1.127988835307241811e+00 9.778196035954577425e+00
6.600000000000000311e-01 1.031923188580760486e+00 9.436625131398269417e+00
6.700000000000000400e-01 9.392229629291302118e-01 9.105065402683324649e+00
6.800000000000000488e-01 8.497894267025662973e-01 8.783242065529288212e+00
6.900000000000000577e-01 7.635265592978839333e-01 8.470887662353673520e+00
7.000000000000000666e-01 6.803409788592439389e-01 8.167741869578268421e+00
7.099999999999999645e-01 6.001418718805440200e-01 7.873551309969463396e+00
7.199999999999999734e-01 5.228409246597904847e-01 7.588069369881594639e+00
7.299999999999999822e-01 4.483522565570540186e-01 7.311056021275562422e+00
7.399999999999999911e-01 3.765923550088774996e-01 7.042277648388423295e+00
7.500000000000000000e-01 3.074800122532444502e-01 6.781506878932819227e+00
7.600000000000000089e-01 2.409362637203951718e-01 6.528522419708257196e+00
7.700000000000000178e-01 1.768843280459494183e-01 6.283108896509392416e+00
7.800000000000000266e-01 1.152495486639312922e-01 6.045056698219317681e+00
7.900000000000000355e-01 5.595933693839054424e-02 5.814161824978946846e+00
8.000000000000000444e-01 -1.056883206611306837e-03 5.590225740326213000e+00
8.100000000000000533e-01 -5.586772919781313185e-02 5.373055227201798623e+00
8.200000000000000622e-01 -1.085399123025480306e-01 5.162462247720543296e+00
8.300000000000000711e-01 -1.591382887346609321e-01 4.958263806610529123e+00
8.399999999999999689e-01 -2.077259094127576478e-01 4.760281818224240347e+00
8.499999999999999778e-01 -2.543640684060466395e-01 4.568342977028707175e+00
8.599999999999999867e-01 -2.991123501020809261e-01 4.382278631484083142e+00
8.699999999999999956e-01 -3.420286751298725059e-01 4.201924661222238733e+00
8.800000000000000044e-01 -3.831693450709307558e-01 4.027121357439463978e+00
8.900000000000000133e-01 -4.225890859899480434e-01 3.857713306419484400e+00
9.000000000000000222e-01 -4.603410908160223136e-01 3.693549276105239532e+00
9.100000000000000311e-01 -4.964770606045164070e-01 3.534482105639913829e+00
9.200000000000000400e-01 -5.310472447088434578e-01 3.380368597799895625e+00
9.300000000000000488e-01 -5.641004798907337525e-01 3.231069414244212901e+00
9.400000000000000577e-01 -5.956842283967643814e-01 3.086448973507091242e+00
9.500000000000000666e-01 -6.258446150282377385e-01 2.946375351662075204e+00
9.599999999999999645e-01 -6.546264632307632336e-01 2.810720185588100772e+00
9.699999999999999734e-01 -6.820733302292302236e-01 2.679358578769649224e+00
9.799999999999999822e-01 -7.082275412331725528e-01 2.552169009564939195e+00
9.899999999999999911e-01 -7.331302227368887703e-01 2.429033241877780025e+00
1.000000000000000000e+00 -7.568213349380393806e-01 2.309836238170408063e+00
1.010000000000000009e+00 -7.793397032978182093e-01 2.194466074756279639e+00
1.020000000000000018e+00 -8.007230492652035458e-01 2.082813859313328742e+00
1.030000000000000027e+00 -8.210080201872076433e-01 1.974773650559781935e+00
1.040000000000000036e+00 -8.402302184264530682e-01 1.870242380036152952e+00
1.050000000000000044e+00 -8.584242297068774841e-01 1.769119775938422956e+00
1.060000000000000053e+00 -8.756236507078003495e-01 1.671308288948944787e+00
1.070000000000000062e+00 -8.918611159260666499e-01 1.576713020012927791e+00
1.080000000000000071e+00 -9.071683238254752979e-01 1.485241650009744285e+00
1.090000000000000080e+00 -9.215760622921872480e-01 1.396804371269620981e+00
1.100000000000000089e+00 0.000000000000000000e+00 1.311313820887551884e+00
1.110000000000000098e+00 0.000000000000000000e+00 1.228685015787549295e+00
1.120000000000000107e+00 0.000000000000000000e+00 1.148835289491525913e+00
1.130000000000000115e+00 0.000000000000000000e+00 1.071684230548333616e+00
1.140000000000000124e+00 0.000000000000000000e+00 9.971536225796289177e-01
1.150000000000000133e+00 0.000000000000000000e+00 9.251673859003348710e-01
1.159999999999999920e+00 0.000000000000000000e+00 8.556515206726219569e-01
1.169999999999999929e+00 0.000000000000000000e+00 7.885340515533377781e-01
1.179999999999999938e+00 0.000000000000000000e+00 7.237449737959291696e-01
1.189999999999999947e+00 0.000000000000000000e+00 6.612162007688320298e-01
1.199999999999999956e+00 0.000000000000000000e+00 6.008815128533731009e-01
