0.000000000000000000e+00 1.533713836125423846e+01 5.180850953450616458e+01
1.000000000000000021e-02 1.482631702743028512e+01 5.036214425283189655e+01
2.000000000000000042e-02 1.432976936699769155e+01 4.895361255518637478e+01
2.999999999999999889e-02 1.384712187225426483e+01 4.758195288276256463e+01
4.000000000000000083e-02 1.337801053003995655e+01 4.624622778460492611e+01
5.000000000000000278e-02 1.292208058367303103e+01 4.494552331719266647e+01
5.999999999999999778e-02 1.247898630081552795e+01 4.367894845892764977e+01
7.000000000000000666e-02 1.204839074712088554e+01 4.244563453915715456e+01
8.000000000000000167e-02 1.162996556552016436e+01 4.124473468137160381e+01
8.999999999999999667e-02 1.122339076100688615e+01 4.007542326022574031e+01
1.000000000000000056e-01 1.082835449078397616e+01 3.893689537204074469e+01
1.100000000000000006e-01 1.044455285963966951e+01 3.782836631845316333e+01
1.199999999999999956e-01 1.007168972042255106e+01 3.674907110288469170e+01
1.300000000000000044e-01 9.709476479489151046e+00 3.569826393951530719e+01
1.400000000000000133e-01 9.357631907000520499e+00 3.467521777444939346e+01
1.499999999999999944e-01 9.015881951947557482e+00 3.367922381877334459e+01
1.600000000000000033e-01 8.683959561787384374e+00 3.270959109320880032e+01
1.700000000000000122e-01 8.361604506576542306e+00 3.176564598407532714e+01
1.799999999999999933e-01 8.048563207489094040e+00 3.084673181028119870e+01
1.900000000000000022e-01 7.744588569610902695e+00 2.995220840106952309e+01
2.000000000000000111e-01 7.449439818903702992e+00 2.908145168425268068e+01
2.099999999999999922e-01 7.162882343235530413e+00 2.823385328467533739e+01
2.200000000000000011e-01 6.884687537376404265e+00 2.740882013265233752e+01
2.300000000000000100e-01 6.614632651860820722e+00 2.660577408213418948e+01
2.399999999999999911e-01 6.352500645620923869e+00 2.582415153835898280e+01
2.500000000000000000e-01 6.098080042296740721e+00 2.506340309475555728e+01
2.600000000000000089e-01 5.851164790132069804e+00 2.432299317886853274e+01
2.700000000000000178e-01 5.611554125366941648e+00 2.360239970708146018e+01
2.800000000000000266e-01 5.379052439039781142e+00 2.290111374792006416e+01
2.899999999999999800e-01 5.153469147114514648e+00 2.221863919372272989e+01
2.999999999999999889e-01 4.934618563850007966e+00 2.155449244047076363e+01
3.099999999999999978e-01 4.722319778331250717e+00 2.090820207557612420e+01
3.200000000000000067e-01 4.516396534083684244e+00 2.027930857342927595e+01
3.300000000000000155e-01 4.316677111694080970e+00 1.966736399851475525e+01
3.400000000000000244e-01 4.122994214363195020e+00 1.907193171590672165e+01
3.500000000000000333e-01 3.935184856317311741e+00 1.849258610896147914e+01
3.599999999999999867e-01 3.753090254007675153e+00 1.792891230402860359e+01
3.699999999999999956e-01 3.576555720028375518e+00 1.738050590200630907e+01
3.800000000000000044e-01 3.405430559685230119e+00 1.684697271657172024e+01
3.900000000000000133e-01 3.239567970149649145e+00 1.632792851892007491e+01
4.000000000000000222e-01 3.078824942133234543e+00 1.582299878885169697e+01
4.100000000000000311e-01 2.923062164020449494e+00 1.533181847204918391e+01
4.199999999999999845e-01 2.772143928398184354e+00 1.485403174339122323e+01
4.299999999999999933e-01 2.625938040922635608e+00 1.438929177615333543e+01
4.400000000000000022e-01 2.484315731465362997e+00 1.393726051694958201e+01
4.500000000000000111e-01 2.347151567481803536e+00 1.349760846627263255e+01
4.600000000000000200e-01 2.214323369546981279e+00 1.307001446449349658e+01
4.700000000000000289e-01 2.085712129004487103e+00 1.265416548318529522e+01
4.799999999999999822e-01 1.961201927676146539e+00 1.224975642163917300e+01
4.899999999999999911e-01 1.840679859581117128e+00 1.185648990844333284e+01
5.000000000000000000e-01 1.724035954614393296e+00 1.147407610799970357e+01
5.100000000000000089e-01 1.611163104135972191e+00 1.110223253185565362e+01
5.200000000000000178e-01 1.501956988423130746e+00 1.074068385473132636e+01
5.300000000000000266e-01 1.396316005939430616e+00 1.038916173512597574e+01
5.400000000000000355e-01 1.294141204375244270e+00 1.004740464038982495e+01
5.500000000000000444e-01 1.195336213415695958e+00 9.715157676150468546e+00
5.600000000000000533e-01 1.099807179193017959e+00 9.392172419985849174e+00
5.700000000000000622e-01 1.007462700381382303e+00 9.078206759238392820e+00
5.799999999999999600e-01 9.182137658933228197e-01 8.773024732867508391e+00
5.899999999999999689e-01 8.319736941378420569e-01 8.476396377240211777e+00
5.999999999999999778e-01 7.486580738013518532e-01 8.188097575762155245e+00
6.099999999999999867e-01 6.681847061134802424e-01 7.907909912253693108e+00
6.199999999999999956e-01 5.904735485607920387e-01 7.635620527978053573e+00
6.300000000000000044e-01 5.154466600123457365e-01 7.371021982230944403e+00
6.400000000000000133e-01 4.430281472219043670e-01 7.113912116403135144e+00
6.500000000000000222e-01 3.731441126725348889e-01 6.864093921429875067e+00
6.600000000000000311e-01 3.057226037301189470e-01 6.621375408543002550e+00
6.700000000000000400e-01 2.406935630731631137e-01 6.385569483243719091e+00
6.800000000000000488e-01 1.779887803671377222e-01 6.156493822416152284e+00
6.900000000000000577e-01 1.175418451522760449e-01 5.933970754503610223e+00
7.000000000000000666e-01 5.928810091462705101e-02 5.717827142671549900e+00
7.099999999999999645e-01 3.164600310853066430e-03 5.507894270883049614e+00
7.199999999999999734e-01 -5.088993848198099940e-02 5.304007732814486786e+00
7.299999999999999822e-01 -1.029351743196997848e-01 5.106007323540825205e+00
7.399999999999999911e-01 -1.530291845747016044e-01 4.913736933921807548e+00
7.500000000000000000e-01 -2.012285055767445985e-01 4.727044447621881140e+00
7.600000000000000089e-01 -2.475881720368174055e-01 4.545781640698492332e+00
7.700000000000000178e-01 -2.921617554794764260e-01 4.369804083694933006e+00
7.800000000000000266e-01 -3.350014017083673967e-01 4.198971046175515198e+00
7.900000000000000355e-01 -3.761578673290625896e-01 4.033145403642405036e+00
8.000000000000000444e-01 -4.156805553527215258e-01 3.872193546774938433e+00
8.100000000000000533e-01 -4.536175499035227654e-01 3.715985292933738027e+00
8.200000000000000622e-01 -4.900156500522201974e-01 3.564393799873308843e+00
8.300000000000000711e-01 -5.249204027976425158e-01 3.417295481608289442e+00
8.399999999999999689e-01 -5.583761352173958192e-01 3.274569926379807594e+00
8.499999999999999778e-01 -5.904259858085193491e-01 3.136099816669747575e+00
8.599999999999999867e-01 -6.211119350383005333e-01 3.001770851212069324e+00
8.699999999999999956e-01 -6.504748351249899363e-01 2.871471668951495637e+00
8.800000000000000044e-01 -6.785544390676353510e-01 2.745093774901193218e+00
8.900000000000000133e-01 -7.053894289437869780e-01 2.622531467852248888e+00
9.000000000000000222e-01 -7.310174434933696119e-01 2.503681769888888908e+00
9.100000000000000311e-01 -7.554751050065433571e-01 2.388444357664560425e+00
9.200000000000000400e-01 -7.787980455329507334e-01 2.276721495395105155e+00
9.300000000000000488e-01 -8.010209324292992816e-01 2.168417969526312383e+00
9.400000000000000577e-01 -8.221774932618178822e-01 2.063441025034249865e+00
9.500000000000000666e-01 -8.423005400797147768e-01 1.961700303317733596e+00
9.599999999999999645e-01 -8.614219930753517218e-01 1.863107781643378091e+00
9.699999999999999734e-01 -8.795729036464684514e-01 1.767577714104595410e+00
9.799999999999999822e-01 -8.967834768754173735e-01 1.675026574056896811e+00
9.899999999999999911e-01 -9.130830934399680743e-01 1.585372997992781530e+00
1.000000000000000000e+00 -9.285003309699226826e-01 1.498537730820380220e+00
1.010000000000000009e+00 -9.430629848633755863e-01 1.414443572510985625e+00
1.020000000000000018e+00 -9.567980885761659948e-01 1.333015326081339769e+00
1.030000000000000027e+00 -9.697319333976738287e-01 1.254179746877555068e+00
1.040000000000000036e+00 -9.818900877258399662e-01 1.177865493128206875e+00
1.050000000000000044e+00 -9.932974158539219500e-01 1.104003077735071559e+00
1.060000000000000053e+00 -1.003978096281225252e+00 1.032524821270676130e+00
1.070000000000000062e+00 -1.013955639559708910e+00 9.633648061526566275e-01
1.080000000000000071e+00 -1.023252905688105674e+00 8.964588319656013882e-01
1.090000000000000080e+00 -1.031892121064874823e+00 8.317443719018529080e-01
1.100000000000000089e+00 0.000000000000000000e+00 7.691605302933898214e-01
1.110000000000000098e+00 0.000000000000000000e+00 7.086480012076415980e-01
1.120000000000000107e+00 0.000000000000000000e+00 6.501490280807438182e-01
1.130000000000000115e+00 0.000000000000000000e+00 5.936073643623933638e-01
1.140000000000000124e+00 0.000000000000000000e+00 5.389682351471444255e-01
1.150000000000000133e+00 0.000000000000000000e+00 4.861782997675388462e-01
1.159999999999999920e+00 0.000000000000000000e+00 4.351856153251642545e-01
1.169999999999999929e+00 0.000000000000000000e+00 3.859396011362264400e-01
1.179999999999999938e+00 0.000000000000000000e+00 3.383910040689175891e-01
1.189999999999999947e+00 0.000000000000000000e+00 2.924918647503080837e-01
1.199999999999999956e+00 0.000000000000000000e+00 2.481954846211408550e-01
