0.000000000000000000e+00 2.550349188871541983e+01 8.492913457094714147e+01
1.000000000000000021e-02 2.466652317810070372e+01 8.247598999622442761e+01
2.000000000000000042e-02 2.385374751130142101e+01 8.009022031222491478e+01
2.999999999999999889e-02 2.306450022274089307e+01 7.777001696328125036e+01
4.000000000000000083e-02 2.229813449123879465e+01 7.551361941163023062e+01
5.000000000000000278e-02 2.155402086620047086e+01 7.331931386936662420e+01
5.999999999999999778e-02 2.083154680631908917e+01 7.118543206379408161e+01
7.000000000000000666e-02 2.013011623046090293e+01 6.911035003529407561e+01
8.000000000000000167e-02 1.944914908041291923e+01 6.709248696685801860e+01
8.999999999999999667e-02 1.878808089518030044e+01 6.513030404444948829e+01
1.000000000000000056e-01 1.814636239652939409e+01 6.322230334738554092e+01
1.100000000000000006e-01 1.752345908548025122e+01 6.136702676794792666e+01
1.199999999999999956e-01 1.691885084945991835e+01 5.956305495945456840e+01
1.300000000000000044e-01 1.633203157983606246e+01 5.780900631204375628e+01
1.400000000000000133e-01 1.576250879955696682e+01 5.610353595544065541e+01
1.499999999999999944e-01 1.520980330063229324e+01 5.444533478799824877e+01
1.600000000000000033e-01 1.467344879119445977e+01 5.283312853131894116e+01
1.700000000000000122e-01 1.415299155188917268e+01 5.126567680978664754e+01
1.799999999999999933e-01 1.364799010134854207e+01 4.974177225435203553e+01
1.900000000000000022e-01 1.315801487050782725e+01 4.826023962993364336e+01
2.000000000000000111e-01 1.268264788553270961e+01 4.681993498581362445e+01
2.099999999999999922e-01 1.222148245913014009e+01 4.541974482842298499e+01
2.200000000000000011e-01 1.177412289002183421e+01 4.405858531592709681e+01
2.300000000000000100e-01 1.134018417036531368e+01 4.273540147403831213e+01
2.399999999999999911e-01 1.091929170091305323e+01 4.144916643249689514e+01
2.500000000000000000e-01 1.051108101370569692e+01 4.019888068167643524e+01
2.600000000000000089e-01 1.011519750210085711e+01 3.898357134878445152e+01
2.700000000000000178e-01 9.731296157944049341e+00 3.780229149314230597e+01
2.800000000000000266e-01 9.359041315693520602e+00 3.665411942004252666e+01
2.899999999999999800e-01 8.998106403315736301e+00 3.553815801269489327e+01
2.999999999999999889e-01 8.648173699772851108e+00 3.445353408178478105e+01
3.099999999999999978e-01 8.308934098928538958e+00 3.339939773218082308e+01
3.200000000000000067e-01 7.980086879702843916e+00 3.237492174634022746e+01
3.300000000000000155e-01 7.661339482311368521e+00 3.137930098397253786e+01
3.400000000000000244e-01 7.352407290428278230e+00 3.041175179753384228e+01
3.500000000000000333e-01 7.053013419116981098e+00 2.947151146313482428e+01
3.599999999999999867e-01 6.762888508376336816e+00 2.855783762645703305e+01
3.699999999999999956e-01 6.481770522154303826e+00 2.767000776328228540e+01
3.800000000000000044e-01 6.209404552684866907e+00 2.680731865425070737e+01
3.900000000000000133e-01 5.945542630007777163e+00 2.596908587347274278e+01
4.000000000000000222e-01 5.689943536534433299e+00 2.515464329063062721e+01
4.100000000000000311e-01 5.442372626526786661e+00 2.436334258621412374e+01
4.199999999999999845e-01 5.202601650359646612e+00 2.359455277954484842e+01
4.299999999999999933e-01 4.970408583440245387e+00 2.284765976925261555e+01
4.400000000000000022e-01 4.745577459662094100e+00 2.212206588587579148e+01
4.500000000000000111e-01 4.527898209273599761e+00 2.141718945626679727e+01
4.600000000000000200e-01 4.317166501044867211e+00 2.073246437949165966e+01
4.700000000000000289e-01 4.113183588619309994e+00 2.006733971392123905e+01
4.799999999999999822e-01 3.915756160939621200e+00 1.942127927521931596e+01
4.899999999999999911e-01 3.724696196640581380e+00 1.879376124494085687e+01
5.000000000000000000e-01 3.539820822303990866e+00 1.818427778946077922e+01
5.100000000000000089e-01 3.360952174473809784e+00 1.759233468896158215e+01
5.200000000000000178e-01 3.187917265332229633e+00 1.701745097621461866e+01
5.300000000000000266e-01 3.020547851940023509e+00 1.645915858489739136e+01
5.400000000000000355e-01 2.858680308947129323e+00 1.591700200719565927e+01
5.500000000000000444e-01 2.702155504681778897e+00 1.539053796044584033e+01
5.600000000000000533e-01 2.550818680529004734e+00 1.487933506257962435e+01
5.700000000000000622e-01 2.404519333511657475e+00 1.438297351613906194e+01
5.799999999999999600e-01 2.263111101989376817e+00 1.390104480063634362e+01
5.899999999999999689e-01 2.126451654393129775e+00 1.343315137303846818e+01
5.999999999999999778e-01 1.994402580915205059e+00 1.297890637616293397e+01
6.099999999999999867e-01 1.866829288076539584e+00 1.253793335477590531e+01
6.199999999999999956e-01 1.743600896095415687e+00 1.210986597919008112e+01
6.300000000000000044e-01 1.624590138983495580e+00 1.169434777616471877e+01
6.400000000000000133e-01 1.509673267297155341e+00 1.129103186691535221e+01
6.500000000000000222e-01 1.398729953473953458e+00 1.089958071204607926e+01
6.600000000000000311e-01 1.291643199685920784e+00 1.051966586322182096e+01
6.700000000000000400e-01 1.188299248143183995e+00 1.015096772140326742e+01
6.800000000000000488e-01 1.088587493783127469e+00 9.793175301471285010e+00
6.900000000000000577e-01 9.924003992820867870e-01 9.445986003072734505e+00
7.000000000000000666e-01 8.996334123281508610e-01 9.109105387523555919e+00
7.099999999999999645e-01 8.101848850953162762e-01 8.782246960609654707e+00
7.199999999999999734e-01 7.239559958607881818e-01 8.465131961130053284e+00
7.299999999999999822e-01 6.408506727087888155e-01 8.157489155031139916e+00
7.399999999999999911e-01 5.607755192656568299e-01 7.859054634984479648e+00
7.500000000000000000e-01 4.836397424125701283e-01 7.569571625264904569e+00
7.600000000000000089e-01 4.093550819235604044e-01 7.288790291789078779e+00
7.700000000000000178e-01 3.378357419779138282e-01 7.016467557178549974e+00
7.800000000000000266e-01 2.689983244973689902e-01 6.752366920714898413e+00
7.900000000000000355e-01 2.027617642598371628e-01 6.496258283057935401e+00
8.000000000000000444e-01 1.390472657426611303e-01 6.247917775601508517e+00
8.100000000000000533e-01 7.777824164962637843e-02 6.007127594344544796e+00
8.200000000000000622e-01 1.888025307719361917e-02 5.773675838158395024e+00
8.300000000000000711e-01 -3.771904872345339943e-02 5.547356351334487456e+00
8.399999999999999689e-01 -9.208997903074386815e-02 5.327968570299520756e+00
8.499999999999999778e-01 -1.443008748246138728e-01 5.115317374388220983e+00
8.599999999999999867e-01 -1.944181484859467401e-01 4.909212940566752614e+00
8.699999999999999956e-01 -2.425063400625755983e-01 4.709470602002539863e+00
8.800000000000000044e-01 -2.886281681397939169e-01 4.515910710379113624e+00
8.900000000000000133e-01 -3.328445793523211460e-01 4.328358501857180407e+00
9.000000000000000222e-01 -3.752147965737107072e-01 4.146643966585768837e+00
9.100000000000000311e-01 -4.157963658182326494e-01 3.970601721669804629e+00
9.200000000000000400e-01 -4.546452018893248348e-01 3.800070887502966066e+00
9.300000000000000488e-01 -4.918156328078361894e-01 3.634894967377012787e+00
9.400000000000000577e-01 -5.273604430523823883e-01 3.474921730281182342e+00
9.500000000000000666e-01 -5.613309156432909619e-01 3.320003096807487175e+00
9.599999999999999645e-01 -5.937768731007899703e-01 3.169995028079969579e+00
9.699999999999999734e-01 -6.247467173072743796e-01 3.024757417628118894e+00
9.799999999999999822e-01 -6.542874683027040117e-01 2.884153986126777536e+00
9.899999999999999911e-01 -6.824448020414142224e-01 2.748052178926895461e+00
1.000000000000000000e+00 -7.092630871378839963e-01 2.616323066303457789e+00
1.010000000000000009e+00 -7.347854206282695699e-01 2.488841246348914460e+00
1.020000000000000018e+00 -7.590536627738027065e-01 2.365484750442265138e+00
1.030000000000000027e+00 -7.821084709314821692e-01 2.246134951225815080e+00
1.040000000000000036e+00 -8.039893325167882798e-01 2.130676473023414896e+00
1.050000000000000044e+00 -8.247345970825200601e-01 2.018997104635740669e+00
1.060000000000000053e+00 -8.443815075372104184e-01 1.910987714449833508e+00
1.070000000000000062e+00 -8.629662305259488964e-01 1.806542167801835630e+00
1.080000000000000071e+00 -8.805238859958516295e-01 1.705557246533394800e+00
1.090000000000000080e+00 -8.970885759678207672e-01 1.607932570683838325e+00
1.100000000000000089e+00 0.000000000000000000e+00 1.513570522261696194e+00
1.110000000000000098e+00 0.000000000000000000e+00 1.422376171040674819e+00
1.120000000000000107e+00 0.000000000000000000e+00 1.334257202326608605e+00
1.130000000000000115e+00 0.000000000000000000e+00 1.249123846643321212e+00
1.140000000000000124e+00 0.000000000000000000e+00 1.166888811286714622e+00
1.150000000000000133e+00 0.000000000000000000e+00 1.087467213697736801e+00
1.159999999999999920e+00 0.000000000000000000e+00 1.010776516606171738e+00
1.169999999999999929e+00 0.000000000000000000e+00 9.367364648984458642e-01
1.179999999999999938e+00 0.000000000000000000e+00 8.652690241639359181e-01
1.189999999999999947e+00 0.000000000000000000e+00 7.962983208753857678e-01
1.199999999999999956e+00 0.000000000000000000e+00 7.297505841602615062e-01
