0.000000000000000000e+00 1.985075136499137116e+01 6.637495928861723371e+01
1.000000000000000021e-02 1.919648244836973916e+01 6.448739056912037881e+01
2.000000000000000042e-02 1.856083447861391633e+01 6.265054552479831784e+01
2.999999999999999889e-02 1.794330689231545861e+01 6.086309529435850152e+01
4.000000000000000083e-02 1.734341224195963704e+01 5.912374541094466451e+01
5.000000000000000278e-02 1.676067585642489632e+01 5.743123491718525742e+01
5.999999999999999778e-02 1.619463551021803838e+01 5.578433550294459309e+01
7.000000000000000666e-02 1.564484110122059590e+01 5.418185066519433946e+01
8.000000000000000167e-02 1.511085433672844580e+01 5.262261488943966725e+01
8.999999999999999667e-02 1.459224842757153695e+01 5.110549285214698045e+01
1.000000000000000056e-01 1.408860779010671749e+01 4.962937864363595253e+01
1.100000000000000006e-01 1.359952775588138429e+01 4.819319501091096214e+01
1.199999999999999956e-01 1.312461428877137237e+01 4.679589261992170890e+01
1.300000000000000044e-01 1.266348370940106349e+01 4.543644933675481923e+01
1.400000000000000133e-01 1.221576242665903145e+01 4.411386952727160349e+01
1.499999999999999944e-01 1.178108667612703364e+01 4.282718337471953163e+01
1.600000000000000033e-01 1.135910226524487676e+01 4.157544621485635616e+01
1.700000000000000122e-01 1.094946432503848399e+01 4.035773788813919083e+01
1.799999999999999933e-01 1.055183706824243650e+01 3.917316210854005476e+01
1.900000000000000022e-01 1.016589355365310787e+01 3.802084584856306293e+01
2.000000000000000111e-01 9.791315456552274199e+00 3.689993874004714769e+01
2.099999999999999922e-01 9.427792845045537717e+00 3.580961249035064498e+01
2.200000000000000011e-01 9.075023962163561109e+00 3.474906031352293923e+01
2.300000000000000100e-01 8.732715013578330243e+00 3.371749637607957339e+01
2.399999999999999911e-01 8.400579960790150125e+00 3.271415525700633964e+01
2.500000000000000000e-01 8.078340319645018752e+00 3.173829142162787775e+01
2.600000000000000089e-01 7.765724964045440437e+00 3.078917870898539277e+01
2.700000000000000178e-01 7.462469934721431386e+00 2.986610983237734018e+01
2.800000000000000266e-01 7.168318252931600298e+00 2.896839589272563131e+01
2.899999999999999800e-01 6.883019738967936618e+00 2.809536590443891768e+01
2.999999999999999889e-01 6.606330835340716412e+00 2.724636633345223657e+01
3.099999999999999978e-01 6.338014434523510765e+00 2.642076064713146266e+01
3.200000000000000067e-01 6.077839711141029611e+00 2.561792887573792399e+01
3.300000000000000155e-01 5.825581958485824607e+00 2.483726718515742604e+01
3.400000000000000244e-01 5.581022429252511685e+00 2.407818746060436865e+01
3.500000000000000333e-01 5.343948180381322466e+00 2.334011690102020253e+01
3.599999999999999867e-01 5.114151921905296660e+00 2.262249762389170016e+01
3.699999999999999956e-01 4.891431869698317669e+00 2.192478628022205456e+01
3.800000000000000044e-01 4.675591602023798643e+00 2.124645367939466567e+01
3.900000000000000133e-01 4.466439919786250101e+00 2.058698442367573378e+01
4.000000000000000222e-01 4.263790710390749084e+00 1.994587655210889210e+01
4.100000000000000311e-01 4.067462815117425912e+00 1.932264119356074161e+01
4.199999999999999845e-01 3.877279899920794026e+00 1.871680222868305421e+01
4.299999999999999933e-01 3.693070329565751209e+00 1.812789596056258290e+01
4.400000000000000022e-01 3.514667045014666868e+00 1.755547079383630305e+01
4.500000000000000111e-01 3.341907443981809056e+00 1.699908692205437077e+01
4.600000000000000200e-01 3.174633264573847757e+00 1.645831602307993435e+01
4.700000000000000289e-01 3.012690471937000680e+00 1.593274096231922066e+01
4.799999999999999822e-01 2.855929147833589532e+00 1.542195550358154321e+01
4.899999999999999911e-01 2.704203383072648847e+00 1.492556402737312560e+01
5.000000000000000000e-01 2.557371172721229602e+00 1.444318125643452433e+01
5.100000000000000089e-01 2.415294314024881928e+00 1.397443198833556188e+01
5.200000000000000178e-01 2.277838306967671755e+00 1.351895083494701488e+01
5.300000000000000266e-01 2.144872257403806604e+00 1.307638196861244317e+01
5.400000000000000355e-01 2.016268782694795370e+00 1.264637887484860279e+01
5.500000000000000444e-01 1.891903919787625954e+00 1.222860411140670500e+01
5.600000000000000533e-01 1.771657035671227787e+00 1.182272907353155666e+01
5.700000000000000622e-01 1.655410740150015769e+00 1.142843376525955357e+01
5.799999999999999600e-01 1.543050800874907535e+00 1.104540657660058756e+01
5.899999999999999689e-01 1.434466060573717616e+00 1.067334406645290912e+01
5.999999999999999778e-01 1.329548356424375744e+00 1.031195075110400694e+01
6.099999999999999867e-01 1.228192441515792988e+00 9.960938898174017453e+00
6.199999999999999956e-01 1.130295908342656919e+00 9.620028325862149288e+00
6.300000000000000044e-01 1.035759114281834092e+00 9.288946207360037732e+00
6.400000000000000133e-01 9.444851089993416826e-01 8.967426880299429470e+00
6.500000000000000222e-01 8.563795637382215498e-01 8.655211661105076004e+00
6.600000000000000311e-01 7.713507024388728261e-01 8.352048664126897393e+00
6.700000000000000400e-01 6.893092346446949570e-01 8.057692625428842348e+00
6.800000000000000488e-01 6.101682901470462106e-01 7.771904731114918974e+00
6.900000000000000577e-01 5.338433553247404761e-01 7.494452450075915095e+00
7.000000000000000666e-01 4.602522111344609645e-01 7.225109371043449080e+00
7.099999999999999645e-01 3.893148727095462891e-01 6.963655043840713432e+00
7.199999999999999734e-01 3.209535305257328885e-01 6.709874824722206199e+00
7.299999999999999822e-01 2.550924930935123403e-01 6.463559725697591851e+00
7.399999999999999911e-01 1.916581311377344166e-01 6.224506267737267784e+00
7.500000000000000000e-01 1.305788232261779203e-01 5.992516337760124934e+00
7.600000000000000089e-01 7.178490280972800452e-02 5.767397049306336676e+00
7.700000000000000178e-01 1.520860663780653106e-02 5.548960606800598327e+00
7.800000000000000266e-01 -3.921597548641109904e-02 5.337024173313624331e+00
7.900000000000000355e-01 -9.155294964549387515e-02 5.131409741732110952e+00
8.000000000000000444e-01 -1.418646654756436087e-01 4.931944009249596306e+00
8.100000000000000533e-01 -1.902117625957331637e-01 4.738458255093005889e+00
8.200000000000000622e-01 -2.366532158294428756e-01 4.550788221401744771e+00
8.300000000000000711e-01 -2.812463792516102234e-01 4.368773997178416302e+00
8.399999999999999689e-01 -3.240470290891199201e-01 4.192259905232249118e+00
8.499999999999999778e-01 -3.651094055058693444e-01 4.021094392038381926e+00
8.599999999999999867e-01 -4.044862533005870731e-01 3.855129920438165048e+00
8.699999999999999956e-01 -4.422288615455656768e-01 3.694222865107377629e+00
8.800000000000000044e-01 -4.783871021936081935e-01 3.538233410721429717e+00
8.900000000000000133e-01 -5.130094676798312436e-01 3.387025452748107845e+00
9.000000000000000222e-01 -5.461431075442444438e-01 3.240466500800479377e+00
9.100000000000000311e-01 -5.778338641003909482e-01 3.098427584484106934e+00
9.200000000000000400e-01 -6.081263071746562110e-01 2.960783161674541919e+00
9.300000000000000488e-01 -6.370637679402515463e-01 2.827411029162597345e+00
9.400000000000000577e-01 -6.646883718692271348e-01 2.698192235606603262e+00
9.500000000000000666e-01 -6.910410708252999745e-01 2.573010996732338462e+00
9.599999999999999645e-01 -7.161616743196748125e-01 2.451754612722873983e+00
9.699999999999999734e-01 -7.400888799514818706e-01 2.334313387742056101e+00
9.799999999999999822e-01 -7.628603030538817498e-01 2.220580551536787794e+00
9.899999999999999911e-01 -7.845125055663743074e-01 2.110452183064652321e+00
1.000000000000000000e+00 -8.050810241532815326e-01 2.003827136094861405e+00
1.010000000000000009e+00 -8.246003975879031556e-01 1.900606966731747338e+00
1.020000000000000018e+00 -8.431041934213094891e-01 1.800695862811414694e+00
1.030000000000000027e+00 -8.606250339542670380e-01 1.704000575123360450e+00
1.040000000000000036e+00 -8.771946215303061400e-01 1.610430350410159361e+00
1.050000000000000044e+00 -8.928437631674887021e-01 1.519896866099483601e+00
1.060000000000000053e+00 -9.076023945459709141e-01 1.432314166723892779e+00
1.070000000000000062e+00 -9.214996033680171728e-01 1.347598601985032563e+00
1.080000000000000071e+00 -9.345636521067079983e-01 1.265668766419886682e+00
1.090000000000000080e+00 -9.468220001591439727e-01 1.186445440627927228e+00
1.100000000000000089e+00 0.000000000000000000e+00 1.109851534018984953e+00
1.110000000000000098e+00 0.000000000000000000e+00 1.035812029042725069e+00
1.120000000000000107e+00 0.000000000000000000e+00 9.642539268616023840e-01
1.130000000000000115e+00 0.000000000000000000e+00 8.951061944301784701e-01
1.140000000000000124e+00 0.000000000000000000e+00 8.282997129445793805e-01
1.150000000000000133e+00 0.000000000000000000e+00 7.637672276268616667e-01
1.159999999999999920e+00 0.000000000000000000e+00 7.014432988099341681e-01
1.169999999999999929e+00 0.000000000000000000e+00 6.412642542895286013e-01
1.179999999999999938e+00 0.000000000000000000e+00 5.831681429106532200e-01
1.189999999999999947e+00 0.000000000000000000e+00 5.270946893567121094e-01
1.199999999999999956e+00 0.000000000000000000e+00 4.729852501103486428e-01
