0.000000000000000000e+00 2.833347685824183060e+01 9.428702595849506451e+01
1.000000000000000021e-02 2.740437691925807329e+01 9.154579615472346177e+01
2.000000000000000042e-02 2.650230774649831744e+01 8.888052483724517572e+01
2.999999999999999889e-02 2.562652009757570681e+01 8.628915284211076653e+01
4.000000000000000083e-02 2.477628504430835932e+01 8.376967624326751150e+01
5.000000000000000278e-02 2.395089342774415897e+01 8.132014487842560868e+01
5.999999999999999778e-02 2.314965532772989221e+01 7.893866091416398945e+01
7.000000000000000666e-02 2.237189954663737623e+01 7.662337744923159732e+01
8.000000000000000167e-02 2.161697310687005569e+01 7.437249715502976244e+01
8.999999999999999667e-02 2.088424076178271349e+01 7.218427095228587120e+01
1.000000000000000056e-01 2.017308451965777749e+01 7.005699672295780545e+01
1.100000000000000006e-01 1.948290318039012448e+01 6.798901805643072294e+01
1.199999999999999956e-01 1.881311188454243322e+01 6.597872302909618725e+01
1.300000000000000044e-01 1.816314167444146221e+01 6.402454301642481482e+01
1.400000000000000133e-01 1.753243906699463395e+01 6.212495153666867509e+01
1.499999999999999944e-01 1.692046563791531000e+01 6.027846312535405815e+01
1.600000000000000033e-01 1.632669761705211542e+01 5.848363223974287450e+01
1.700000000000000122e-01 1.575062549452756322e+01 5.673905219246915976e+01
1.799999999999999933e-01 1.519175363739746309e+01 5.504335411357263297e+01
1.900000000000000022e-01 1.464959991655117300e+01 5.339520594017510291e+01
2.000000000000000111e-01 1.412369534358004586e+01 5.179331143306475127e+01
2.099999999999999922e-01 1.361358371734834982e+01 5.023640921947234972e+01
2.200000000000000011e-01 1.311882128000848269e+01 4.872327186134338461e+01
2.300000000000000100e-01 1.263897638220879749e+01 4.725270494842783364e+01
2.399999999999999911e-01 1.217362915724910621e+01 4.582354621552739360e+01
2.500000000000000000e-01 1.172237120394578724e+01 4.443466468325843266e+01
2.600000000000000089e-01 1.128480527797409039e+01 4.308495982170443028e+01
2.700000000000000178e-01 1.086054499146220387e+01 4.177336073634982228e+01
2.800000000000000266e-01 1.044921452061688250e+01 4.049882537570224628e+01
2.899999999999999800e-01 1.005044832116698750e+01 3.926033976002672432e+01
2.999999999999999889e-01 9.663890851416311989e+00 3.805691723062984977e+01
3.099999999999999978e-01 9.289196302703210506e+00 3.688759771914781993e+01
3.200000000000000067e-01 8.926028337069510599e+00 3.575144703630594734e+01
3.300000000000000155e-01 8.574059831946627241e+00 3.464755617963194823e+01
3.400000000000000244e-01 8.232972631671890085e+00 3.357504065961860817e+01
3.500000000000000333e-01 7.902457305653082464e+00 3.253303984384543668e+01
3.599999999999999867e-01 7.582212913003884225e+00 3.152071631858112610e+01
3.699999999999999956e-01 7.271946773477905523e+00 3.053725526740219109e+01
3.800000000000000044e-01 6.971374244533325992e+00 2.958186386637503063e+01
3.900000000000000133e-01 6.680218504364693111e+00 2.865377069536050669e+01
4.000000000000000222e-01 6.398210340742926938e+00 2.775222516501259662e+01
4.100000000000000311e-01 6.125087945508534304e+00 2.687649695905311376e+01
4.199999999999999845e-01 5.860596714567471999e+00 2.602587549141648537e+01
4.299999999999999933e-01 5.604489053242791563e+00 2.519966937786862005e+01
4.400000000000000022e-01 5.356524186839382473e+00 2.439720592171500613e+01
4.500000000000000111e-01 5.116467976282750740e+00 2.361783061322307731e+01
4.600000000000000200e-01 4.884092738696488745e+00 2.286090664239379677e+01
4.700000000000000289e-01 4.659177072786821583e+00 2.212581442472757942e+01
4.799999999999999822e-01 4.441505688905925453e+00 2.141195113963842189e+01
4.899999999999999911e-01 4.230869243669279633e+00 2.071873028117987658e+01
5.000000000000000000e-01 4.027064179005590105e+00 2.004558122075522419e+01
5.100000000000000089e-01 3.829892565520983450e+00 1.939194878149280044e+01
5.200000000000000178e-01 3.639161950062465234e+00 1.875729282397619002e+01
5.300000000000000266e-01 3.454685207368517030e+00 1.814108784302691291e+01
5.400000000000000355e-01 3.276280395697876990e+00 1.754282257524566901e+01
5.500000000000000444e-01 3.103770616330268517e+00 1.696199961702551917e+01
5.600000000000000533e-01 2.936983876835852492e+00 1.639813505275857963e+01
5.700000000000000622e-01 2.775752958012718707e+00 1.585075809296457017e+01
5.799999999999999600e-01 2.619915284394650268e+00 1.531941072207749954e+01
5.899999999999999689e-01 2.469312798233739503e+00 1.480364735563296641e+01
5.999999999999999778e-01 2.323791836865225946e+00 1.430303450660622211e+01
6.099999999999999867e-01 2.183203013364198863e+00 1.381715046065715846e+01
6.199999999999999956e-01 2.047401100406289753e+00 1.334558496004509109e+01
6.300000000000000044e-01 1.916244917246860968e+00 1.288793889598271036e+01
6.400000000000000133e-01 1.789597219735373113e+00 1.244382400920428111e+01
6.500000000000000222e-01 1.667324593283932899e+00 1.201286259852957627e+01
6.600000000000000311e-01 1.549297348711093925e+00 1.159468723721048811e+01
6.700000000000000400e-01 1.435389420884161549e+00 1.118894049685324177e+01
6.800000000000000488e-01 1.325478270085222565e+00 1.079527467871434965e+01
6.900000000000000577e-01 1.219444786028186067e+00 1.041335155217403319e+01
7.000000000000000666e-01 1.117173194455984397e+00 1.004284210019593893e+01
7.099999999999999645e-01 1.018550966249032852e+00 9.683426271587096679e+00
7.199999999999999734e-01 9.234687289778364949e-01 9.334792739877002532e+00
7.299999999999999822e-01 8.318201808344635184e-01 8.996638668639572955e+00
7.399999999999999911e-01 7.435020068792780323e-01 8.668669483086302918e+00
7.500000000000000000e-01 6.584137975411108457e-01 8.350598647763652238e+00
7.600000000000000089e-01 5.764579693105824632e-01 8.042147450191981406e+00
7.700000000000000178e-01 4.975396875680230258e-01 7.743044790287860302e+00
7.800000000000000266e-01 4.215667914888691636e-01 7.453026975415585120e+00
7.900000000000000355e-01 3.484497209710417653e-01 7.171837520918013631e+00
8.000000000000000444e-01 2.781014455302290855e-01 6.899226955980685361e+00
8.100000000000000533e-01 2.104373951104410168e-01 6.634952634687153683e+00
8.200000000000000622e-01 1.453753927586475536e-01 6.378778552127193358e+00
8.300000000000000711e-01 8.283558911363111954e-02 6.130475165423299622e+00
8.399999999999999689e-01 2.274039866051950909e-02 5.889819219544308204e+00
8.499999999999999778e-01 -3.498556229621012370e-02 5.656593577778695980e+00
8.599999999999999867e-01 -9.041553598723989227e-02 5.430587056743275909e+00
8.699999999999999956e-01 -1.436206819051852879e-01 5.211594265806485993e+00
8.800000000000000044e-01 -1.946701339471781367e-01 4.999415450808553985e+00
8.900000000000000133e-01 -2.436310560156594862e-01 4.793856341964042755e+00
9.000000000000000222e-01 -2.905686961186421113e-01 4.594728005835285067e+00
9.100000000000000311e-01 -3.355464390096115079e-01 4.401846701268178563e+00
9.200000000000000400e-01 -3.786258574061527327e-01 4.215033739184728567e+00
9.300000000000000488e-01 -4.198667618253555389e-01 4.034115346129500956e+00
9.400000000000000577e-01 -4.593272490730425095e-01 3.858922531469893169e+00
9.500000000000000666e-01 -4.970637494228518638e-01 3.689290958152838140e+00
9.599999999999999645e-01 -5.331310725202795808e-01 3.525060816923073936e+00
9.699999999999999734e-01 -5.675824520458293554e-01 3.366076703910660051e+00
9.799999999999999822e-01 -6.004695891704987520e-01 3.212187501497967723e+00
9.899999999999999911e-01 -6.318426948359756601e-01 3.063246262378571227e+00
1.000000000000000000e+00 -6.617505308910256456e-01 2.919110096722999703e+00
1.010000000000000009e+00 -6.902404501147210159e-01 2.779640062368430975e+00
1.020000000000000018e+00 -7.173584351563576655e-01 2.644701057951688306e+00
1.030000000000000027e+00 -7.431491364210777162e-01 2.514161718907020227e+00
1.040000000000000036e+00 -7.676559089294896499e-01 2.387894316252214821e+00
1.050000000000000044e+00 -7.909208481787683986e-01 2.265774658088697713e+00
1.060000000000000053e+00 -8.129848250320302894e-01 2.147681993743164597e+00
1.070000000000000062e+00 -8.338875196620334496e-01 2.033498920480285133e+00
1.080000000000000071e+00 -8.536674545745791542e-01 1.923111292717850196e+00
1.090000000000000080e+00 -8.723620267362920400e-01 1.816408133677605896e+00
1.100000000000000089e+00 0.000000000000000000e+00 1.713281549406741933e+00
1.110000000000000098e+00 0.000000000000000000e+00 1.613626645106777113e+00
1.120000000000000107e+00 0.000000000000000000e+00 1.517341443708247084e+00
1.130000000000000115e+00 0.000000000000000000e+00 1.424326806631237119e+00
1.140000000000000124e+00 0.000000000000000000e+00 1.334486356673418861e+00
1.150000000000000133e+00 0.000000000000000000e+00 1.247726402968773796e+00
1.159999999999999920e+00 0.000000000000000000e+00 1.163955867961735002e+00
1.169999999999999929e+00 0.000000000000000000e+00 1.083086216342890928e+00
1.179999999999999938e+00 0.000000000000000000e+00 1.005031385893937701e+00
1.189999999999999947e+00 0.000000000000000000e+00 9.297077201908046096e-01
1.199999999999999956e+00 0.000000000000000000e+00 8.570339031153914044e-01
