0.000000000000000000e+00 1.139080830820682344e+01 3.916079422355113593e+01
1.000000000000000021e-02 1.100458543288849178e+01 3.808837779193792272e+01
2.000000000000000042e-02 1.062894994886751121e+01 3.704320296430672954e+01
2.999999999999999889e-02 1.026363280260711974e+01 3.602459997575694928e+01
4.000000000000000083e-02 9.908371556808788227e+00 3.503191527780150238e+01
5.000000000000000278e-02 9.562910230204545670e+00 3.406451114864997720e+01
5.999999999999999778e-02 9.226999141199597076e+00 3.312176531282303671e+01
7.000000000000000666e-02 8.900394755273113745e+00 3.220307056987528682e+01
8.000000000000000167e-02 8.582859536047147131e+00 3.130783443200844474e+01
8.999999999999999667e-02 8.274161799935837891e+00 3.043547877036283467e+01
1.000000000000000056e-01 7.974075574289208213e+00 2.958543946977946248e+01
1.100000000000000006e-01 7.682380458947790203e+00 2.875716609183025696e+01
1.199999999999999956e-01 7.398861491126464962e+00 2.795012154591893605e+01
1.300000000000000044e-01 7.123309013547753921e+00 2.716378176825958235e+01
1.400000000000000133e-01 6.855518545746660308e+00 2.639763540854437807e+01
1.499999999999999944e-01 6.595290658471271605e+00 2.565118352411727898e+01
1.600000000000000033e-01 6.342430851104705170e+00 2.492393928147330584e+01
1.700000000000000122e-01 6.096749432036276950e+00 2.421542766490928855e+01
1.799999999999999933e-01 5.858061401911049515e+00 2.352518519215436399e+01
1.900000000000000022e-01 5.626186339688935334e+00 2.285275963681385036e+01
2.000000000000000111e-01 5.400948291445895499e+00 2.219770975746320829e+01
2.099999999999999922e-01 5.182175661851687209e+00 2.155960503323346344e+01
2.200000000000000011e-01 4.969701108259894973e+00 2.093802540573263471e+01
2.300000000000000100e-01 4.763361437347747085e+00 2.033256102715183999e+01
2.399999999999999911e-01 4.562997504244521885e+00 1.974281201440807010e+01
2.500000000000000000e-01 4.368454114088966556e+00 1.916838820917937625e+01
2.600000000000000089e-01 4.179579925957494169e+00 1.860890894369157778e+01
2.700000000000000178e-01 3.996227359106324428e+00 1.806400281211894310e+01
2.800000000000000266e-01 3.818252501472103155e+00 1.753330744746449454e+01
2.899999999999999800e-01 3.645515020376873139e+00 1.701646930378917943e+01
2.999999999999999889e-01 3.477878075384546630e+00 1.651314344366164732e+01
3.099999999999999978e-01 3.315208233257296300e+00 1.602299333070405041e+01
3.200000000000000067e-01 3.157375384961513376e+00 1.554569062711188998e+01
3.300000000000000155e-01 3.004252664674194495e+00 1.508091499602889485e+01
3.400000000000000244e-01 2.855716370741799182e+00 1.462835390866096041e+01
3.500000000000000333e-01 2.711645888544735428e+00 1.418770245601566415e+01
3.599999999999999867e-01 2.571923615221780590e+00 1.375866316515676324e+01
3.699999999999999956e-01 2.436434886209841721e+00 1.334094581986571804e+01
3.800000000000000044e-01 2.305067903555515940e+00 1.293426728560481997e+01
3.900000000000000133e-01 2.177713665955918199e+00 1.253835133867894491e+01
4.000000000000000222e-01 2.054265900487338037e+00 1.215292849949561216e+01
4.100000000000000311e-01 1.934620995981194413e+00 1.177773586982519127e+01
4.199999999999999845e-01 1.818677938007805972e+00 1.141251697396567089e+01
4.299999999999999933e-01 1.706338245429370737e+00 1.105702160371849807e+01
4.400000000000000022e-01 1.597505908484516013e+00 1.071100566708434876e+01
4.500000000000000111e-01 1.492087328367659893e+00 1.037423104058981060e+01
4.600000000000000200e-01 1.389991258267323060e+00 1.004646542515811269e+01
4.700000000000000289e-01 1.291128745828349800e+00 9.727482205439070384e+00
4.799999999999999822e-01 1.195413077003896429e+00 9.417060312515545206e+00
4.899999999999999911e-01 1.102759721263800952e+00 9.114984089905535214e+00
5.000000000000000000e-01 1.013086278126793305e+00 8.821043162781117886e+00
5.100000000000000089e-01 9.263124249847317637e-01 8.535032310327153482e+00
5.200000000000000178e-01 8.423598661878901606e-01 8.256751341164745739e+00
5.300000000000000266e-01 7.611522833609845051e-01 7.986004971765988891e+00
5.400000000000000355e-01 6.826152869203921947e-01 7.722602707788483123e+00
5.500000000000000444e-01 6.066763687637207747e-01 7.466358728259696598e+00
5.600000000000000533e-01 5.332648561035697732e-01 7.217091772542985062e+00
5.700000000000000622e-01 4.623118664180012050e-01 6.974625030018668070e+00
5.799999999999999600e-01 3.937502634909009203e-01 6.738786032415199578e+00
5.899999999999999689e-01 3.275146145160272027e-01 6.509406548726918373e+00
5.999999999999999778e-01 2.635411482392281957e-01 6.286322482656572674e+00
6.099999999999999867e-01 2.017677141138481123e-01 6.069373772522066446e+00
6.199999999999999956e-01 1.421337424449956588e-01 5.858404293568493237e+00
6.300000000000000044e-01 8.458020549891046014e-02 5.653261762627839637e+00
6.400000000000000133e-01 2.904957955421520396e-02 5.453797645070158850e+00
6.500000000000000222e-01 -2.451419212755091490e-02 5.259867063991339187e+00
6.600000000000000311e-01 -7.616573543425562975e-02 5.071328711583918292e+00
6.700000000000000400e-01 -1.259582806598884552e-01 4.888044762638655172e+00
6.800000000000000488e-01 -1.739436969067415795e-01 4.709880790125833272e+00
6.900000000000000577e-01 -2.201725256535886910e-01 4.536705682806489115e+00
7.000000000000000666e-01 -2.646940135099218883e-01 4.368391564824961826e+00
7.099999999999999645e-01 -3.075561441758267178e-01 4.204813717235278858e+00
7.199999999999999734e-01 -3.488056696265957601e-01 4.045850501415073630e+00
7.299999999999999822e-01 -3.884881405407262234e-01 3.891383284321834779e+00
7.399999999999999911e-01 -4.266479359895130608e-01 3.741296365547319702e+00
7.500000000000000000e-01 -4.633282924059906605e-01 3.595476906127096584e+00
7.600000000000000089e-01 -4.985713318505790581e-01 3.453814859063111253e+00
7.700000000000000178e-01 -5.324180895903392052e-01 3.316202901518300550e+00
7.800000000000000266e-01 -5.649085410083752867e-01 3.182536368643136715e+00
7.900000000000000355e-01 -5.960816278594927020e-01 3.052713188995034077e+00
8.000000000000000444e-01 -6.259752838878610559e-01 2.926633821512413025e+00
8.100000000000000533e-01 -6.546264598220320474e-01 2.804201194006215925e+00
8.200000000000000622e-01 -6.820711477623049301e-01 2.685320643132453444e+00
8.300000000000000711e-01 -7.083444049750829974e-01 2.569899855810320322e+00
8.399999999999999689e-01 -7.334803771084843493e-01 2.457848812051234511e+00
8.499999999999999778e-01 -7.575123208431623345e-01 2.349079729164950336e+00
8.599999999999999867e-01 -7.804726259919354536e-01 2.243507007309767154e+00
8.699999999999999956e-01 -8.023928370615015515e-01 2.141047176354602399e+00
8.800000000000000044e-01 -8.233036742892012594e-01 2.041618844021468870e+00
8.900000000000000133e-01 -8.432350541674827893e-01 1.945142645277669891e+00
9.000000000000000222e-01 -8.622161094684096527e-01 1.851541192947746994e+00
9.100000000000000311e-01 -8.802752087802659942e-01 1.760739029515922649e+00
9.200000000000000400e-01 -8.974399755680170232e-01 1.672662580090504614e+00
9.300000000000000488e-01 -9.137373067691114681e-01 1.587240106502374015e+00
9.400000000000000577e-01 -9.291933909358197630e-01 1.504401662510371773e+00
9.500000000000000666e-01 -9.438337259350552122e-01 1.424079050087018405e+00
9.599999999999999645e-01 -9.576831362163428230e-01 1.346205776758666817e+00
9.699999999999999734e-01 -9.707657896583569146e-01 1.270717013974793419e+00
9.799999999999999822e-01 -9.831052140041931509e-01 1.197549556481735111e+00
9.899999999999999911e-01 -9.947243128953020541e-01 1.126641782676782499e+00
1.000000000000000000e+00 -1.005645381513764036e+00 1.057933615919087078e+00
1.010000000000000009e+00 -1.015890121842365268e+00 9.913664867744599318e-01
1.020000000000000018e+00 -1.025479657551691792e+00 9.268832961716202412e-01
1.030000000000000027e+00 -1.034434548523259778e+00 8.644283794480311922e-01
1.040000000000000036e+00 -1.042774805017453010e+00 8.039474712639869125e-01
1.050000000000000044e+00 -1.050519901494866293e+00 7.453876713640896767e-01
1.060000000000000053e+00 -1.057688790099409415e+00 6.886974111657897524e-01
1.070000000000000062e+00 -1.064299913811346032e+00 6.338264211551406513e-01
1.080000000000000071e+00 -1.070371219278251962e+00 5.807256990703743016e-01
1.090000000000000080e+00 -1.075920169331669118e+00 5.293474788543897080e-01
1.100000000000000089e+00 0.000000000000000000e+00 4.796452003577102441e-01
1.110000000000000098e+00 0.000000000000000000e+00 4.315734797738532413e-01
1.120000000000000107e+00 0.000000000000000000e+00 3.850880807895538105e-01
1.130000000000000115e+00 0.000000000000000000e+00 3.401458864326691867e-01
1.140000000000000124e+00 0.000000000000000000e+00 2.967048716009957898e-01
1.150000000000000133e+00 0.000000000000000000e+00 2.547240762556469140e-01
1.159999999999999920e+00 0.000000000000000000e+00 2.141635792630426638e-01
1.169999999999999929e+00 0.000000000000000000e+00 1.749844728699013197e-01
1.179999999999999938e+00 0.000000000000000000e+00 1.371488377960562166e-01
1.189999999999999947e+00 0.000000000000000000e+00 1.006197189302203698e-01
1.199999999999999956e+00 0.000000000000000000e+00 6.536110161423627773e-02
