0.000000000000000000e+00 1.307286809546499917e+01 4.434346364560111908e+01
1.000000000000000021e-02 1.263562011596041934e+01 4.311153151954127338e+01
2.000000000000000042e-02 1.221053084713959080e+01 4.191158545845770789e+01
2.999999999999999889e-02 1.179728447588930074e+01 4.074281933567015557e+01
4.000000000000000083e-02 1.139557314978265623e+01 3.960444705716705727e+01
5.000000000000000278e-02 1.100509677923472829e+01 3.849570206718614429e+01
5.999999999999999778e-02 1.062556284454134214e+01 3.741583686595628677e+01
7.000000000000000666e-02 1.025668620768094641e+01 3.636412253930203065e+01
8.000000000000000167e-02 9.898188928762278849e+00 3.533984829981923070e+01
8.999999999999999667e-02 9.549800087003607274e+00 3.434232103933788949e+01
1.000000000000000056e-01 9.211255606132136009e+00 3.337086489239505482e+01
1.100000000000000006e-01 8.882298084094657042e+00 3.242482081044706632e+01
1.199999999999999956e-01 8.562676626973583893e+00 3.150354614655790897e+01
1.300000000000000044e-01 8.252146687004739078e+00 3.060641425030592799e+01
1.400000000000000133e-01 7.950469904595991899e+00 2.973281407265814025e+01
1.499999999999999944e-01 7.657413954248493582e+00 2.888214978056769056e+01
1.600000000000000033e-01 7.372752394284088240e+00 2.805384038105475142e+01
1.700000000000000122e-01 7.096264520285709310e+00 2.724731935453907994e+01
1.799999999999999933e-01 6.827735222158943351e+00 2.646203429719599143e+01
1.900000000000000022e-01 6.566954844725985119e+00 2.569744657211484906e+01
2.000000000000000111e-01 6.313719051764814516e+00 2.495303096904340379e+01
2.099999999999999922e-01 6.067828693408901408e+00 2.422827537250724461e+01
2.200000000000000011e-01 5.829089676824732891e+00 2.352268043809877085e+01
2.300000000000000100e-01 5.597312840086384966e+00 2.283575927673468087e+01
2.399999999999999911e-01 5.372313829168548160e+00 2.216703714668657810e+01
2.500000000000000000e-01 5.153912977981150334e+00 2.151605115319351924e+01
2.600000000000000089e-01 4.941935191370708580e+00 2.088234995547026074e+01
2.700000000000000178e-01 4.736209831015429472e+00 2.026549348092970249e+01
2.800000000000000266e-01 4.536570604142692531e+00 1.966505264644193929e+01
2.899999999999999800e-01 4.342855454999535070e+00 1.908060908645747844e+01
2.999999999999999889e-01 4.154906459008255837e+00 1.851175488782561374e+01
3.099999999999999978e-01 3.972569719541047650e+00 1.795809233114355408e+01
3.200000000000000067e-01 3.795695267249186600e+00 1.741923363847605088e+01
3.300000000000000155e-01 3.624136961883781982e+00 1.689480072728865778e+01
3.400000000000000244e-01 3.457752396546788898e+00 1.638442497044217205e+01
3.500000000000000333e-01 3.296402804312405177e+00 1.588774696209931037e+01
3.599999999999999867e-01 3.139952967160404729e+00 1.540441628939814933e+01
3.699999999999999956e-01 2.988271127164532803e+00 1.493409130975085475e+01
3.800000000000000044e-01 2.841228899880362313e+00 1.447643893362932310e+01
3.900000000000000133e-01 2.698701189878401685e+00 1.403113441270288675e+01
4.000000000000000222e-01 2.560566108369617844e+00 1.359786113319658440e+01
4.100000000000000311e-01 2.426704892871836883e+00 1.317631041434171735e+01
4.199999999999999845e-01 2.297001828866665818e+00 1.276618131179344928e+01
4.299999999999999933e-01 2.171344173397932398e+00 1.236718042589343547e+01
4.400000000000000022e-01 2.049622080563771931e+00 1.197902171465838883e+01
4.500000000000000111e-01 1.931728528855676030e+00 1.160142631137836311e+01
4.600000000000000200e-01 1.817559250298976581e+00 1.123412234671144461e+01
4.700000000000000289e-01 1.707012661350391980e+00 1.087684477516445369e+01
4.799999999999999822e-01 1.599989795509246582e+00 1.052933520585161453e+01
4.899999999999999911e-01 1.496394237600186639e+00 1.019134173742619254e+01
5.000000000000000000e-01 1.396132059686123084e+00 9.862618797082443933e+00
5.100000000000000089e-01 1.299111758571230624e+00 9.542926983527820539e+00
5.200000000000000178e-01 1.205244194854777851e+00 9.232032913827781684e+00
5.300000000000000266e-01 1.114442533497547405e+00 8.929709074028044924e+00
5.400000000000000355e-01 1.026622185863525605e+00 8.635733673461349014e+00
5.500000000000000444e-01 9.417007532004956216e-01 8.349890502648168678e+00
5.600000000000000533e-01 8.595979715240049668e-01 8.071968794702964800e+00
5.700000000000000622e-01 7.802356578701181711e-01 7.801763090159784753e+00
5.799999999999999600e-01 7.035376578831561423e-01 7.539073105133124564e+00
5.899999999999999689e-01 6.294297947055056408e-01 7.283703602732024329e+00
5.999999999999999778e-01 5.578398191373400428e-01 7.035464267647372871e+00
6.099999999999999867e-01 4.886973610349424901e-01 6.794169583834390735e+00
6.199999999999999956e-01 4.219338819170388999e-01 6.559638715214171079e+00
6.300000000000000044e-01 3.574826287493280130e-01 6.331695389319958345e+00
6.400000000000000133e-01 2.952785888781321866e-01 6.110167783815823483e+00
6.500000000000000222e-01 2.352584460847920722e-01 5.894888415816975424e+00
6.600000000000000311e-01 1.773605377331443633e-01 5.685694033942882974e+00
6.700000000000000400e-01 1.215248129830713703e-01 5.482425513035868114e+00
6.800000000000000488e-01 6.769279204382397386e-02 5.284927751479699509e+00
6.900000000000000577e-01 1.580752644142391708e-02 5.093049571054141467e+00
7.000000000000000666e-01 -3.418643972490909705e-02 4.906643619263078904e+00
7.099999999999999645e-01 -8.234310756170618029e-02 4.725566274075388762e+00
7.199999999999999734e-01 -1.287150602194450100e-01 4.549677551019101429e+00
7.299999999999999822e-01 -1.733534988131916754e-01 4.378841012571053071e+00
7.399999999999999911e-01 -2.163082774483921777e-01 4.212923679785434139e+00
7.500000000000000000e-01 -2.576279373739127077e-01 4.051795946106199864e+00
7.600000000000000089e-01 -2.973597402838904502e-01 3.895331493309561299e+00
7.700000000000000178e-01 -3.355497007894557293e-01 3.743407209524112655e+00
7.800000000000000266e-01 -3.722426180808146023e-01 3.595903109277525100e+00
7.900000000000000355e-01 -4.074821067997306256e-01 3.452702255519826124e+00
8.000000000000000444e-01 -4.413106271419208748e-01 3.313690683574663343e+00
8.100000000000000533e-01 -4.737695142084006328e-01 3.178757326971089814e+00
8.200000000000000622e-01 -5.048990066243582708e-01 3.047793945109540381e+00
8.300000000000000711e-01 -5.347382744436733892e-01 2.920695052716862250e+00
8.399999999999999689e-01 -5.633254463567438641e-01 2.797357851046342603e+00
8.499999999999999778e-01 -5.906976362188581797e-01 2.677682160779766729e+00
8.599999999999999867e-01 -6.168909689159288723e-01 2.561570356589572217e+00
8.699999999999999956e-01 -6.419406055839697034e-01 2.448927303320255433e+00
8.800000000000000044e-01 -6.658807681983218707e-01 2.339660293749115549e+00
8.900000000000000133e-01 -6.887447635482207842e-01 2.233678987887440570e+00
9.000000000000000222e-01 -7.105650066119167940e-01 2.130895353784224788e+00
9.100000000000000311e-01 -7.313730433471927750e-01 2.031223609795359319e+00
9.200000000000000400e-01 -7.511995729117503240e-01 1.934580168282221013e+00
9.300000000000000488e-01 -7.700744693275783925e-01 1.840883580704460121e+00
9.400000000000000577e-01 -7.880268026030843309e-01 1.750054484072584904e+00
9.500000000000000666e-01 -8.050848593264007258e-01 1.662015548726905489e+00
9.599999999999999645e-01 -8.212761627429859823e-01 1.576691427410096269e+00
9.699999999999999734e-01 -8.366274923302787769e-01 1.494008705601536535e+00
9.799999999999999822e-01 -8.511649028818782936e-01 1.413895853082318910e+00
9.899999999999999911e-01 -8.649137431133986365e-01 1.336283176700600039e+00
1.000000000000000000e+00 -8.778986738018588198e-01 1.261102774307696794e+00
1.010000000000000009e+00 -8.901436854701632040e-01 1.188288489836094364e+00
1.020000000000000018e+00 -9.016721156279557947e-01 1.117775869491186791e+00
1.030000000000000027e+00 -9.125066655798454995e-01 1.049502119029322333e+00
1.040000000000000036e+00 -9.226694168117306472e-01 9.834060620953536391e-01
1.050000000000000044e+00 -9.321818469656905082e-01 9.194280995935736334e-01
1.060000000000000053e+00 -9.410648454136418817e-01 8.575101700665583859e-01
1.070000000000000062e+00 -9.493387284397235559e-01 7.975957110570663922e-01
1.080000000000000071e+00 -9.570232540411128808e-01 7.396296214287375603e-01
1.090000000000000080e+00 -9.641376363567437657e-01 6.835582246219606972e-01
1.100000000000000089e+00 0.000000000000000000e+00 6.293292328218295095e-01
1.110000000000000098e+00 0.000000000000000000e+00 5.768917120156996647e-01
1.120000000000000107e+00 0.000000000000000000e+00 5.261960479183948047e-01
1.130000000000000115e+00 0.000000000000000000e+00 4.771939127436556349e-01
1.140000000000000124e+00 0.000000000000000000e+00 4.298382328009553444e-01
1.150000000000000133e+00 0.000000000000000000e+00 3.840831568973190335e-01
1.159999999999999920e+00 0.000000000000000000e+00 3.398840255242683850e-01
1.169999999999999929e+00 0.000000000000000000e+00 2.971973408105321179e-01
1.179999999999999938e+00 0.000000000000000000e+00 2.559807372216117427e-01
1.189999999999999947e+00 0.000000000000000000e+00 2.161929529877724410e-01
1.199999999999999956e+00 0.000000000000000000e+00 1.777938022424712661e-01
