0.000000000000000000e+00 3.156987225633710750e+03 2.102218941777587170e+05
1.000000000000000021e-02 1.601795027749666360e+03 1.110235219302905462e+05
2.000000000000000042e-02 7.849352390302439062e+02 5.786783196548526757e+04
2.999999999999999889e-02 3.625852100529475024e+02 2.957727197999896089e+04
4.000000000000000083e-02 1.493538464031802846e+02 1.466557802873925721e+04
5.000000000000000278e-02 4.570544571698010827e+01 6.915610591976694195e+03
5.999999999999999778e-02 -1.480374226223021283e+00 2.971720688092526871e+03
7.000000000000000666e-02 -2.031294695242088721e+01 1.029784623756654582e+03
8.000000000000000167e-02 -2.548549486669513797e+01 1.251064606289627932e+02
8.999999999999999667e-02 -2.454047352698964701e+01 -2.542052175156126168e+02
1.000000000000000056e-01 -2.124333713068497431e+01 -3.767982085578702254e+02
1.100000000000000006e-01 -1.739050485272622026e+01 -3.814045263379685480e+02
1.199999999999999956e-01 -1.377169262833094621e+01 -3.379332488592352775e+02
1.300000000000000044e-01 -1.067722100517647554e+01 -2.802604385235109703e+02
1.400000000000000133e-01 -8.161730023102467868e+00 -2.237205882884276491e+02
1.499999999999999944e-01 -6.178423812909721313e+00 -1.743564564923748321e+02
1.600000000000000033e-01 -4.645205021076145968e+00 -1.337495521642125880e+02
1.700000000000000122e-01 -3.475511937955503061e+00 -1.014962489956426737e+02
1.799999999999999933e-01 -2.591271589450625967e+00 -7.644118948701030547e+01
1.900000000000000022e-01 -1.927108987621052760e+00 -5.726349114827991826e+01
2.000000000000000111e-01 -1.430533745219827679e+00 -4.273256722139885966e+01
2.099999999999999922e-01 -1.060484019556546809e+00 -3.180045147801063976e+01
2.200000000000000011e-01 -7.853817577895831903e-01 -2.361728766766981025e+01
2.300000000000000100e-01 -5.812221918211454286e-01 -1.751402554263052380e+01
2.399999999999999911e-01 -4.299041788029607236e-01 -1.297396270356413694e+01
2.500000000000000000e-01 -3.178559905322884127e-01 -9.603175082050148248e+00
2.600000000000000089e-01 -2.349434365602658115e-01 -7.104013820184087002e+00
2.700000000000000178e-01 -1.736214845252135319e-01 -5.252987114155081905e+00
2.800000000000000266e-01 -1.282847949683442734e-01 -3.883037079763081767e+00
2.899999999999999800e-01 -9.477557135277027422e-02 -2.869693378164537734e+00
2.999999999999999889e-01 -7.001327162013595840e-02 -2.120434101251277070e+00
3.099999999999999978e-01 -5.171741672692623665e-02 -1.566603055292896673e+00
3.200000000000000067e-01 -3.820084470600743770e-02 -1.157317439876525134e+00
3.300000000000000155e-01 -2.821591336901884198e-02 -8.549013688022906177e-01
3.400000000000000244e-01 -2.084031061649150793e-02 -6.314767564002395916e-01
3.500000000000000333e-01 -1.539239095644315790e-02 -4.664255871707201906e-01
3.599999999999999867e-01 -1.136846804903913349e-02 -3.445048057064247216e-01
3.699999999999999956e-01 -8.396404378565081733e-03 -2.544481408702208847e-01
3.800000000000000044e-01 -6.201281617496539472e-03 -1.879302504068215973e-01
3.900000000000000133e-01 -4.580017424472484534e-03 -1.387999272033290377e-01
4.000000000000000222e-01 -3.382602847747897233e-03 -1.025128226552332739e-01
4.100000000000000311e-01 -2.498236582682163837e-03 -7.571196054118202456e-02
4.199999999999999845e-01 -1.845079728840557688e-03 -5.591763995063710191e-02
4.299999999999999933e-01 -1.362686607891459281e-03 -4.129825746405895587e-02
4.400000000000000022e-01 -1.006413152607810125e-03 -3.050096309866747249e-02
4.500000000000000111e-01 -7.432864662610933317e-04 -2.252654509877031336e-02
4.600000000000000200e-01 -5.489538751971597807e-04 -1.663700098141966330e-02
4.700000000000000289e-01 -4.054294291865726311e-04 -1.228726047751180911e-02
4.799999999999999822e-01 -2.994294590316131581e-04 -9.074752095233531296e-03
4.899999999999999911e-01 -2.211432378699728306e-04 -6.702151485703392378e-03
5.000000000000000000e-01 -1.633250183522597066e-04 -4.949867073961542775e-03
5.100000000000000089e-01 -1.206234381991709733e-04 -3.655718149081866285e-03
5.200000000000000178e-01 -8.908624291145557882e-05 -2.699925487898271418e-03
5.300000000000000266e-01 -6.579449364270337490e-05 -1.994025843984895390e-03
5.400000000000000355e-01 -4.859240882857987476e-05 -1.472684565527373991e-03
5.500000000000000444e-01 -3.588783743815418558e-05 -1.087648711169153385e-03
5.600000000000000533e-01 -2.650489789054815979e-05 -8.032810758938156281e-04
5.700000000000000622e-01 -1.957514426965194470e-05 -5.932618219296012952e-04
5.799999999999999600e-01 -1.445718704474815144e-05 -4.381524568186502652e-04
5.899999999999999689e-01 -1.067732894529823575e-05 -3.235967043695154016e-04
5.999999999999999778e-01 -7.885721610589851706e-06 -2.389917560208587122e-04
6.099999999999999867e-01 -5.823985117961947117e-06 -1.765069231589676659e-04
6.199999999999999956e-01 -4.301293420039620882e-06 -1.303588630592707393e-04
6.300000000000000044e-01 -3.176712274962718443e-06 -9.627629750714160068e-05
6.400000000000000133e-01 -2.346154950029660061e-06 -7.110468126974042551e-05
6.500000000000000222e-01 -1.732748376764416834e-06 -5.251423048001801119e-05
6.600000000000000311e-01 -1.279718090420605625e-06 -3.878428740603510791e-05
6.700000000000000400e-01 -9.451334140711689157e-07 -2.864406337802907762e-05
6.800000000000000488e-01 -6.980265234337659935e-07 -2.115501973298195842e-05
6.900000000000000577e-01 -5.155261890606277637e-07 -1.562400045805149241e-05
7.000000000000000666e-01 -3.807409067728586006e-07 -1.153907645405687033e-05
7.099999999999999645e-01 -2.811954874776299054e-07 -8.522163429175659934e-06
7.199999999999999734e-01 -2.076764034311649088e-07 -6.294027929000208573e-06
7.299999999999999822e-01 -1.533790208402564252e-07 -4.648442603266457823e-06
7.399999999999999911e-01 -1.132777900713961783e-07 -3.433098625177309187e-06
7.500000000000000000e-01 -8.366110079364307353e-08 -2.535508593674241034e-06
7.600000000000000089e-01 -6.178775010585956072e-08 -1.872595147857932724e-06
7.700000000000000178e-01 -4.563322770934997039e-08 -1.383001657394652461e-06
7.800000000000000266e-01 -3.370233529332061811e-08 -1.021413297148976295e-06
7.900000000000000355e-01 -2.489079693032792943e-08 -7.543628873841204190e-07
8.000000000000000444e-01 -1.838305169124850340e-08 -5.571333048290374487e-07
8.100000000000000533e-01 -1.357676857126857503e-08 -4.114697641287420816e-07
8.200000000000000622e-01 -1.002709712899729505e-08 -3.038902275640582776e-07
8.300000000000000711e-01 -7.405493899793357293e-09 -2.244375612939776439e-07
8.399999999999999689e-01 -5.469313720011254241e-09 -1.657579426712450191e-07
8.499999999999999778e-01 -4.039351456165552163e-09 -1.224202196812475633e-07
8.599999999999999867e-01 -2.983255490843135132e-09 -9.041322512321115880e-08
8.699999999999999956e-01 -2.203277783624733053e-09 -6.677451893503375374e-08
8.800000000000000044e-01 -1.627226701402188967e-09 -4.931619652889408165e-08
8.900000000000000133e-01 -1.201785248066272977e-09 -3.642238504833834435e-08
9.000000000000000222e-01 -8.875762554926101620e-10 -2.689968460623885232e-08
9.100000000000000311e-01 -6.555177895395597404e-10 -1.986671193974919915e-08
9.200000000000000400e-01 -4.841314419391340391e-10 -1.467252308248124300e-08
9.300000000000000488e-01 -3.575543742887514073e-10 -1.083636458104674178e-08
9.400000000000000577e-01 -2.640711168456863976e-10 -8.003176868298449341e-09
9.500000000000000666e-01 -1.950292312625892088e-10 -5.910731362551629035e-09
9.599999999999999645e-01 -1.440384753213924768e-10 -4.365359633451050987e-09
9.699999999999999734e-01 -1.063793475398287724e-10 -3.224028222648296086e-09
9.799999999999999822e-01 -7.856626889272479908e-11 -2.381100036015469076e-09
9.899999999999999911e-01 -5.802497148624092422e-11 -1.758556994533647491e-09
1.000000000000000000e+00 -4.285423456440437723e-11 -1.298778991326175027e-09
1.010000000000000009e+00 -3.164991508072346833e-11 -9.592108038314917942e-10
1.020000000000000018e+00 -2.337498580476390273e-11 -7.084233517263067611e-10
1.030000000000000027e+00 -1.726355220793890384e-11 -5.232047463044188020e-10
1.040000000000000036e+00 -1.274996431336822258e-11 -3.864118904160883454e-10
1.050000000000000044e+00 -9.416462384688384230e-12 -2.853837816067038720e-10
1.060000000000000053e+00 -6.954510747083507823e-12 -2.107696601065837701e-10
1.070000000000000062e+00 -5.136240952859733899e-12 -1.556635397125201088e-10
1.080000000000000071e+00 -3.793361184594723769e-12 -1.149650171831077158e-10
1.090000000000000080e+00 -2.801579834134926043e-12 -8.490719920876287300e-11
1.100000000000000089e+00 0.000000000000000000e+00 -6.270805375511907034e-11
1.110000000000000098e+00 0.000000000000000000e+00 -4.631291624737832979e-11
1.120000000000000107e+00 0.000000000000000000e+00 -3.420431799259232000e-11
1.130000000000000115e+00 0.000000000000000000e+00 -2.526153531531498684e-11
1.140000000000000124e+00 0.000000000000000000e+00 -1.865685983346053824e-11
1.150000000000000133e+00 0.000000000000000000e+00 -1.377898906383434966e-11
1.159999999999999920e+00 0.000000000000000000e+00 -1.017644669660645401e-11
1.169999999999999929e+00 0.000000000000000000e+00 -7.515795744455973723e-12
1.179999999999999938e+00 0.000000000000000000e+00 -5.550776941741258884e-12
1.189999999999999947e+00 0.000000000000000000e+00 -4.099515966715097908e-12
1.199999999999999956e+00 0.000000000000000000e+00 -3.027689877965088203e-12
