0.000000000000000000e+00 1.533604893922098888e+01 5.177869715369789816e+01
1.000000000000000021e-02 1.482551879026600261e+01 5.033371134161298954e+01
2.000000000000000042e-02 1.432924876688666060e+01 4.892651000258461380e+01
2.999999999999999889e-02 1.384686584461877246e+01 4.755613314418249615e+01
4.000000000000000083e-02 1.337800647811318910e+01 4.622164483472446506e+01
5.000000000000000278e-02 1.292231636353617397e+01 4.492213260422643373e+01
5.999999999999999778e-02 1.247945020688549356e+01 4.365670686021768176e+01
7.000000000000000666e-02 1.204907149807573497e+01 4.242450031805400812e+01
8.000000000000000167e-02 1.163085229064936321e+01 4.122466744536883709e+01
8.999999999999999667e-02 1.122447298697411178e+01 4.005638392031232797e+01
1.000000000000000056e-01 1.082962212879045794e+01 3.891884610323707960e+01
1.100000000000000006e-01 1.044599619297637361e+01 3.781127052149664536e+01
1.199999999999999956e-01 1.007329939239996364e+01 3.673289336703281549e+01
1.300000000000000044e-01 9.711243481733443872e+00 3.568297000643366346e+01
1.400000000000000133e-01 9.359547568105723414e+00 3.466077450315485464e+01
1.499999999999999944e-01 9.017937926472963994e+00 3.366559915160108574e+01
1.600000000000000033e-01 8.686147819590411601e+00 3.269675402277528065e+01
1.700000000000000122e-01 8.363917322471062121e+00 3.175356652120802892e+01
1.799999999999999933e-01 8.050993151219747901e+00 3.083538095288786351e+01
1.900000000000000022e-01 7.747128496134129350e+00 2.994155810392009798e+01
2.000000000000000111e-01 7.452082858966513790e+00 2.907147482964794705e+01
2.099999999999999922e-01 7.165621894243242807e+00 2.822452365397679941e+01
2.200000000000000011e-01 6.887517254540910017e+00 2.740011237864896643e+01
2.300000000000000100e-01 6.617546439621056820e+00 2.659766370222186893e+01
2.399999999999999911e-01 6.355492649327626253e+00 2.581661484850966559e+01
2.500000000000000000e-01 6.101144640153627563e+00 2.505641720425336771e+01
2.600000000000000089e-01 5.854296585385915463e+00 2.431653596579087662e+01
2.700000000000000178e-01 5.614747938739233390e+00 2.359644979450395041e+01
2.800000000000000266e-01 5.382303301392751038e+00 2.289565048082427978e+01
2.899999999999999800e-01 5.156772292344707687e+00 2.221364261658687766e+01
2.999999999999999889e-01 4.937969422002589148e+00 2.154994327552354250e+01
3.099999999999999978e-01 4.725713968928523023e+00 2.090408170169470026e+01
3.200000000000000067e-01 4.519829859661520288e+00 2.027559900566302886e+01
3.300000000000000155e-01 4.320145551540028883e+00 1.966404786821659201e+01
3.400000000000000244e-01 4.126493918450321097e+00 1.906899225145467369e+01
3.500000000000000333e-01 3.938712139427960057e+00 1.849000711705351563e+01
3.599999999999999867e-01 3.756641590041441603e+00 1.792667815153404831e+01
3.699999999999999956e-01 3.580127736488903256e+00 1.737860149835806212e+01
3.800000000000000044e-01 3.409020032340408957e+00 1.684538349668346413e+01
3.900000000000000133e-01 3.243171817860083461e+00 1.632664042661339110e+01
4.000000000000000222e-01 3.082440221843973926e+00 1.582199826077845373e+01
4.100000000000000311e-01 2.926686065911052292e+00 1.533109242209472178e+01
4.199999999999999845e-01 2.775773771186419658e+00 1.485356754754456610e+01
4.299999999999999933e-01 2.629571267317198924e+00 1.438907725783087876e+01
4.400000000000000022e-01 2.487949903763153614e+00 1.393728393275912403e+01
4.500000000000000111e-01 2.350784363305387092e+00 1.349785849220493894e+01
4.600000000000000200e-01 2.217952577718080409e+00 1.307048018252911881e+01
4.700000000000000289e-01 2.089335645549358578e+00 1.265483636830450287e+01
4.799999999999999822e-01 1.964817751958899184e+00 1.225062232922328498e+01
4.899999999999999911e-01 1.844286090561110258e+00 1.185754106205618541e+01
5.000000000000000000e-01 1.727630787223957354e+00 1.147530308753805350e+01
5.100000000000000089e-01 1.614744825774832471e+00 1.110362626205791869e+01
5.200000000000000178e-01 1.505523975565994599e+00 1.074223559403412054e+01
5.300000000000000266e-01 1.399866720853305990e+00 1.039086306485837774e+01
5.400000000000000355e-01 1.297674191943184008e+00 1.004924745429551258e+01
5.500000000000000444e-01 1.198850098063701353e+00 9.717134170228105106e+00
5.600000000000000533e-01 1.103300661916999825e+00 9.394275082638513297e+00
5.700000000000000622e-01 1.010934555871116691e+00 9.080428361722923114e+00
5.799999999999999600e-01 9.216628397504464942e-01 8.775358320035083537e+00
5.899999999999999689e-01 8.353989001850293805e-01 8.478835258559549004e+00
5.999999999999999778e-01 7.520583914798724123e-01 8.190635316617131068e+00
6.099999999999999867e-01 6.715591779664490391e-01 7.910540325507278148e+00
6.199999999999999956e-01 5.938212777994794633e-01 7.638337665794783682e+00
6.300000000000000044e-01 5.187668081629946970e-01 7.373820128150298636e+00
6.400000000000000133e-01 4.463199318506042568e-01 7.116785777656501111e+00
6.500000000000000222e-01 3.764068051857257236e-01 6.867037821493888750e+00
6.600000000000000311e-01 3.089555272484124648e-01 6.624384479922307278e+00
6.700000000000000400e-01 2.438960903762214527e-01 6.388638860476407721e+00
6.800000000000000488e-01 1.811603319074057694e-01 6.159618835295308514e+00
6.900000000000000577e-01 1.206818871354467387e-01 5.937146921508567488e+00
7.000000000000000666e-01 6.239614344477451696e-02 5.721050164602688781e+00
7.099999999999999645e-01 6.240195598225434931e-03 5.511160024694102155e+00
7.199999999999999734e-01 -4.784719785246655671e-02 5.307312265636480397e+00
7.299999999999999822e-01 -9.992565706111881940e-02 5.109346846892059979e+00
7.399999999999999911e-01 -1.500532223138031640e-01 4.917107818098254590e+00
7.500000000000000000e-01 -1.982863944144082069e-01 4.730443216262730566e+00
7.600000000000000089e-01 -2.446801740550287596e-01 4.549204965521595589e+00
7.700000000000000178e-01 -2.892881001964743293e-01 4.373248779397123975e+00
7.800000000000000266e-01 -3.321622874836075434e-01 4.202434065492861137e+00
7.900000000000000355e-01 -3.733534627195577715e-01 4.036623832565671144e+00
8.000000000000000444e-01 -4.129110004222963370e-01 3.875684599915601325e+00
8.100000000000000533e-01 -4.508829574864616774e-01 3.719486309036061922e+00
8.200000000000000622e-01 -4.873161069727451888e-01 3.567902237468148385e+00
8.300000000000000711e-01 -5.222559710466257998e-01 3.420808914804328360e+00
8.399999999999999689e-01 -5.557468530876511492e-01 3.278086040788161348e+00
8.499999999999999778e-01 -5.878318689899866278e-01 3.139616405457927417e+00
8.599999999999999867e-01 -6.185529776744075336e-01 3.005285811283400221e+00
8.699999999999999956e-01 -6.479510108314162631e-01 2.874982997246240402e+00
8.800000000000000044e-01 -6.760657019146772972e-01 2.748599564815743523e+00
8.900000000000000133e-01 -7.029357144034971139e-01 2.626029905772779394e+00
9.000000000000000222e-01 -7.285986693525852154e-01 2.507171131836068767e+00
9.100000000000000311e-01 -7.530911722469051384e-01 2.391923006045954647e+00
9.200000000000000400e-01 -7.764488391789702293e-01 2.280187875862017322e+00
9.300000000000000488e-01 -7.987063223655030963e-01 2.171870607931909891e+00
9.400000000000000577e-01 -8.198973350199699750e-01 2.066878524489904390e+00
9.500000000000000666e-01 -8.400546755970758062e-01 1.965121341344609585e+00
9.599999999999999645e-01 -8.592102514249204681e-01 1.866511107416367388e+00
9.699999999999999734e-01 -8.773951017401161456e-01 1.770962145785801356e+00
9.799999999999999822e-01 -8.946394201407857905e-01 1.678390996215947339e+00
9.899999999999999911e-01 -9.109725764720034702e-01 1.588716359111311371e+00
1.000000000000000000e+00 -9.264231381578540425e-01 1.501859040878146923e+00
1.010000000000000009e+00 -9.410188909939609658e-01 1.417741900651086073e+00
1.020000000000000018e+00 -9.547868594139699017e-01 1.336289798352157554e+00
1.030000000000000027e+00 -9.677533262431429195e-01 1.257429544049046166e+00
1.040000000000000036e+00 -9.799438519519002577e-01 1.181089848580277879e+00
1.050000000000000044e+00 -9.913832934218121951e-01 1.107201275415823583e+00
1.060000000000000053e+00 -1.002095822236253042e+00 1.035696193722375646e+00
1.070000000000000062e+00 -1.012104942507597860e+00 9.665087326033375836e-01
1.080000000000000071e+00 -1.021433508252576283e+00 8.995747364842959781e-01
1.090000000000000080e+00 -1.030103740327085848e+00 8.348317216154755860e-01
1.100000000000000089e+00 0.000000000000000000e+00 7.722188336633701855e-01
1.110000000000000098e+00 0.000000000000000000e+00 7.116768063644648423e-01
1.120000000000000107e+00 0.000000000000000000e+00 6.531479212145948621e-01
1.130000000000000115e+00 0.000000000000000000e+00 5.965759681681847004e-01
1.140000000000000124e+00 0.000000000000000000e+00 5.419062073222099540e-01
1.150000000000000133e+00 0.000000000000000000e+00 4.890853315603813090e-01
1.159999999999999920e+00 0.000000000000000000e+00 4.380614301336439032e-01
1.169999999999999929e+00 0.000000000000000000e+00 3.887839531536694260e-01
1.179999999999999938e+00 0.000000000000000000e+00 3.412036769766276234e-01
1.189999999999999947e+00 0.000000000000000000e+00 2.952726704550434622e-01
1.199999999999999956e+00 0.000000000000000000e+00 2.509442620361337917e-01
