0.000000000000000000e+00 2.174084391148434579e+07 9.340183466243997812e+08
1.000000000000000021e-02 1.414796552200454287e+07 6.078386092854721546e+08
2.000000000000000042e-02 9.206705761807667091e+06 3.955646718557174206e+08
2.999999999999999889e-02 5.991084630479082465e+06 2.574199339322893918e+08
4.000000000000000083e-02 3.898480688869683072e+06 1.675179021589592993e+08
5.000000000000000278e-02 2.536713154473849107e+06 1.090117476445498616e+08
5.999999999999999778e-02 1.650555094881406752e+06 7.093763928528448939e+07
7.000000000000000666e-02 1.073908363830357092e+06 4.616038687158061564e+07
8.000000000000000167e-02 6.986791808232703479e+05 3.003646750614010170e+07
8.999999999999999667e-02 4.545224709937529406e+05 1.954392500823732466e+07
1.000000000000000056e-01 2.956595767851935234e+05 1.271611009695537575e+07
1.100000000000000006e-01 1.922993044598541164e+05 8.273159957687031478e+06
1.199999999999999956e-01 1.250548073716961371e+05 5.382166398312814534e+06
1.300000000000000044e-01 8.131014822601938795e+04 3.501094349383573513e+06
1.400000000000000133e-01 5.285570265772275889e+04 2.277204916523760185e+06
1.499999999999999944e-01 3.434931658473722928e+04 1.480949845061258180e+06
1.600000000000000033e-01 2.231485735955559358e+04 9.629506507056393893e+05
1.700000000000000122e-01 1.449049523497709197e+04 6.260011417694567936e+05
1.799999999999999933e-01 9.404584749005143749e+03 4.068470733007599483e+05
1.900000000000000022e-01 6.099664401334904142e+03 2.643286828747469117e+05
2.000000000000000111e-01 3.952848667973794818e+03 1.716641272419689340e+05
2.099999999999999922e-01 2.558949671203954949e+03 1.114277659093294060e+05
2.200000000000000011e-01 1.654421296255602783e+03 7.228220909671214758e+04
2.300000000000000100e-01 1.067868923479902833e+03 4.685168127801551600e+04
2.399999999999999911e-01 6.878467400652979222e+02 3.033812500836269828e+04
2.500000000000000000e-01 4.419047374388717913e+02 1.962065746320026301e+04
2.600000000000000089e-01 2.829561375928965390e+02 1.266957453147018350e+04
2.700000000000000178e-01 1.804082539195909476e+02 8.165047552112344420e+03
2.800000000000000266e-01 1.143928289659556441e+02 5.249021954136138447e+03
2.899999999999999800e-01 7.201305427918525481e+01 3.363793930392417224e+03
2.999999999999999889e-01 4.490267745000611654e+01 2.146989279018079742e+03
3.099999999999999978e-01 2.763871712881019960e+01 1.363242392889249459e+03
3.200000000000000067e-01 1.670946521784040684e+01 8.597545483157332455e+02
3.300000000000000155e-01 9.843675502791850107e+00 5.373886761382271970e+02
3.400000000000000244e-01 5.574655469249705675e+00 3.318719117453705962e+02
3.500000000000000333e-01 2.957106445432243991e+00 2.015735717302194416e+02
3.599999999999999867e-01 1.383270137658254351e+00 1.195602258051957989e+02
3.699999999999999956e-01 4.636212828708276001e-01 6.843253271985730635e+01
3.800000000000000044e-01 -5.049964116148498994e-02 3.697102001456381970e+01
3.900000000000000133e-01 -3.170128169713202215e-01 1.795797188430904612e+01
4.000000000000000222e-01 -4.355404458545753532e-01 6.763798164709772465e+00
4.100000000000000311e-01 -4.683736378790161470e-01 4.301771838768395084e-01
4.199999999999999845e-01 -4.539999212080218505e-01 -2.924106466402545124e+00
4.299999999999999933e-01 -4.158119564277905633e-01 -4.487802857541144164e+00
4.400000000000000022e-01 -3.676985362886737718e-01 -5.005875359378004319e+00
4.500000000000000111e-01 -3.176213866555396281e-01 -4.940013033147899080e+00
4.600000000000000200e-01 -2.698930747865662116e-01 -4.572021005096892132e+00
4.700000000000000289e-01 -2.266192371968769048e-01 -4.070242824280971838e+00
4.799999999999999822e-01 -1.886047228454464098e-01 -3.532091030947467569e+00
4.899999999999999911e-01 -1.559171257236802999e-01 -3.011163672576719019e+00
5.000000000000000000e-01 -1.282324073670031706e-01 -2.534438043202584812e+00
5.100000000000000089e-01 -1.050427862828703096e-01 -2.113094363400858544e+00
5.200000000000000178e-01 -8.577828440411006117e-02 -1.749264563596715005e+00
5.300000000000000266e-01 -6.987473867120727600e-02 -1.440186191449243314e+00
5.400000000000000355e-01 -5.680911570678861405e-02 -1.180713611706699417e+00
5.500000000000000444e-01 -4.611527663096896129e-02 -9.647972720692565840e-01
5.600000000000000533e-01 -3.738841389018490724e-02 -7.863213483978291896e-01
5.700000000000000622e-01 -3.028324126395773655e-02 -6.395479943798998423e-01
5.799999999999999600e-01 -2.450902635324240381e-02 -5.193250689183309676e-01
5.899999999999999689e-01 -1.982330059150393467e-02 -4.211556656119745390e-01
5.999999999999999778e-01 -1.602529946094067084e-02 -3.411903934647321779e-01
6.099999999999999867e-01 -1.294970379766711630e-02 -2.761796217760590921e-01
6.199999999999999956e-01 -1.046096158756633018e-02 -2.234079287076573550e-01
6.300000000000000044e-01 -8.448297764371309748e-03 -1.806236307249193818e-01
6.400000000000000133e-01 -6.821422020311083273e-03 -1.459704856470681877e-01
6.500000000000000222e-01 -5.506892774368768104e-03 -1.179251464000823507e-01
6.600000000000000311e-01 -4.445071038003086880e-03 -9.524185537401680390e-02
6.700000000000000400e-01 -3.587589577131756417e-03 -7.690467292066355265e-02
6.800000000000000488e-01 -2.895263425004934808e-03 -6.208688560538159346e-02
6.900000000000000577e-01 -2.336373135667561916e-03 -5.011692357606273296e-02
7.000000000000000666e-01 -1.885259599378184695e-03 -4.044999563845420171e-02
7.099999999999999645e-01 -1.521177272185769225e-03 -3.264464063315566239e-02
7.199999999999999734e-01 -1.227360475251344828e-03 -2.634344255137096094e-02
7.299999999999999822e-01 -9.902645768032384502e-04 -2.125723326145285627e-02
7.399999999999999911e-01 -7.989502046491924348e-04 -1.715219248131374941e-02
7.500000000000000000e-01 -6.445841129336722002e-04 -1.383933950385113180e-02
7.600000000000000089e-01 -5.200349818910113709e-04 -1.116598985862004255e-02
7.700000000000000178e-01 -4.195463393445029890e-04 -9.008820206040744211e-03
7.800000000000000266e-01 -3.384720476361712470e-04 -7.268245645665806845e-03
7.900000000000000355e-01 -2.730624910039568622e-04 -5.863865551225993893e-03
8.000000000000000444e-01 -2.202918122104385900e-04 -4.730777770397789211e-03
8.100000000000000533e-01 -1.777183608824636914e-04 -3.816597493076801743e-03
8.200000000000000622e-01 -1.433719971927180955e-04 -3.079047285325768341e-03
8.300000000000000711e-01 -1.156631011590583235e-04 -2.484009648589587983e-03
8.399999999999999689e-01 -9.330911891197145324e-05 -2.003953849331134227e-03
8.499999999999999778e-01 -7.527527371212359086e-05 -1.616665423510329656e-03
8.599999999999999867e-01 -6.072671523802375632e-05 -1.304220338861608076e-03
8.699999999999999956e-01 -4.898990370305437314e-05 -1.052156842575681589e-03
8.800000000000000044e-01 -3.952144868036218823e-05 -8.488069908848368738e-04
8.900000000000000133e-01 -3.188296490797198153e-05 -6.847571308070947872e-04
9.000000000000000222e-01 -2.572078414428337779e-05 -5.524124971639822468e-04
9.100000000000000311e-01 -2.074958582121213141e-05 -4.456458581306906854e-04
9.200000000000000400e-01 -1.673918993363142450e-05 -3.595140013297683950e-04
9.300000000000000488e-01 -1.350390153170899892e-05 -2.900289723007038801e-04
9.400000000000000577e-01 -1.089391401028840858e-05 -2.339734984842746957e-04
9.500000000000000666e-01 -8.788373511413936264e-06 -1.887520687685723640e-04
9.599999999999999645e-01 -7.089783537245635499e-06 -1.522707837590643804e-04
9.699999999999999734e-01 -5.719490840404646970e-06 -1.228404203204782480e-04
9.799999999999999822e-01 -4.614043669904132402e-06 -9.909822637965313378e-05
9.899999999999999911e-01 -3.722253808070729016e-06 -7.994482766354632009e-05
1.000000000000000000e+00 -3.002826398876538188e-06 -6.449332675423259263e-05
1.010000000000000009e+00 -2.422447844178622947e-06 -5.202823872714669061e-05
1.020000000000000018e+00 -1.954243245215746836e-06 -4.197236268105273573e-05
1.030000000000000027e+00 -1.576531972096119396e-06 -3.386005565471745203e-05
1.040000000000000036e+00 -1.271823744725320869e-06 -2.731567170381880600e-05
1.050000000000000044e+00 -1.026008742893688743e-06 -2.203616796586753345e-05
1.060000000000000053e+00 -8.277042461081531673e-07 -1.777707241715548286e-05
1.070000000000000062e+00 -6.677275508235623699e-07 -1.434116364013515961e-05
1.080000000000000071e+00 -5.386707593564386036e-07 -1.156933846818031269e-05
1.090000000000000080e+00 -4.345577515352759488e-07 -9.333244664618509472e-06
1.100000000000000089e+00 0.000000000000000000e+00 -7.529337510419284666e-06
1.110000000000000098e+00 0.000000000000000000e+00 -6.074085101263434083e-06
1.120000000000000107e+00 0.000000000000000000e+00 -4.900100340935558756e-06
1.130000000000000115e+00 0.000000000000000000e+00 -3.953020525768093621e-06
1.140000000000000124e+00 0.000000000000000000e+00 -3.188990030365187588e-06
1.150000000000000133e+00 0.000000000000000000e+00 -2.572629530473249078e-06
1.159999999999999920e+00 0.000000000000000000e+00 -2.075397727453343021e-06
1.169999999999999929e+00 0.000000000000000000e+00 -1.674269713354465224e-06
1.179999999999999938e+00 0.000000000000000000e+00 -1.350670777546999289e-06
1.189999999999999947e+00 0.000000000000000000e+00 -1.089616284102493216e-06
1.199999999999999956e+00 0.000000000000000000e+00 -8.790177912646872342e-07
