0.000000000000000000e+00 3.369604588477314264e+07 1.447620637973472595e+09
1.000000000000000021e-02 2.192794349654201418e+07 9.420826587444347143e+08
2.000000000000000042e-02 1.426952583432888612e+07 6.130834500792979002e+08
2.999999999999999889e-02 9.285645520924743265e+06 3.989749580161339045e+08
4.000000000000000083e-02 6.042315534601500258e+06 2.596366857943021953e+08
5.000000000000000278e-02 3.931703343498867005e+06 1.689582883655951619e+08
5.999999999999999778e-02 2.558236986349412706e+06 1.099472315858160257e+08
7.000000000000000666e-02 1.664482908361301525e+06 7.154484954396970570e+07
8.000000000000000167e-02 1.082907308209654642e+06 4.655423106323557347e+07
8.999999999999999667e-02 7.044824983369179536e+05 3.029168679408853874e+07
1.000000000000000056e-01 4.582560075540971011e+05 1.970912379188080132e+07
1.100000000000000006e-01 2.980542347190700239e+05 1.282288734770523570e+07
1.199999999999999956e-01 1.938292618948557065e+05 8.342052024699676782e+06
1.300000000000000044e-01 1.260274272727444331e+05 5.426514351532046683e+06
1.400000000000000133e-01 8.192445041071782180e+04 3.529560434506834950e+06
1.499999999999999944e-01 5.324038111203757580e+04 2.295409786901535001e+06
1.600000000000000033e-01 3.458744967791201634e+04 1.492537593233658466e+06
1.700000000000000122e-01 2.245996245012192958e+04 9.702814832243238343e+05
1.799999999999999933e-01 1.457695445787939389e+04 6.306017709081054199e+05
1.900000000000000022e-01 9.454411321392115497e+03 4.097034824705686187e+05
2.000000000000000111e-01 6.126890577397044581e+03 2.660763595023771632e+05
2.099999999999999922e-01 3.966368613721428119e+03 1.727116142367220309e+05
2.200000000000000011e-01 2.564359109630563580e+03 1.120368584341315000e+05
2.300000000000000100e-01 1.655206171163288218e+03 7.261997213401738554e+04
2.399999999999999911e-01 1.066171991827855891e+03 4.702415886266193411e+04
2.500000000000000000e-01 6.849607852614615240e+02 3.041216021705220555e+04
2.600000000000000089e-01 4.385889364059653985e+02 1.963799640271204407e+04
2.700000000000000178e-01 2.796382090300818390e+02 1.265596656095639264e+04
2.800000000000000266e-01 1.773129838054656204e+02 8.136103712250681383e+03
2.899999999999999800e-01 1.116232602445116271e+02 5.213975651961560288e+03
2.999999999999999889e-01 6.960133946034119390e+01 3.327906228253510108e+03
3.099999999999999978e-01 4.284156811461706127e+01 2.113080091263509530e+03
3.200000000000000067e-01 2.590075993195835125e+01 1.332659328955777482e+03
3.300000000000000155e-01 1.525844654722857463e+01 8.329810584485061327e+02
3.400000000000000244e-01 8.641223167940959016e+00 5.144217388560318795e+02
3.500000000000000333e-01 4.583851563566303966e+00 3.124532091954234261e+02
3.599999999999999867e-01 2.144286776536393102e+00 1.853281237964086188e+02
3.699999999999999956e-01 7.187498622853445429e-01 1.060770704505963664e+02
3.800000000000000044e-01 -7.819236712411641033e-02 5.730952694489378985e+01
3.900000000000000133e-01 -4.913241418244414516e-01 2.783777500080282152e+01
4.000000000000000222e-01 -6.750655760852203313e-01 1.048575713022778011e+01
4.100000000000000311e-01 -7.259719347849019622e-01 6.679336181118401550e-01
4.199999999999999845e-01 -7.037017249560848509e-01 -4.531681345589541721e+00
4.299999999999999933e-01 -6.445155427696369621e-01 -6.955723147862423517e+00
4.400000000000000022e-01 -5.699423738170340537e-01 -7.758936456308004992e+00
4.500000000000000111e-01 -4.923238168612606436e-01 -7.656975351686118536e+00
4.600000000000000200e-01 -4.183449726412376002e-01 -7.086662805354323247e+00
4.700000000000000289e-01 -3.512699902274317165e-01 -6.308948549566519404e+00
4.799999999999999822e-01 -2.923466546559730372e-01 -5.474833780552579299e+00
4.899999999999999911e-01 -2.416799083960630146e-01 -4.667403418073649668e+00
5.000000000000000000e-01 -1.987675981490647781e-01 -3.928477577299926082e+00
5.100000000000000089e-01 -1.628227254506371957e-01 -3.275389099600674925e+00
5.200000000000000178e-01 -1.329618587122228524e-01 -2.711444743974557259e+00
5.300000000000000266e-01 -1.083105613747626927e-01 -2.232364143957607183e+00
5.400000000000000355e-01 -8.805813650964389172e-02 -1.830172443416751671e+00
5.500000000000000444e-01 -7.148206683898088165e-02 -1.495493347642595117e+00
5.600000000000000533e-01 -5.795489480759374867e-02 -1.218847601946588810e+00
5.700000000000000622e-01 -4.694141901750679274e-02 -9.913416653611257789e-01
5.799999999999999600e-01 -3.799099579442930669e-02 -8.049897460743341560e-01
5.899999999999999689e-01 -3.072779043910441391e-02 -6.528216104677696530e-01
5.999999999999999778e-01 -2.484060998423368721e-02 -5.288706432183460926e-01
6.099999999999999867e-01 -2.007320243722651373e-02 -4.280998428831909175e-01
6.199999999999999956e-01 -1.621545565557850829e-02 -3.463002271619543548e-01
6.300000000000000044e-01 -1.309566254719347206e-02 -2.799816095264037741e-01
6.400000000000000133e-01 -1.057386814421024460e-02 -2.262667423340840589e-01
6.500000000000000222e-01 -8.536233696293729981e-03 -1.827943718522075101e-01
6.600000000000000311e-01 -6.890315093625713240e-03 -1.476335151622746589e-01
6.700000000000000400e-01 -5.561139996083596347e-03 -1.192094143396639078e-01
6.800000000000000488e-01 -4.487969058252719128e-03 -9.624061888104236406e-02
6.900000000000000577e-01 -3.621634907074325251e-03 -7.768615706772998009e-02
7.000000000000000666e-01 -2.922364046605373418e-03 -6.270156968956723531e-02
7.099999999999999645e-01 -2.357999311274802754e-03 -5.060256402053493058e-02
7.199999999999999734e-01 -1.902552583733794003e-03 -4.083512161395862899e-02
7.299999999999999822e-01 -1.535028586909999463e-03 -3.295101194101669739e-02
7.399999999999999911e-01 -1.238470379021609216e-03 -2.658779681729585634e-02
7.500000000000000000e-01 -9.991856676783992044e-04 -2.145254210658387520e-02
7.600000000000000089e-01 -8.061202745361066438e-04 -1.730857513465615394e-02
7.700000000000000178e-01 -6.503511424958303153e-04 -1.396473491859510398e-02
7.800000000000000266e-01 -5.246763226328163667e-04 -1.126665668806040542e-02
7.900000000000000355e-01 -4.232835496558510460e-04 -9.089712667815117234e-03
8.000000000000000444e-01 -3.414824461233650780e-04 -7.333298864912772726e-03
8.100000000000000533e-01 -2.754882068608065899e-04 -5.916214126277643225e-03
8.200000000000000622e-01 -2.222469108892487124e-04 -4.772924532573865654e-03
8.300000000000000711e-01 -1.792944785194233129e-04 -3.850544731495912469e-03
8.399999999999999689e-01 -1.446428119708015509e-04 -3.106399411724430296e-03
8.499999999999999778e-01 -1.166878923793488582e-04 -2.506053941132289561e-03
8.599999999999999867e-01 -9.413560698207409222e-05 -2.021724239992426890e-03
8.699999999999999956e-01 -7.594189100352623288e-05 -1.630993079546204112e-03
8.800000000000000044e-01 -6.126442493672482027e-05 -1.315773898430729668e-03
8.900000000000000133e-01 -4.942365864066020444e-05 -1.061474504096753240e-03
9.000000000000000222e-01 -3.987136272934728242e-05 -8.563221605513851933e-04
9.100000000000000311e-01 -3.216525444066309982e-05 -6.908189577162883802e-04
9.200000000000000400e-01 -2.594852525643941694e-05 -5.573023389578115510e-04
9.300000000000000488e-01 -2.093332374332116717e-05 -4.495904992385742920e-04
9.400000000000000577e-01 -1.688742972477536223e-05 -3.626962745095666332e-04
9.500000000000000666e-01 -1.362350334049249876e-05 -2.925963002913802512e-04
9.599999999999999645e-01 -1.099041156591034630e-05 -2.360447674250674825e-04
9.699999999999999734e-01 -8.866230822538184533e-06 -1.904231620571637796e-04
9.799999999999999822e-01 -7.152601830958395755e-06 -1.536190392801629380e-04
9.899999999999999911e-01 -5.770175415425029812e-06 -1.239282217224068564e-04
1.000000000000000000e+00 -4.654938447500179225e-06 -9.997589742909722594e-05
1.010000000000000009e+00 -3.755249846371555062e-06 -8.065296543946807529e-05
1.020000000000000018e+00 -3.029449416709933317e-06 -6.506468281603297599e-05
1.030000000000000027e+00 -2.443928819840831447e-06 -5.248923605038043955e-05
1.040000000000000036e+00 -1.971575366414735391e-06 -4.234431902629021447e-05
1.050000000000000044e+00 -1.590516577955753810e-06 -3.416017027540961515e-05
1.060000000000000053e+00 -1.283107389001304071e-06 -2.755782123582090439e-05
1.070000000000000062e+00 -1.035113095240483043e-06 -2.223154844017194350e-05
1.080000000000000071e+00 -8.350502159406834398e-07 -1.793471717192745378e-05
1.090000000000000080e+00 -6.736547504497197282e-07 -1.446836113733893874e-05
1.100000000000000089e+00 0.000000000000000000e+00 -1.167196937082002093e-05
1.110000000000000098e+00 0.000000000000000000e+00 -9.416053783839228489e-06
1.120000000000000107e+00 0.000000000000000000e+00 -7.596153211528944974e-06
1.130000000000000115e+00 0.000000000000000000e+00 -6.127996322778934489e-06
1.140000000000000124e+00 0.000000000000000000e+00 -4.943599417325947899e-06
1.150000000000000133e+00 0.000000000000000000e+00 -3.988118421157614828e-06
1.159999999999999920e+00 0.000000000000000000e+00 -3.217309313389173415e-06
1.169999999999999929e+00 0.000000000000000000e+00 -2.595479390400430123e-06
1.179999999999999938e+00 0.000000000000000000e+00 -2.093834500775904171e-06
1.189999999999999947e+00 0.000000000000000000e+00 -1.689145719757790181e-06
1.199999999999999956e+00 0.000000000000000000e+00 -1.362673723431998626e-06
