0.000000000000000000e+00 4.891562311216823012e+07 2.101485441627285957e+09
1.000000000000000021e-02 3.183209898438086361e+07 1.367600821421100140e+09
2.000000000000000042e-02 2.071455648816470802e+07 8.899972396343992949e+08
2.999999999999999889e-02 1.347959741614172049e+07 5.791798290124024153e+08
4.000000000000000083e-02 8.771360204637622461e+06 3.769055835513013005e+08
5.000000000000000278e-02 5.707461773989845067e+06 2.452701741457179785e+08
5.999999999999999778e-02 3.713656816281002946e+06 1.596056497588414848e+08
7.000000000000000666e-02 2.416234373998910189e+06 1.038582643736175299e+08
8.000000000000000167e-02 1.571989813899754081e+06 6.758037037632180750e+07
8.999999999999999667e-02 1.022650831429802463e+06 4.397274643249086291e+07
1.000000000000000056e-01 6.652181025416607736e+05 2.861054791387505829e+07
1.100000000000000006e-01 4.326631552476414363e+05 1.861415853533779085e+07
1.199999999999999956e-01 2.813666907294063712e+05 1.210958330823892914e+07
1.300000000000000044e-01 1.829435638935290626e+05 7.877274594555870630e+06
1.400000000000000133e-01 1.189225805246942618e+05 5.123590062655044720e+06
1.499999999999999944e-01 7.728419112497054448e+04 3.332059163223064505e+06
1.600000000000000033e-01 5.020728896495665686e+04 2.166588710784578230e+06
1.700000000000000122e-01 3.260288079102730262e+04 1.408470196761549916e+06
1.799999999999999933e-01 2.115984408461027851e+04 9.153850686364435824e+05
1.900000000000000022e-01 1.372394191461721675e+04 5.947261179606990190e+05
2.000000000000000111e-01 8.893715023916814971e+03 3.862356532855521655e+05
2.099999999999999922e-01 5.757512073475081706e+03 2.507069224789064319e+05
2.200000000000000011e-01 3.722368089806315311e+03 1.626314040602232562e+05
2.300000000000000100e-01 2.402654062014784358e+03 1.054139935265658569e+05
2.399999999999999911e-01 1.547622634478264899e+03 6.825931332718885096e+04
2.500000000000000000e-01 9.942649740485563825e+02 4.414553934036954161e+04
2.600000000000000089e-01 6.366382034885398298e+02 2.850594186111124873e+04
2.700000000000000178e-01 4.059103052871963655e+02 1.837097375472792919e+04
2.800000000000000266e-01 2.573786826208532830e+02 1.181005561538317488e+04
2.899999999999999800e-01 1.620261480185066603e+02 7.568381805630263443e+03
2.999999999999999889e-01 1.010290392308283316e+02 4.830628345073483615e+03
3.099999999999999978e-01 6.218590856009463863e+01 3.067234179132040481e+03
3.200000000000000067e-01 3.759557966694660536e+01 1.934409611773430242e+03
3.300000000000000155e-01 2.214785538996430603e+01 1.209101011698347747e+03
3.400000000000000244e-01 1.254274582705155083e+01 7.466974976631627214e+02
3.500000000000000333e-01 6.653372483163652262e+00 4.535319963642819516e+02
3.599999999999999867e-01 3.112306864033600462e+00 2.690055472406311878e+02
3.699999999999999956e-01 1.043134654880090606e+00 1.539704362070962986e+02
3.800000000000000044e-01 -1.136170161928017758e-01 8.318336279387835930e+01
3.900000000000000133e-01 -7.132616304788053085e-01 4.040479243574132795e+01
4.000000000000000222e-01 -9.799448302350133311e-01 1.521835388857779847e+01
4.100000000000000311e-01 -1.053818959076638251e+00 9.679537815782180976e-01
4.199999999999999845e-01 -1.021479344133257472e+00 -6.579060736957070610e+00
4.299999999999999933e-01 -9.355585126849492728e-01 -1.009732637034112557e+01
4.400000000000000022e-01 -8.273056938376638358e-01 -1.126297927569155455e+01
4.500000000000000111e-01 -7.146344641835332689e-01 -1.111480071978667006e+01
4.600000000000000200e-01 -6.072479431258804849e-01 -1.028684081847497822e+01
4.700000000000000289e-01 -5.098837442504122741e-01 -9.157865922032540240e+00
4.799999999999999822e-01 -4.243527595977132361e-01 -7.947050548800556946e+00
4.899999999999999911e-01 -3.508070848594337376e-01 -6.774988386156200804e+00
5.000000000000000000e-01 -2.885176561598257750e-01 -5.702377479513857317e+00
5.100000000000000089e-01 -2.363419931584477274e-01 -4.754373063914496989e+00
5.200000000000000178e-01 -1.929976740057130491e-01 -3.935772052281675037e+00
5.300000000000000266e-01 -1.572153589913314053e-01 -3.240359162143421567e+00
5.400000000000000355e-01 -1.278182474317950401e-01 -2.656557018477624155e+00
5.500000000000000444e-01 -1.037575481161664565e-01 -2.170754447047635871e+00
5.600000000000000533e-01 -8.412246219235475220e-02 -1.769191146806731618e+00
5.700000000000000622e-01 -6.813611091394386476e-02 -1.438957237584366000e+00
5.799999999999999600e-01 -5.514435906275089866e-02 -1.168460641515575604e+00
5.899999999999999689e-01 -4.460166282224481415e-02 -9.475835241203826032e-01
5.999999999999999778e-01 -3.605631060071165517e-02 -7.676649282166843058e-01
6.099999999999999867e-01 -2.913634127471188828e-02 -6.213933284040875638e-01
6.199999999999999956e-01 -2.353676849947590119e-02 -5.026591441736757426e-01
6.300000000000000044e-01 -1.900835298614695842e-02 -4.063961848983014269e-01
6.400000000000000133e-01 -1.534794527125214053e-02 -3.284279851327497335e-01
6.500000000000000222e-01 -1.239030480839869823e-02 -2.653270785927326902e-01
6.600000000000000311e-01 -1.000124630102766123e-02 -2.142905630718817955e-01
6.700000000000000400e-01 -8.071945427663897860e-03 -1.730326167723484632e-01
6.800000000000000488e-01 -6.514237586414374503e-03 -1.396931687186906967e-01
6.900000000000000577e-01 -5.256755288947838854e-03 -1.127612143672932915e-01
7.000000000000000666e-01 -4.241766554981762048e-03 -9.101099578302604409e-02
7.099999999999999645e-01 -3.422594727232634512e-03 -7.344924326552590421e-02
7.199999999999999734e-01 -2.761517683995716194e-03 -5.927178519685823155e-02
7.299999999999999822e-01 -2.228060530091596943e-03 -4.782800485588645234e-02
7.399999999999999911e-01 -1.797610100437381985e-03 -3.859181590654285621e-02
7.500000000000000000e-01 -1.450291930711992971e-03 -3.113801922480562839e-02
7.600000000000000089e-01 -1.170060823258707843e-03 -2.512308074634628241e-02
7.700000000000000178e-01 -9.439649336877448940e-04 -2.026952776772083381e-02
7.800000000000000266e-01 -7.615506270974954032e-04 -1.635329812282504403e-02
7.900000000000000355e-01 -6.143814082096583484e-04 -1.319349349906895168e-02
8.000000000000000444e-01 -4.956492106373540461e-04 -1.064408653745019771e-02
8.100000000000000533e-01 -3.998604111500863993e-04 -8.587213407177904032e-03
8.200000000000000622e-01 -3.225822673713734366e-04 -6.927751479249254218e-03
8.300000000000000711e-01 -2.602381922436557116e-04 -5.588937662722101574e-03
8.399999999999999689e-01 -2.099424859708964083e-04 -4.508828834037018583e-03
8.499999999999999778e-01 -1.693669380865761424e-04 -3.637443272365782458e-03
8.599999999999999867e-01 -1.366331651782351215e-04 -2.934452565070670531e-03
8.699999999999999956e-01 -1.102257266160829990e-04 -2.367318297346373852e-03
8.800000000000000044e-01 -8.892201308390638135e-05 -1.909788019741957788e-03
8.900000000000000133e-01 -7.173567308255604361e-05 -1.540681352901790814e-03
9.000000000000000222e-01 -5.787096536000426236e-05 -1.242910347549381700e-03
9.100000000000000311e-01 -4.668592848630643947e-05 -1.002688950361602625e-03
9.200000000000000400e-01 -3.766266534012656652e-05 -8.088951084128557460e-04
9.300000000000000488e-01 -3.038336860547526496e-05 -6.525560643371674206e-04
9.400000000000000577e-01 -2.451097848458668458e-05 -5.264330671920338170e-04
9.500000000000000666e-01 -1.977357785347297971e-05 -4.246863069676660410e-04
9.599999999999999645e-01 -1.595180284123650169e-05 -3.426045821280489863e-04
9.699999999999999734e-01 -1.286868624382712883e-05 -2.763871983838672307e-04
9.799999999999999822e-01 -1.038146370598668030e-05 -2.229680098472796863e-04
9.899999999999999911e-01 -8.374963407369741101e-06 -1.798734614753421692e-04
1.000000000000000000e+00 -6.756273258858933113e-06 -1.451080637733736470e-04
1.010000000000000009e+00 -5.450438735259686701e-06 -1.170619994472642305e-04
1.020000000000000018e+00 -4.396992171671057698e-06 -9.443658552091697728e-05
1.030000000000000027e+00 -3.547152837296439102e-06 -7.618414059032803604e-05
1.040000000000000036e+00 -2.861568151549045099e-06 -6.145947350109663069e-05
1.050000000000000044e+00 -2.308491458998820975e-06 -4.958074759901058695e-05
1.060000000000000053e+00 -1.862311990822379230e-06 -3.999790866752363379e-05
1.070000000000000062e+00 -1.502368946057551032e-06 -3.226721479239976257e-05
1.080000000000000071e+00 -1.211994780663060267e-06 -2.603068887329555462e-05
1.090000000000000080e+00 -9.777434049473503204e-07 -2.099954240062077598e-05
1.100000000000000089e+00 0.000000000000000000e+00 -1.694080297732759822e-05
1.110000000000000098e+00 0.000000000000000000e+00 -1.366652639711084811e-05
1.120000000000000107e+00 0.000000000000000000e+00 -1.102509375753217621e-05
1.130000000000000115e+00 0.000000000000000000e+00 -8.894190627530242091e-06
1.140000000000000124e+00 0.000000000000000000e+00 -7.175143172399331603e-06
1.150000000000000133e+00 0.000000000000000000e+00 -5.788348970997240367e-06
1.159999999999999920e+00 0.000000000000000000e+00 -4.669590948460053165e-06
1.169999999999999929e+00 0.000000000000000000e+00 -3.767063739778357814e-06
1.179999999999999938e+00 0.000000000000000000e+00 -3.038974788481623845e-06
1.189999999999999947e+00 0.000000000000000000e+00 -2.451609097772393490e-06
1.199999999999999956e+00 0.000000000000000000e+00 -1.977768020976757709e-06
