0.000000000000000000e+00 2.439960796831884608e+07 7.994057124320533276e+08
1.000000000000000021e-02 1.758292166785215959e+07 5.761007470498095751e+08
2.000000000000000042e-02 1.267042101452362351e+07 4.151695929432664514e+08
2.999999999999999889e-02 9.130223375888038427e+06 2.991905129159147739e+08
4.000000000000000083e-02 6.579007663007424213e+06 2.156077761166338027e+08
5.000000000000000278e-02 4.740520036230667494e+06 1.553725637845059931e+08
5.999999999999999778e-02 3.415669137725942768e+06 1.119634732013328820e+08
7.000000000000000666e-02 2.460973867137198336e+06 8.068059749119938910e+07
8.000000000000000167e-02 1.773030811472035944e+06 5.813677106763154268e+07
8.999999999999999667e-02 1.277320020378795452e+06 4.189091198814638704e+07
1.000000000000000056e-01 9.201374109084843658e+05 3.018377324633601308e+07
1.100000000000000006e-01 6.627805208528443472e+05 2.174749993798874319e+07
1.199999999999999956e-01 4.773582393470251700e+05 1.566837811830797046e+07
1.300000000000000044e-01 3.437709286693037138e+05 1.128791874461018294e+07
1.400000000000000133e-01 2.475340392714019399e+05 8.131569577885140665e+06
1.499999999999999944e-01 1.782096239255817491e+05 5.857338440635861829e+06
1.600000000000000033e-01 1.282759593480748299e+05 4.218766494731339626e+06
1.700000000000000122e-01 9.231290732688052231e+04 3.038243499966778792e+06
1.799999999999999933e-01 6.641482547683845041e+04 2.187776472356097773e+06
1.900000000000000022e-01 4.776746978001675598e+04 1.575129952547603287e+06
2.000000000000000111e-01 3.434308327963032934e+04 1.133837547460715985e+06
2.099999999999999922e-01 2.468065923260598720e+04 8.160034597140044207e+05
2.200000000000000011e-01 1.772758754881028290e+04 5.871147285858120304e+05
2.300000000000000100e-01 1.272553851950506578e+04 4.223025632490746211e+05
2.399999999999999911e-01 9.128226967787431931e+03 3.036480135878857691e+05
2.500000000000000000e-01 6.542151440394890415e+03 2.182402755038223113e+05
2.600000000000000089e-01 4.683890513485919655e+03 1.567774033325002820e+05
2.700000000000000178e-01 3.349330964634602879e+03 1.125579210561509244e+05
2.800000000000000266e-01 2.391494523974056392e+03 8.075414242640680459e+04
2.899999999999999800e-01 1.704561013668247597e+03 5.788850866588985809e+04
2.999999999999999889e-01 1.212356709217924845e+03 4.145623244245109527e+04
3.099999999999999978e-01 8.600603491982743662e+02 2.965337757621011042e+04
3.200000000000000067e-01 6.082277336123846680e+02 2.118092017946214764e+04
3.300000000000000155e-01 4.284870146736330980e+02 1.510356444472589828e+04
3.400000000000000244e-01 3.004377888979507247e+02 1.074801572386143016e+04
3.500000000000000333e-01 2.094175424914545829e+02 7.629686759293625983e+03
3.599999999999999867e-01 1.448930062247336821e+02 5.399892534886305839e+03
3.699999999999999956e-01 9.930171961363113553e+01 3.807808600333995855e+03
3.800000000000000044e-01 6.721792264981321807e+01 2.673067161805500291e+03
3.900000000000000133e-01 4.475207302361607020e+01 1.866017885477447408e+03
4.000000000000000222e-01 2.911863762072277950e+01 1.293511026016112964e+03
4.100000000000000311e-01 1.832507473521277319e+01 8.886591083616832520e+02
4.199999999999999845e-01 1.094808666415317688e+01 6.034647764116651842e+02
4.299999999999999933e-01 5.972707148649314846e+00 4.035132897343059994e+02
4.400000000000000022e-01 2.676622179901584797e+00 2.641521647019895340e+02
4.500000000000000111e-01 5.470465983907794039e-01 1.677418813564450772e+02
4.600000000000000200e-01 -7.789736060139739182e-01 1.016778968557201210e+02
4.700000000000000289e-01 -1.557407719682402769e+00 5.696802138372251534e+01
4.799999999999999822e-01 -1.967968866346936574e+00 2.720960393082771134e+01
4.899999999999999911e-01 -2.136132015092389036e+00 7.854487678715012855e+00
5.000000000000000000e-01 -2.148893640678208428e+00 -4.318955999894868114e+00
5.100000000000000089e-01 -2.066037417315798486e+00 -1.158482102441379880e+01
5.200000000000000178e-01 -1.928175053803296013e+00 -1.554152398044913319e+01
5.300000000000000266e-01 -1.762474809508475682e+00 -1.730664237319503229e+01
5.400000000000000355e-01 -1.586733570149935213e+00 -1.765640977923586519e+01
5.500000000000000444e-01 -1.412263657278095774e+00 -1.712546493669604430e+01
5.600000000000000533e-01 -1.245932657795951748e+00 -1.607807445142342573e+01
5.700000000000000622e-01 -1.091598982498880765e+00 -1.475889722180845354e+01
5.799999999999999600e-01 -9.511171452919892078e-01 -1.332909005237511302e+01
5.899999999999999689e-01 -8.250373704785404216e-01 -1.189192122129982643e+01
5.999999999999999778e-01 -7.130886633813863229e-01 -1.051088402760329465e+01
6.099999999999999867e-01 -6.145090159059252155e-01 -9.222457365283764474e+00
6.199999999999999956e-01 -5.282681528334867149e-01 -8.045052801614932747e+00
6.300000000000000044e-01 -4.532151333248594094e-01 -6.985250954596700979e+00
6.400000000000000133e-01 -3.881737490655993716e-01 -6.042116260822687934e+00
6.500000000000000222e-01 -3.320019578420846940e-01 -5.210153998835409972e+00
6.600000000000000311e-01 -2.836268053224458296e-01 -4.481311842656380939e+00
6.700000000000000400e-01 -2.420628763806347838e-01 -3.846312381811881398e+00
6.800000000000000488e-01 -2.064198908078345995e-01 -3.295520085644324304e+00
6.900000000000000577e-01 -1.759033367554396765e-01 -2.819486848172769289e+00
7.000000000000000666e-01 -1.498108177228473226e-01 -2.409277861531804898e+00
7.099999999999999645e-01 -1.275259310849791161e-01 -2.056649338734265697e+00
7.199999999999999734e-01 -1.085108946116693646e-01 -1.754128094984583441e+00
7.299999999999999822e-01 -9.229871806527767397e-02 -1.495027725418166531e+00
7.399999999999999911e-01 -7.848542675206680863e-02 -1.273425308031402414e+00
7.500000000000000000e-01 -6.672264495738094991e-02 -1.084114937640547005e+00
7.600000000000000089e-01 -5.671071248177622648e-02 -9.225490448060860160e-01
7.700000000000000178e-01 -4.819241776556185131e-02 -7.847747170429197894e-01
7.800000000000000266e-01 -4.094737266740076931e-02 -6.673696489535322351e-01
7.900000000000000355e-01 -3.478701716081464973e-02 -5.673805676589208646e-01
8.000000000000000444e-01 -2.955022019112758455e-02 -4.822657705912303250e-01
8.100000000000000533e-01 -2.509943088633166328e-02 -4.098426037490029983e-01
8.200000000000000622e-01 -2.131732887600674628e-02 -3.482401786290766355e-01
8.300000000000000711e-01 -1.810392130658375690e-02 -2.958572892661186504e-01
8.399999999999999689e-01 -1.537403563924973592e-02 -2.513252863838504880e-01
8.499999999999999778e-01 -1.305516038142577086e-02 -2.134755508396085633e-01
8.599999999999999867e-01 -1.108558979659030747e-02 -1.813111533887703519e-01
8.699999999999999956e-01 -9.412832874110061560e-03 -1.539822714737616727e-01
8.800000000000000044e-01 -7.992251108762065889e-03 -1.307649418686457898e-01
8.900000000000000133e-01 -6.785893746622684991e-03 -1.110427507517586926e-01
9.000000000000000222e-01 -5.761502989193670494e-03 -9.429109350288987501e-02
9.100000000000000311e-01 -4.891665154722675546e-03 -8.006367083322508960e-02
9.200000000000000400e-01 -4.153086954049652925e-03 -6.798092291539449550e-02
9.300000000000000488e-01 -3.525978850075778791e-03 -5.772013721820055954e-02
9.400000000000000577e-01 -2.993529951019393859e-03 -4.900699772653796527e-02
9.500000000000000666e-01 -2.541461061681453415e-03 -4.160837259268967969e-02
9.599999999999999645e-01 -2.157644411437241276e-03 -3.532616379484970065e-02
9.699999999999999734e-01 -1.831780221188602240e-03 -2.999206605391180683e-02
9.799999999999999822e-01 -1.555121692131681199e-03 -2.546310318942071257e-02
9.899999999999999911e-01 -1.320241223502934469e-03 -2.161782846269958216e-02
1.000000000000000000e+00 -1.120831719009124459e-03 -1.835309147940161409e-02
1.010000000000000009e+00 -9.515377446906625632e-04 -1.558128813843187750e-02
1.020000000000000018e+00 -8.078120744429803006e-04 -1.322802215113491088e-02
1.030000000000000027e+00 -6.857938209880082335e-04 -1.123011703487204575e-02
1.040000000000000036e+00 -5.822049152744795909e-04 -9.533926413758102292e-03
1.050000000000000044e+00 -4.942621796577447140e-04 -8.093898123138335010e-03
1.060000000000000053e+00 -4.196026515614509366e-04 -6.871354180990022105e-03
1.070000000000000062e+00 -3.562201648673046783e-04 -5.833454307678238859e-03
1.080000000000000071e+00 -3.024114948290946257e-04 -4.952315476466056382e-03
1.090000000000000080e+00 -2.567306264495194728e-04 -4.204264075558738177e-03
1.100000000000000089e+00 0.000000000000000000e+00 -3.569200758057743984e-03
1.110000000000000098e+00 0.000000000000000000e+00 -3.030061035513508493e-03
1.120000000000000107e+00 0.000000000000000000e+00 -2.572357208499948585e-03
1.130000000000000115e+00 0.000000000000000000e+00 -2.183789388126587943e-03
1.140000000000000124e+00 0.000000000000000000e+00 -1.853915200935763721e-03
1.150000000000000133e+00 0.000000000000000000e+00 -1.573869333608486198e-03
1.159999999999999920e+00 0.000000000000000000e+00 -1.336125403911290989e-03
1.169999999999999929e+00 0.000000000000000000e+00 -1.134293775062238325e-03
1.179999999999999938e+00 0.000000000000000000e+00 -9.629498918175734019e-04
1.189999999999999947e+00 0.000000000000000000e+00 -8.174885333725132605e-04
1.199999999999999956e+00 0.000000000000000000e+00 -6.940000721943310894e-04
