0.000000000000000000e+00 5.435135996670871973e+07 2.335013048348067284e+09
1.000000000000000021e-02 3.536942979912199825e+07 1.519575335097053051e+09
2.000000000000000042e-02 2.301645200288366526e+07 9.888980011341779232e+08
2.999999999999999889e-02 1.497750995406509191e+07 6.435410049976563454e+08
4.000000000000000083e-02 9.746071608542518690e+06 4.187890559542685747e+08
5.000000000000000278e-02 6.341698927814649418e+06 2.725256905613394976e+08
5.999999999999999778e-02 4.126333567299171817e+06 1.773417242000101209e+08
7.000000000000000666e-02 2.684735963334673550e+06 1.153994352123056650e+08
8.000000000000000167e-02 1.746675410410328535e+06 7.509018027552619576e+07
8.999999999999999667e-02 1.136291639411257580e+06 4.885917477395883203e+07
1.000000000000000056e-01 7.391395672995065106e+05 3.178986383431077376e+07
1.100000000000000006e-01 4.807422171854214394e+05 2.068263453099237755e+07
1.199999999999999956e-01 3.126331226644712733e+05 1.345524485821557045e+07
1.300000000000000044e-01 2.032728601099264342e+05 8.752625521876871586e+06
1.400000000000000133e-01 1.321376393779768259e+05 5.692941148600553162e+06
1.499999999999999944e-01 8.587224997050841921e+04 3.702328757459382061e+06
1.600000000000000033e-01 5.578647298267793667e+04 2.407347078109097667e+06
1.700000000000000122e-01 3.622580675687644543e+04 1.564983819154352415e+06
1.799999999999999933e-01 2.351118453701341423e+04 1.017105424989204621e+06
1.900000000000000022e-01 1.524898281850968488e+04 6.608138164403049741e+05
2.000000000000000111e-01 9.882007294924778762e+03 4.291552413064056891e+05
2.099999999999999922e-01 6.397300846241236286e+03 2.785661504091222305e+05
2.200000000000000011e-01 4.136006290833303865e+03 1.807034253157903440e+05
2.300000000000000100e-01 2.669642303045479366e+03 1.171278567714630190e+05
2.399999999999999911e-01 1.719597716249420046e+03 7.584444915984435647e+04
2.500000000000000000e-01 1.104749676634180332e+03 4.905109081336165400e+04
2.600000000000000089e-01 7.073826348244180053e+02 3.167358292902996982e+04
2.700000000000000178e-01 4.510157725157312711e+02 2.041239346032060348e+04
2.800000000000000266e-01 2.859790238561016622e+02 1.312241148913878897e+04
2.899999999999999800e-01 1.800307391419788701e+02 8.409393921863933429e+03
2.999999999999999889e-01 1.122555259434419384e+02 5.367415824208575941e+03
3.099999999999999978e-01 6.909608400842236620e+01 3.408069977868736714e+03
3.200000000000000067e-01 4.177324124901764435e+01 2.149363944827284740e+03
3.300000000000000155e-01 2.460894496186105229e+01 1.343457860240675473e+03
3.400000000000000244e-01 1.393650401032634889e+01 8.296713648412605835e+02
3.500000000000000333e-01 7.392697313226849865e+00 5.039289055503649024e+02
3.599999999999999867e-01 3.458145411528546820e+00 2.988976463876608136e+02
3.699999999999999956e-01 1.159045458441245957e+00 1.710797070135815545e+02
3.800000000000000044e-01 -1.262448490830364312e-01 9.242670780123583540e+01
3.900000000000000133e-01 -7.925218907120412659e-01 4.489455101577682683e+01
4.000000000000000222e-01 -1.088838633607286388e+00 1.690938280456078147e+01
4.100000000000000311e-01 -1.170921291467973857e+00 1.075475699558562148e+00
4.199999999999999845e-01 -1.134987736741412512e+00 -7.310160683800030590e+00
4.299999999999999933e-01 -1.039519056650802131e+00 -1.121937154304256090e+01
4.400000000000000022e-01 -9.192369067962761209e-01 -1.251454681327526508e+01
4.500000000000000111e-01 -7.940454214682598488e-01 -1.234989789719539033e+01
4.600000000000000200e-01 -6.747259265071812173e-01 -1.142993089213520008e+01
4.700000000000000289e-01 -5.665424728819195010e-01 -1.017550076678121052e+01
4.799999999999999822e-01 -4.715071723579734031e-01 -8.830136696465892499e+00
4.899999999999999911e-01 -3.897890153600512275e-01 -7.527832670672006898e+00
5.000000000000000000e-01 -3.205779190898926378e-01 -6.336031415051037285e+00
5.100000000000000089e-01 -2.626044463239611271e-01 -5.282683327552846642e+00
5.200000000000000178e-01 -2.144436688609662467e-01 -4.373118275351044915e+00
5.300000000000000266e-01 -1.746851950585454893e-01 -3.600430266270977508e+00
5.400000000000000355e-01 -1.420214558546250561e-01 -2.951755391446557297e+00
5.500000000000000444e-01 -1.152871165772091505e-01 -2.411969957695678346e+00
5.600000000000000533e-01 -9.347016902924834558e-02 -1.965784583290932641e+00
5.700000000000000622e-01 -7.570740664203173820e-02 -1.598854813849638123e+00
5.799999999999999600e-01 -6.127200588677191029e-02 -1.298300437749467795e+00
5.899999999999999689e-01 -4.955780150754603847e-02 -1.052879309683009579e+00
5.999999999999999778e-01 -4.006288726012581514e-02 -8.529680537957106123e-01
6.099999999999999867e-01 -3.237396935561521333e-02 -6.904426779617283128e-01
6.199999999999999956e-01 -2.615217110893222272e-02 -5.585146974588561797e-01
6.300000000000000044e-01 -2.112055757038721823e-02 -4.515549607786656372e-01
6.400000000000000133e-01 -1.705340516744851057e-02 -3.649229092760295501e-01
6.500000000000000222e-01 -1.376711172145707492e-02 -2.948102133386469870e-01
6.600000000000000311e-01 -1.111258119137244378e-02 -2.381025098191502931e-01
6.700000000000000400e-01 -8.968896643984826042e-03 -1.922599745812642313e-01
6.800000000000000488e-01 -7.238096589424094889e-03 -1.552158442172923147e-01
6.900000000000000577e-01 -5.840883158221265789e-03 -1.252912103711776304e-01
7.000000000000000666e-01 -4.713109175077632995e-03 -1.011241081672448749e-01
7.099999999999999645e-01 -3.802911261319296028e-03 -8.161089525819083257e-02
7.199999999999999734e-01 -3.068375606238242688e-03 -6.585804010758758431e-02
7.299999999999999822e-01 -2.475640940565176831e-03 -5.314262920656794703e-02
7.399999999999999911e-01 -1.997359082724799000e-03 -4.288011732902782119e-02
7.500000000000000000e-01 -1.611447117783828490e-03 -3.459805710718519972e-02
7.600000000000000089e-01 -1.300076906530320047e-03 -2.791474089717132373e-02
7.700000000000000178e-01 -1.048857397016112955e-03 -2.252186318493066761e-02
7.800000000000000266e-01 -8.461733481440624925e-04 -1.817046399406650747e-02
7.900000000000000355e-01 -6.826508031409073271e-04 -1.465954358381294821e-02
8.000000000000000444e-01 -5.507251851674579285e-04 -1.182684803717812781e-02
8.100000000000000533e-01 -4.442924214091071482e-04 -9.541416502922899986e-03
8.200000000000000622e-01 -3.584272048809174910e-04 -7.697556337696486589e-03
8.300000000000000711e-01 -2.891555197629278257e-04 -6.209974550055463033e-03
8.399999999999999689e-01 -2.332710087429790613e-04 -5.009844911463770187e-03
8.499999999999999778e-01 -1.881867519034189935e-04 -4.041631747112382766e-03
8.599999999999999867e-01 -1.518156410172190102e-04 -3.260525365381330889e-03
8.699999999999999956e-01 -1.224738407041798876e-04 -2.630371696112417113e-03
8.800000000000000044e-01 -9.880288618566337837e-05 -2.122001129868135872e-03
8.900000000000000133e-01 -7.970682335261418166e-05 -1.711879734560021451e-03
9.000000000000000222e-01 -6.430148884945418219e-05 -1.381020757831692312e-03
9.100000000000000311e-01 -5.187358706380310432e-05 -1.114106248823866149e-03
9.200000000000000400e-01 -4.184767263615862582e-05 -8.987782797348455640e-04
9.300000000000000488e-01 -3.375951192005192155e-05 -7.250670470667377977e-04
9.400000000000000577e-01 -2.723459138930517251e-05 -5.849294356529510883e-04
9.500000000000000666e-01 -2.197077879166232177e-05 -4.718767207833988206e-04
9.599999999999999645e-01 -1.772433479914576208e-05 -3.806741964931084133e-04
9.699999999999999734e-01 -1.429862782854264100e-05 -3.070988390118728419e-04
9.799999999999999822e-01 -1.153502973206037434e-05 -2.477437954505796753e-04
9.899999999999999911e-01 -9.305570950394891178e-06 -1.998606519921415105e-04
1.000000000000000000e+00 -7.507015132250850204e-06 -1.612321826077022923e-04
1.010000000000000009e+00 -6.056078913954016998e-06 -1.300696890167607109e-04
1.020000000000000018e+00 -4.885575554451811096e-06 -1.049301802049182618e-04
1.030000000000000027e+00 -3.941303884076431987e-06 -8.464955777076073979e-05
1.040000000000000036e+00 -3.179538526928389193e-06 -6.828871406302400879e-05
1.050000000000000044e+00 -2.565005192168028248e-06 -5.509004769938283068e-05
1.060000000000000053e+00 -2.069247286470715511e-06 -4.444238324445502324e-05
1.070000000000000062e+00 -1.669308217418741221e-06 -3.585267085709998235e-05
1.080000000000000071e+00 -1.346668374046716625e-06 -2.892315558566776313e-05
1.090000000000000080e+00 -1.086387562583914947e-06 -2.333295921246567828e-05
1.100000000000000089e+00 0.000000000000000000e+00 -1.882322184064616678e-05
1.110000000000000098e+00 0.000000000000000000e+00 -1.518511523113760429e-05
1.120000000000000107e+00 0.000000000000000000e+00 -1.225017286162696252e-05
1.130000000000000115e+00 0.000000000000000000e+00 -9.882488948143622028e-06
1.140000000000000124e+00 0.000000000000000000e+00 -7.972425207804087276e-06
1.150000000000000133e+00 0.000000000000000000e+00 -6.431533954779329911e-06
1.159999999999999920e+00 0.000000000000000000e+00 -5.188462442540917236e-06
1.169999999999999929e+00 0.000000000000000000e+00 -4.185648801421283371e-06
1.179999999999999938e+00 0.000000000000000000e+00 -3.376656575117583763e-06
1.189999999999999947e+00 0.000000000000000000e+00 -2.724024430091594740e-06
1.199999999999999956e+00 0.000000000000000000e+00 -2.197531467018179907e-06
