0.000000000000000000e+00 2.531440356708657742e+07 1.088778107937904835e+09
1.000000000000000021e-02 1.646544829686524346e+07 7.082071228903943300e+08
2.000000000000000042e-02 1.070957402738511190e+07 4.606569109225309491e+08
2.999999999999999889e-02 6.965653676692866720e+06 2.996335330720193982e+08
4.000000000000000083e-02 4.530440712919023819e+06 1.948936497823321819e+08
5.000000000000000278e-02 2.946491882034601178e+06 1.267646258935198635e+08
5.999999999999999778e-02 1.916253495917742839e+06 8.244986210573586822e+07
7.000000000000000666e-02 1.246176272118525347e+06 5.362548124242050946e+07
8.000000000000000167e-02 8.103631879735535476e+05 3.487701782942388207e+07
8.999999999999999667e-02 5.269231897095286986e+05 2.268251472029846534e+07
1.000000000000000056e-01 3.425898129142390680e+05 1.475104754516964220e+07
1.100000000000000006e-01 2.227159620867586927e+05 9.592448374724429101e+06
1.199999999999999956e-01 1.447657698899577372e+05 6.237420105817134492e+06
1.300000000000000044e-01 9.408123085255289334e+04 4.055477101777283475e+06
1.400000000000000133e-01 6.112852391080967936e+04 2.636519863420023117e+06
1.499999999999999944e-01 3.970683668160827801e+04 1.713802325328552630e+06
1.600000000000000033e-01 2.578327211435499339e+04 1.113824165689471411e+06
1.700000000000000122e-01 1.673500412156009043e+04 7.237372300505611347e+05
1.799999999999999933e-01 1.085633612832346080e+04 4.701444677022271790e+05
1.900000000000000022e-01 7.038069935296358381e+03 3.053094064451934537e+05
2.000000000000000111e-01 4.558955855862266617e+03 1.981859780281959975e+05
2.099999999999999922e-01 2.950046868424306467e+03 1.285838363722995127e+05
2.200000000000000011e-01 1.906473213067898541e+03 8.337320942773786373e+04
2.300000000000000100e-01 1.230061263072274642e+03 5.401639175194418203e+04
2.399999999999999911e-01 7.920145258312589931e+02 3.496216106460879382e+04
2.500000000000000000e-01 5.086434701460303813e+02 2.260148535414256185e+04
2.600000000000000089e-01 3.255823868753079182e+02 1.458831830907598487e+04
2.700000000000000178e-01 2.075261088288520170e+02 9.397861047032409260e+03
2.800000000000000266e-01 1.315566506139414855e+02 6.039277558009997847e+03
2.899999999999999800e-01 8.280450238662568552e+01 3.868868310715126427e+03
2.999999999999999889e-01 5.162815043260577852e+01 2.468581029999317252e+03
3.099999999999999978e-01 3.178083503239237118e+01 1.567014808565028488e+03
3.200000000000000067e-01 1.921921238707195201e+01 9.880594541203614654e+02
3.300000000000000155e-01 1.132934080659342335e+01 6.175062835945716415e+02
3.400000000000000244e-01 6.423949044472839986e+00 3.813451637336339104e+02
3.500000000000000333e-01 3.416023727186914716e+00 2.316601314625141015e+02
3.599999999999999867e-01 1.606972144794925006e+00 1.374652409358373006e+02
3.699999999999999956e-01 5.492198312549958494e-01 7.875191139194528489e+01
3.800000000000000044e-01 -4.284953495843293880e-02 4.262366227566998589e+01
3.900000000000000133e-01 -3.505698663106278645e-01 2.078733606575673676e+01
4.000000000000000222e-01 -4.883030026695609482e-01 7.925626881088481568e+00
4.100000000000000311e-01 -5.275417025671105264e-01 6.420234233626568310e-01
4.199999999999999845e-01 -5.124537424753726755e-01 -3.222595971136110293e+00
4.299999999999999933e-01 -4.698846221141003698e-01 -5.032174376621321166e+00
4.400000000000000022e-01 -4.157766727941464291e-01 -5.641246020951657947e+00
4.500000000000000111e-01 -3.592740222875803191e-01 -5.579307551470652271e+00
4.600000000000000200e-01 -3.053358995006181242e-01 -5.169524834139940239e+00
4.700000000000000289e-01 -2.563906492578064689e-01 -4.604962863993438127e+00
4.799999999999999822e-01 -2.133746249336862799e-01 -3.997376110916145642e+00
4.899999999999999911e-01 -1.763781162141004055e-01 -3.408303884432765773e+00
5.000000000000000000e-01 -1.450414359283102028e-01 -2.868779610518829237e+00
5.100000000000000089e-01 -1.187931481255231347e-01 -2.391733819255466020e+00
5.200000000000000178e-01 -9.698936893018546279e-02 -1.979725303236468559e+00
5.300000000000000266e-01 -7.899174721121335341e-02 -1.629698487754168257e+00
5.400000000000000355e-01 -6.420800151789600452e-02 -1.335858953303223462e+00
5.500000000000000444e-01 -5.211007165590056389e-02 -1.091367231872945265e+00
5.600000000000000533e-01 -4.223929875123853817e-02 -8.892980939674828278e-01
5.700000000000000622e-01 -3.420444976719063529e-02 -7.231496197207805121e-01
5.799999999999999600e-01 -2.767612158707446687e-02 -5.870816480325417031e-01
5.899999999999999689e-01 -2.237962411615429525e-02 -4.759961244537086467e-01
5.999999999999999778e-01 -1.808754669378204866e-02 -3.855290709162167984e-01
6.099999999999999867e-01 -1.461266103960315137e-02 -3.119967325727256990e-01
6.199999999999999956e-01 -1.180148067794619705e-02 -2.523213262250422195e-01
6.300000000000000044e-01 -9.528600300160765951e-03 -2.039511082062173963e-01
6.400000000000000133e-01 -7.691827094206303388e-03 -1.647828672982040998e-01
6.500000000000000222e-01 -6.208056797467956245e-03 -1.330909311369837256e-01
6.600000000000000311e-01 -5.009819326920314161e-03 -1.074643905740525901e-01
6.700000000000000400e-01 -4.042409284150342424e-03 -8.675288049100270127e-02
6.800000000000000488e-01 -3.261517346868654261e-03 -7.002051604255446482e-02
6.900000000000000577e-01 -2.631284612707681259e-03 -5.650722244594487409e-02
7.000000000000000666e-01 -2.122710407431738396e-03 -4.559655863810317677e-02
7.099999999999999645e-01 -1.712353199846717959e-03 -3.678912366844847709e-02
7.199999999999999734e-01 -1.381273137215174038e-03 -2.968069029945245851e-02
7.299999999999999822e-01 -1.114172850891731069e-03 -2.394429731196659125e-02
7.399999999999999911e-01 -8.987003817071783415e-04 -1.931562963649741810e-02
7.500000000000000000e-01 -7.248842964676902078e-04 -1.558111201492962984e-02
7.600000000000000089e-01 -5.846763549597669939e-04 -1.256823140321154490e-02
7.700000000000000178e-01 -4.715815273774959997e-04 -1.013768306592294395e-02
7.800000000000000266e-01 -3.803588577105780914e-04 -8.177004538447907658e-03
7.900000000000000355e-01 -3.067797235456347815e-04 -6.595420659297925557e-03
8.000000000000000444e-01 -2.474325549306800333e-04 -5.319672560223312301e-03
8.100000000000000533e-01 -1.995651325424390647e-04 -4.290644926042983323e-03
8.200000000000000622e-01 -1.609572653449596656e-04 -3.460640125318873404e-03
8.300000000000000711e-01 -1.298180161519041104e-04 -2.791176040178383437e-03
8.399999999999999689e-01 -1.047027556652826009e-04 -2.251207561642489755e-03
8.499999999999999778e-01 -8.444622817765283593e-05 -1.815690620303678010e-03
8.599999999999999867e-01 -6.810854376742090787e-05 -1.464423025792817388e-03
8.699999999999999956e-01 -5.493160428683412658e-05 -1.181108914285223209e-03
8.800000000000000044e-01 -4.430394983350871964e-05 -9.526037723037226014e-04
8.900000000000000133e-01 -3.573240004523807505e-05 -7.683052499754291879e-04
9.000000000000000222e-01 -2.881917786201103820e-05 -6.196616548091722458e-04
9.100000000000000311e-01 -2.324345651331212868e-05 -4.997754213010468290e-04
9.200000000000000400e-01 -1.874647490910652322e-05 -4.030832222604095023e-04
9.300000000000000488e-01 -1.511953166350191532e-05 -3.250979204948682027e-04
9.400000000000000577e-01 -1.219430121491156652e-05 -2.622004137889812460e-04
9.500000000000000666e-01 -9.835023040149816836e-06 -2.114717314565613040e-04
9.599999999999999645e-01 -7.932201738118827925e-06 -1.705576022011137639e-04
9.699999999999999734e-01 -6.397525779884795973e-06 -1.375592157183808096e-04
9.799999999999999822e-01 -5.159769216771031494e-06 -1.109451133436169923e-04
9.899999999999999911e-01 -4.161486216271095292e-06 -8.948012184324328946e-05
1.000000000000000000e+00 -3.356345064427925223e-06 -7.216803425742959320e-05
1.010000000000000009e+00 -2.706977934107254575e-06 -5.820537894805712006e-05
1.020000000000000018e+00 -2.183246644527815367e-06 -4.694413212486337400e-05
1.030000000000000027e+00 -1.760843936727199882e-06 -3.786164387722511931e-05
1.040000000000000036e+00 -1.420165356621264024e-06 -3.053638231761632711e-05
1.050000000000000044e+00 -1.145399393511793713e-06 -2.462837033337398476e-05
1.060000000000000053e+00 -9.237936494609455798e-07 -1.986340714596188578e-05
1.070000000000000062e+00 -7.450629835252431691e-07 -1.602034247837646791e-05
1.080000000000000071e+00 -6.009121632882578158e-07 -1.292081277060123709e-05
1.090000000000000080e+00 -4.846508700651912239e-07 -1.042096312663737971e-05
1.100000000000000089e+00 0.000000000000000000e+00 -8.404770822186732453e-06
1.110000000000000098e+00 0.000000000000000000e+00 -6.778660523153457009e-06
1.120000000000000107e+00 0.000000000000000000e+00 -5.467161309159366792e-06
1.130000000000000115e+00 0.000000000000000000e+00 -4.409403944071001257e-06
1.140000000000000124e+00 0.000000000000000000e+00 -3.556295830188588560e-06
1.150000000000000133e+00 0.000000000000000000e+00 -2.868242533523655610e-06
1.159999999999999920e+00 0.000000000000000000e+00 -2.313310133831196991e-06
1.169999999999999929e+00 0.000000000000000000e+00 -1.865743111829891527e-06
1.179999999999999938e+00 0.000000000000000000e+00 -1.504768986724181322e-06
1.189999999999999947e+00 0.000000000000000000e+00 -1.213634225464572871e-06
1.199999999999999956e+00 0.000000000000000000e+00 -9.788266787523237092e-07
