0.000000000000000000e+00 6.163893675936473906e+07 2.651125430527494431e+09
1.000000000000000021e-02 4.009216530098123848e+07 1.724446397063942432e+09
2.000000000000000042e-02 2.607694214312318712e+07 1.121671055016714573e+09
2.999999999999999889e-02 1.696074239575853944e+07 7.295866025160183907e+08
4.000000000000000083e-02 1.103117933713247441e+07 4.745507205668767691e+08
5.000000000000000278e-02 7.174394545736966655e+06 3.086608450272994041e+08
5.999999999999999778e-02 4.665857615739349276e+06 2.007575600533222556e+08
7.000000000000000666e-02 3.034286000202298164e+06 1.305724915126598477e+08
8.000000000000000167e-02 1.973127974524121033e+06 8.492163466323018074e+07
8.999999999999999667e-02 1.282984400621683570e+06 5.522919546933133900e+07
1.000000000000000056e-01 8.341555098964605713e+05 3.591690382263053209e+07
1.100000000000000006e-01 5.422785624527551699e+05 2.335629827694727480e+07
1.199999999999999956e-01 3.524808199783380260e+05 1.518721186306553148e+07
1.300000000000000044e-01 2.290715263875095116e+05 9.874463805245462805e+06
1.400000000000000133e-01 1.488368742037071788e+05 6.419498902867882513e+06
1.499999999999999944e-01 9.667861782517565007e+04 4.172816829134109896e+06
1.600000000000000033e-01 6.277716300007140671e+04 2.711962881152992137e+06
1.700000000000000122e-01 4.074628180363041611e+04 1.762164829133350635e+06
1.799999999999999933e-01 2.643284725727686964e+04 1.144709939061257523e+06
1.900000000000000022e-01 1.713612978776132877e+04 7.433662076832287712e+05
2.000000000000000111e-01 1.110000169542084041e+04 4.825408193323244923e+05
2.099999999999999922e-01 7.182655855924193020e+03 3.130732855628589168e+05
2.200000000000000011e-01 4.641788227304522479e+03 2.029946746776476793e+05
2.300000000000000100e-01 2.994882671915997435e+03 1.315170868409954419e+05
2.399999999999999911e-01 1.928344623347963534e+03 8.512426085177731875e+04
2.500000000000000000e-01 1.238406949583938967e+03 5.502886134270510956e+04
2.600000000000000089e-01 7.927005685135926569e+02 3.551871263504601666e+04
2.700000000000000178e-01 5.052651111720758763e+02 2.288123280804808019e+04
2.800000000000000266e-01 3.203004836126656301e+02 1.470394161848556359e+04
2.899999999999999800e-01 2.016029296641659414e+02 9.419569586723768225e+03
2.999999999999999889e-01 1.256977153293077549e+02 6.010253144146491650e+03
3.099999999999999978e-01 7.737555820403845530e+01 3.815194223430366947e+03
3.200000000000000067e-01 4.679197233095920438e+01 2.405606977041797109e+03
3.300000000000000155e-01 2.758271550152268148e+01 1.503421782157321786e+03
3.400000000000000244e-01 1.563975292112713156e+01 9.284430852949872133e+02
3.500000000000000333e-01 8.316520210371155741e+00 5.640083139743181846e+02
3.599999999999999867e-01 3.912151974570832635e+00 3.346752401926185030e+02
3.699999999999999956e-01 1.336941932784494025e+00 1.917286712297143367e+02
3.800000000000000044e-01 -1.044949533878776621e-01 1.037694707902516598e+02
3.900000000000000133e-01 -8.536471906514910835e-01 5.060631886443257343e+01
4.000000000000000222e-01 -1.188946932136898393e+00 1.929324305598576217e+01
4.100000000000000311e-01 -1.284453765354740540e+00 1.560838795607628615e+00
4.199999999999999845e-01 -1.247699938076384463e+00 -7.847631644468179957e+00
4.299999999999999933e-01 -1.144043853910703845e+00 -1.225289611231924880e+01
4.400000000000000022e-01 -1.012298552988736056e+00 -1.373543727062132724e+01
4.500000000000000111e-01 -8.747259485901236475e-01 -1.358438030567473120e+01
4.600000000000000200e-01 -7.433993334994714042e-01 -1.258650657462867883e+01
4.700000000000000289e-01 -6.242303222192441270e-01 -1.121184864842958362e+01
4.799999999999999822e-01 -5.194981737563435509e-01 -9.732478420878420522e+00
4.899999999999999911e-01 -4.294223789311332751e-01 -8.298213528436212627e+00
5.000000000000000000e-01 -3.531269731449427351e-01 -6.984602355020772535e+00
5.100000000000000089e-01 -2.892205207965282132e-01 -5.823120678596952260e+00
5.200000000000000178e-01 -2.361352495282235675e-01 -4.819994035313937886e+00
5.300000000000000266e-01 -1.923168941743771398e-01 -3.967779976920693841e+00
5.400000000000000355e-01 -1.563233808615799858e-01 -3.252368729218372501e+00
5.500000000000000444e-01 -1.268690126977810861e-01 -2.657106804229143027e+00
5.600000000000000533e-01 -1.028370760570801734e-01 -2.165132378918716682e+00
5.700000000000000622e-01 -8.327502693311482351e-02 -1.760614589305597111e+00
5.799999999999999600e-01 -6.738086381988594997e-02 -1.429333982023204053e+00
5.899999999999999689e-01 -5.448579831070174406e-02 -1.158878066209140467e+00
5.999999999999999778e-01 -4.403615525215793386e-02 -9.386217122118146738e-01
6.099999999999999867e-01 -3.557609267800649483e-02 -7.595960003617898693e-01
6.199999999999999956e-01 -2.873192036337352331e-02 -6.143074164125896797e-01
6.300000000000000044e-01 -2.319831749656552783e-02 -4.965432240985939716e-01
6.400000000000000133e-01 -1.872647869260975900e-02 -4.011827472297720409e-01
6.500000000000000222e-01 -1.511407327889323186e-02 -3.240245138845560535e-01
6.600000000000000311e-01 -1.219683486409110264e-02 -2.616334114435376890e-01
6.700000000000000400e-01 -9.841574943620494745e-03 -2.112086758062498293e-01
6.800000000000000488e-01 -7.940416040228754843e-03 -1.704717378568023078e-01
6.900000000000000577e-01 -6.406054623120514824e-03 -1.375720718319717040e-01
7.000000000000000666e-01 -5.167884616593256680e-03 -1.110088548707369588e-01
7.099999999999999645e-01 -4.168834540652216307e-03 -8.956621922171727201e-02
7.199999999999999734e-01 -3.362792927149784328e-03 -7.226001402357215553e-02
7.299999999999999822e-01 -2.712516464586827662e-03 -5.829420549409170677e-02
7.399999999999999911e-01 -2.187932854846275869e-03 -4.702528207817712608e-02
7.500000000000000000e-01 -1.764765513943294126e-03 -3.793326627644648397e-02
7.600000000000000089e-01 -1.423420123964643349e-03 -3.059815281047072524e-02
7.700000000000000178e-01 -1.148083854937576075e-03 -2.468078693426528289e-02
7.800000000000000266e-01 -9.259970732377949699e-04 -1.990736524990685888e-02
7.900000000000000355e-01 -7.468647910288966517e-04 -1.605688510224146173e-02
8.000000000000000444e-01 -6.023812277193619537e-04 -1.295098959895550107e-02
8.100000000000000533e-01 -4.858458640589898795e-04 -1.044575615998291108e-02
8.200000000000000622e-01 -3.918534596739894145e-04 -8.425059985394551046e-03
8.300000000000000711e-01 -3.160438360506593767e-04 -6.795212556399789217e-03
8.399999999999999689e-01 -2.548999347444575098e-04 -5.480631618757478979e-03
8.499999999999999778e-01 -2.055848581728312208e-04 -4.420345122433486096e-03
8.599999999999999867e-01 -1.658103816657287657e-04 -3.565169094552159915e-03
8.699999999999999956e-01 -1.337308679192593657e-04 -2.875429919264752519e-03
8.800000000000000044e-01 -1.078576821573016821e-04 -2.319126256567284258e-03
8.900000000000000133e-01 -8.699015010100776002e-05 -1.870445905851022975e-03
9.000000000000000222e-01 -7.015986363531918749e-05 -1.508569178555902671e-03
9.100000000000000311e-01 -5.658575530735859664e-05 -1.216703501877057893e-03
9.200000000000000400e-01 -4.563786048369565339e-05 -9.813046164148801938e-04
9.300000000000000488e-01 -3.680808783331958745e-05 -7.914483317203354880e-04
9.400000000000000577e-01 -2.968664318227999841e-05 -6.383237529353635734e-04
9.500000000000000666e-01 -2.394301359131945339e-05 -5.148245044549675875e-04
9.599999999999999645e-01 -1.931062978099497260e-05 -4.152190085347549713e-04
9.699999999999999734e-01 -1.557449550427874194e-05 -3.348845353132779996e-04
9.799999999999999822e-01 -1.256121001034169627e-05 -2.700926936227699402e-04
9.899999999999999911e-01 -1.013092070878390698e-05 -2.178364149805060192e-04
1.000000000000000000e+00 -8.170832661596559774e-06 -1.756904060452945488e-04
1.010000000000000009e+00 -6.589973742640188610e-06 -1.416985962875742463e-04
1.020000000000000018e+00 -5.314972554688100879e-06 -1.142833593081900702e-04
1.030000000000000027e+00 -4.286653180270563461e-06 -9.217229601223608294e-05
1.040000000000000036e+00 -3.457288741912142301e-06 -7.433918241568038764e-05
1.050000000000000044e+00 -2.788386316611766343e-06 -5.995634194211782952e-05
1.060000000000000053e+00 -2.248900405890798148e-06 -4.835623208792229485e-05
1.070000000000000062e+00 -1.813792049837510986e-06 -3.900046285447350466e-05
1.080000000000000071e+00 -1.462866713693901736e-06 -3.145480918138504519e-05
1.090000000000000080e+00 -1.179837012719863784e-06 -2.536905775193376623e-05
1.100000000000000089e+00 0.000000000000000000e+00 -2.046075287887164624e-05
1.110000000000000098e+00 0.000000000000000000e+00 -1.650208712014306875e-05
1.120000000000000107e+00 0.000000000000000000e+00 -1.330932821288899840e-05
1.130000000000000115e+00 0.000000000000000000e+00 -1.073429162076833635e-05
1.140000000000000124e+00 0.000000000000000000e+00 -8.657462925110637528e-06
1.150000000000000133e+00 0.000000000000000000e+00 -6.982450859620246015e-06
1.159999999999999920e+00 0.000000000000000000e+00 -5.631513544201786328e-06
1.169999999999999929e+00 0.000000000000000000e+00 -4.541950281666596556e-06
1.179999999999999938e+00 0.000000000000000000e+00 -3.663191452980155022e-06
1.189999999999999947e+00 0.000000000000000000e+00 -2.954451446569061821e-06
1.199999999999999956e+00 0.000000000000000000e+00 -2.382835688639818774e-06
