0.000000000000000000e+00 6.411193239476462826e+06 1.881457075549515188e+08
1.000000000000000021e-02 4.780632317699242383e+06 1.403025536542155147e+08
2.000000000000000042e-02 3.564708187819694635e+06 1.046243860513487905e+08
2.999999999999999889e-02 2.657991261224824935e+06 7.801816581670367718e+07
4.000000000000000083e-02 1.981858306785206543e+06 5.817726480009286851e+07
5.000000000000000278e-02 1.477676872765938751e+06 4.338152165212630481e+07
5.999999999999999778e-02 1.101722562887982000e+06 3.234813303094797954e+07
7.000000000000000666e-02 8.213885930824363604e+05 2.412045533826005459e+07
8.000000000000000167e-02 6.123590696698424872e+05 1.798507836800927296e+07
8.999999999999999667e-02 4.565009647448664182e+05 1.340998282970164157e+07
1.000000000000000056e-01 3.402920611490332521e+05 9.998421238101191819e+06
1.100000000000000006e-01 2.536485973523807770e+05 7.454524549372208305e+06
1.199999999999999956e-01 1.890509887506323576e+05 5.557653303526293486e+06
1.300000000000000044e-01 1.408918394056847901e+05 4.143270002567579504e+06
1.400000000000000133e-01 1.049897266798286000e+05 3.088674712644053157e+06
1.499999999999999944e-01 7.822661070461594500e+04 2.302367422634205315e+06
1.600000000000000033e-01 5.827743671763170278e+04 1.716115059784623329e+06
1.700000000000000122e-01 4.340848985689797701e+04 1.279035504284452181e+06
1.799999999999999933e-01 3.232702172635335955e+04 9.531857800968230003e+05
1.900000000000000022e-01 2.406911252299035550e+04 7.102719835007864749e+05
2.000000000000000111e-01 1.791604699313290621e+04 5.291957451927709626e+05
2.099999999999999922e-01 1.333195426095433140e+04 3.942245346434074454e+05
2.200000000000000011e-01 9.917304901014878851e+03 2.936271920627331710e+05
2.300000000000000100e-01 7.374233289314272042e+03 2.186564011274573277e+05
2.399999999999999911e-01 5.480678421348939992e+03 1.627898901663993602e+05
2.500000000000000000e-01 4.071100892859387386e+03 1.211645776411592815e+05
2.600000000000000089e-01 3.022103868415123998e+03 9.015460357234168623e+04
2.700000000000000178e-01 2.241711035067475223e+03 6.705666184780528420e+04
2.800000000000000266e-01 1.661371608365888505e+03 4.985535030260292842e+04
2.899999999999999800e-01 1.229998911057136638e+03 3.704819238495333411e+04
2.999999999999999889e-01 9.095253777436687415e+02 2.751515742297345059e+04
3.099999999999999978e-01 6.715883373195356398e+02 2.042136440754928481e+04
3.200000000000000067e-01 4.950589884210949094e+02 1.514453122154343328e+04
3.300000000000000155e-01 3.642001124527182583e+02 1.122087676458689748e+04
3.400000000000000244e-01 2.672926036145659623e+02 8.304783429180492021e+03
3.500000000000000333e-01 1.956115635506419039e+02 6.138720575067498430e+03
3.599999999999999867e-01 1.426630354844082547e+02 4.530819458570035749e+03
3.699999999999999956e-01 1.036150683217900905e+02 3.338153637609292218e+03
3.800000000000000044e-01 7.487366597143352465e+01 2.454273715506930785e+03
3.900000000000000133e-01 5.376675331091986010e+01 1.799914305931682975e+03
4.000000000000000222e-01 3.830866827886930537e+01 1.316066289048318595e+03
4.100000000000000311e-01 2.702468269988510485e+01 9.588126426653983572e+02
4.199999999999999845e-01 1.882026908952767030e+01 6.954791637091200300e+02
4.299999999999999933e-01 1.288371908235984975e+01 5.017655127865632494e+02
4.400000000000000022e-01 8.613618529888517727e+00 3.596071125613752315e+02
4.500000000000000111e-01 5.564846226115114369e+00 2.555818879842510682e+02
4.600000000000000200e-01 3.408375185940493601e+00 1.797231557967382116e+02
4.700000000000000289e-01 1.901357285589146962e+00 1.246352557310071916e+02
4.799999999999999822e-01 8.648681702446856523e-01 8.483482663967423321e+01
4.899999999999999911e-01 1.673574166207015823e-01 5.626024948384742430e+01
5.000000000000000000e-01 -2.876529961376164124e-01 3.590640749424172640e+01
5.100000000000000089e-01 -5.707075572006374831e-01 2.155282098170900085e+01
5.200000000000000178e-01 -7.332023095659002676e-01 1.156134659028963263e+01
5.300000000000000266e-01 -8.124187188634113266e-01 4.725693987842600308e+00
5.400000000000000355e-01 -8.352551303703009689e-01 1.595333453456597994e-01
5.500000000000000444e-01 -8.209900260733198341e-01 -2.786663094558265552e+00
5.600000000000000533e-01 -7.833259016669702479e-01 -4.587389877029967700e+00
5.700000000000000622e-01 -7.318989592468245764e-01 -5.587959508835290023e+00
5.799999999999999600e-01 -6.733924129655817215e-01 -6.038512035494376207e+00
5.899999999999999689e-01 -6.123559000189253698e-01 -6.119218815382974519e+00
5.999999999999999778e-01 -5.518071974487340769e-01 -5.958941020652479992e+00
6.099999999999999867e-01 -4.936728698381669389e-01 -5.649025705850447387e+00
6.199999999999999956e-01 -4.391099020474900638e-01 -5.253491874649654392e+00
6.300000000000000044e-01 -3.887395285778864618e-01 -4.816538343175507109e+00
6.400000000000000133e-01 -3.428164057904388162e-01 -4.368066386804130730e+00
6.500000000000000222e-01 -3.013502761575497235e-01 -3.927732322477420546e+00
6.600000000000000311e-01 -2.641928167072415401e-01 -3.507912782005392582e+00
6.700000000000000400e-01 -2.310990532020293919e-01 -3.115866890400661227e+00
6.800000000000000488e-01 -2.017702641031368649e-01 -2.755306243042971559e+00
6.900000000000000577e-01 -1.758834755461869126e-01 -2.427529041188243752e+00
7.000000000000000666e-01 -1.531112976899531575e-01 -2.132234201041569577e+00
7.099999999999999645e-01 -1.331348527399039139e-01 -1.868101123378134831e+00
7.199999999999999734e-01 -1.156518054994221945e-01 -1.633198435570466067e+00
7.299999999999999822e-01 -1.003809613382317112e-01 -1.425268411965214588e+00
7.399999999999999911e-01 -8.706449404872364239e-02 -1.241921464078814097e+00
7.500000000000000000e-01 -7.546857004495510779e-02 -1.080765968493346829e+00
7.600000000000000089e-01 -6.538291813564850452e-02 -9.394919481796366600e-01
7.700000000000000178e-01 -5.661973515711129362e-02 -8.159221322606581284e-01
7.800000000000000266e-01 -4.901220185159822079e-02 -7.080402360135359396e-01
7.900000000000000355e-01 -4.241279921791627633e-02 -6.140035894964117613e-01
8.000000000000000444e-01 -3.669155476354515888e-02 -5.321452484578658160e-01
8.100000000000000533e-01 -3.173430444376200421e-02 -4.609692584888993028e-01
8.200000000000000622e-01 -2.744102499053718835e-02 -3.991416740498613391e-01
8.300000000000000711e-01 -2.372426941887602336e-02 -3.454791551034102626e-01
8.399999999999999689e-01 -2.050772324740735703e-02 -2.989363992386511737e-01
8.499999999999999778e-01 -1.772488853998336472e-02 -2.585932597723930582e-01
8.599999999999999867e-01 -1.531789591147707762e-02 -2.236421084431257922e-01
8.699999999999999956e-01 -1.323644015136787866e-02 -1.933757939688731387e-01
8.800000000000000044e-01 -1.143683237811348591e-02 -1.671764020234101367e-01
8.900000000000000133e-01 -9.881160118154872982e-03 -1.445049212120754489e-01
9.000000000000000222e-01 -8.536546023565058650e-03 -1.248918509728488835e-01
9.100000000000000311e-01 -7.374495826628735089e-03 -1.079287418672289500e-01
9.200000000000000400e-01 -6.370326381223543125e-03 -9.326062977866451942e-02
9.300000000000000488e-01 -5.502665120282865599e-03 -8.057930822903804080e-02
9.400000000000000577e-01 -4.753012868121140114e-03 -6.961737381274663017e-02
9.500000000000000666e-01 -4.105362618544159889e-03 -6.014297607060135192e-02
9.599999999999999645e-01 -3.545867578834908680e-03 -5.195520313971242754e-02
9.699999999999999734e-01 -3.062552455933878395e-03 -4.488003690620922387e-02
9.799999999999999822e-01 -2.645062605572454269e-03 -3.876681522605675279e-02
9.899999999999999911e-01 -2.284446266731376008e-03 -3.348514341684970252e-02
1.000000000000000000e+00 -1.972965656961806705e-03 -2.892220221492808330e-02
1.010000000000000009e+00 -1.703933206883178047e-03 -2.498040443835840979e-02
1.020000000000000018e+00 -1.471569665058490312e-03 -2.157535750274697239e-02
1.030000000000000027e+00 -1.270881209494987727e-03 -1.863409358306402155e-02
1.040000000000000036e+00 -1.097553062206959229e-03 -1.609353353213524920e-02
1.050000000000000044e+00 -9.478574220830559812e-04 -1.389915462246505383e-02
1.060000000000000053e+00 -8.185738123966677980e-04 -1.200383576405409519e-02
1.070000000000000062e+00 -7.069201863584858138e-04 -1.036685707419516406e-02
1.080000000000000071e+00 -6.104933506820083185e-04 -8.953033553180091142e-03
1.090000000000000080e+00 -5.272174565569509542e-04 -7.731965175547377347e-03
1.100000000000000089e+00 0.000000000000000000e+00 -6.677387966016868834e-03
1.110000000000000098e+00 0.000000000000000000e+00 -5.766612619654774494e-03
1.120000000000000107e+00 0.000000000000000000e+00 -4.980038973854263723e-03
1.130000000000000115e+00 0.000000000000000000e+00 -4.300736171044824453e-03
1.140000000000000124e+00 0.000000000000000000e+00 -3.714079689689734915e-03
1.150000000000000133e+00 0.000000000000000000e+00 -3.207437589254214915e-03
1.159999999999999920e+00 0.000000000000000000e+00 -2.769899332613361045e-03
1.169999999999999929e+00 0.000000000000000000e+00 -2.392041435033671545e-03
1.179999999999999938e+00 0.000000000000000000e+00 -2.065724958717779329e-03
1.189999999999999947e+00 0.000000000000000000e+00 -1.783920540471798646e-03
1.199999999999999956e+00 0.000000000000000000e+00 -1.540557220205430403e-03
