0.000000000000000000e+00 4.971106957233172655e+07 2.448277550368887901e+09
1.000000000000000021e-02 3.037807283060749248e+07 1.496156859883384705e+09
2.000000000000000042e-02 1.856359563527583703e+07 9.143047818506010771e+08
2.999999999999999889e-02 1.134376676555611379e+07 5.587293803868181705e+08
4.000000000000000083e-02 6.931766356526043266e+06 3.414347716837956309e+08
5.000000000000000278e-02 4.235645347369713709e+06 2.086452544941949248e+08
5.999999999999999778e-02 2.588101158779700287e+06 1.274976767883636057e+08
7.000000000000000666e-02 1.581338961111476412e+06 7.790889961338640749e+07
8.000000000000000167e-02 9.661526412508242065e+05 4.760585886174959689e+07
8.999999999999999667e-02 5.902515660553912167e+05 2.908834883047268540e+07
1.000000000000000056e-01 3.605711331878638011e+05 1.777292727465486154e+07
1.100000000000000006e-01 2.202402191141557996e+05 1.085862503839341737e+07
1.199999999999999956e-01 1.345056952464829374e+05 6.633763216035381891e+06
1.300000000000000044e-01 8.213074699549825164e+04 4.052338745134084020e+06
1.400000000000000133e-01 5.013831294410008559e+04 2.475147788870800287e+06
1.499999999999999944e-01 3.059877099397757047e+04 1.511583038216062356e+06
1.600000000000000033e-01 1.866688739595838706e+04 9.229543869355372153e+05
1.700000000000000122e-01 1.138220209057623651e+04 5.634074162760570180e+05
1.799999999999999933e-01 6.935955105641673072e+03 3.438183860878837877e+05
1.900000000000000022e-01 4.223117716991453563e+03 2.097304257318192394e+05
2.000000000000000111e-01 2.568650801927145494e+03 1.278704280502024048e+05
2.099999999999999922e-01 1.560232245414800445e+03 7.790966367121432268e+04
2.200000000000000011e-01 9.460460910580069367e+02 4.742884606471582811e+04
2.300000000000000100e-01 5.723294102184495387e+02 2.884142974345943730e+04
2.399999999999999911e-01 3.452137172272579164e+02 1.751356906209226509e+04
2.500000000000000000e-01 2.074115613527204118e+02 1.061533767620469371e+04
2.600000000000000089e-01 1.239739731603996660e+02 6.418802929630756807e+03
2.700000000000000178e-01 7.359025400687167462e+01 3.869156475511894314e+03
2.800000000000000266e-01 4.327399271542277148e+01 2.322694963358439963e+03
2.899999999999999800e-01 2.511784141735994780e+01 1.386750499973021078e+03
2.999999999999999889e-01 1.431205797492120091e+01 8.219124571755619399e+02
3.099999999999999978e-01 7.934975958473820867e+00 4.823072469577284096e+02
3.200000000000000067e-01 4.214913844825401767e+00 2.791286489806607847e+02
3.300000000000000155e-01 2.079954855837503391e+00 1.583712111519282928e+02
3.400000000000000244e-01 8.834664361017813272e-01 8.723889828998704843e+01
3.500000000000000333e-01 2.368740481455664793e-01 4.585181627465558307e+01
3.599999999999999867e-01 -9.213207500088768653e-02 2.218792843040132468e+01
3.699999999999999956e-01 -2.414905618095703477e-01 8.999577605990600304e+00
3.800000000000000044e-01 -2.923476870459278398e-01 1.935161305744093951e+00
3.900000000000000133e-01 -2.918304927417384453e-01 -1.604021037509596903e+00
4.000000000000000222e-01 -2.668137893668374172e-01 -3.158674872701261904e+00
4.100000000000000311e-01 -2.322161033112506157e-01 -3.633292313576211185e+00
4.199999999999999845e-01 -1.959777673087537975e-01 -3.551652562611010477e+00
4.299999999999999933e-01 -1.620314241179484360e-01 -3.211197555348114463e+00
4.400000000000000022e-01 -1.320613053222527422e-01 -2.775993667335714843e+00
4.500000000000000111e-01 -1.065345414934698032e-01 -2.332463432034727280e+00
4.600000000000000200e-01 -8.529716065074939568e-02 -1.922600793656270124e+00
4.700000000000000289e-01 -6.791153586075805715e-02 -1.563610212008346823e+00
4.799999999999999822e-01 -5.384167210681231608e-02 -1.259393037658709691e+00
4.899999999999999911e-01 -4.255007382073075495e-02 -1.007164101434014469e+00
5.000000000000000000e-01 -3.354414943664076054e-02 -8.011802331970366842e-01
5.100000000000000089e-01 -2.639456925218001959e-02 -6.347725782290412067e-01
5.200000000000000178e-01 -2.073866619504391440e-02 -5.013960787945807018e-01
5.300000000000000266e-01 -1.627640238790900237e-02 -3.951203426996493517e-01
5.400000000000000355e-01 -1.276312646592643422e-02 -3.108119784955748477e-01
5.500000000000000444e-01 -1.000141245365245186e-02 -2.441540569051010023e-01
5.600000000000000533e-01 -7.833152558568427098e-03 -1.915861096165723532e-01
5.700000000000000622e-01 -6.132442407819935042e-03 -1.502112585554208068e-01
5.799999999999999600e-01 -4.799448742207087885e-03 -1.176955247372098168e-01
5.899999999999999689e-01 -3.755266956368307190e-03 -9.217194735462183597e-02
5.999999999999999778e-01 -2.937688000210707251e-03 -7.215513894981347154e-02
6.099999999999999867e-01 -2.297759007342595194e-03 -5.646807856791005026e-02
6.199999999999999956e-01 -1.797015038806246308e-03 -4.418096500376971630e-02
6.300000000000000044e-01 -1.405266403901342344e-03 -3.456102153702801660e-02
6.400000000000000133e-01 -1.098839205664258302e-03 -2.703179300732881304e-02
6.500000000000000222e-01 -8.591817452400484769e-04 -2.114043246201051038e-02
6.600000000000000311e-01 -6.717639943907486970e-04 -1.653158131983256326e-02
6.700000000000000400e-01 -5.252104866438356019e-04 -1.292661646697361270e-02
6.800000000000000488e-01 -4.106183185039688228e-04 -1.010722277329545275e-02
6.900000000000000577e-01 -3.210214704009682878e-04 -7.902426332615569357e-03
7.000000000000000666e-01 -2.509704966623487171e-04 -6.178381594732225424e-03
7.099999999999999645e-01 -1.962030060675697238e-04 -4.830340968017874867e-03
7.199999999999999734e-01 -1.533854849470204704e-04 -3.776348662625332760e-03
7.299999999999999822e-01 -1.199111164587991584e-04 -2.952293513039739963e-03
7.399999999999999911e-01 -9.374151174492759814e-05 -2.308030935464615036e-03
7.500000000000000000e-01 -7.328285275495088902e-05 -1.804344805952869590e-03
7.600000000000000089e-01 -5.728898738519819147e-05 -1.410568465526352124e-03
7.700000000000000178e-01 -4.478562570165843960e-05 -1.102722535890295020e-03
7.800000000000000266e-01 -3.501105090600159633e-05 -8.620576907557550616e-04
7.900000000000000355e-01 -2.736975226323375254e-05 -6.739145742066096276e-04
8.000000000000000444e-01 -2.139616681281619471e-05 -5.268319983156508068e-04
8.100000000000000533e-01 -1.672632790372215864e-05 -4.118494461912889336e-04
8.200000000000000622e-01 -1.307569749074080910e-05 -3.219616031602820852e-04
8.300000000000000711e-01 -1.022183416395216716e-05 -2.516918150114167666e-04
8.399999999999999689e-01 -7.990842467392732544e-06 -1.967585655549357305e-04
8.499999999999999778e-01 -6.246778816643027050e-06 -1.538147012362629600e-04
8.599999999999999867e-01 -4.883369083911825344e-06 -1.202435434644948088e-04
8.699999999999999956e-01 -3.817533536293967841e-06 -9.399948362061396636e-05
8.800000000000000044e-01 -2.984324795410111973e-06 -7.348335885797125321e-05
8.900000000000000133e-01 -2.332970498943741099e-06 -5.744502166541803179e-05
9.000000000000000222e-01 -1.823779604993565130e-06 -4.490717047137111841e-05
9.100000000000000311e-01 -1.425723873243438809e-06 -3.510580244106433731e-05
9.200000000000000400e-01 -1.114547178986249289e-06 -2.744366148080458766e-05
9.300000000000000488e-01 -8.712874676259382751e-07 -2.145384571340065634e-05
9.400000000000000577e-01 -6.811212944337935072e-07 -1.677135738640601789e-05
9.500000000000000666e-01 -5.324605468734085077e-07 -1.311086192440291035e-05
9.599999999999999645e-01 -4.162463111013146137e-07 -1.024930105746939960e-05
9.699999999999999734e-01 -3.253968558186230540e-07 -8.012300661787222358e-06
9.799999999999999822e-01 -2.543760969948313606e-07 -6.263545132333493035e-06
9.899999999999999911e-01 -1.988562480539258665e-07 -4.896470845933645936e-06
1.000000000000000000e+00 -1.554540990809817483e-07 -3.827772571063942238e-06
1.010000000000000009e+00 -1.215248550878462913e-07 -2.992327143928336696e-06
1.020000000000000018e+00 -9.500097069951799233e-08 -2.339225086716137695e-06
1.030000000000000027e+00 -7.426616047618166974e-08 -1.828668353995889072e-06
1.040000000000000036e+00 -5.805690752649005244e-08 -1.429545169627502003e-06
1.050000000000000044e+00 -4.538546869628907713e-08 -1.117534174716905581e-06
1.060000000000000053e+00 -3.547968453260747736e-08 -8.736223607129829903e-07
1.070000000000000062e+00 -2.773592624243619909e-08 -6.829464759308501220e-07
1.080000000000000071e+00 -2.168231238703958744e-08 -5.338873048949911975e-07
1.090000000000000080e+00 -1.694995385465657248e-08 -4.173616289687629133e-07
1.100000000000000089e+00 0.000000000000000000e+00 -3.262687226966907853e-07
1.110000000000000098e+00 0.000000000000000000e+00 -2.550576571406741001e-07
1.120000000000000107e+00 0.000000000000000000e+00 -1.993890430536983783e-07
1.130000000000000115e+00 0.000000000000000000e+00 -1.558706015826931171e-07
1.140000000000000124e+00 0.000000000000000000e+00 -1.218504490008703099e-07
1.150000000000000133e+00 0.000000000000000000e+00 -9.525549887793715103e-08
1.159999999999999920e+00 0.000000000000000000e+00 -7.446513441089592933e-08
1.169999999999999929e+00 0.000000000000000000e+00 -5.821245289172409025e-08
1.179999999999999938e+00 0.000000000000000000e+00 -4.550706444910596664e-08
1.189999999999999947e+00 0.000000000000000000e+00 -3.557474065272075930e-08
1.199999999999999956e+00 0.000000000000000000e+00 -2.781023534787282924e-08
