0.000000000000000000e+00 3.804707001967657357e+07 1.634557817068400383e+09
1.000000000000000021e-02 2.475932419859612733e+07 1.063734234670326114e+09
2.000000000000000042e-02 1.611198435612844676e+07 6.922489818380053043e+08
2.999999999999999889e-02 1.048455968727805838e+07 4.504918897591425776e+08
4.000000000000000083e-02 6.822445943117105402e+06 2.931608700979005098e+08
5.000000000000000278e-02 4.439315907139653340e+06 1.907735022482139766e+08
5.999999999999999778e-02 2.888515415052448399e+06 1.241427770175554752e+08
7.000000000000000666e-02 1.879368151514415396e+06 8.078191394660004973e+07
8.000000000000000167e-02 1.222707044761010213e+06 5.256461985760391504e+07
8.999999999999999667e-02 7.954262974817724898e+05 3.420238837838447094e+07
1.000000000000000056e-01 5.174120166561851511e+05 2.225352942071874812e+07
1.100000000000000006e-01 3.365288079074381967e+05 1.447824815003021434e+07
1.199999999999999956e-01 2.188491675500439596e+05 9.418932598922191188e+06
1.300000000000000044e-01 1.422948669097253587e+05 6.127006724614718929e+06
1.400000000000000133e-01 9.249884399104690237e+04 3.985167951186530758e+06
1.499999999999999944e-01 6.011218696942562383e+04 2.591700667699005920e+06
1.600000000000000033e-01 3.905157155835656886e+04 1.685188530197973829e+06
1.700000000000000122e-01 2.535873597522683121e+04 1.095518112747483654e+06
1.799999999999999933e-01 1.645826195609277420e+04 7.119928076081243344e+05
1.900000000000000022e-01 1.067456679393051490e+04 4.625819422628680477e+05
2.000000000000000111e-01 6.917584570266906667e+03 3.004165857112003141e+05
2.099999999999999922e-01 4.478225970199002404e+03 1.950014100034563744e+05
2.200000000000000011e-01 2.895278472443443206e+03 1.264956868270254490e+05
2.300000000000000100e-01 1.868797075203586473e+03 8.199161708964574791e+04
2.399999999999999911e-01 1.203748745614529525e+03 5.309247592068102676e+04
2.500000000000000000e-01 7.733441168953502256e+02 3.433663782924476254e+04
2.600000000000000089e-01 4.951801291133288032e+02 2.217206845113513555e+04
2.700000000000000178e-01 3.157188054202592866e+02 1.428903384648324572e+04
2.800000000000000266e-01 2.001901939632118115e+02 9.185916644925275250e+03
2.899999999999999800e-01 1.260245559869265009e+02 5.886721028822074913e+03
2.999999999999999889e-01 7.858074057364689224e+01 3.757282987015580602e+03
3.099999999999999978e-01 4.836839539165360691e+01 2.385706784891290226e+03
3.200000000000000067e-01 2.924194429128707995e+01 1.504590828478634194e+03
3.300000000000000155e-01 1.722665042622513099e+01 9.404427747492411527e+02
3.400000000000000244e-01 9.755765943203234869e+00 5.807835154907760398e+02
3.500000000000000333e-01 5.174995124735821683e+00 3.527583265467511637e+02
3.599999999999999867e-01 2.420746232203639270e+00 2.092330430698999919e+02
3.699999999999999956e-01 8.113406802223230851e-01 1.197583925791338118e+02
3.800000000000000044e-01 -8.838163584660460592e-02 6.470002557532330911e+01
3.900000000000000133e-01 -5.547847768047559081e-01 3.142676503067006877e+01
4.000000000000000222e-01 -7.622099321344710798e-01 1.183671705169993871e+01
4.100000000000000311e-01 -8.196679887380600160e-01 7.527482360048100007e-01
4.199999999999999845e-01 -7.945130002375032641e-01 -5.117312824758299961e+00
4.299999999999999933e-01 -7.276826469241527429e-01 -7.853806568495805607e+00
4.400000000000000022e-01 -6.434826191640373727e-01 -8.760436120448039432e+00
4.500000000000000111e-01 -5.558461040738891246e-01 -8.645167861517482066e+00
4.600000000000000200e-01 -4.723201787056900414e-01 -8.001167066673289696e+00
4.700000000000000289e-01 -3.965897424823837669e-01 -7.123038616851170346e+00
4.799999999999999822e-01 -3.300632886930344734e-01 -6.181256501638276113e+00
4.899999999999999911e-01 -2.728590993506815332e-01 -5.269618359789300044e+00
5.000000000000000000e-01 -2.244100923146404303e-01 -4.435334923412434627e+00
5.100000000000000089e-01 -1.838276323253017486e-01 -3.697971707174026346e+00
5.200000000000000178e-01 -1.501142398572036518e-01 -3.061259532356684243e+00
5.300000000000000266e-01 -1.222826127412394437e-01 -2.520363957476825956e+00
5.400000000000000355e-01 -9.941742747595330720e-02 -2.066279932764325977e+00
5.500000000000000444e-01 -8.070292786526128692e-02 -1.688420546595782223e+00
5.600000000000000533e-01 -6.543068944615935967e-02 -1.376082921353940502e+00
5.700000000000000622e-01 -5.299645185749933540e-02 -1.119225658410482716e+00
5.799999999999999600e-01 -4.289142549859402409e-02 -9.088323640442247386e-01
5.899999999999999689e-01 -3.469128383842464552e-02 -7.370333261649816281e-01
5.999999999999999778e-01 -2.804468359088311061e-02 -5.970920041887533003e-01
6.099999999999999867e-01 -2.266231181329985550e-02 -4.833214555424532044e-01
6.199999999999999956e-01 -1.830694888555771394e-02 -3.909696183839742045e-01
6.300000000000000044e-01 -1.478473551576679583e-02 -3.160959858952336332e-01
6.400000000000000133e-01 -1.193766128942024864e-02 -2.554520845653997507e-01
6.500000000000000222e-01 -9.637201513780830134e-03 -2.063720164362348730e-01
6.600000000000000311e-01 -7.778986399820012054e-03 -1.666756726513244358e-01
6.700000000000000400e-01 -6.278372027178963019e-03 -1.345851319874661334e-01
6.800000000000000488e-01 -5.066783685485317865e-03 -1.086536241711753698e-01
6.900000000000000577e-01 -4.088711521972975341e-03 -8.770588433963791286e-02
7.000000000000000666e-01 -3.299251431036516382e-03 -7.078851365075561342e-02
7.099999999999999645e-01 -2.662098175570142087e-03 -5.712894355909297478e-02
7.199999999999999734e-01 -2.147911386103102359e-03 -4.610168675010400258e-02
7.299999999999999822e-01 -1.732987609233136665e-03 -3.720069148904395911e-02
7.399999999999999911e-01 -1.398182663352159428e-03 -3.001676622911244458e-02
7.500000000000000000e-01 -1.128038142402145024e-03 -2.421918985214014872e-02
7.600000000000000089e-01 -9.100740548882231724e-04 -1.954076060062470352e-02
7.700000000000000178e-01 -7.342164279831795955e-04 -1.576565945980806793e-02
7.800000000000000266e-01 -5.923344027822741381e-04 -1.271961029938553991e-02
7.900000000000000355e-01 -4.778660566715846022e-04 -1.026190996548886729e-02
8.000000000000000444e-01 -3.855160629609166723e-04 -8.278978033942724704e-03
8.100000000000000533e-01 -3.110114718778021130e-04 -6.679139752020264373e-03
8.200000000000000622e-01 -2.509044891092304208e-04 -5.388408535172490438e-03
8.300000000000000711e-01 -2.024132397383517578e-04 -4.347077895123407226e-03
8.399999999999999689e-01 -1.632932223299440432e-04 -3.506968351006377240e-03
8.499999999999999778e-01 -1.317335516948290697e-04 -2.829204029385416069e-03
8.599999999999999867e-01 -1.062732189221333279e-04 -2.282417421801702633e-03
8.699999999999999956e-01 -8.573351260069630596e-05 -1.841300096918890589e-03
8.800000000000000044e-01 -6.916348597075379324e-05 -1.485432860143191770e-03
8.900000000000000133e-01 -5.579595394525566424e-05 -1.198341582860077380e-03
9.000000000000000222e-01 -4.501198834357965947e-05 -9.667352360895526721e-04
9.100000000000000311e-01 -3.631227112115596945e-05 -7.798910112396692474e-04
9.200000000000000400e-01 -2.929398159317128346e-05 -6.291581635563016361e-04
9.300000000000000488e-01 -2.363214902820120743e-05 -5.075576736361022551e-04
9.400000000000000577e-01 -1.906460818889527489e-05 -4.094592347220671791e-04
9.500000000000000666e-01 -1.537986186271293816e-05 -3.303206381434060598e-04
9.599999999999999645e-01 -1.240728879469707974e-05 -2.664775082563132741e-04
9.699999999999999734e-01 -1.000924388300780527e-05 -2.149736629513127463e-04
9.799999999999999822e-01 -8.074685018676266477e-06 -1.734242525930613610e-04
9.899999999999999911e-01 -6.514031577259054334e-06 -1.399053452297161350e-04
1.000000000000000000e+00 -5.255016559684975335e-06 -1.128648486654478759e-04
1.010000000000000009e+00 -4.239340363390850008e-06 -9.105064680192453746e-05
1.020000000000000018e+00 -3.419971266876454667e-06 -7.345262399022404825e-05
1.030000000000000027e+00 -2.758967645665188548e-06 -5.925589372041545751e-05
1.040000000000000036e+00 -2.225721089259830196e-06 -4.780306647112059611e-05
1.050000000000000044e+00 -1.795539073937263524e-06 -3.856380989240956909e-05
1.060000000000000053e+00 -1.448501566468107408e-06 -3.111029203371936931e-05
1.070000000000000062e+00 -1.168538616402619339e-06 -2.509737065763188341e-05
1.080000000000000071e+00 -9.426862263102595931e-07 -2.024661139349457362e-05
1.090000000000000080e+00 -7.604860438283352723e-07 -1.633339474483172258e-05
1.100000000000000089e+00 0.000000000000000000e+00 -1.317651497217527702e-05
1.110000000000000098e+00 0.000000000000000000e+00 -1.062978924570778085e-05
1.120000000000000107e+00 0.000000000000000000e+00 -8.575288539330259749e-06
1.130000000000000115e+00 0.000000000000000000e+00 -6.917876827471936459e-06
1.140000000000000124e+00 0.000000000000000000e+00 -5.580805723953525853e-06
1.150000000000000133e+00 0.000000000000000000e+00 -4.502160572782833335e-06
1.159999999999999920e+00 0.000000000000000000e+00 -3.631993426353308235e-06
1.169999999999999929e+00 0.000000000000000000e+00 -2.930010152422386835e-06
1.179999999999999938e+00 0.000000000000000000e+00 -2.363704570041117286e-06
1.189999999999999947e+00 0.000000000000000000e+00 -1.906853214297936021e-06
1.199999999999999956e+00 0.000000000000000000e+00 -1.538301028753487767e-06
