0.000000000000000000e+00 2.972242355790817365e+07 1.278389086456439495e+09
1.000000000000000021e-02 1.933245471267906204e+07 8.315356761960059404e+08
2.000000000000000042e-02 1.257426364172218554e+07 5.408727599276629686e+08
2.999999999999999889e-02 8.178415403605382890e+06 3.518073073819342852e+08
4.000000000000000083e-02 5.319179696179664694e+06 2.288279404102623761e+08
5.000000000000000278e-02 3.459444622235315386e+06 1.488354429697889686e+08
5.999999999999999778e-02 2.249836807698883116e+06 9.680440976355727017e+07
7.000000000000000666e-02 1.463101510830882704e+06 6.296124870397686958e+07
8.000000000000000167e-02 9.514185371484052157e+05 4.094853756087684631e+07
8.999999999999999667e-02 6.186373547638860764e+05 2.663098171490689367e+07
1.000000000000000056e-01 4.022167904184728977e+05 1.731871877632192150e+07
1.100000000000000006e-01 2.614773158687771065e+05 1.126209768413421325e+07
1.199999999999999956e-01 1.699595139423375949e+05 7.323045574256904423e+06
1.300000000000000044e-01 1.104535064176836604e+05 4.761300760551028885e+06
1.400000000000000133e-01 7.176576926949378685e+04 3.095363305369225796e+06
1.499999999999999944e-01 4.661606827964920376e+04 2.012047497369720135e+06
1.600000000000000033e-01 3.026950338456514510e+04 1.307648601846977370e+06
1.700000000000000122e-01 1.964671719063674027e+04 8.496738363800036022e+05
1.799999999999999933e-01 1.274513235053403514e+04 5.519497888631344540e+05
1.900000000000000022e-01 8.262501170730805825e+03 3.584308078613353427e+05
2.000000000000000111e-01 5.352050661336892517e+03 2.326670951710545633e+05
2.099999999999999922e-01 3.463224115455390347e+03 1.509542379382710787e+05
2.200000000000000011e-01 2.238098589012120556e+03 9.787737762451983872e+04
2.300000000000000100e-01 1.444016098594645882e+03 6.341299007677630289e+04
2.399999999999999911e-01 9.297692438601794720e+02 4.104381890811635822e+04
2.500000000000000000e-01 5.971070090968528348e+02 2.653281171468590037e+04
2.600000000000000089e-01 3.822048286622524529e+02 1.712569799170412807e+04
2.700000000000000178e-01 2.436152377498792987e+02 1.103236872143274559e+04
2.800000000000000266e-01 1.544332352430955098e+02 7.089593897538376950e+03
2.899999999999999800e-01 9.720260578399758344e+01 4.541683129242922405e+03
2.999999999999999889e-01 6.060467659748447034e+01 2.897854919709519436e+03
3.099999999999999978e-01 3.730610635575830258e+01 1.839494608775221195e+03
3.200000000000000067e-01 2.256027410698013469e+01 1.159856820662222617e+03
3.300000000000000155e-01 1.329860645275261533e+01 7.248667209229616901e+02
3.400000000000000244e-01 7.540387411176361354e+00 4.476410439236084358e+02
3.500000000000000333e-01 4.009563757931466910e+00 2.719298657493324640e+02
3.599999999999999867e-01 1.886058838204125676e+00 1.613581702224787762e+02
3.699999999999999956e-01 6.444702428349132761e-01 9.243766849308832434e+01
3.800000000000000044e-01 -5.048071574201109385e-02 5.002916232020335485e+01
3.900000000000000133e-01 -4.116559045627086744e-01 2.439738068350504463e+01
4.000000000000000222e-01 -5.732995186677191102e-01 9.300433847844653101e+00
4.100000000000000311e-01 -6.193327155180731181e-01 7.512539268042393026e-01
4.199999999999999845e-01 -6.016007741655543528e-01 -3.784666281883396266e+00
4.299999999999999933e-01 -5.516151368693565926e-01 -5.908388715462350227e+00
4.400000000000000022e-01 -4.880886499504880627e-01 -6.622995042927793286e+00
4.500000000000000111e-01 -4.217542424672475754e-01 -6.550018299410055533e+00
4.600000000000000200e-01 -3.584325661544318087e-01 -6.068790492572706974e+00
4.700000000000000289e-01 -3.009735480421147913e-01 -5.405926643897603689e+00
4.799999999999999822e-01 -2.504758723447646496e-01 -4.692597814707278658e+00
4.899999999999999911e-01 -2.070451787302686752e-01 -4.001032349962461154e+00
5.000000000000000000e-01 -1.702589866307076816e-01 -3.367651335500057908e+00
5.100000000000000089e-01 -1.394463202649580125e-01 -2.807627498115250475e+00
5.200000000000000178e-01 -1.138512114178076157e-01 -2.323960086123720181e+00
5.300000000000000266e-01 -9.272422473056585179e-02 -1.913059008823034812e+00
5.400000000000000355e-01 -7.537003241176720714e-02 -1.568120019310818014e+00
5.500000000000000444e-01 -6.116871413648798661e-02 -1.281112777152383808e+00
5.600000000000000533e-01 -4.958183211501654419e-02 -1.043906750641574011e+00
5.700000000000000622e-01 -4.015010800453013007e-02 -8.488686691228763959e-01
5.799999999999999600e-01 -3.248685103218511977e-02 -6.891423345782993204e-01
5.899999999999999689e-01 -2.626960151631477572e-02 -5.587428686693773905e-01
5.999999999999999778e-01 -2.123140324365818676e-02 -4.525472344866869334e-01
6.099999999999999867e-01 -1.715247133701404414e-02 -3.662309823388135710e-01
6.199999999999999956e-01 -1.385263106431771155e-02 -2.961810608469246930e-01
6.300000000000000044e-01 -1.118467242566852961e-02 -2.394019674053025071e-01
6.400000000000000133e-01 -9.028634574113502190e-03 -1.934247508414252137e-01
6.500000000000000222e-01 -7.286964564586143403e-03 -1.562236640708982993e-01
6.600000000000000311e-01 -5.880462185262624181e-03 -1.261424664647149974e-01
6.700000000000000400e-01 -4.744911416871666621e-03 -1.018307724735117437e-01
6.800000000000000488e-01 -3.828299910681137123e-03 -8.218997517213957882e-02
6.900000000000000577e-01 -3.088534987703025255e-03 -6.632784994921901711e-02
7.000000000000000666e-01 -2.491574580178023118e-03 -5.352078192849366034e-02
7.099999999999999645e-01 -2.009902256651382047e-03 -4.318254734899482083e-02
7.199999999999999734e-01 -1.621285887857554057e-03 -3.483864446510145235e-02
7.299999999999999822e-01 -1.307769062498903697e-03 -2.810527172827447309e-02
7.399999999999999911e-01 -1.054852814633755855e-03 -2.267216564281857374e-02
7.500000000000000000e-01 -8.508325287256160658e-04 -1.828862408779070858e-02
7.600000000000000089e-01 -6.862610963648009803e-04 -1.475214598260489451e-02
7.700000000000000178e-01 -5.535146116354449416e-04 -1.189921179104885124e-02
7.800000000000000266e-01 -4.464412305368377245e-04 -9.597810628224127255e-03
7.900000000000000355e-01 -3.600774061207140321e-04 -7.741389031137022210e-03
8.000000000000000444e-01 -2.904186601254303622e-04 -6.243954782111138350e-03
8.100000000000000533e-01 -2.342344673178576361e-04 -5.036117804224756779e-03
8.200000000000000622e-01 -1.889188008542935760e-04 -4.061890401391253860e-03
8.300000000000000711e-01 -1.523694931277144347e-04 -3.276102252406633709e-03
8.399999999999999689e-01 -1.228908721253654530e-04 -2.642312730533129608e-03
8.499999999999999778e-01 -9.911519288750615414e-05 -2.131125311241191013e-03
8.599999999999999867e-01 -7.993924251968942472e-05 -1.718826913112398748e-03
8.699999999999999956e-01 -6.447319269722660135e-05 -1.386289720957096724e-03
8.800000000000000044e-01 -5.199933634400164244e-05 -1.118084977539917377e-03
8.900000000000000133e-01 -4.193880021573695964e-05 -9.017679088998122256e-04
9.000000000000000222e-01 -3.382469289352019539e-05 -7.273007873388029386e-04
9.100000000000000311e-01 -2.728044481317241311e-05 -5.865874800742392186e-04
9.200000000000000400e-01 -2.200233691531779532e-05 -4.730979620624651345e-04
9.300000000000000488e-01 -1.774540824529038715e-05 -3.815654184814745676e-04
9.400000000000000577e-01 -1.431208922885069895e-05 -3.077419129154853879e-04
9.500000000000000666e-01 -1.154303357683186946e-05 -2.482013034352633838e-04
9.599999999999999645e-01 -9.309723635136138805e-06 -2.001802738456214155e-04
9.699999999999999734e-01 -7.508506189445720263e-06 -1.614501113158174519e-04
9.799999999999999822e-01 -6.055782049123528004e-06 -1.302132853296720616e-04
9.899999999999999911e-01 -4.884126235440283433e-06 -1.050200318449397651e-04
1.000000000000000000e+00 -3.939158759182942515e-06 -8.470107365633889587e-05
1.010000000000000009e+00 -3.177020788925537075e-06 -6.831335597932079024e-05
1.020000000000000018e+00 -2.562339095726285072e-06 -5.509627975859666878e-05
1.030000000000000027e+00 -2.066584313650446760e-06 -4.443640205465731400e-05
1.040000000000000036e+00 -1.666746828051444229e-06 -3.583896559666449350e-05
1.050000000000000044e+00 -1.344268841965324418e-06 -2.890493639204182045e-05
1.060000000000000053e+00 -1.084183058631801333e-06 -2.331248382494913914e-05
1.070000000000000062e+00 -8.744180063321526781e-07 -1.880204379817142972e-05
1.080000000000000071e+00 -7.052377651483021544e-07 -1.516427172962764216e-05
1.090000000000000080e+00 -5.687900926365885803e-07 -1.223032631379085484e-05
1.100000000000000089e+00 0.000000000000000000e+00 -9.864033118316349851e-06
1.110000000000000098e+00 0.000000000000000000e+00 -7.955564323600758939e-06
1.120000000000000107e+00 0.000000000000000000e+00 -6.416341274508093868e-06
1.130000000000000115e+00 0.000000000000000000e+00 -5.174923263311751744e-06
1.140000000000000124e+00 0.000000000000000000e+00 -4.173691733985915784e-06
1.150000000000000133e+00 0.000000000000000000e+00 -3.366176014094713190e-06
1.159999999999999920e+00 0.000000000000000000e+00 -2.714896454661464221e-06
1.169999999999999929e+00 0.000000000000000000e+00 -2.189624872207056125e-06
1.179999999999999938e+00 0.000000000000000000e+00 -1.765981555014826059e-06
1.189999999999999947e+00 0.000000000000000000e+00 -1.424303716425486456e-06
1.199999999999999956e+00 0.000000000000000000e+00 -1.148732876530561685e-06
