0.000000000000000000e+00 4.402777805233093351e+07 1.893665531660441637e+09
1.000000000000000021e-02 2.863720004533027858e+07 1.231748689875063419e+09
2.000000000000000042e-02 1.862632239459908754e+07 8.011933462232487202e+08
2.999999999999999889e-02 1.211475739498492889e+07 5.211324089062226415e+08
4.000000000000000083e-02 7.879365016928122379e+06 3.389637693582969308e+08
5.000000000000000278e-02 5.124528850952939130e+06 2.204710626267964244e+08
5.999999999999999778e-02 3.332725765523590147e+06 1.433974321616383791e+08
7.000000000000000666e-02 2.167324907275985461e+06 9.326540232243195176e+07
8.000000000000000167e-02 1.409360754588075448e+06 6.065779699901321530e+07
8.999999999999999667e-02 9.164055421847490361e+05 3.944903790268649906e+07
1.000000000000000056e-01 5.958168277452379698e+05 2.565464455434038118e+07
1.100000000000000006e-01 3.873357553671716014e+05 1.668286110214168392e+07
1.199999999999999956e-01 2.517677238436549960e+05 1.084785779443250597e+07
1.300000000000000044e-01 1.636195083515417355e+05 7.053080891580482014e+06
1.400000000000000133e-01 1.063099524433570914e+05 4.585280220165149309e+06
1.499999999999999944e-01 6.905469715102482587e+04 2.980529907921461854e+06
1.600000000000000033e-01 4.483982254834334890e+04 1.937078912353830179e+06
1.700000000000000122e-01 2.910379285576958137e+04 1.258663128090147860e+06
1.799999999999999933e-01 1.888012898385743028e+04 8.176319286314916098e+05
1.900000000000000022e-01 1.223976712839592801e+04 5.309634298069709912e+05
2.000000000000000111e-01 7.928350757978355432e+03 3.446634708554999670e+05
2.099999999999999922e-01 5.130317725383398283e+03 2.236179249998891028e+05
2.200000000000000011e-01 3.315460921175581007e+03 1.449922022780539992e+05
2.300000000000000100e-01 2.139132972062631325e+03 9.393805788774861139e+04
2.399999999999999911e-01 1.377342620992683351e+03 6.080119852322940278e+04
2.500000000000000000e-01 8.845452744593051193e+02 3.930508096866824053e+04
2.600000000000000089e-01 5.661938989229737444e+02 2.536966649240882543e+04
2.700000000000000178e-01 3.608898158384504313e+02 1.634317086926804950e+04
2.800000000000000266e-01 2.287768991135908436e+02 1.050243527361761699e+04
2.899999999999999800e-01 1.439960620097308492e+02 6.728009902805051752e+03
2.999999999999999889e-01 8.978014004526792746e+01 4.292868793751070370e+03
3.099999999999999978e-01 5.526570106370949276e+01 2.725026601940784985e+03
3.200000000000000067e-01 3.342120012511002614e+01 1.718216761944686596e+03
3.300000000000000155e-01 1.970090569483402021e+01 1.073824255374969198e+03
3.400000000000000244e-01 1.117061208139547901e+01 6.631421340997408151e+02
3.500000000000000333e-01 5.939986588840128867e+00 4.028428028681297519e+02
3.599999999999999867e-01 2.794172532849570345e+00 2.390408539671749111e+02
3.699999999999999956e-01 9.548397776589856445e-01 1.369409985168796027e+02
3.800000000000000044e-01 -7.469431988511657239e-02 7.411613959442209421e+01
3.900000000000000133e-01 -6.097648038140870419e-01 3.614448003557669153e+01
4.000000000000000222e-01 -8.492426200795358815e-01 1.377928018367596863e+01
4.100000000000000311e-01 -9.174500333858586210e-01 1.114077770455304872e+00
4.199999999999999845e-01 -8.911918744670664916e-01 -5.605770534722759102e+00
4.299999999999999933e-01 -8.171501862918525427e-01 -8.752101342807348416e+00
4.400000000000000022e-01 -7.230469517985547157e-01 -9.810900183641154015e+00
4.500000000000000111e-01 -6.247825194699413442e-01 -9.702922738538791947e+00
4.600000000000000200e-01 -5.309800416916398147e-01 -8.990124559233857227e+00
4.700000000000000289e-01 -4.458617237913963804e-01 -8.008223210911063816e+00
4.799999999999999822e-01 -3.710553921405242983e-01 -6.951543094281213087e+00
4.899999999999999911e-01 -3.067177111901360220e-01 -5.927088917507050247e+00
5.000000000000000000e-01 -2.522229395292733267e-01 -4.988819016759938663e+00
5.100000000000000089e-01 -2.065771794607157708e-01 -4.159213280000321866e+00
5.200000000000000178e-01 -1.686605997983061378e-01 -3.442716964882022168e+00
5.300000000000000266e-01 -1.373630286636684517e-01 -2.834013265077709676e+00
5.400000000000000355e-01 -1.116544359573174994e-01 -2.323023473389522309e+00
5.500000000000000444e-01 -9.061649087530861124e-02 -1.897852222118977972e+00
5.600000000000000533e-01 -7.345156429031214629e-02 -1.546455486150814185e+00
5.700000000000000622e-01 -5.947928931776239742e-02 -1.257525715579930647e+00
5.799999999999999600e-01 -4.812682715544692319e-02 -1.020906396994270215e+00
5.899999999999999689e-01 -3.891648880088854207e-02 -8.277317059370000729e-01
5.999999999999999778e-01 -3.145280665900738321e-02 -6.704124908628474877e-01
6.099999999999999867e-01 -2.541019181661895165e-02 -5.425425862340910177e-01
6.199999999999999956e-01 -2.052173323794391491e-02 -4.387696635961189640e-01
6.300000000000000044e-01 -1.656935348596446506e-02 -3.546562118763394444e-01
6.400000000000000133e-01 -1.337534182348566400e-02 -2.865447402707368418e-01
6.500000000000000222e-01 -1.079518249050348024e-02 -2.314343119324224762e-01
6.600000000000000311e-01 -8.711547446759605046e-03 -1.868713713909496144e-01
6.700000000000000400e-01 -7.029306259099191677e-03 -1.508554535364932114e-01
6.800000000000000488e-01 -5.671407061965955641e-03 -1.217590762119831610e-01
6.900000000000000577e-01 -4.575493052428991625e-03 -9.826049109395450232e-02
7.000000000000000666e-01 -3.691133672725225873e-03 -7.928772803487676990e-02
7.099999999999999645e-01 -2.977565513066209035e-03 -6.397234820716997394e-02
7.199999999999999734e-01 -2.401853396717887942e-03 -5.161141814541103656e-02
7.299999999999999822e-01 -1.937396258887590702e-03 -4.163636816218903997e-02
7.399999999999999911e-01 -1.562714952246593413e-03 -3.358756841169038831e-02
7.500000000000000000e-01 -1.260469932257307982e-03 -2.709362385473652879e-02
7.600000000000000089e-01 -1.016665971732934283e-03 -2.185454504488132735e-02
7.700000000000000178e-01 -8.200087763916727402e-04 -1.762809033419359198e-02
7.800000000000000266e-01 -6.613848000255617438e-04 -1.421869548656179254e-02
7.900000000000000355e-01 -5.334408705102720904e-04 -1.146850933904417121e-02
8.000000000000000444e-01 -4.302446066620317904e-04 -9.250140557624898091e-03
8.100000000000000533e-01 -3.470101841364143136e-04 -7.460792572929349740e-03
8.200000000000000622e-01 -2.798769300152050671e-04 -6.017523411933596057e-03
8.300000000000000711e-01 -2.257306050766813002e-04 -4.853416229786837281e-03
8.399999999999999689e-01 -1.820591667910942413e-04 -3.914486583589192603e-03
8.499999999999999778e-01 -1.468363757237499791e-04 -3.157185363515641486e-03
8.599999999999999867e-01 -1.184278803461108660e-04 -2.546383083738144610e-03
8.699999999999999956e-01 -9.551544555063644761e-05 -2.053743018074618426e-03
8.800000000000000044e-01 -7.703582381602964557e-05 -1.656408349211615626e-03
8.900000000000000133e-01 -6.213144208067163576e-05 -1.335942838192398638e-03
9.000000000000000222e-01 -5.011062220817583747e-05 -1.077476133684448448e-03
9.100000000000000311e-01 -4.041549308539241404e-05 -8.690142384362545573e-04
9.200000000000000400e-01 -3.259610787186654752e-05 -7.008832506950288819e-04
9.300000000000000488e-01 -2.628956693530841386e-05 -5.652806417169818892e-04
9.400000000000000577e-01 -2.120317869643455875e-05 -4.559132940404312826e-04
9.500000000000000666e-01 -1.710087760170216108e-05 -3.677055341100129082e-04
9.599999999999999645e-01 -1.379226934476039062e-05 -2.965636298392521097e-04
9.699999999999999734e-01 -1.112379521983982537e-05 -2.391858368293614426e-04
9.799999999999999822e-01 -8.971605731046200920e-06 -1.929091860840005364e-04
9.899999999999999911e-01 -7.235812838743373496e-06 -1.555859081377195603e-04
1.000000000000000000e+00 -5.835854162466878478e-06 -1.254837619462360226e-04
1.010000000000000009e+00 -4.706754037559353887e-06 -1.012056450227816104e-04
1.020000000000000018e+00 -3.796107927919277255e-06 -8.162475532365872451e-05
1.030000000000000027e+00 -3.061650257074231984e-06 -6.583229661622894992e-05
1.040000000000000036e+00 -2.469292789335575194e-06 -5.309530087047265251e-05
1.050000000000000044e+00 -1.991542526811461596e-06 -4.282261053432886739e-05
1.060000000000000053e+00 -1.606225698873367429e-06 -3.453744212017571379e-05
1.070000000000000062e+00 -1.295458624968914178e-06 -2.785525788581241931e-05
1.080000000000000071e+00 -1.044817688266505721e-06 -2.246591869134686217e-05
1.090000000000000080e+00 -8.426698979494670351e-07 -1.811928977238149523e-05
1.100000000000000089e+00 0.000000000000000000e+00 -1.461363140201135228e-05
1.110000000000000098e+00 0.000000000000000000e+00 -1.178623565096059154e-05
1.120000000000000107e+00 0.000000000000000000e+00 -9.505874691505342082e-06
1.130000000000000115e+00 0.000000000000000000e+00 -7.666710162335486906e-06
1.140000000000000124e+00 0.000000000000000000e+00 -6.183380918756169585e-06
1.150000000000000133e+00 0.000000000000000000e+00 -4.987041181805538553e-06
1.159999999999999920e+00 0.000000000000000000e+00 -4.022165208646319389e-06
1.169999999999999929e+00 0.000000000000000000e+00 -3.243970181794071708e-06
1.179999999999999938e+00 0.000000000000000000e+00 -2.616337707267581448e-06
1.189999999999999947e+00 0.000000000000000000e+00 -2.110137453123020676e-06
1.199999999999999956e+00 0.000000000000000000e+00 -1.701875124017601488e-06
