0.000000000000000000e+00 5.680731066189379245e+07 2.797740766187911034e+09
1.000000000000000021e-02 3.471470344647932798e+07 1.709724234805466175e+09
2.000000000000000042e-02 2.121375059277742356e+07 1.044821376472679019e+09
2.999999999999999889e-02 1.296327593388847820e+07 6.384908618172116280e+08
4.000000000000000083e-02 7.921428571794413030e+06 3.901782378156720400e+08
5.000000000000000278e-02 4.840400547105559148e+06 2.384327595407420993e+08
5.999999999999999778e-02 2.957638401534031145e+06 1.457007553513589203e+08
7.000000000000000666e-02 1.807136331231464399e+06 8.903253115972860157e+07
8.000000000000000167e-02 1.104113722908059135e+06 5.440316577191600949e+07
8.999999999999999667e-02 6.745394062966556521e+05 3.324183235440292209e+07
1.000000000000000056e-01 4.120626470189887332e+05 2.031079703481172398e+07
1.100000000000000006e-01 2.516929426865989517e+05 1.240923348628042825e+07
1.199999999999999956e-01 1.537153349007585784e+05 7.581099592251785100e+06
1.300000000000000044e-01 9.386083388390975597e+04 4.631056659171797335e+06
1.400000000000000133e-01 5.729945155640786106e+04 2.828639514902208932e+06
1.499999999999999944e-01 3.496929238959711074e+04 1.727470320539950626e+06
1.600000000000000033e-01 2.133324305370978254e+04 1.054777698938190239e+06
1.700000000000000122e-01 1.300808538725621474e+04 6.438806535684866831e+05
1.799999999999999933e-01 7.926755719528846384e+03 3.929289530463056290e+05
1.900000000000000022e-01 4.826413259982640739e+03 2.396892134666330821e+05
2.000000000000000111e-01 2.935611004974217849e+03 1.461366983646205335e+05
2.099999999999999922e-01 1.783137432719899152e+03 8.903948217075440334e+04
2.200000000000000011e-01 1.081209873148359293e+03 5.420458001509743917e+04
2.300000000000000100e-01 6.541026777179521332e+02 3.296190842074011744e+04
2.399999999999999911e-01 3.945391362478220003e+02 2.001577321120815759e+04
2.500000000000000000e-01 2.370485077201510649e+02 1.213203608489701583e+04
2.600000000000000089e-01 1.416893021694957895e+02 7.335945817919230649e+03
2.700000000000000178e-01 8.410643130306158355e+01 4.422018930654727228e+03
2.800000000000000266e-01 4.945820670542016728e+01 2.654598029151110950e+03
2.899999999999999800e-01 2.870756859604923150e+01 1.584919784200423919e+03
2.999999999999999889e-01 1.635758621287923731e+01 9.393706866200989225e+02
3.099999999999999978e-01 9.069145248038328333e+00 5.512364086466209301e+02
3.200000000000000067e-01 4.817415911170753517e+00 3.190226134551950281e+02
3.300000000000000155e-01 2.377313315133663174e+00 1.810075539021737541e+02
3.400000000000000244e-01 1.009802503933318496e+00 9.970910927389623168e+01
3.500000000000000333e-01 2.707800440309390821e-01 5.240671496624920422e+01
3.599999999999999867e-01 -1.052633703164356643e-01 2.536041346262573981e+01
3.699999999999999956e-01 -2.759802256348872773e-01 1.028682946438955703e+01
3.800000000000000044e-01 -3.341146421894535257e-01 2.212471635419590132e+00
3.900000000000000133e-01 -3.335297039154032084e-01 -1.832759367323915978e+00
4.000000000000000222e-01 -3.049418061096149102e-01 -3.609773441727507137e+00
4.100000000000000311e-01 -2.654021717545029801e-01 -4.152344033656644839e+00
4.199999999999999845e-01 -2.239863908805735937e-01 -4.059120271111770428e+00
4.299999999999999933e-01 -1.851894778233563188e-01 -3.670064276820841354e+00
4.400000000000000022e-01 -1.509366050866001729e-01 -3.172698544644301677e+00
4.500000000000000111e-01 -1.217618283002334795e-01 -2.665802966929930573e+00
4.600000000000000200e-01 -9.748928224592730285e-02 -2.197377535053448128e+00
4.700000000000000289e-01 -7.761887047714592647e-02 -1.787088615753908538e+00
4.799999999999999822e-01 -6.153804405921448062e-02 -1.439397269729213225e+00
4.899999999999999911e-01 -4.863252126709577405e-02 -1.151121735053123540e+00
5.000000000000000000e-01 -3.833932992608445056e-02 -9.156990180280717428e-01
5.100000000000000089e-01 -3.016779296347549266e-02 -7.255078103990132421e-01
5.200000000000000178e-01 -2.370341798197741698e-02 -5.730680655001015866e-01
5.300000000000000266e-01 -1.860328926523693166e-02 -4.516020945819165799e-01
5.400000000000000355e-01 -1.458779125725419117e-02 -3.552430123075895341e-01
5.500000000000000444e-01 -1.143128191132513141e-02 -2.790570148262861427e-01
5.600000000000000533e-01 -8.953055952001820819e-03 -2.189748272938887852e-01
5.700000000000000622e-01 -7.009213636477684174e-03 -1.716855763871055485e-01
5.799999999999999600e-01 -5.485652251298711590e-03 -1.345217193271262268e-01
5.899999999999999689e-01 -4.292188834210890203e-03 -1.053494669258162458e-01
5.999999999999999778e-01 -3.357722163943662082e-03 -8.247113173019759991e-02
6.099999999999999867e-01 -2.626301878036096243e-03 -6.454146150287955186e-02
6.199999999999999956e-01 -2.053964597337391926e-03 -5.049775528691467091e-02
6.300000000000000044e-01 -1.606205015589885592e-03 -3.950249539086238271e-02
6.400000000000000133e-01 -1.255964979614028173e-03 -3.089682786436043910e-02
6.500000000000000222e-01 -9.820407120318757309e-04 -2.416317409633307947e-02
6.600000000000000311e-01 -7.678249850852927015e-04 -1.889537807267182429e-02
6.700000000000000400e-01 -6.003160725474571266e-04 -1.477498748451760296e-02
6.800000000000000488e-01 -4.693382678495571208e-04 -1.155247837375820812e-02
6.900000000000000577e-01 -3.669296347237148274e-04 -9.032435070548159445e-03
7.000000000000000666e-01 -2.868616164466004340e-04 -7.061877591445375572e-03
7.099999999999999645e-01 -2.242624125917620000e-04 -5.521083422678266933e-03
7.199999999999999734e-01 -1.753218957387230872e-04 -4.316379976216186409e-03
7.299999999999999822e-01 -1.370605284078447615e-04 -3.374490258584598133e-03
7.399999999999999911e-01 -1.071484687420125559e-04 -2.638100485431726927e-03
7.500000000000000000e-01 -8.376400684680173714e-05 -2.062387669161391390e-03
7.600000000000000089e-01 -6.548280623870041583e-05 -1.612300546657613161e-03
7.700000000000000178e-01 -5.119126280754434071e-05 -1.260431190185662799e-03
7.800000000000000266e-01 -4.001873937722551683e-05 -9.853494592552884766e-04
7.900000000000000355e-01 -3.128456951686375023e-05 -7.702999342721489080e-04
8.000000000000000444e-01 -2.445661528906578530e-05 -6.021826205811237499e-04
8.100000000000000533e-01 -1.911886220585104962e-05 -4.707557341794213067e-04
8.200000000000000622e-01 -1.494608201286616097e-05 -3.680122486478659954e-04
8.300000000000000711e-01 -1.168402256547715978e-05 -2.876923706262554713e-04
8.399999999999999689e-01 -9.133919610917820022e-06 -2.249023326547708583e-04
8.499999999999999778e-01 -7.140387887297154471e-06 -1.758163332029537794e-04
8.599999999999999867e-01 -5.581954405864982181e-06 -1.374434974102531283e-04
8.699999999999999956e-01 -4.363657501835301680e-06 -1.074456801333302828e-04
8.800000000000000044e-01 -3.411260944372819908e-06 -8.399502244535401790e-05
8.900000000000000133e-01 -2.666730704963163510e-06 -6.566258990568028917e-05
9.000000000000000222e-01 -2.084698859519628789e-06 -5.133131171149492723e-05
9.100000000000000311e-01 -1.629699211661445314e-06 -4.012791868149287520e-05
9.200000000000000400e-01 -1.274006225783020367e-06 -3.136973453584374744e-05
9.300000000000000488e-01 -9.959456068711377216e-07 -2.452307930398632316e-05
9.400000000000000577e-01 -7.785735951379155794e-07 -1.917075083985694109e-05
9.500000000000000666e-01 -6.086445059323284894e-07 -1.498660333319493947e-05
9.599999999999999645e-01 -4.758036064658059338e-07 -1.171567400004844439e-05
9.699999999999999734e-01 -3.719561498985886764e-07 -9.158647116499582671e-06
9.799999999999999822e-01 -2.907741203595490406e-07 -7.159708796869963366e-06
9.899999999999999911e-01 -2.273106332257818286e-07 -5.597052497359653690e-06
1.000000000000000000e+00 -1.776984945758483341e-07 -4.375456726907319473e-06
1.010000000000000009e+00 -1.389145517487192717e-07 -3.420482704459591662e-06
1.020000000000000018e+00 -1.085954757979273932e-07 -2.673938405888804600e-06
1.030000000000000027e+00 -8.489375056645522776e-08 -2.090332606960771295e-06
1.040000000000000036e+00 -6.636509306470413767e-08 -1.634102851714716892e-06
1.050000000000000044e+00 -5.188044508528600534e-08 -1.277448433400987383e-06
1.060000000000000053e+00 -4.055717323180298302e-08 -9.986363408364208540e-07
1.070000000000000062e+00 -3.170528500384798453e-08 -7.806769428238832170e-07
1.080000000000000071e+00 -2.478538358670023586e-08 -6.102887131156055291e-07
1.090000000000000080e+00 -1.937579929594816973e-08 -4.770889110405614030e-07
1.100000000000000089e+00 0.000000000000000000e+00 -3.729609015368363647e-07
1.110000000000000098e+00 0.000000000000000000e+00 -2.915595618903664056e-07
1.120000000000000107e+00 0.000000000000000000e+00 -2.279246368424159833e-07
1.130000000000000115e+00 0.000000000000000000e+00 -1.781784816100329634e-07
1.140000000000000124e+00 0.000000000000000000e+00 -1.392897745852352061e-07
1.150000000000000133e+00 0.000000000000000000e+00 -1.088888013795119036e-07
1.159999999999999920e+00 0.000000000000000000e+00 -8.512305441270641215e-08
1.169999999999999929e+00 0.000000000000000000e+00 -6.654434889995683164e-08
1.179999999999999938e+00 0.000000000000000000e+00 -5.202057656406453501e-08
1.189999999999999947e+00 0.000000000000000000e+00 -4.066671971818535511e-08
1.199999999999999956e+00 0.000000000000000000e+00 -3.179092200862472592e-08
