0.000000000000000000e+00 6.390814754584939033e+07 3.147454230694617748e+09
1.000000000000000021e-02 3.905399644109497964e+07 1.923437342373598814e+09
2.000000000000000042e-02 2.386544323155878857e+07 1.175422631418340206e+09
2.999999999999999889e-02 1.458367020279250294e+07 7.183013919422785044e+08
4.000000000000000083e-02 8.911598316437706351e+06 4.389500352547974586e+08
5.000000000000000278e-02 5.445445512027210556e+06 2.682365740900529027e+08
5.999999999999999778e-02 3.327340260444289073e+06 1.639131871777654290e+08
7.000000000000000666e-02 2.033026683538448997e+06 1.001615035426140726e+08
8.000000000000000167e-02 1.242126972163819475e+06 6.120350730886399001e+07
8.999999999999999667e-02 7.588562820121333934e+05 3.739703028085575253e+07
1.000000000000000056e-01 4.635701663238452747e+05 2.284962886541921273e+07
1.100000000000000006e-01 2.831543850898692035e+05 1.396037753809065558e+07
1.199999999999999956e-01 1.729296536650770868e+05 8.528731301475001499e+06
1.300000000000000044e-01 1.055933837064708496e+05 5.209935510129104368e+06
1.400000000000000133e-01 6.446185310666669830e+04 3.182217647724433336e+06
1.499999999999999944e-01 3.934043770177276747e+04 1.943403108958728379e+06
1.600000000000000033e-01 2.399988973916897885e+04 1.186624361368575366e+06
1.700000000000000122e-01 1.463409148296533203e+04 7.243654369020046433e+05
1.799999999999999933e-01 8.917597827190284079e+03 4.420449126588195213e+05
1.900000000000000022e-01 5.429713738002988975e+03 2.696502814253956312e+05
2.000000000000000111e-01 3.302561813061818157e+03 1.644037427577174385e+05
2.099999999999999922e-01 2.006029353648997358e+03 1.001693961575747817e+05
2.200000000000000011e-01 1.216360999752475209e+03 6.098014243295794586e+04
2.300000000000000100e-01 7.358654742685673682e+02 3.708214252437648247e+04
2.399999999999999911e-01 4.438565193067864811e+02 2.251774313311358492e+04
2.500000000000000000e-01 2.666795724999616937e+02 1.364854009730017242e+04
2.600000000000000089e-01 1.594004683356884300e+02 8.252939045748618810e+03
2.700000000000000178e-01 9.461973763643177904e+01 4.974771454921838085e+03
2.800000000000000266e-01 5.564048325353421376e+01 2.986422952741795143e+03
2.899999999999999800e-01 3.229601385777542077e+01 1.783034887834988467e+03
2.999999999999999889e-01 1.840228261610182514e+01 1.056792104254895094e+03
3.099999999999999978e-01 1.020278593112082532e+01 6.201409995617684672e+02
3.200000000000000067e-01 5.419590191940943491e+00 3.589004492618323638e+02
3.300000000000000155e-01 2.674474788193651253e+00 2.036334872805054204e+02
3.400000000000000244e-01 1.136025297597508255e+00 1.121727256028715658e+02
3.500000000000000333e-01 3.046252845485353800e-01 5.895752662713086067e+01
3.599999999999999867e-01 -1.184232700809402239e-01 2.853043607668642778e+01
3.699999999999999956e-01 -3.104794455498823824e-01 1.157265516535890626e+01
3.800000000000000044e-01 -3.758803957008106655e-01 2.489005028194394953e+00
3.900000000000000133e-01 -3.752220993353554968e-01 -2.061876834431754180e+00
4.000000000000000222e-01 -3.430605046082391696e-01 -4.061014519985381099e+00
4.100000000000000311e-01 -2.985782372245579519e-01 -4.671403424218232736e+00
4.199999999999999845e-01 -2.519853338166870294e-01 -4.566523956531374218e+00
4.299999999999999933e-01 -2.083386823982302238e-01 -4.128833563477980029e+00
4.400000000000000022e-01 -1.698040986063546198e-01 -3.569295059715574148e+00
4.500000000000000111e-01 -1.369823916576323464e-01 -2.999035805464982385e+00
4.600000000000000200e-01 -1.096757100791097977e-01 -2.472055758555940397e+00
4.700000000000000289e-01 -8.732144262224125764e-02 -2.010479543899531318e+00
4.799999999999999822e-01 -6.923046936996418710e-02 -1.619325816937672302e+00
4.899999999999999911e-01 -5.471172138330199913e-02 -1.295015060209959934e+00
5.000000000000000000e-01 -4.313185330182388311e-02 -1.030163874342438834e+00
5.100000000000000089e-01 -3.393885204837827907e-02 -8.161982603251675128e-01
5.200000000000000178e-01 -2.666641255688120826e-02 -6.447031425961460283e-01
5.300000000000000266e-01 -2.092875373847643064e-02 -5.080536020718119383e-01
5.400000000000000355e-01 -1.641130735984961536e-02 -3.996493768807354852e-01
5.500000000000000444e-01 -1.286022552944184050e-02 -3.139399247199314291e-01
5.600000000000000533e-01 -1.007221434049953256e-02 -2.463473008591941515e-01
5.700000000000000622e-01 -7.885386205338370744e-03 -1.931467643062003414e-01
5.799999999999999600e-01 -6.171375270723838957e-03 -1.513373225971020863e-01
5.899999999999999689e-01 -4.828725464872506666e-03 -1.185184574157127635e-01
5.999999999999999778e-01 -3.777447723705874057e-03 -9.278026599818212095e-02
6.099999999999999867e-01 -2.954597738503075745e-03 -7.260933608517884663e-02
6.199999999999999956e-01 -2.310716587997464939e-03 -5.681012632011586683e-02
6.300000000000000044e-01 -1.806985707770312945e-03 -4.444042709025397553e-02
6.400000000000000133e-01 -1.412964600352394811e-03 -3.475902594684026486e-02
6.500000000000000222e-01 -1.104798956714336594e-03 -2.718364556062993764e-02
6.600000000000000311e-01 -8.638055985684758593e-04 -2.125735931262579675e-02
6.700000000000000400e-01 -6.753575466903016626e-04 -1.662190748159670176e-02
6.800000000000000488e-01 -5.280071017628823428e-04 -1.299657492294948105e-02
6.900000000000000577e-01 -4.127970622252474277e-04 -1.016151846075859580e-02
7.000000000000000666e-01 -3.227202833833297418e-04 -7.944635180705556660e-03
7.099999999999999645e-01 -2.522959752358784179e-04 -6.211236912454889611e-03
7.199999999999999734e-01 -1.972377329642236669e-04 -4.855941723848822798e-03
7.299999999999999822e-01 -1.541935678445648865e-04 -3.796312783351892504e-03
7.399999999999999911e-01 -1.205424006340175507e-04 -2.967871914575578429e-03
7.500000000000000000e-01 -9.423480205325918189e-05 -2.320193122971481864e-03
7.600000000000000089e-01 -7.366838909950215719e-05 -1.813843632086227639e-03
7.700000000000000178e-01 -5.759035362924772695e-05 -1.417989439942514201e-03
7.800000000000000266e-01 -4.502122604153327087e-05 -1.108521572732457496e-03
7.900000000000000355e-01 -3.519525440942177674e-05 -8.665901314965730523e-04
8.000000000000000444e-01 -2.751378182349840999e-05 -6.774575812643140408e-04
8.100000000000000533e-01 -2.150879061990618440e-05 -5.296018826829091732e-04
8.200000000000000622e-01 -1.681439793568507700e-05 -4.140151054989372223e-04
8.300000000000000711e-01 -1.314456925865395643e-05 -3.236549620333135143e-04
8.399999999999999689e-01 -1.027569413438650266e-05 -2.530159479945119270e-04
8.499999999999999778e-01 -8.032963614750058198e-06 -1.977940241160569947e-04
8.599999999999999867e-01 -6.279720170582430330e-06 -1.546244462827819856e-04
8.699999999999999956e-01 -4.909131600291966751e-06 -1.208767934009248330e-04
8.800000000000000044e-01 -3.837681884986883641e-06 -9.449471801920158402e-05
8.900000000000000133e-01 -3.000082538210411299e-06 -7.387066403436014109e-05
9.000000000000000222e-01 -2.345294484226947356e-06 -5.774792296222163200e-05
9.100000000000000311e-01 -1.833418125071209521e-06 -4.514406395263309275e-05
9.200000000000000400e-01 -1.433262133041529039e-06 -3.529107380842451240e-05
9.300000000000000488e-01 -1.120442847307267975e-06 -2.758856068424196906e-05
9.400000000000000577e-01 -8.758984758853648163e-07 -2.156717068471337444e-05
9.500000000000000666e-01 -6.847275745031198411e-07 -1.685998860567037872e-05
9.599999999999999645e-01 -5.352810301246504176e-07 -1.318018039470511200e-05
9.699999999999999734e-01 -4.184522220980880086e-07 -1.030351513684259234e-05
9.799999999999999822e-01 -3.271221085681870580e-07 -8.054701638794605368e-06
9.899999999999999911e-01 -2.557254254232088965e-07 -6.296707088039275733e-06
1.000000000000000000e+00 -1.999115646015647615e-07 -4.922406951896802903e-06
1.010000000000000009e+00 -1.562794676206157392e-07 -3.848057321737440573e-06
1.020000000000000018e+00 -1.221703801675557068e-07 -3.008191949820416811e-06
1.030000000000000027e+00 -9.550583928052495736e-08 -2.351633035062136795e-06
1.040000000000000036e+00 -7.466102085757013216e-08 -1.838372677553206892e-06
1.050000000000000044e+00 -5.836572989522835859e-08 -1.437134974300665987e-06
1.060000000000000053e+00 -4.562700026237848965e-08 -1.123470202719286647e-06
1.070000000000000062e+00 -3.566858759214531876e-08 -8.782649607492960095e-07
1.080000000000000071e+00 -2.788366825978349958e-08 -6.865774786141751804e-07
1.090000000000000080e+00 -2.179786213140035351e-08 -5.367271315111760568e-07
1.100000000000000089e+00 0.000000000000000000e+00 -4.195826722715075774e-07
1.110000000000000098e+00 0.000000000000000000e+00 -3.280058120689247505e-07
1.120000000000000107e+00 0.000000000000000000e+00 -2.564162434401896746e-07
1.130000000000000115e+00 0.000000000000000000e+00 -2.004516000205581568e-07
1.140000000000000124e+00 0.000000000000000000e+00 -1.567016324144546879e-07
1.150000000000000133e+00 0.000000000000000000e+00 -1.225004020239671356e-07
1.159999999999999920e+00 0.000000000000000000e+00 -9.576383001791190315e-08
1.169999999999999929e+00 0.000000000000000000e+00 -7.486270236937509813e-08
1.179999999999999938e+00 0.000000000000000000e+00 -5.852339242943374643e-08
1.189999999999999947e+00 0.000000000000000000e+00 -4.575025149239102543e-08
1.199999999999999956e+00 0.000000000000000000e+00 -3.576493816263345896e-08
