0.000000000000000000e+00 3.266468049580251053e+07 1.608728352461389542e+09
1.000000000000000021e-02 1.996122189839334041e+07 9.831070047572263479e+08
2.000000000000000042e-02 1.219805534488962404e+07 6.007810839762468338e+08
2.999999999999999889e-02 7.453965604068234563e+06 3.671371773018788099e+08
4.000000000000000083e-02 4.554866027237645350e+06 2.243552308220709860e+08
5.000000000000000278e-02 2.783254222236146685e+06 1.371003488101499379e+08
5.999999999999999778e-02 1.700654645998620428e+06 8.377875762430250645e+07
7.000000000000000666e-02 1.039109819582532858e+06 5.119414697679911554e+07
8.000000000000000167e-02 6.348685561733955983e+05 3.128205253980295360e+07
8.999999999999999667e-02 3.878616267512977938e+05 1.911417252840414643e+07
1.000000000000000056e-01 2.369366343996002397e+05 1.167876692529717460e+07
1.100000000000000006e-01 1.447236423420158972e+05 7.135336502874645405e+06
1.199999999999999956e-01 8.838633379923780740e+04 4.359143675088375807e+06
1.300000000000000044e-01 5.396992461553394969e+04 2.662861349701697938e+06
1.400000000000000133e-01 3.294711160304032092e+04 1.626468070187605685e+06
1.499999999999999944e-01 2.010727440794595896e+04 9.932944540862709982e+05
1.600000000000000033e-01 1.226655810260966791e+04 6.064958495183833875e+05
1.700000000000000122e-01 7.479605562584145446e+03 3.702301204191301367e+05
1.799999999999999933e-01 4.557852523925439527e+03 2.259331101000445487e+05
1.900000000000000022e-01 2.775164784215993677e+03 1.378204986408404075e+05
2.000000000000000111e-01 1.687960392994590620e+03 8.402801299606147222e+04
2.099999999999999922e-01 1.025293098004786543e+03 5.119728173915628577e+04
2.200000000000000011e-01 6.216882907820701121e+02 3.116733969783224529e+04
2.300000000000000100e-01 3.761041057407933863e+02 1.895289556131817881e+04
2.399999999999999911e-01 2.268567422957493704e+02 1.150893292972069503e+04
2.500000000000000000e-01 1.363007576427798710e+02 6.975829254200461946e+03
2.600000000000000089e-01 8.146996515217067270e+01 4.218108209145103501e+03
2.700000000000000178e-01 4.836030976687865746e+01 2.542621066613001858e+03
2.800000000000000266e-01 2.843790460186403379e+01 1.526367944503280114e+03
2.899999999999999800e-01 1.650649776594302764e+01 9.113121445202159521e+02
2.999999999999999889e-01 9.405392935474049310e+00 5.401274415990432090e+02
3.099999999999999978e-01 5.214625385352026576e+00 3.169541546050809302e+02
3.200000000000000067e-01 2.769935225861137607e+00 1.834337554942261193e+02
3.300000000000000155e-01 1.366909985704116481e+00 1.040767190183273385e+02
3.400000000000000244e-01 5.806119679798608102e-01 5.733114403733815578e+01
3.500000000000000333e-01 1.556864974935570634e-01 3.013291558803000214e+01
3.599999999999999867e-01 -6.053118718610406290e-02 1.458169527876628457e+01
3.699999999999999956e-01 -1.586892915518244018e-01 5.914631473586332788e+00
3.800000000000000044e-01 -1.921144331276188055e-01 1.272024237393738488e+00
3.900000000000000133e-01 -1.917770988703267343e-01 -1.053896600745079848e+00
4.000000000000000222e-01 -1.753387274470979140e-01 -2.075630680289385577e+00
4.100000000000000311e-01 -1.526034725367722000e-01 -2.387582832886551376e+00
4.199999999999999845e-01 -1.287896180372872235e-01 -2.333966961778080051e+00
4.299999999999999933e-01 -1.064816912223791323e-01 -2.110255486374438494e+00
4.400000000000000022e-01 -8.678660623331407864e-02 -1.824270286160036836e+00
4.500000000000000111e-01 -7.001141293714224778e-02 -1.532807658290761044e+00
4.600000000000000200e-01 -5.605497336567676764e-02 -1.263466338360266450e+00
4.700000000000000289e-01 -4.462972624934195137e-02 -1.027553771506925173e+00
4.799999999999999822e-01 -3.538345550306344622e-02 -8.276346825540493723e-01
4.899999999999999911e-01 -2.796295146504144610e-02 -6.618793706219507911e-01
5.000000000000000000e-01 -2.204450871624583780e-02 -5.265140411750731664e-01
5.100000000000000089e-01 -1.734599190079011422e-02 -4.171564327420056451e-01
5.200000000000000178e-01 -1.362907175726149611e-02 -3.295055426203568616e-01
5.300000000000000266e-01 -1.069657528675362936e-02 -2.596642392026272117e-01
5.400000000000000355e-01 -8.387726657279714892e-03 -2.042591077928278820e-01
5.500000000000000444e-01 -6.572784361138617193e-03 -1.604532548540952563e-01
5.600000000000000533e-01 -5.147845113429673491e-03 -1.259068875002860577e-01
5.700000000000000622e-01 -4.030168432099125349e-03 -9.871628900108744831e-02
5.799999999999999600e-01 -3.154146797618816080e-03 -7.734765270530638559e-02
5.899999999999999689e-01 -2.467926267038080511e-03 -6.057407551877191237e-02
5.999999999999999778e-01 -1.930624663501800519e-03 -4.741940854832585317e-02
6.099999999999999867e-01 -1.510071359261441976e-03 -3.711014940028561915e-02
6.199999999999999956e-01 -1.180988081981325594e-03 -2.903525946931724555e-02
6.300000000000000044e-01 -9.235348206169264598e-04 -2.271317784365670112e-02
6.400000000000000133e-01 -7.221535710249721079e-04 -1.776507303583759259e-02
6.500000000000000222e-01 -5.646525092696503363e-04 -1.389334504691738977e-02
6.600000000000000311e-01 -4.414827581606384221e-04 -1.086446037457835731e-02
6.700000000000000400e-01 -3.451685481260692448e-04 -8.495313930234407729e-03
6.800000000000000488e-01 -2.698590261087138297e-04 -6.642433441607243499e-03
6.900000000000000577e-01 -2.109762210581279463e-04 -5.193458106692666609e-03
7.000000000000000666e-01 -1.649388263994086470e-04 -4.060427002591455829e-03
7.099999999999999645e-01 -1.289456474206235337e-04 -3.174501736670633494e-03
7.199999999999999734e-01 -1.008059330015456998e-04 -2.481822210574072349e-03
7.299999999999999822e-01 -7.880650655614578851e-05 -1.940255461897678413e-03
7.399999999999999911e-01 -6.160775476629169734e-05 -1.516847108654702627e-03
7.500000000000000000e-01 -4.816223085042547667e-05 -1.185824765262038453e-03
7.600000000000000089e-01 -3.765097029279012528e-05 -9.270346185752232444e-04
7.700000000000000178e-01 -2.943367376127138844e-05 -7.247176382798387528e-04
7.800000000000000266e-01 -2.300974318833034758e-05 -5.665519140207480762e-04
7.900000000000000355e-01 -1.798780992624777553e-05 -4.429034140850859609e-04
8.000000000000000444e-01 -1.406190622062320884e-05 -3.462399076695986378e-04
8.100000000000000533e-01 -1.099283292209754920e-05 -2.706725805904651493e-04
8.200000000000000622e-01 -8.593591074692721117e-06 -2.115975608784366317e-04
8.300000000000000711e-01 -6.717991482559222277e-06 -1.654156010359037192e-04
8.399999999999999689e-01 -5.251749293447096206e-06 -1.293128909810466708e-04
8.499999999999999778e-01 -4.105521626216352763e-06 -1.010896791889615899e-04
8.599999999999999867e-01 -3.209464403420590059e-06 -7.902627959620257998e-05
8.699999999999999956e-01 -2.508976960764950261e-06 -6.177831191797315716e-05
8.800000000000000044e-01 -1.961375283712480274e-06 -4.829479947186619278e-05
8.900000000000000133e-01 -1.533291247306055355e-06 -3.775413843926012141e-05
9.000000000000000222e-01 -1.198639437724059500e-06 -2.951403967167138992e-05
9.100000000000000311e-01 -9.370276974777267716e-07 -2.307239445758753685e-05
9.200000000000000400e-01 -7.325145609959276384e-07 -1.803668064185062184e-05
9.300000000000000488e-01 -5.726378769651072183e-07 -1.410004548559354164e-05
9.400000000000000577e-01 -4.476554336454165301e-07 -1.102260825269050296e-05
9.500000000000000666e-01 -3.499513188346688042e-07 -8.616843421660961078e-06
9.599999999999999645e-01 -2.735718434291019106e-07 -6.736153983545919961e-06
9.699999999999999734e-01 -2.138627514411401959e-07 -5.265938619114627556e-06
9.799999999999999822e-01 -1.671856106093841827e-07 -4.116608480254481685e-06
9.899999999999999911e-01 -1.306961022484370603e-07 -3.218128079802036914e-06
1.000000000000000000e+00 -1.021707006131145476e-07 -2.515747653933737219e-06
1.010000000000000009e+00 -7.987118055400171928e-08 -1.966666956757848997e-06
1.020000000000000018e+00 -6.243869724853915378e-08 -1.537427199604148765e-06
1.030000000000000027e+00 -4.881098373683561915e-08 -1.201872214755689430e-06
1.040000000000000036e+00 -3.815762066242144267e-08 -9.395546078206162679e-07
1.050000000000000044e+00 -2.982943384471915534e-08 -7.344897776752045777e-07
1.060000000000000053e+00 -2.331893619084145104e-08 -5.741818799063301873e-07
1.070000000000000062e+00 -1.822940344465939875e-08 -4.488623804325205015e-07
1.080000000000000071e+00 -1.425069937817562849e-08 -3.508948001391393847e-07
1.090000000000000080e+00 -1.114037731170871543e-08 -2.743093782367660834e-07
1.100000000000000089e+00 0.000000000000000000e+00 -2.144392986950183540e-07
1.110000000000000098e+00 0.000000000000000000e+00 -1.676363129025083642e-07
1.120000000000000107e+00 0.000000000000000000e+00 -1.310484297637956459e-07
1.130000000000000115e+00 0.000000000000000000e+00 -1.024461265695579075e-07
1.140000000000000124e+00 0.000000000000000000e+00 -8.008649062941631025e-08
1.150000000000000133e+00 0.000000000000000000e+00 -6.260701300130501991e-08
1.159999999999999920e+00 0.000000000000000000e+00 -4.894256252936014528e-08
1.169999999999999929e+00 0.000000000000000000e+00 -3.826048091682455844e-08
1.179999999999999938e+00 0.000000000000000000e+00 -2.990984378377962445e-08
1.189999999999999947e+00 0.000000000000000000e+00 -2.338179587823195800e-08
1.199999999999999956e+00 0.000000000000000000e+00 -1.827854342410878226e-08
