0.000000000000000000e+00 2.840359763193318248e+07 1.398867285381810665e+09
1.000000000000000021e-02 1.735731802805117518e+07 8.548603014809981585e+08
2.000000000000000042e-02 1.060685566121020354e+07 5.224096256331268549e+08
2.999999999999999889e-02 6.481626551876964048e+06 3.192448103353795409e+08
4.000000000000000083e-02 3.960707666865662672e+06 1.950887572622328401e+08
5.000000000000000278e-02 2.420196446519225836e+06 1.192161695133728534e+08
5.999999999999999778e-02 1.478816995090510463e+06 7.285025575145320594e+07
7.000000000000000666e-02 9.035668989294676576e+05 4.451619508126691729e+07
8.000000000000000167e-02 5.520561369337654905e+05 2.720154225281330571e+07
8.999999999999999667e-02 3.372692906177239493e+05 1.662089284134029038e+07
1.000000000000000056e-01 2.060310898357706319e+05 1.015538516946946271e+07
1.100000000000000006e-01 1.258463397672141728e+05 6.204609143087965436e+06
1.199999999999999956e-01 7.685759387254288595e+04 3.790545491375633981e+06
1.300000000000000044e-01 4.693037612785727833e+04 2.315525905976352282e+06
1.400000000000000133e-01 2.864970335366338259e+04 1.414318402469648048e+06
1.499999999999999944e-01 1.748463401439199515e+04 8.637344089520784328e+05
1.600000000000000033e-01 1.066661500241821886e+04 5.273884369456341956e+05
1.700000000000000122e-01 6.504039258743408936e+03 3.219401029563876218e+05
1.799999999999999933e-01 3.963376090680471862e+03 1.964643568426573765e+05
1.900000000000000022e-01 2.413205744615990625e+03 1.198445439098306524e+05
2.000000000000000111e-01 1.467805076322585364e+03 7.306831698441004846e+04
2.099999999999999922e-01 8.915685224008580008e+02 4.451972510757049895e+04
2.200000000000000011e-01 5.406048557003667838e+02 2.710228243482827020e+04
2.300000000000000100e-01 3.270513100962529620e+02 1.648095086722622364e+04
2.399999999999999911e-01 1.972695613076590178e+02 1.000788530428683589e+04
2.500000000000000000e-01 1.185242547928935437e+02 6.066017666092836407e+03
2.600000000000000089e-01 7.084465359942095120e+01 3.667972907692614172e+03
2.700000000000000178e-01 4.205321744894352776e+01 2.211009582715742908e+03
2.800000000000000266e-01 2.472910387560510159e+01 1.327299141388727548e+03
2.899999999999999800e-01 1.435378368392840187e+01 7.924599896747876073e+02
2.999999999999999889e-01 8.178791699821104544e+00 4.696854044482928998e+02
3.099999999999999978e-01 4.534570769372090027e+00 2.756182340833240687e+02
3.200000000000000067e-01 2.408705925361904310e+00 1.595113135162606284e+02
3.300000000000000155e-01 1.188654640295036646e+00 9.050376878691444915e+01
3.400000000000000244e-01 5.048993637862720929e-01 4.985453788917325824e+01
3.500000000000000333e-01 1.353883245359555898e-01 2.620333671057351310e+01
3.599999999999999867e-01 -5.263316787804344504e-02 1.268018494392302387e+01
3.699999999999999956e-01 -1.379913806133742371e-01 5.143393760930925040e+00
3.800000000000000044e-01 -1.670583876868625695e-01 1.106216661162277459e+00
3.900000000000000133e-01 -1.667657380846848114e-01 -9.163965800419976437e-01
4.000000000000000222e-01 -1.524716320341588383e-01 -1.804901257867423503e+00
4.100000000000000311e-01 -1.327016809123884866e-01 -2.076184296826326214e+00
4.199999999999999845e-01 -1.119936781212537702e-01 -2.029570366072962262e+00
4.299999999999999933e-01 -9.259512849472259499e-02 -1.835040570769808088e+00
4.400000000000000022e-01 -7.546861571450209916e-02 -1.586356164627179766e+00
4.500000000000000111e-01 -6.088116507227383373e-02 -1.332907079822717389e+00
4.600000000000000200e-01 -4.874484163402962450e-02 -1.098693287711955735e+00
4.700000000000000289e-01 -3.880959511854906868e-02 -8.935479434349500316e-01
4.799999999999999822e-01 -3.076914928578377770e-02 -7.197015489820784984e-01
4.899999999999999911e-01 -2.431636177570512328e-02 -5.755631969424724881e-01
5.000000000000000000e-01 -1.916974525405634039e-02 -4.578513668889875876e-01
5.100000000000000089e-01 -1.508396015754358971e-02 -3.627553842938400774e-01
5.200000000000000178e-01 -1.185175944884398966e-02 -2.865352085412015692e-01
5.300000000000000266e-01 -9.301684589352657989e-03 -2.258019808378350368e-01
5.400000000000000355e-01 -7.293927251892495973e-03 -1.776222466243865816e-01
5.500000000000000444e-01 -5.715665971695206918e-03 -1.395290942551839775e-01
5.600000000000000533e-01 -4.476547757406661686e-03 -1.094878784165580488e-01
5.700000000000000622e-01 -3.504622455072473833e-03 -8.584315607421429128e-02
5.799999999999999600e-01 -2.742838482690275817e-03 -6.726115071452913596e-02
5.899999999999999689e-01 -2.146104179834840836e-03 -5.267496363700600176e-02
5.999999999999999778e-01 -1.678868793367772113e-03 -4.123574783327740162e-02
6.099999999999999867e-01 -1.313157028930262392e-03 -3.227087456747709804e-02
6.199999999999999956e-01 -1.026987107223203011e-03 -2.524899127772152821e-02
6.300000000000000044e-01 -8.031063040121052491e-04 -1.975133746215922831e-02
6.400000000000000133e-01 -6.279854863926788043e-04 -1.544848483066561980e-02
6.500000000000000222e-01 -4.910227210997924292e-04 -1.208164303465635893e-02
6.600000000000000311e-01 -3.839143589857360052e-04 -9.447733240357952117e-03
6.700000000000000400e-01 -3.001595090432169588e-04 -7.387528638509893372e-03
6.800000000000000488e-01 -2.346702959338012285e-04 -5.776266731656519611e-03
6.900000000000000577e-01 -1.834657340916263598e-04 -4.516239274668857988e-03
7.000000000000000666e-01 -1.434315313798491557e-04 -3.530955951357142922e-03
7.099999999999999645e-01 -1.121317767020438955e-04 -2.760555248268431461e-03
7.199999999999999734e-01 -8.766139775122918319e-05 -2.158200668569259725e-03
7.299999999999999822e-01 -6.853061899808489518e-05 -1.687253555232462324e-03
7.399999999999999911e-01 -5.357451415268981663e-05 -1.319056889430105612e-03
7.500000000000000000e-01 -4.188222403479639392e-05 -1.031199077309895035e-03
7.600000000000000089e-01 -3.274157706090976872e-05 -8.061544082852248631e-04
7.700000000000000178e-01 -2.559576853815352537e-05 -6.302188560770164479e-04
7.800000000000000266e-01 -2.000947779657106024e-05 -4.926773011583637221e-04
7.900000000000000355e-01 -1.564236997773721532e-05 -3.851519948231188744e-04
8.000000000000000444e-01 -1.222837481648418077e-05 -3.010929090280265548e-04
8.100000000000000533e-01 -9.559484045881752143e-06 -2.353791275267417952e-04
8.200000000000000622e-01 -7.473082731709568612e-06 -1.840071179743788031e-04
8.300000000000000711e-01 -5.842044164994448699e-06 -1.438469685898792461e-04
8.399999999999999689e-01 -4.566985717154935272e-06 -1.124517837273190159e-04
8.499999999999999778e-01 -3.570214361141620133e-06 -8.790865321954723218e-05
8.599999999999999867e-01 -2.790993290182060471e-06 -6.872213221870322741e-05
8.699999999999999956e-01 -2.181841425522796188e-06 -5.372314230157732143e-05
8.800000000000000044e-01 -1.705640457478374068e-06 -4.199774938902073849e-05
8.900000000000000133e-01 -1.333373218613172929e-06 -3.283148262009428397e-05
9.000000000000000222e-01 -1.042355626112995611e-06 -2.566580372212018098e-05
9.100000000000000311e-01 -8.148544865747618179e-07 -2.006407584012067204e-05
9.200000000000000400e-01 -6.370069571377488759e-07 -1.568495904863948220e-05
9.300000000000000488e-01 -4.979758311299497111e-07 -1.226161195450833116e-05
9.400000000000000577e-01 -3.892891820227318342e-07 -9.585432374667465848e-06
9.500000000000000666e-01 -3.043241307351932722e-07 -7.493346528865391658e-06
9.599999999999999645e-01 -2.379032819060106567e-07 -5.857872335249473626e-06
9.699999999999999734e-01 -1.859792392877877229e-07 -4.579351388054477764e-06
9.799999999999999822e-01 -1.453879769568517717e-07 -3.579876315806591331e-06
9.899999999999999911e-01 -1.136560384280008920e-07 -2.798543508773874114e-06
1.000000000000000000e+00 -8.884981557298816461e-08 -2.187741955178228516e-06
1.010000000000000009e+00 -6.945772326291884157e-08 -1.710252054675475838e-06
1.020000000000000018e+00 -5.429809009313825044e-08 -1.336977629864774397e-06
1.030000000000000027e+00 -4.244715252484342356e-08 -1.045172938351070220e-06
1.040000000000000036e+00 -3.318276476208623408e-08 -8.170566495073191135e-07
1.050000000000000044e+00 -2.594039431329317721e-08 -6.387283290878257521e-07
1.060000000000000053e+00 -2.027872181189044317e-08 -4.993214077901845119e-07
1.070000000000000062e+00 -1.585274890611624701e-08 -3.903410198268344711e-07
1.080000000000000071e+00 -1.239277553355578437e-08 -3.051463625391857985e-07
1.090000000000000080e+00 -9.687965548657773956e-09 -2.385460344513764874e-07
1.100000000000000089e+00 0.000000000000000000e+00 -1.864816935054884973e-07
1.110000000000000098e+00 0.000000000000000000e+00 -1.457807590274771130e-07
1.120000000000000107e+00 0.000000000000000000e+00 -1.139630881750692969e-07
1.130000000000000115e+00 0.000000000000000000e+00 -8.908984657667858207e-08
1.140000000000000124e+00 0.000000000000000000e+00 -6.964536399451989155e-08
1.150000000000000133e+00 0.000000000000000000e+00 -5.444477580604466549e-08
1.159999999999999920e+00 0.000000000000000000e+00 -4.256182237234255830e-08
1.169999999999999929e+00 0.000000000000000000e+00 -3.327240669600953914e-08
1.179999999999999938e+00 0.000000000000000000e+00 -2.601047101298577996e-08
1.189999999999999947e+00 0.000000000000000000e+00 -2.033350362569367496e-08
1.199999999999999956e+00 0.000000000000000000e+00 -1.589557411045294616e-08
