0.000000000000000000e+00 3.834686938608776033e+07 1.888581263088730335e+09
1.000000000000000021e-02 2.343354011430488154e+07 1.154125486176584244e+09
2.000000000000000042e-02 1.431992225511002913e+07 7.052900734819263220e+08
2.999999999999999889e-02 8.750577704150076956e+06 4.310018817175953388e+08
4.000000000000000083e-02 5.347172929008631967e+06 2.633821155118853748e+08
5.000000000000000278e-02 3.267388524488932453e+06 1.609488664488054812e+08
5.999999999999999778e-02 1.996472413768720580e+06 9.835185578996706009e+07
7.000000000000000666e-02 1.219854166717784479e+06 6.009913686656523496e+07
8.000000000000000167e-02 7.452973281206970569e+05 3.672336301252735406e+07
8.999999999999999667e-02 4.553253632625894970e+05 2.243892191138285398e+07
1.000000000000000056e-01 2.781483738456000574e+05 1.371016740772026964e+07
1.100000000000000006e-01 1.698959696615691355e+05 8.376440481912871823e+06
1.199999999999999956e-01 1.037595298141134699e+05 5.117354607298495248e+06
1.300000000000000044e-01 6.335690731040252285e+04 3.126022969357064925e+06
1.400000000000000133e-01 3.867753507406561403e+04 1.909362700740586966e+06
1.499999999999999944e-01 2.360445244387555795e+04 1.166058086809129454e+06
1.600000000000000033e-01 1.440000790067057096e+04 7.119824522159516346e+05
1.700000000000000122e-01 8.780474599850589584e+03 4.346227822106720414e+05
1.799999999999999933e-01 5.350555201802607371e+03 2.652283250058862031e+05
1.900000000000000022e-01 3.257816671500620487e+03 1.617905388661280158e+05
2.000000000000000111e-01 1.981524300622102373e+03 9.864218442523617705e+04
2.099999999999999922e-01 1.203606346549489899e+03 6.010142546827060141e+04
2.200000000000000011e-01 7.298076407289186136e+02 3.658784960430054343e+04
2.300000000000000100e-01 4.415125701778637222e+02 2.224907706029259862e+04
2.399999999999999911e-01 2.663090743055290659e+02 1.351047964676761148e+04
2.500000000000000000e-01 1.600043579289956597e+02 8.188999116604820301e+03
2.600000000000000089e-01 9.563796523229430591e+01 4.951673118305418029e+03
2.700000000000000178e-01 5.677028932022295038e+01 2.984799416165572893e+03
2.800000000000000266e-01 3.338326675239014207e+01 1.791810154023781024e+03
2.899999999999999800e-01 1.937694626311487767e+01 1.069791496074947645e+03
2.999999999999999889e-01 1.104094937700444667e+01 6.340557171826483227e+02
3.099999999999999978e-01 6.121410800004301045e+00 3.720718212983825310e+02
3.200000000000000067e-01 3.251596838108085752e+00 2.153320461499068870e+02
3.300000000000000155e-01 1.604593670338374967e+00 1.221748912576408941e+02
3.400000000000000244e-01 6.815653878353202799e-01 6.730041248519286512e+01
3.500000000000000333e-01 1.827507505906206531e-01 3.537257033721348876e+01
3.599999999999999867e-01 -7.106329945473234544e-02 1.711712858156834471e+01
3.699999999999999956e-01 -1.862884175689365762e-01 6.942968286342709128e+00
3.800000000000000044e-01 -2.255244260746110119e-01 1.493089517042327286e+00
3.900000000000000133e-01 -2.251273230519874324e-01 -1.237254128109920304e+00
4.000000000000000222e-01 -2.058296684269796950e-01 -2.436630536016153759e+00
4.100000000000000311e-01 -1.791404068744253397e-01 -2.802806758402360821e+00
4.199999999999999845e-01 -1.511851735391917806e-01 -2.739851689945085322e+00
4.299999999999999933e-01 -1.249978699013681166e-01 -2.477227543466006487e+00
4.400000000000000022e-01 -1.018778518734995281e-01 -2.141504356546595655e+00
4.500000000000000111e-01 -8.218553213607135421e-02 -1.799353852559315792e+00
4.600000000000000200e-01 -6.580216376046568727e-02 -1.483173194738360401e+00
4.700000000000000289e-01 -5.239016569424146536e-02 -1.206235528585518635e+00
4.799999999999999822e-01 -4.153606402224588323e-02 -9.715511498111845112e-01
4.899999999999999911e-01 -3.282522197975260014e-02 -7.769718951426975995e-01
5.000000000000000000e-01 -2.587764004172495025e-02 -6.180675356259354158e-01
5.100000000000000089e-01 -2.036211912138455316e-02 -4.896936329116144959e-01
5.200000000000000178e-01 -1.599888487898865758e-02 -3.868011836388983160e-01
5.300000000000000266e-01 -1.255647671950604026e-02 -3.048153174287470679e-01
5.400000000000000355e-01 -9.846160862332605998e-03 -2.397759728395794931e-01
5.500000000000000444e-01 -7.715634762542382397e-03 -1.883529210388397157e-01
5.600000000000000533e-01 -6.042927328176331617e-03 -1.477994854116537748e-01
5.700000000000000622e-01 -4.730910402951462625e-03 -1.158809019713909899e-01
5.799999999999999600e-01 -3.702568118172166762e-03 -9.079664520293059815e-02
5.899999999999999689e-01 -2.897029827059078959e-03 -7.110646364624273463e-02
5.999999999999999778e-01 -2.266304540971778893e-03 -5.566446558092140451e-02
6.099999999999999867e-01 -1.772627668491171199e-03 -4.356264510659467459e-02
6.199999999999999956e-01 -1.386325473647720538e-03 -3.408371155180491691e-02
6.300000000000000044e-01 -1.084108125016310748e-03 -2.666236709818281189e-02
6.400000000000000133e-01 -8.477123785350760372e-04 -2.085390704748594712e-02
6.500000000000000222e-01 -6.628264976266100977e-04 -1.630898348459285455e-02
6.600000000000000311e-01 -5.182412575489760836e-04 -1.275345539438105767e-02
6.700000000000000400e-01 -4.051810183400332229e-04 -9.972379017304607365e-03
6.800000000000000488e-01 -3.167775993909083460e-04 -7.797334992843452800e-03
6.900000000000000577e-01 -2.476570313373917514e-04 -6.096425237824528234e-03
7.000000000000000666e-01 -1.936153086854378155e-04 -4.766394285982477469e-03
7.099999999999999645e-01 -1.513641823709105242e-04 -3.726434274532604372e-03
7.199999999999999734e-01 -1.183319892320098811e-04 -2.913320082408946913e-03
7.299999999999999822e-01 -9.250767955409610059e-05 -2.277592843724850127e-03
7.399999999999999911e-01 -7.231872033258856147e-05 -1.780568238984923815e-03
7.500000000000000000e-01 -5.653554536709046326e-05 -1.391992738997647680e-03
7.600000000000000089e-01 -4.419679770345698858e-05 -1.088208329646484602e-03
7.700000000000000178e-01 -3.455085051192497309e-05 -8.507159285718969349e-04
7.800000000000000266e-01 -2.701006828142363717e-05 -6.650512039370551224e-04
7.900000000000000355e-01 -2.111503668546909219e-05 -5.199050558300532306e-04
8.000000000000000444e-01 -1.650659089621018071e-05 -4.064356325470036752e-04
8.100000000000000533e-01 -1.290394364537336541e-05 -3.177302438455481461e-04
8.200000000000000622e-01 -1.008758377431100635e-05 -2.483845564636641954e-04
8.300000000000000711e-01 -7.885905334954857951e-06 -1.941735361406396010e-04
8.399999999999999689e-01 -6.164753788500961026e-06 -1.517941496365804335e-04
8.499999999999999778e-01 -4.819253092009235469e-06 -1.186641877184138800e-04
8.599999999999999867e-01 -3.767416138095115462e-06 -9.276497441521250743e-05
8.699999999999999956e-01 -2.945149492093941819e-06 -7.251839266098792519e-05
8.800000000000000044e-01 -2.302348217301256013e-06 -5.669074178239411613e-05
8.900000000000000133e-01 -1.799842933308852671e-06 -4.431757379449306918e-05
9.000000000000000222e-01 -1.407013140723110180e-06 -3.464493168386514416e-05
9.100000000000000311e-01 -1.099921418705907121e-06 -2.708341101866448518e-05
9.200000000000000400e-01 -8.598548255766762759e-07 -2.117224682762617848e-05
9.300000000000000488e-01 -6.721846362412294346e-07 -1.655123810213589920e-05
9.400000000000000577e-01 -5.254749424333751299e-07 -1.293879957171592742e-05
9.500000000000000666e-01 -4.107858028499710990e-07 -1.011480359390438124e-05
9.599999999999999645e-01 -3.211284831680121817e-07 -7.907166779890264827e-06
9.699999999999999734e-01 -2.510395923636440612e-07 -6.181364099668497159e-06
9.799999999999999822e-01 -1.962481660259718481e-07 -4.832231558864071438e-06
9.899999999999999911e-01 -1.534154107029681601e-07 -3.777557971279507059e-06
1.000000000000000000e+00 -1.199312507081468051e-07 -2.953075356786332144e-06
1.010000000000000009e+00 -9.375527996584096584e-08 -2.308542711944503607e-06
1.020000000000000018e+00 -7.329242724214463645e-08 -1.804684521195659237e-06
1.030000000000000027e+00 -5.729575834854992979e-08 -1.410797457805675604e-06
1.040000000000000036e+00 -4.479049249334580103e-08 -1.102879438696623837e-06
1.050000000000000044e+00 -3.501460264488461527e-08 -8.621670263956308870e-07
1.060000000000000053e+00 -2.737238032607480978e-08 -6.739920537601366823e-07
1.070000000000000062e+00 -2.139813525654411537e-08 -5.268877989623730875e-07
1.080000000000000071e+00 -1.672781783499611991e-08 -4.118902446332723802e-07
1.090000000000000080e+00 -1.307683524074803927e-08 -3.219918426278706349e-07
1.100000000000000089e+00 0.000000000000000000e+00 -2.517144989209631276e-07
1.110000000000000098e+00 0.000000000000000000e+00 -1.967757579311745333e-07
1.120000000000000107e+00 0.000000000000000000e+00 -1.538278447771442945e-07
1.130000000000000115e+00 0.000000000000000000e+00 -1.202536636518322535e-07
1.140000000000000124e+00 0.000000000000000000e+00 -9.400732119227682551e-08
1.150000000000000133e+00 0.000000000000000000e+00 -7.348945691035524137e-08
1.159999999999999920e+00 0.000000000000000000e+00 -5.744978376509286780e-08
1.169999999999999929e+00 0.000000000000000000e+00 -4.491090004456282571e-08
1.179999999999999938e+00 0.000000000000000000e+00 -3.510872992263942896e-08
1.189999999999999947e+00 0.000000000000000000e+00 -2.744596334795483609e-08
1.199999999999999956e+00 0.000000000000000000e+00 -2.145565805556786987e-08
