0.000000000000000000e+00 7.101153579224939644e+07 3.497308859650350571e+09
1.000000000000000021e-02 4.339475378130991757e+07 2.137232047668058634e+09
2.000000000000000042e-02 2.651797280121265724e+07 1.306070897982893944e+09
2.999999999999999889e-02 1.620454051704530418e+07 7.981389074221748114e+08
4.000000000000000083e-02 9.902037336908116937e+06 4.877372579500738382e+08
5.000000000000000278e-02 6.050641809882109053e+06 2.980491638484105468e+08
5.999999999999999778e-02 3.697126519462866709e+06 1.821305835860702097e+08
7.000000000000000666e-02 2.258963675777277444e+06 1.112932665857874602e+08
8.000000000000000167e-02 1.380165706529526738e+06 6.800540559888480604e+07
8.999999999999999667e-02 8.431868886997485533e+05 4.155308871911358833e+07
1.000000000000000056e-01 5.150849507936790469e+05 2.538893105802047625e+07
1.100000000000000006e-01 3.146195796131766401e+05 1.551177511824455485e+07
1.199999999999999956e-01 1.921458454741232272e+05 9.476497223973602057e+06
1.300000000000000044e-01 1.173268218469378480e+05 5.788883722394550219e+06
1.400000000000000133e-01 7.162464112838004075e+04 3.535830436847470701e+06
1.499999999999999944e-01 4.371172383080606960e+04 2.159352355326554738e+06
1.600000000000000033e-01 2.666656438050874203e+04 1.318478199632125208e+06
1.700000000000000122e-01 1.626007930517830755e+04 8.048528470920533873e+05
1.799999999999999933e-01 9.908407282347156070e+03 4.911614053190068807e+05
1.900000000000000022e-01 6.032981232638195252e+03 2.996110218113143928e+05
2.000000000000000111e-01 3.669484585503452308e+03 1.826701893377260421e+05
2.099999999999999922e-01 2.228899394896075137e+03 1.112987031699907529e+05
2.200000000000000011e-01 1.351495910534486256e+03 6.775518737113050884e+04
2.300000000000000100e-01 8.176166683030980948e+02 4.120197175721436361e+04
2.399999999999999911e-01 4.931658147123690128e+02 2.501941223154882755e+04
2.500000000000000000e-01 2.963051157781077336e+02 1.516482826440452300e+04
2.600000000000000089e-01 1.771079310810601726e+02 9.169781320174144639e+03
2.700000000000000178e-01 1.051305996544524248e+02 5.527420508818892813e+03
2.800000000000000266e-01 6.182117162342295558e+01 3.318178129260807509e+03
2.899999999999999800e-01 3.588344401606771328e+01 1.981103665410492795e+03
2.999999999999999889e-01 2.044634209297108995e+01 1.174183175235838689e+03
3.099999999999999978e-01 1.133603584021593136e+01 6.890259848449628635e+02
3.200000000000000067e-01 6.021531659374166345e+00 3.987658049199222319e+02
3.300000000000000155e-01 2.971503239154254850e+00 2.262516097451713506e+02
3.400000000000000244e-01 1.262176956771020153e+00 1.246315537030597653e+02
3.500000000000000333e-01 3.384368838928155099e-01 6.550548192673457493e+01
3.599999999999999867e-01 -1.315948082009093523e-01 3.169881943142837599e+01
3.699999999999999956e-01 -3.449779862860550272e-01 1.285759536892455657e+01
3.800000000000000044e-01 -4.176390938254403995e-01 2.765109668483636707e+00
3.900000000000000133e-01 -4.169046178007843606e-01 -2.291154378458843510e+00
4.000000000000000222e-01 -3.811685576499875272e-01 -4.512264384980454679e+00
4.100000000000000311e-01 -3.317440118891600842e-01 -5.190392286366522612e+00
4.199999999999999845e-01 -2.799748993300327227e-01 -5.073820908948759367e+00
4.299999999999999933e-01 -2.314796482929044885e-01 -4.587484898198304961e+00
4.400000000000000022e-01 -1.886645283163390363e-01 -3.965776175083497890e+00
4.500000000000000111e-01 -1.521970014232304214e-01 -3.332162758636022293e+00
4.600000000000000200e-01 -1.218571822229696372e-01 -2.746640543348791041e+00
4.700000000000000289e-01 -9.701992795028868688e-02 -2.233790114291674289e+00
4.799999999999999822e-01 -7.691954821939399334e-02 -1.799186486150562647e+00
4.899999999999999911e-01 -6.078819627569328338e-02 -1.438851789184163232e+00
5.000000000000000000e-01 -4.792216690044492217e-02 -1.144581994842308381e+00
5.100000000000000089e-01 -3.770812542377953436e-02 -9.068503988789760051e-01
5.200000000000000178e-01 -2.962796805833826930e-02 -7.163069914526870585e-01
5.300000000000000266e-01 -2.325306105867832110e-02 -5.644797674063090076e-01
5.400000000000000355e-01 -1.823389468963194579e-02 -4.440352479754965387e-01
5.500000000000000444e-01 -1.428842479984393510e-02 -3.488063086356731901e-01
5.600000000000000533e-01 -1.119077693321951159e-02 -2.737064781308424788e-01
5.700000000000000622e-01 -8.761082388013470210e-03 -2.145972743233118540e-01
5.799999999999999600e-01 -6.856717725376436888e-03 -1.681443639019088443e-01
5.899999999999999689e-01 -5.364958315234380666e-03 -1.316805913932764527e-01
5.999999999999999778e-01 -4.196930959990283205e-03 -1.030839154480681641e-01
6.099999999999999867e-01 -3.282700414965364528e-03 -8.067282718462831514e-02
6.199999999999999956e-01 -2.567314651601348193e-03 -6.311899685779864821e-02
6.300000000000000044e-01 -2.007643811363402607e-03 -4.937556536469642210e-02
6.400000000000000133e-01 -1.569866633312037634e-03 -3.861899622333551246e-02
6.500000000000000222e-01 -1.227479546845808723e-03 -3.020234128440144397e-02
6.600000000000000311e-01 -9.597244420444197470e-04 -2.361792584381929017e-02
6.700000000000000400e-01 -7.503499030514180221e-04 -1.846770090549588322e-02
6.800000000000000488e-01 -5.866368911983289728e-04 -1.443977471940072373e-02
6.900000000000000577e-01 -4.586334621137818225e-04 -1.128988830751723703e-02
7.000000000000000666e-01 -3.585543006000264476e-04 -8.826825207189796518e-03
7.099999999999999645e-01 -2.803099604074488433e-04 -6.900939104846374669e-03
7.199999999999999734e-01 -2.191380252989102528e-04 -5.395144735060827465e-03
7.299999999999999822e-01 -1.713142674286918961e-04 -4.217850233159834740e-03
7.399999999999999911e-01 -1.339265392532933911e-04 -3.297416868894661145e-03
7.500000000000000000e-01 -1.046978268263309980e-04 -2.577818704750598107e-03
7.600000000000000089e-01 -8.184780791610678165e-05 -2.015243895493910257e-03
7.700000000000000178e-01 -6.398455575908624225e-05 -1.575434314248246471e-03
7.800000000000000266e-01 -5.001983630153767485e-05 -1.231603707600393595e-03
7.900000000000000355e-01 -3.910286619410332745e-05 -9.628089350609991175e-04
8.000000000000000444e-01 -3.056851255834471497e-05 -7.526759071210288587e-04
8.100000000000000533e-01 -2.389678874281263968e-05 -5.884031138243869113e-04
8.200000000000000622e-01 -1.868118444832054213e-05 -4.599823455729466163e-04
8.300000000000000711e-01 -1.460390438528395612e-05 -3.595893171603692590e-04
8.399999999999999689e-01 -1.141650904769069034e-05 -2.811071825427214482e-04
8.499999999999999778e-01 -8.924779420745814173e-06 -2.197539788130566975e-04
8.599999999999999867e-01 -6.976884248040664034e-06 -1.717913422407358823e-04
8.699999999999999956e-01 -5.454129374143009703e-06 -1.342967741361765521e-04
8.800000000000000044e-01 -4.263725803259998503e-06 -1.049855960870652721e-04
8.900000000000000133e-01 -3.333135994882513279e-06 -8.207175545609631461e-05
9.000000000000000222e-01 -2.605654008074928451e-06 -6.415900542350584895e-05
9.100000000000000311e-01 -2.036950242647097030e-06 -5.015583232690160460e-05
9.200000000000000400e-01 -1.592370274104964481e-06 -3.920894863039193947e-05
9.300000000000000488e-01 -1.244823212443758712e-06 -3.065130026349087140e-05
9.400000000000000577e-01 -9.731309269358557901e-07 -2.396142096481722423e-05
9.500000000000000666e-01 -7.607375556223407749e-07 -1.873165736948291508e-05
9.599999999999999645e-01 -5.947006684115830361e-07 -1.464332892124262267e-05
9.699999999999999734e-01 -4.649026130379055083e-07 -1.144730914588893408e-05
9.799999999999999822e-01 -3.634339886871197773e-07 -8.948845102390755044e-06
9.899999999999999911e-01 -2.841116799570009288e-07 -6.995690039688878946e-06
1.000000000000000000e+00 -2.221020828426076159e-07 -5.468826152573111015e-06
1.010000000000000009e+00 -1.736265640907805744e-07 -4.275212143418619627e-06
1.020000000000000018e+00 -1.357312060467669579e-07 -3.342113669927542664e-06
1.030000000000000027e+00 -1.061068063026692072e-07 -2.612671207640953477e-06
1.040000000000000036e+00 -8.294816371784969429e-08 -2.042435255437236511e-06
1.050000000000000044e+00 -6.484407629809774035e-08 -1.596657756078944706e-06
1.060000000000000053e+00 -5.069134785732321488e-08 -1.248174683319842532e-06
1.070000000000000062e+00 -3.962756337363240600e-08 -9.757507696740542835e-07
1.080000000000000071e+00 -3.097853663534758835e-08 -7.627855095357221648e-07
1.090000000000000080e+00 -2.421722784088542428e-08 -5.963015867828075693e-07
1.100000000000000089e+00 0.000000000000000000e+00 -4.661540856966948400e-07
1.110000000000000098e+00 0.000000000000000000e+00 -3.644122976230909221e-07
1.120000000000000107e+00 0.000000000000000000e+00 -2.848764530704570921e-07
1.130000000000000115e+00 0.000000000000000000e+00 -2.226999307537274902e-07
1.140000000000000124e+00 0.000000000000000000e+00 -1.740939224386667484e-07
1.150000000000000133e+00 0.000000000000000000e+00 -1.360965569773059082e-07
1.159999999999999920e+00 0.000000000000000000e+00 -1.063924148198724755e-07
1.169999999999999929e+00 0.000000000000000000e+00 -8.317143489216488445e-08
1.179999999999999938e+00 0.000000000000000000e+00 -6.501861614902330216e-08
1.189999999999999947e+00 0.000000000000000000e+00 -5.082779262630411880e-08
1.199999999999999956e+00 0.000000000000000000e+00 -3.973422776267111256e-08
