0.000000000000000000e+00 4.636202283487232307e+03 2.725656539834813429e+03
1.000000200000000089e-02 4.475576182091544069e+03 2.939956373887043810e+04
1.999999800000000147e-02 4.048211008708567988e+03 4.992965551263862289e+04
2.999999999999999889e-02 3.476983071838631531e+03 5.721615242356166709e+04
4.000000199999999978e-02 2.903887960238032065e+03 5.288617070735339075e+04
4.999999799999999689e-02 2.419259657692679866e+03 4.280315131293504237e+04
5.999999999999999778e-02 2.047824933980167998e+03 3.320303974087059760e+04
7.000000199999999173e-02 1.755198862877360170e+03 2.713525924097917596e+04
7.999999800000000272e-02 1.505119749158631976e+03 2.352189677531478810e+04
8.999999999999999667e-02 1.284760927370087984e+03 2.037737844114489417e+04
1.000000019999999906e-01 1.097572180338383987e+03 1.735521138393970614e+04
1.099999979999999877e-01 9.376566996907359908e+02 1.482656951427949389e+04
1.199999999999999956e-01 8.010407900491679811e+02 1.266634895413663980e+04
1.300000020000000034e-01 6.843297206088400344e+02 1.082087098255661476e+04
1.399999979999999866e-01 5.846233704011040118e+02 9.244277829789680254e+03
1.499999999999999944e-01 4.994441640105360420e+02 7.897393170302213548e+03
1.600000020000000023e-01 4.266755069939439977e+02 6.746748641126867369e+03
1.699999979999999855e-01 3.645091911886960361e+02 5.763752195818374275e+03
1.799999999999999933e-01 3.114004630756240317e+02 4.923977628611373802e+03
1.900000019999999734e-01 2.660296386166079969e+02 4.206557614441079750e+03
1.999999979999999844e-01 2.272693107905679994e+02 3.593665182559760069e+03
2.099999999999999922e-01 1.941563349645759899e+02 3.070070739072213655e+03
2.200000019999999723e-01 1.658678960080079889e+02 2.622763631025427003e+03
2.299999980000000110e-01 1.417010623439279868e+02 2.240628848282280160e+03
2.399999999999999911e-01 1.210553190419440028e+02 1.914170829724973373e+03
2.500000019999999989e-01 1.034176457495680097e+02 1.635277510668373452e+03
2.599999980000000099e-01 8.834976882662400044e+01 1.397018748471973367e+03
2.700000000000000178e-01 7.547727078235999443e+01 1.193474117300533408e+03
2.800000019999999701e-01 6.448028648200799751e+01 1.019585793119360005e+03
2.899999979999999811e-01 5.508555491913600122e+01 8.710328732379067560e+02
2.999999999999999889e-01 4.705962901878400118e+01 7.441240074013334151e+02
3.100000019999999967e-01 4.020307477250400296e+01 6.357056724326934045e+02
3.199999980000000077e-01 3.434551557068800065e+01 5.430838112196399834e+02
3.300000000000000155e-01 2.934139854685599857e+01 4.639568888538933606e+02
3.400000020000000234e-01 2.506637778998399924e+01 3.963558770214399942e+02
3.499999979999999788e-01 2.141428100726400174e+01 3.386186769385733442e+02
3.599999999999999867e-01 1.829400425135199981e+01 2.893153966752666975e+02
3.700000019999999945e-01 1.562797307445599948e+01 2.471309257447200025e+02
3.799999980000000055e-01 1.335138573896800018e+01 2.109081634591599936e+02
3.900000000000000133e-01 1.140980980234400022e+01 1.798061891573733533e+02
4.000000020000000212e-01 9.755261955960000009e+00 1.533939839232533302e+02
4.099999979999999766e-01 8.341930123599999192e+00 1.315987965600533300e+02
4.199999999999999845e-01 7.123286024480000478e+00 1.144720395786133338e+02
4.300000019999999368e-01 6.052489335095999401e+00 1.017840342235733431e+02
4.399999980000000033e-01 5.087605338056000015e+00 9.275242747269334131e+01
4.499999999999999556e-01 4.197440786200000495e+00 8.614506230151999944e+01
4.600000019999999634e-01 3.364704094536000056e+00 8.070090438703999780e+01
4.699999980000000299e-01 2.583422695111999623e+00 7.551217463781333095e+01
4.799999999999999822e-01 1.854460600663999870e+00 7.018856396960001121e+01
4.900000019999999901e-01 1.179651415719999985e+00 6.474973983924000720e+01
4.999999979999999455e-01 5.594658026239999193e-01 5.935816127649334106e+01
5.100000000000000089e-01 -7.511807160000000781e-03 5.409125397540000080e+01
5.200000019999999612e-01 -5.223592747920000612e-01 4.893780969729333918e+01
5.299999979999999722e-01 -9.862680026399999189e-01 4.391070075526666727e+01
5.400000000000000355e-01 -1.400573289200000016e+00 3.906182910448000456e+01
5.500000019999999878e-01 -1.767504583055999889e+00 3.444693108505333612e+01
5.599999979999999988e-01 -2.089511913271999699e+00 3.007854094985333404e+01
5.699999999999999512e-01 -2.369075404423999665e+00 2.590867492722667009e+01
5.800000019999999035e-01 -2.607685409863999659e+00 2.188490171628000169e+01
5.899999980000000255e-01 -2.806773439167999928e+00 1.804490546138666929e+01
5.999999999999999778e-01 -2.968583522159999877e+00 1.448213102581333445e+01
6.100000019999999301e-01 -3.096416056615999945e+00 1.126992621681333340e+01
6.199999980000000521e-01 -3.193982045519999868e+00 8.389247167880000688e+00
6.300000000000000044e-01 -3.264201000391999674e+00 5.756861329920000436e+00
6.400000019999999568e-01 -3.309119269608000291e+00 3.286403132799999849e+00
6.499999980000000788e-01 -3.329929063048000071e+00 9.650354299466666896e-01
6.600000000000000311e-01 -3.328419982111999964e+00 -1.142998529720000045e+00
6.700000019999999834e-01 -3.307069092872000127e+00 -2.963291794213333663e+00
6.799999979999998834e-01 -3.269154145111999643e+00 -4.488706612946666397e+00
6.899999999999999467e-01 -3.217294962983999973e+00 -5.772515375413333594e+00
7.000000019999998990e-01 -3.153703836487999901e+00 -6.883391133559999986e+00
7.099999979999999100e-01 -3.079627137384000068e+00 -7.861603855333333613e+00
7.199999999999999734e-01 -2.996471760776000082e+00 -8.704185787693333509e+00
7.300000019999999257e-01 -2.905543424280000231e+00 -9.399448815066667962e+00
7.399999979999999367e-01 -2.808482783079999656e+00 -9.964872392413333557e+00
7.500000000000000000e-01 -2.706245973224000068e+00 -1.042865932960000031e+01
7.600000019999999523e-01 -2.599909596488000130e+00 -1.080494898741333287e+01
7.699999979999999633e-01 -2.490146996543999958e+00 -1.111418059636000066e+01
7.800000000000000266e-01 -2.377625985816000043e+00 -1.138369850713333342e+01
7.900000019999999790e-01 -2.262473025704000218e+00 -1.161413649810666548e+01
7.999999979999999900e-01 -2.145343255295999896e+00 -1.176487140897333461e+01
8.100000000000000533e-01 -2.027175597664000239e+00 -1.180421996249333461e+01
8.200000020000000056e-01 -1.909258854511999948e+00 -1.174148519898666621e+01
8.299999979999999056e-01 -1.792345894800000172e+00 -1.159346663157333346e+01
8.399999999999999689e-01 -1.677389524112000041e+00 -1.135277280585333415e+01
8.500000019999999212e-01 -1.565290436312000155e+00 -1.101656814832000109e+01
8.599999979999999322e-01 -1.457058159472000014e+00 -1.060445462226666713e+01
8.699999999999999956e-01 -1.353201342471999968e+00 -1.014649198044000045e+01
8.800000019999999479e-01 -1.254128318608000114e+00 -9.670278207613334231e+00
8.899999979999999589e-01 -1.159795779295999862e+00 -9.196780875866666705e+00
8.999999999999999112e-01 -1.070192703880000096e+00 -8.726894880039999691e+00
9.100000019999999745e-01 -9.852578846239999910e-01 -8.253112701573334320e+00
9.199999979999999855e-01 -9.051304478959999456e-01 -7.771842641453333478e+00
9.299999999999999378e-01 -8.298210294239999341e-01 -7.274963799746667625e+00
9.400000020000000012e-01 -7.596311742719999982e-01 -6.743866588226667069e+00
9.499999980000000122e-01 -6.949436975199999589e-01 -6.179832858973333565e+00
9.599999999999999645e-01 -6.360345172319999962e-01 -5.617143295506667577e+00
9.700000020000000278e-01 -5.826008331440000187e-01 -5.094815071573333576e+00
9.799999979999999278e-01 -5.341382138479999764e-01 -4.627235010639999757e+00
9.899999999999998801e-01 -4.900561337679999463e-01 -4.212046788506667028e+00
1.000000001999999943e+00 -4.498972775199999719e-01 -3.838310514320000255e+00
1.009999997999999843e+00 -4.132899218079999493e-01 -3.491353639253333530e+00
1.020000000000000018e+00 -3.800702044559999826e-01 -3.161589866186667042e+00
1.030000001999999970e+00 -3.500581255999999919e-01 -2.855810838253333372e+00
1.039999997999999870e+00 -3.229539895040000053e-01 -2.590530782533333465e+00
1.050000000000000044e+00 -2.982475071599999805e-01 -2.378738927026666783e+00
1.060000001999999997e+00 -2.753792108239999648e-01 -2.219967451720000096e+00
1.069999997999999897e+00 -2.538481585440000021e-01 -2.100589159266666783e+00
1.080000000000000071e+00 -2.333674283359999935e-01 -2.003695529399999842e+00
1.090000002000000023e+00 -2.137742500479999919e-01 -1.908573509733333395e+00
1.099999997999999923e+00 -1.951959553520000168e-01 -1.818423121093333483e+00
1.110000000000000098e+00 -1.774057881839999906e-01 -1.801169867120000267e+00
1.120000002000000050e+00 -1.591725605200000060e-01 -1.949834283746666674e+00
1.129999997999999950e+00 -1.384091006959999870e-01 -2.276407784706666604e+00
1.139999999999999902e+00 -1.136444021760000117e-01 -2.665145595639999865e+00
1.150000001999999855e+00 -8.510618752800000464e-02 -2.912066105946666372e+00
1.159999997999999977e+00 -5.540308033599999904e-02 -2.793056409946666818e+00
1.169999999999999929e+00 -2.924505960800000137e-02 -2.219497421160000261e+00
1.180000001999999881e+00 -1.101313316800000067e-02 -1.355861105693333402e+00
1.189999998000000003e+00 -2.127840143999999625e-03 -5.744364642399999443e-01
1.199999999999999956e+00 4.755952800000000087e-04 5.374949101333333784e-02
