0.000000000000000000e+00 1.858833063793724490e+21 2.230735838275830322e+24
1.000000000000000021e-02 9.295299999137667482e+20 1.115435999948259851e+24
2.000000000000000042e-02 2.269360338088593280e+17 1.361616206895327805e+20
2.999999999999999889e-02 1.749074567329475000e+15 6.996298505896774400e+17
4.000000000000000083e-02 5.540428440509032031e+13 1.662128847947387200e+16
5.000000000000000278e-02 3.807349361087998047e+12 9.137645089305593750e+14
5.999999999999999778e-02 4.270183386462175293e+11 8.540385255648971875e+13
7.000000000000000666e-02 6.715559335454193115e+10 1.151245025807056055e+13
8.000000000000000167e-02 1.352611280943453026e+10 2.028941592874377441e+12
8.999999999999999667e-02 3.291030335670210361e+09 4.388148622628946533e+11
1.000000000000000056e-01 9.294437669999995232e+08 1.115384260199999237e+11
1.100000000000000006e-01 2.961282277058976293e+08 3.230755263775666809e+10
1.199999999999999956e-01 1.042240960647202283e+08 1.042385356933317566e+10
1.300000000000000044e-01 3.987940489078965783e+07 3.682000394205476761e+09
1.400000000000000133e-01 1.638413484984438121e+07 1.404845242758550406e+09
1.499999999999999944e-01 7.156639388289578259e+06 5.728339720233857632e+08
1.600000000000000033e-01 3.297214058522512671e+06 2.474838001641727984e+08
1.700000000000000122e-01 1.591852294245124562e+06 1.124921347790682018e+08
1.799999999999999933e-01 8.009784647659471957e+05 5.348307609012475610e+07
1.900000000000000022e-01 4.181389121680892422e+05 2.646665620110319927e+07
2.000000000000000111e-01 2.255886445312498836e+05 1.357574039062499069e+07
2.099999999999999922e-01 1.253610322781993309e+05 7.192214519601644017e+06
2.200000000000000011e-01 7.154824756837086170e+04 3.923374418676902074e+06
2.300000000000000100e-01 4.183345345605567127e+04 2.197810984220122453e+06
2.399999999999999911e-01 2.500114815909819663e+04 1.261338367807675153e+06
2.500000000000000000e-01 1.524171522048000043e+04 7.400793794150400208e+05
2.600000000000000089e-01 9.461397226516379305e+03 4.431217324038842926e+05
2.700000000000000178e-01 5.970377070432034998e+03 2.702963685928416671e+05
2.800000000000000266e-01 3.823881610148233449e+03 1.677152268224520085e+05
2.899999999999999800e-01 2.482193063284735217e+03 1.057108673044820462e+05
2.999999999999999889e-01 1.630785248033178505e+03 6.759719867304182844e+04
3.099999999999999978e-01 1.082948074521846138e+03 4.380115528470223217e+04
3.200000000000000067e-01 7.259280167355440199e+02 2.872812699464820980e+04
3.300000000000000155e-01 4.905377935973685908e+02 1.905176165295649480e+04
3.400000000000000244e-01 3.336867159409348460e+02 1.276226008008908502e+04
3.500000000000000333e-01 2.281623346334316409e+02 8.626879667181023251e+03
3.599999999999999867e-01 1.565554723973466480e+02 5.878763968413602925e+03
3.699999999999999956e-01 1.075930242153301606e+02 4.034523786436322553e+03
3.800000000000000044e-01 7.389226663731514577e+01 2.785649381989957874e+03
3.900000000000000133e-01 5.056699541965170397e+01 1.932934589592934117e+03
4.000000000000000222e-01 3.435132694244382634e+01 1.346334486007689520e+03
4.100000000000000311e-01 2.304227998703767000e+01 9.400752785448672739e+02
4.199999999999999845e-01 1.514113369377242613e+01 6.570332014423481723e+02
4.299999999999999933e-01 9.620206506560558424e+00 4.588176689347149591e+02
4.400000000000000022e-01 5.769661630726277579e+00 3.194070106841609800e+02
4.500000000000000111e-01 3.095918290638207893e+00 2.210219089755368600e+02
4.600000000000000200e-01 1.253677252801383091e+00 1.514235403570508538e+02
4.700000000000000289e-01 5.098940287329156718e-05 1.021281056095867541e+02
4.799999999999999822e-01 -8.366383471364136071e-01 6.721654017131976389e+01
4.899999999999999911e-01 -1.378244190733482810e+00 4.253437068479141203e+01
5.000000000000000000e-01 -1.711557120000000154e+00 2.514957311999999945e+01
5.100000000000000089e-01 -1.898562576906446253e+00 1.298247956460082264e+01
5.200000000000000178e-01 -1.983613695074146754e+00 4.551333803978266701e+00
5.300000000000000266e-01 -1.998476454533628210e+00 -1.203823278206492375e+00
5.400000000000000355e-01 -1.965897708944731814e+00 -5.043830022764161924e+00
5.500000000000000444e-01 -1.902141347533035542e+00 -7.516371805146750518e+00
5.600000000000000533e-01 -1.818799406538888830e+00 -9.016566844701525696e+00
5.700000000000000622e-01 -1.724090903524236662e+00 -9.829892021014806858e+00
5.799999999999999600e-01 -1.623796851803322561e+00 -1.016274847257504632e+01
5.899999999999999689e-01 -1.521935637779685546e+00 -1.016432754721504139e+01
5.999999999999999778e-01 -1.421252275358412698e+00 -9.942320884397327418e+00
6.099999999999999867e-01 -1.323573680887913495e+00 -9.574252622766422860e+00
6.199999999999999956e-01 -1.230067135603347905e+00 -9.115683370661095353e+00
6.300000000000000044e-01 -1.141428550137160158e+00 -8.606168873749178161e+00
6.400000000000000133e-01 -1.058019672022436186e+00 -8.073600357722941823e+00
6.500000000000000222e-01 -9.799680579661602664e-01 -7.537373896133038542e+00
6.600000000000000311e-01 -9.072398292549935794e-01 -7.010709435620595897e+00
6.700000000000000400e-01 -8.396924970365534646e-01 -6.502350273033507655e+00
6.800000000000000488e-01 -7.771131741746355459e-01 -6.017809784628891379e+00
6.900000000000000577e-01 -7.192460639966397062e-01 -5.560286415543408189e+00
7.000000000000000666e-01 -6.658120796983522105e-01 -5.131335028932037190e+00
7.099999999999999645e-01 -6.165226923189449648e-01 -4.731358966825145451e+00
7.199999999999999734e-01 -5.710895522803696167e-01 -4.359969971583912418e+00
7.299999999999999822e-01 -5.292310238357396113e-01 -4.016250608474203787e+00
7.399999999999999911e-01 -4.906764733784627630e-01 -3.698944703487793806e+00
7.500000000000000000e-01 -4.551689325504054140e-01 -3.406594629997159007e+00
7.600000000000000089e-01 -4.224665945314719506e-01 -3.137639372774838620e+00
7.700000000000000178e-01 -3.923434815813919285e-01 -2.890483686317044665e+00
7.800000000000000266e-01 -3.645895327361564631e-01 -2.663545998316195984e+00
7.900000000000000355e-01 -3.390102944093699722e-01 -2.455290736384050820e+00
8.000000000000000444e-01 -3.154263475444166742e-01 -2.264249293366446203e+00
8.100000000000000533e-01 -2.936725685109303208e-01 -2.089032759997280220e+00
8.200000000000000622e-01 -2.735972938920580577e-01 -1.928338745239272178e+00
8.300000000000000711e-01 -2.550614392636815220e-01 -1.780954002494944177e+00
8.399999999999999689e-01 -2.379376072391740649e-01 -1.645754130936915915e+00
8.499999999999999778e-01 -2.221092091167402305e-01 -1.521701286346410553e+00
8.599999999999999867e-01 -2.074696164323845127e-01 -1.407840586062329313e+00
8.699999999999999956e-01 -1.939213528523049401e-01 -1.303295706398306386e+00
8.800000000000000044e-01 -1.813753325826627516e-01 -1.207264032158548828e+00
8.900000000000000133e-01 -1.697501484196800026e-01 -1.119011614725736292e+00
9.000000000000000222e-01 -1.589714103999899930e-01 -1.037868118678111795e+00
9.100000000000000311e-01 -1.489711345087025851e-01 -9.632218803363435944e-01
9.200000000000000400e-01 -1.396871798873974557e-01 -8.945151600355714105e-01
9.300000000000000488e-01 -1.310627323263922062e-01 -8.312396395057894960e-01
9.400000000000000577e-01 -1.230458314280141047e-01 -7.729321937008565291e-01
9.500000000000000666e-01 -1.155889386176520012e-01 -7.191709506204299052e-01
9.599999999999999645e-01 -1.086485431029727139e-01 -6.695716415236423469e-01
9.699999999999999734e-01 -1.021848028986351298e-01 -6.237842362377595817e-01
9.799999999999999822e-01 -9.616121811435647537e-02 -5.814898531166484696e-01
9.899999999999999911e-01 -9.054433382635541927e-02 -5.423979299243960606e-01
1.000000000000000000e+00 -8.530347000000000623e-02 -5.062436399999999947e-01
1.010000000000000009e+00 -8.041047609331529455e-02 -4.727855371185419875e-01
1.020000000000000018e+00 -7.583950813856349393e-02 -4.418034122180297674e-01
1.030000000000000027e+00 -7.156682626656578339e-02 -4.130963453972621990e-01
1.040000000000000036e+00 -6.757061080179149748e-02 -3.864809371517038961e-01
1.050000000000000044e+00 -6.383079521284772129e-02 -3.617897035858806953e-01
1.060000000000000053e+00 -6.032891435120889267e-02 -3.388696212378290995e-01
1.070000000000000062e+00 -5.704796654989626598e-02 -3.175808081126536009e-01
1.080000000000000071e+00 -5.397228828293654940e-02 -2.977953285047907350e-01
1.090000000000000080e+00 -5.108744020574979006e-02 -2.793961101617843390e-01
1.100000000000000089e+00 0.000000000000000000e+00 -2.622759632855713452e-01
1.110000000000000098e+00 0.000000000000000000e+00 -2.463366917670131162e-01
1.120000000000000107e+00 0.000000000000000000e+00 -2.314882878974616198e-01
1.130000000000000115e+00 0.000000000000000000e+00 -2.176482025931509856e-01
1.140000000000000124e+00 0.000000000000000000e+00 -2.047406839024935865e-01
1.150000000000000133e+00 0.000000000000000000e+00 -1.926961772432096431e-01
1.159999999999999920e+00 0.000000000000000000e+00 -1.814507814372124106e-01
1.169999999999999929e+00 0.000000000000000000e+00 -1.709457551787591234e-01
1.179999999999999938e+00 0.000000000000000000e+00 -1.611270690885519274e-01
1.189999999999999947e+00 0.000000000000000000e+00 -1.519449989765009057e-01
1.199999999999999956e+00 0.000000000000000000e+00 -1.433537563621783972e-01
