0.000000000000000000e+00 2.137739013475090039e+21 2.565443408084588852e+24
1.000000000000000021e-02 1.068999999900832760e+21 1.282799999940499306e+24
2.000000000000000042e-02 2.609863265755155520e+17 1.565917964101546476e+20
2.999999999999999889e-02 2.011511960325337500e+15 8.046048113364448000e+17
4.000000000000000083e-02 6.371734105419920312e+13 1.911520594786376400e+16
5.000000000000000278e-02 4.378617653311997559e+12 1.050868998397439375e+15
5.999999999999999778e-02 4.910896949066608887e+11 9.821815153062914062e+13
7.000000000000000666e-02 7.723185839423835754e+10 1.323981940234875000e+13
8.000000000000000167e-02 1.555561908704042053e+10 2.333371234962343750e+12
8.999999999999999667e-02 3.784828286407874584e+09 5.046562115347736816e+11
1.000000000000000056e-01 1.068900832999999404e+09 1.282740499799999237e+11
1.100000000000000006e-01 3.405603669461498260e+08 3.715509333155570221e+10
1.199999999999999956e-01 1.198622531371001303e+08 1.198788585509268379e+10
1.300000000000000044e-01 4.586305416151344031e+07 4.234460924600602150e+09
1.400000000000000133e-01 1.884246956590300798e+07 1.615633265643510580e+09
1.499999999999999944e-01 8.230447527473420836e+06 6.587840429660493135e+08
1.600000000000000033e-01 3.791940108829293400e+06 2.846171636800135374e+08
1.700000000000000122e-01 1.830699691049301066e+06 1.293708632068842947e+08
1.799999999999999933e-01 9.211602718356895493e+05 6.150787239626232535e+07
1.900000000000000022e-01 4.808780675313640968e+05 3.043781095389192179e+07
2.000000000000000111e-01 2.594368437499998545e+05 1.561269515624999069e+07
2.099999999999999922e-01 1.441707040352936019e+05 8.271361633373144083e+06
2.200000000000000011e-01 8.228364360697907978e+04 4.512052656781945378e+06
2.300000000000000100e-01 4.811032597277955210e+04 2.527579220877530985e+06
2.399999999999999911e-01 2.875243432493455111e+04 1.450594695798861561e+06
2.500000000000000000e-01 1.752865587200000300e+04 8.511239946240000427e+05
2.600000000000000089e-01 1.088103428525007803e+04 5.096096509007883724e+05
2.700000000000000178e-01 6.866205912876760522e+03 3.108528708071853616e+05
2.800000000000000266e-01 4.397640227959272124e+03 1.928800275852752675e+05
2.899999999999999800e-01 2.854638086560261399e+03 1.215722669957280887e+05
2.999999999999999889e-01 1.875480546288300047e+03 7.773985285290375759e+04
3.099999999999999978e-01 1.245442774061066075e+03 5.037333966715834686e+04
3.200000000000000067e-01 8.348532321527100066e+02 3.303867993866837060e+04
3.300000000000000155e-01 5.641434804179458524e+02 2.191042226389843927e+04
3.400000000000000244e-01 3.837573093195255751e+02 1.467720892169633589e+04
3.500000000000000333e-01 2.623991866324106468e+02 9.921331391254558184e+03
3.599999999999999867e-01 1.800477769035105950e+02 6.760870744828123861e+03
3.699999999999999956e-01 1.237385003682329483e+02 4.639907891304941586e+03
3.800000000000000044e-01 8.498088951876269448e+01 3.203642845950087576e+03
3.900000000000000133e-01 5.815558570925139747e+01 2.222979577579369106e+03
4.000000000000000222e-01 3.950667190551754970e+01 1.548360557556151434e+03
4.100000000000000311e-01 2.650061691577247203e+01 1.081142031776557815e+03
4.199999999999999845e-01 1.741382101916552827e+01 7.556290598049263281e+02
4.299999999999999933e-01 1.106440128946599444e+01 5.276707006209563815e+02
4.400000000000000022e-01 6.636010966808914446e+00 3.673408249569697546e+02
4.500000000000000111e-01 3.561007800824182112e+00 2.541923836852534748e+02
4.600000000000000200e-01 1.442280303653449280e+00 1.741501495137048039e+02
4.700000000000000289e-01 4.953329410781748265e-04 1.174573460171634878e+02
4.799999999999999822e-01 -9.617856802841142638e-01 7.730676074394582997e+01
4.899999999999999911e-01 -1.584700785529888023e+00 4.892054382700663950e+01
5.000000000000000000e-01 -1.968064000000000036e+00 2.892672000000000310e+01
5.100000000000000089e-01 -2.183162173226464553e+00 1.493356434366575058e+01
5.200000000000000178e-01 -2.281004085056743680e+00 5.236979383427531332e+00
5.300000000000000266e-01 -2.298122619859028326e+00 -1.382044949842040182e+00
5.400000000000000355e-01 -2.260678174565932785e+00 -5.798514891426528095e+00
5.500000000000000444e-01 -2.187375372618955094e+00 -8.642299931484682673e+00
5.600000000000000533e-01 -2.091545935029736292e+00 -1.036780942346598877e+01
5.700000000000000622e-01 -1.982642407826388897e+00 -1.130335937373684274e+01
5.799999999999999600e-01 -1.867313478720403097e+00 -1.168632439707075221e+01
5.899999999999999689e-01 -1.750180698136457380e+00 -1.168828466184528558e+01
5.999999999999999778e-01 -1.634401149422043398e+00 -1.143309329022412690e+01
6.099999999999999867e-01 -1.522076035735434818e+00 -1.100990898899132198e+01
6.199999999999999956e-01 -1.414547927452404430e+00 -1.048263105335559686e+01
6.300000000000000044e-01 -1.312617278164395884e+00 -9.896752160047123326e+00
6.400000000000000133e-01 -1.216700222297743661e+00 -9.284350004475300011e+00
6.500000000000000222e-01 -1.126943550105634184e+00 -8.667732256270507918e+00
6.600000000000000311e-01 -1.043308381672112928e+00 -8.062103576066462551e+00
6.700000000000000400e-01 -9.656309200698059980e-01 -7.477520118668952165e+00
6.800000000000000488e-01 -8.936663981631264297e-01 -6.920323351259979106e+00
6.900000000000000577e-01 -8.271206931390410189e-01 -6.394192352244905564e+00
7.000000000000000666e-01 -7.656728907579001264e-01 -5.900915909640596979e+00
7.099999999999999645e-01 -7.089912120470088785e-01 -5.440958427273090869e+00
7.199999999999999734e-01 -6.567440792735497190e-01 -5.013873862545334958e+00
7.299999999999999822e-01 -6.086076315143055249e-01 -4.618607534285681382e+00
7.399999999999999911e-01 -5.642706569712190312e-01 -4.253715143367043261e+00
7.500000000000000000e-01 -5.234376561537404937e-01 -3.917520665812385783e+00
7.600000000000000089e-01 -4.858305631000948144e-01 -3.608229137026969013e+00
7.700000000000000178e-01 -4.511895134439887767e-01 -3.324006192271512283e+00
7.800000000000000266e-01 -4.192729455841276431e-01 -3.063033162333194337e+00
7.900000000000000355e-01 -3.898572451346286050e-01 -2.823544254585097057e+00
8.000000000000000444e-01 -3.627360863611100994e-01 -2.603850667364894456e+00
8.100000000000000533e-01 -3.377195823844115763e-01 -2.402355235956403767e+00
8.200000000000000622e-01 -3.146333248278754824e-01 -2.217560278747890301e+00
8.300000000000000711e-01 -2.933173705304507051e-01 -2.048070619614155152e+00
8.399999999999999689e-01 -2.736252158949470381e-01 -1.892593246265561691e+00
8.499999999999999778e-01 -2.554227868628121678e-01 -1.749934679195156662e+00
8.599999999999999867e-01 -2.385874632669522932e-01 -1.618996838582850151e+00
8.699999999999999956e-01 -2.230071495638914769e-01 -1.498771982320168172e+00
8.800000000000000044e-01 -2.085793990518722552e-01 -1.388337128772693996e+00
8.900000000000000133e-01 -1.952105951678791695e-01 -1.286848259257732163e+00
9.000000000000000222e-01 -1.828151909687869558e-01 -1.193534507214488061e+00
9.100000000000000311e-01 -1.713150061737657992e-01 -1.107692475998772297e+00
9.200000000000000400e-01 -1.606385799773452916e-01 -1.028680779384142818e+00
9.300000000000000488e-01 -1.507205770858406346e-01 -9.559148638739728421e-01
9.400000000000000577e-01 -1.415012439724572524e-01 -8.888621465770156771e-01
9.500000000000000666e-01 -1.329259121048437520e-01 -8.270374842315330044e-01
9.599999999999999645e-01 -1.249445448109301332e-01 -7.699989761440584335e-01
9.699999999999999734e-01 -1.175113244683114039e-01 -7.173440949575905501e-01
9.799999999999999822e-01 -1.105842767949816868e-01 -6.687061332422515880e-01
9.899999999999999911e-01 -1.041249291596743204e-01 -6.237509501291317315e-01
1.000000000000000000e+00 -9.809800000000000464e-02 -5.821740000000000803e-01
1.010000000000000009e+00 -9.247111662264545506e-02 -5.436976241633881823e-01
1.020000000000000018e+00 -8.721455885256131080e-02 -5.080685861639089307e-01
1.030000000000000027e+00 -8.230102619062165670e-02 -4.750558316428856176e-01
1.040000000000000036e+00 -7.770542632708027364e-02 -4.444484543139183841e-01
1.050000000000000044e+00 -7.340468303823262375e-02 -4.160538505040046187e-01
1.060000000000000053e+00 -6.937756166411758463e-02 -3.896960457421910218e-01
1.070000000000000062e+00 -6.560451052478373513e-02 -3.652141779833012469e-01
1.080000000000000071e+00 -6.206751678112426562e-02 -3.424611231840649639e-01
1.090000000000000080e+00 -5.874997538349535642e-02 -3.213022500680340343e-01
1.100000000000000089e+00 0.000000000000000000e+00 -3.016142920002445882e-01
1.110000000000000098e+00 0.000000000000000000e+00 -2.832843249271947972e-01
1.120000000000000107e+00 0.000000000000000000e+00 -2.662088413128970155e-01
1.130000000000000115e+00 0.000000000000000000e+00 -2.502929109125060503e-01
1.140000000000000124e+00 0.000000000000000000e+00 -2.354494200694065842e-01
1.150000000000000133e+00 0.000000000000000000e+00 -2.215983819999765569e-01
1.159999999999999920e+00 0.000000000000000000e+00 -2.086663112443511436e-01
1.169999999999999929e+00 0.000000000000000000e+00 -1.965856561142063641e-01
1.179999999999999938e+00 0.000000000000000000e+00 -1.852942835633070995e-01
1.189999999999999947e+00 0.000000000000000000e+00 -1.747350114470741789e-01
1.199999999999999956e+00 0.000000000000000000e+00 -1.648551836276707649e-01
