0.000000000000000000e+00 1.394124797845293236e+21 1.673051878706872742e+24
1.000000000000000021e-02 6.971474999353250939e+20 8.365769999611949220e+23
2.000000000000000042e-02 1.702020253566444800e+17 1.021212155171495936e+20
2.999999999999999889e-02 1.311805925497106250e+15 5.247223879422580480e+17
4.000000000000000083e-02 4.155321330381774219e+13 1.246596635960540400e+16
5.000000000000000278e-02 2.855512020815998535e+12 6.853233816979195000e+14
5.999999999999999778e-02 3.202637539846631470e+11 6.405288941736728906e+13
7.000000000000000666e-02 5.036669501590644836e+10 8.634337693552919922e+12
8.000000000000000167e-02 1.014458460707589722e+10 1.521706194655783203e+12
8.999999999999999667e-02 2.468272751752657890e+09 3.291111466971710205e+11
1.000000000000000056e-01 6.970828252499996424e+08 8.365381951499993896e+10
1.100000000000000006e-01 2.220961707794232368e+08 2.423066447831750107e+10
1.199999999999999956e-01 7.816807204854017496e+07 7.817890176999881744e+09
1.300000000000000044e-01 2.990955366809224337e+07 2.761500295654107571e+09
1.400000000000000133e-01 1.228810113738328591e+07 1.053633932068912745e+09
1.499999999999999944e-01 5.367479541217183694e+06 4.296254790175393224e+08
1.600000000000000033e-01 2.472910543891884387e+06 1.856128501231296062e+08
1.700000000000000122e-01 1.193889220683843363e+06 8.436910108430114388e+07
1.799999999999999933e-01 6.007338485744603677e+05 4.011230706759356707e+07
1.900000000000000022e-01 3.136041841260669171e+05 1.984999215082740039e+07
2.000000000000000111e-01 1.691914833984374127e+05 1.018180529296874255e+07
2.099999999999999922e-01 9.402077420864949818e+04 5.394160889701233245e+06
2.200000000000000011e-01 5.366118567627814627e+04 2.942530814007676672e+06
2.300000000000000100e-01 3.137509009204175527e+04 1.648358238165091723e+06
2.399999999999999911e-01 1.875086111932364656e+04 9.460037758557563648e+05
2.500000000000000000e-01 1.143128641536000032e+04 5.550595345612800447e+05
2.600000000000000089e-01 7.096047919887284479e+03 3.323412993029132485e+05
2.700000000000000178e-01 4.477782802824026476e+03 2.027222764446312503e+05
2.800000000000000266e-01 2.867911207611175087e+03 1.257864201168389991e+05
2.899999999999999800e-01 1.861644797463551413e+03 7.928315047836153826e+04
2.999999999999999889e-01 1.223088936024883878e+03 5.069789900478137133e+04
3.099999999999999978e-01 8.122110558913846035e+02 3.285086646352667594e+04
3.200000000000000067e-01 5.444460125516579865e+02 2.154609524598615826e+04
3.300000000000000155e-01 3.679033451980264431e+02 1.428882123971737019e+04
3.400000000000000244e-01 2.502650369557011345e+02 9.571695060066813312e+03
3.500000000000000333e-01 1.711217509750737236e+02 6.470159750385767438e+03
3.599999999999999867e-01 1.174166042980099860e+02 4.409072976310202648e+03
3.699999999999999956e-01 8.069476816149762044e+01 3.025892839827241914e+03
3.800000000000000044e-01 5.541919997798635933e+01 2.089237036492468178e+03
3.900000000000000133e-01 3.792524656473877798e+01 1.449700942194700474e+03
4.000000000000000222e-01 2.576349520683287153e+01 1.009750864505767140e+03
4.100000000000000311e-01 1.728170999027825161e+01 7.050564589086504839e+02
4.199999999999999845e-01 1.135585027032932004e+01 4.927749010817611293e+02
4.299999999999999933e-01 7.215154879920419262e+00 3.441132517010362335e+02
4.400000000000000022e-01 4.327246223044708628e+00 2.395552580131207492e+02
4.500000000000000111e-01 2.321938717978655919e+00 1.657664317316526308e+02
4.600000000000000200e-01 9.402579396010373181e-01 1.135676552677881403e+02
4.700000000000000289e-01 3.824205215496867538e-05 7.659607920719005847e+01
4.799999999999999822e-01 -6.274787603523102053e-01 5.041240512848982291e+01
4.899999999999999911e-01 -1.033683143050112108e+00 3.190077801359355902e+01
5.000000000000000000e-01 -1.283667840000000115e+00 1.886217983999999959e+01
5.100000000000000089e-01 -1.423921932679834690e+00 9.736859673450616981e+00
5.200000000000000178e-01 -1.487710271305610066e+00 3.413500352983700026e+00
5.300000000000000266e-01 -1.498857340900221047e+00 -9.028674586548692815e-01
5.400000000000000355e-01 -1.474423281708548750e+00 -3.782872517073121443e+00
5.500000000000000444e-01 -1.426606010649776657e+00 -5.637278853860062888e+00
5.600000000000000533e-01 -1.364099554904166567e+00 -6.762425133526144272e+00
5.700000000000000622e-01 -1.293068177643177386e+00 -7.372419015761105143e+00
5.799999999999999600e-01 -1.217847638852491921e+00 -7.622061354431284741e+00
5.899999999999999689e-01 -1.141451728334764049e+00 -7.623245660411281044e+00
5.999999999999999778e-01 -1.065939206518809579e+00 -7.456740663297996008e+00
6.099999999999999867e-01 -9.926802606659350658e-01 -7.180689467074817145e+00
6.199999999999999956e-01 -9.225503517025108735e-01 -6.836762527995821515e+00
6.300000000000000044e-01 -8.560714126028701187e-01 -6.454626655311884065e+00
6.400000000000000133e-01 -7.935147540168271396e-01 -6.055200268292206367e+00
6.500000000000000222e-01 -7.349760434746201998e-01 -5.653030422099778463e+00
6.600000000000000311e-01 -6.804298719412451568e-01 -5.258032076715446479e+00
6.700000000000000400e-01 -6.297693727774150707e-01 -4.876762704775130963e+00
6.800000000000000488e-01 -5.828348806309766594e-01 -4.513357338471668534e+00
6.900000000000000577e-01 -5.394345479974798074e-01 -4.170214811657555920e+00
7.000000000000000666e-01 -4.993590597737641579e-01 -3.848501271699027892e+00
7.099999999999999645e-01 -4.623920192392086959e-01 -3.548519225118859310e+00
7.199999999999999734e-01 -4.283171642102772125e-01 -3.269977478687934536e+00
7.299999999999999822e-01 -3.969232678768047085e-01 -3.012187956355652840e+00
7.399999999999999911e-01 -3.680073550338470723e-01 -2.774208527615845465e+00
7.500000000000000000e-01 -3.413766994128040744e-01 -2.554945972497869366e+00
7.600000000000000089e-01 -3.168499458986039352e-01 -2.353229529581128965e+00
7.700000000000000178e-01 -2.942576111860439325e-01 -2.167862764737783721e+00
7.800000000000000266e-01 -2.734421495521173195e-01 -1.997659498737146988e+00
7.900000000000000355e-01 -2.542577208070274652e-01 -1.841468052288038226e+00
8.000000000000000444e-01 -2.365697606583125057e-01 -1.698186970024834652e+00
8.100000000000000533e-01 -2.202544263831977545e-01 -1.566774569997960054e+00
8.200000000000000622e-01 -2.051979704190435294e-01 -1.446254058929454134e+00
8.300000000000000711e-01 -1.912960794477611415e-01 -1.335715501871208133e+00
8.399999999999999689e-01 -1.784532054293805348e-01 -1.234315598202686992e+00
8.499999999999999778e-01 -1.665819068375551659e-01 -1.141275964759807859e+00
8.599999999999999867e-01 -1.556022123242883914e-01 -1.055880439546746929e+00
8.699999999999999956e-01 -1.454410146392287051e-01 -9.774717797987297896e-01
8.800000000000000044e-01 -1.360314994369970498e-01 -9.054480241189115652e-01
8.900000000000000133e-01 -1.273126113147600158e-01 -8.392587110443021636e-01
9.000000000000000222e-01 -1.192285577999925017e-01 -7.784010890085838463e-01
9.100000000000000311e-01 -1.117283508815269388e-01 -7.224164102522576680e-01
9.200000000000000400e-01 -1.047653849155480987e-01 -6.708863700266785024e-01
9.300000000000000488e-01 -9.829704924479415462e-02 -6.234297296293420665e-01
9.400000000000000577e-01 -9.228437357101057503e-02 -5.796991452756423691e-01
9.500000000000000666e-01 -8.669170396323899741e-02 -5.393782129653224011e-01
9.599999999999999645e-01 -8.148640732722953195e-02 -5.021787311427317047e-01
9.699999999999999734e-01 -7.663860217397634733e-02 -4.678381771783196585e-01
9.799999999999999822e-01 -7.212091358576736000e-02 -4.361173898374863800e-01
9.899999999999999911e-01 -6.790825036976656792e-02 -4.067984474432970732e-01
1.000000000000000000e+00 -6.397760250000000815e-02 -3.796827299999999683e-01
1.010000000000000009e+00 -6.030785706998646745e-02 -3.545891528389064629e-01
1.020000000000000018e+00 -5.687963110392262045e-02 -3.313525591635223533e-01
1.030000000000000027e+00 -5.367511969992433407e-02 -3.098222590479466354e-01
1.040000000000000036e+00 -5.067795810134362311e-02 -2.898607028637779082e-01
1.050000000000000044e+00 -4.787309640963578750e-02 -2.713422776894105493e-01
1.060000000000000053e+00 -4.524668576340666604e-02 -2.541522159283718385e-01
1.070000000000000062e+00 -4.278597491242219775e-02 -2.381856060844901868e-01
1.080000000000000071e+00 -4.047921621220241378e-02 -2.233464963785930513e-01
1.090000000000000080e+00 -3.831558015431234254e-02 -2.095470826213382542e-01
1.100000000000000089e+00 0.000000000000000000e+00 -1.967069724641785089e-01
1.110000000000000098e+00 0.000000000000000000e+00 -1.847525188252598372e-01
1.120000000000000107e+00 0.000000000000000000e+00 -1.736162159230962287e-01
1.130000000000000115e+00 0.000000000000000000e+00 -1.632361519448632392e-01
1.140000000000000124e+00 0.000000000000000000e+00 -1.535555129268701968e-01
1.150000000000000133e+00 0.000000000000000000e+00 -1.445221329324072324e-01
1.159999999999999920e+00 0.000000000000000000e+00 -1.360880860779093149e-01
1.169999999999999929e+00 0.000000000000000000e+00 -1.282093163840693495e-01
1.179999999999999938e+00 0.000000000000000000e+00 -1.208453018164139525e-01
1.189999999999999947e+00 0.000000000000000000e+00 -1.139587492323756723e-01
1.199999999999999956e+00 0.000000000000000000e+00 -1.075153172716337979e-01
