0.000000000000000000e+00 3.332038235767909646e+21 2.399213975201059975e+24
1.666666666666666644e-02 1.666222514185767485e+21 1.199680210269399746e+24
3.333333333333333287e-02 4.067926036248673280e+17 1.464453377396982415e+20
5.000000000000000278e-02 3.135291408931898000e+15 7.524699635883242240e+17
6.666666666666666574e-02 9.931456334564468750e+13 1.787662479866931600e+16
8.333333333333334259e-02 6.824837525850857422e+12 9.827773160104008750e+14
1.000000000000000056e-01 7.654487427931718750e+11 9.185404792165481250e+13
1.166666666666666824e-01 1.203792901909809875e+11 1.238193741905294531e+13
1.333333333333333315e-01 2.424613911825023651e+10 2.182179055433723145e+12
1.499999999999999944e-01 5.899313460211896896e+09 4.719567113248149414e+11
1.666666666666666852e-01 1.666067937978010654e+09 1.199624562834607086e+11
1.833333333333333481e-01 5.308225879049311876e+08 3.474760680447059631e+10
2.000000000000000111e-01 1.868261760242356062e+08 1.121112358078376961e+10
2.166666666666666741e-01 7.148554891991454363e+07 3.960086466043174744e+09
2.333333333333333648e-01 2.936926658074399084e+07 1.510947321322532654e+09
2.500000000000000000e-01 1.282858398952481896e+07 6.160977232565095425e+08
2.666666666666666630e-01 5.910398049454790540e+06 2.661752152817345858e+08
2.833333333333333814e-01 2.853463720563679002e+06 1.209881946715599597e+08
2.999999999999999889e-01 1.435788357013528701e+06 5.752242887322212756e+07
3.166666666666667074e-01 7.495319888290319359e+05 2.846557191801252216e+07
3.333333333333333703e-01 4.043773503786745132e+05 1.460105921553834900e+07
3.499999999999999778e-01 2.247150435197167681e+05 7.735412365728344768e+06
3.666666666666666963e-01 1.282533118457890669e+05 4.219690459858044982e+06
3.833333333333333592e-01 7.498826503834071627e+04 2.363802444787416607e+06
4.000000000000000222e-01 4.481563365039112978e+04 1.356601973024507053e+06
4.166666666666666852e-01 2.732143024703632909e+04 7.959744759482983500e+05
4.333333333333333481e-01 1.695996156760823214e+04 4.765888613330494845e+05
4.500000000000000666e-01 1.070215775053543621e+04 2.907107214789167047e+05
4.666666666666667296e-01 6.854472293525752320e+03 1.803820556168819312e+05
4.833333333333333370e-01 4.449437852446346369e+03 1.136947664603654994e+05
5.000000000000000000e-01 2.923252715164636356e+03 7.270253203362529166e+04
5.166666666666667185e-01 1.941231013124724086e+03 4.710927313125239743e+04
5.333333333333333259e-01 1.301257200171266959e+03 3.089784213095528685e+04
5.500000000000000444e-01 8.793100984656463197e+02 2.049066143362911680e+04
5.666666666666667629e-01 5.981477938711786919e+02 1.372614014349925492e+04
5.833333333333333703e-01 4.089908006096408712e+02 9.278431764415536236e+03
5.999999999999999778e-01 2.806324194503106924e+02 6.322762394326293361e+03
6.166666666666666963e-01 1.928651246689713616e+02 4.339234473939639429e+03
6.333333333333334147e-01 1.324550668689922475e+02 2.996037815237765244e+03
6.500000000000000222e-01 9.064351473407930371e+01 2.078921045212285662e+03
6.666666666666667407e-01 6.157623137388353740e+01 1.448017492121080977e+03
6.833333333333334592e-01 4.130427817944132585e+01 1.011075227880473903e+03
6.999999999999999556e-01 2.714113353329187106e+01 7.066561678992750331e+02
7.166666666666666741e-01 1.724463403422662111e+01 4.934702462251953534e+02
7.333333333333333925e-01 1.034236668987740870e+01 3.435304847224484774e+02
7.500000000000000000e-01 5.549566725570401537e+00 2.377147682576280658e+02
7.666666666666667185e-01 2.247270410136322560e+00 1.628599262922392086e+02
7.833333333333334370e-01 9.140069826713355286e-05 1.098414137770411969e+02
8.000000000000000444e-01 -1.499710230287548240e+00 7.229312398923013916e+01
8.166666666666666519e-01 -2.470562005377897385e+00 4.574681359501943945e+01
8.333333333333333703e-01 -3.068039770554493728e+00 2.704901506692160496e+01
8.500000000000000888e-01 -3.403255097227138037e+00 1.396299188353339105e+01
8.666666666666666963e-01 -3.555712885529660916e+00 4.895076988026338505e+00
8.833333333333334147e-01 -3.582355021272038975e+00 -1.294743009543311674e+00
9.000000000000001332e-01 -3.523956218232669357e+00 -5.424769383948070178e+00
9.166666666666667407e-01 -3.409670197537706837e+00 -8.084051893680779699e+00
9.333333333333334592e-01 -3.260276182849346949e+00 -9.697550382685674819e+00
9.500000000000001776e-01 -3.090507116737996274e+00 -1.057230260386391762e+01
9.666666666666666741e-01 -2.910725714274598364e+00 -1.093029830941388703e+01
9.833333333333332815e-01 -2.728135105962629758e+00 -1.093199664494925472e+01
1.000000000000000000e+00 -2.547655847320290601e+00 -1.069322274851528931e+01
1.016666666666666607e+00 -2.372562764497932797e+00 -1.029735583232526253e+01
1.033333333333333437e+00 -2.204948259327224935e+00 -9.804152764812362975e+00
1.050000000000000044e+00 -2.046059781555617185e+00 -9.256156771479755463e+00
1.066666666666666652e+00 -1.896545779198917536e+00 -8.683365585505075757e+00
1.083333333333333481e+00 -1.756634903142017645e+00 -8.106640184655514503e+00
1.100000000000000089e+00 -1.626266424333760119e+00 -7.540198962785057191e+00
1.116666666666666696e+00 -1.505184925376231053e+00 -6.993445561341008698e+00
1.133333333333333526e+00 -1.393008796919160242e+00 -6.472309758802584412e+00
1.150000000000000133e+00 -1.289279512422274898e+00 -5.980231565474506183e+00
1.166666666666666741e+00 -1.193496796782419045e+00 -5.518883276815049754e+00
1.183333333333333348e+00 -1.105143449424494939e+00 -5.088698697589185471e+00
1.199999999999999956e+00 -1.023702591324754163e+00 -4.689260246684417766e+00
1.216666666666666785e+00 -9.486693782906422401e-01 -4.319581199362790613e+00
1.233333333333333393e+00 -8.795586879394050595e-01 -3.978310508053315431e+00
1.250000000000000000e+00 -8.159098934340440756e-01 -3.663880457692928694e+00
1.266666666666666829e+00 -7.572895456467589881e-01 -3.374612136110605398e+00
1.283333333333333437e+00 -7.032925697563191525e-01 -3.108789815589555694e+00
1.300000000000000044e+00 -6.535424224476992228e-01 -2.864712474288451549e+00
1.316666666666666874e+00 -6.076905373016909806e-01 -2.640728564466593653e+00
1.333333333333333481e+00 -5.654152979405174806e-01 -2.435258561221082196e+00
1.350000000000000089e+00 -5.264207131529583528e-01 -2.246808656784837765e+00
1.366666666666666918e+00 -4.904349197395878601e-01 -2.073978095979140512e+00
1.383333333333333526e+00 -4.572086028866184648e-01 -1.915462000771330775e+00
1.399999999999999911e+00 -4.265133972977546706e-01 -1.770051049047830283e+00
1.416666666666666741e+00 -3.981403127092618677e-01 -1.636629012561865881e+00
1.433333333333333348e+00 -3.718982130121615270e-01 -1.514168890363404074e+00
1.449999999999999956e+00 -3.476123676845810362e-01 -1.401728173707547320e+00
1.466666666666666785e+00 -3.251230866085015880e-01 -1.298443629233620777e+00
1.483333333333333393e+00 -3.042844438689292774e-01 -1.203525876258559446e+00
1.500000000000000000e+00 -2.849630922561962043e-01 -1.116253951733150895e+00
1.516666666666666829e+00 -2.670371674988693544e-01 -1.035969995581631498e+00
1.533333333333333437e+00 -2.503952794348663913e-01 -9.620741443977225416e-01
1.550000000000000044e+00 -2.349355861491256303e-01 -8.940196887610067922e-01
1.566666666666666874e+00 -2.205649463934287180e-01 -8.313085257298886699e-01
1.583333333333333481e+00 -2.071981452276266955e-01 -7.734869210783781313e-01
1.600000000000000089e+00 -1.947571876845829997e-01 -7.201415838566898042e-01
1.616666666666666696e+00 -1.831706552915304542e-01 -6.708960475788522393e-01
1.633333333333333304e+00 -1.723731204248741822e-01 -6.254073468032786964e-01
1.650000000000000133e+00 -1.623046136944707729e-01 -5.833629743450722271e-01
1.666666666666666741e+00 -1.529101398183556615e-01 -5.444781022944550353e-01
1.683333333333333348e+00 -1.441392377389733859e-01 -5.084930490041679185e-01
1.700000000000000178e+00 -1.359455810323198510e-01 -4.751709739438656488e-01
1.716666666666666785e+00 -1.282866149615782547e-01 -4.442957825735371902e-01
1.733333333333333393e+00 -1.211232268196549278e-01 -4.156702239920333497e-01
1.750000000000000222e+00 -1.144194464857452020e-01 -3.891141649465733598e-01
1.766666666666666829e+00 -1.081421743867272273e-01 -3.644630247538792611e-01
1.783333333333333437e+00 -1.022609343031123386e-01 -3.415663567177201765e-01
1.800000000000000266e+00 -9.674764869073233797e-02 -3.202865626844068614e-01
1.816666666666666874e+00 -9.157643440323218198e-02 -3.004977284244812474e-01
1.833333333333333481e+00 0.000000000000000000e+00 -2.820845685432770145e-01
1.850000000000000311e+00 0.000000000000000000e+00 -2.649414705907167655e-01
1.866666666666666918e+00 0.000000000000000000e+00 -2.489716289528148274e-01
1.883333333333333526e+00 0.000000000000000000e+00 -2.340862599591728710e-01
1.900000000000000355e+00 0.000000000000000000e+00 -2.202038904305022027e-01
1.916666666666666963e+00 0.000000000000000000e+00 -2.072497126181748195e-01
1.933333333333333348e+00 0.000000000000000000e+00 -1.951549991557016694e-01
1.949999999999999956e+00 0.000000000000000000e+00 -1.838565722524894974e-01
1.966666666666666563e+00 0.000000000000000000e+00 -1.732963219164636026e-01
1.983333333333333393e+00 0.000000000000000000e+00 -1.634207684976706765e-01
2.000000000000000000e+00 0.000000000000000000e+00 -1.541806653034901442e-01
