0.000000000000000000e+00 3.871027404717527400e+22 4.645516442830356687e+25
1.000000000000000021e-02 1.935749999965919563e+22 2.322899999979551399e+25
2.000000000000000042e-02 4.725952143112498176e+18 2.835571287464998863e+21
2.999999999999999889e-02 3.642455089380911200e+16 1.456982045102158643e+19
4.000000000000000083e-02 1.153796828036498500e+15 3.461390608914183680e+17
5.000000000000000278e-02 7.928829818879995312e+13 1.902919418265598800e+16
5.999999999999999778e-02 8.892705430165347656e+12 1.778541816485744000e+15
7.000000000000000666e-02 1.398530326270684082e+12 2.397483042251633125e+14
8.000000000000000167e-02 2.816873989842830811e+11 4.225320735130457812e+13
8.999999999999999667e-02 6.853857824537216187e+10 9.138519851071289062e+12
1.000000000000000056e-01 1.935715919999998856e+10 2.322879551999998535e+12
1.100000000000000006e-01 6.167703681112869263e+09 6.728508946331510010e+11
1.199999999999999956e-01 2.170958311762734890e+09 2.171015378377960815e+11
1.300000000000000044e-01 8.307916690035510063e+08 7.669172047660717773e+10
1.400000000000000133e-01 3.413935133988911510e+08 2.926424093789842224e+10
1.499999999999999944e-01 1.491650430343162119e+08 1.193440021640784836e+10
1.600000000000000033e-01 6.875134177444121242e+07 5.157112380443321228e+09
1.700000000000000122e-01 3.321066838863938302e+07 2.344780794571323395e+09
1.799999999999999933e-01 1.672318796384188533e+07 1.115213195154569864e+09
1.900000000000000022e-01 8.738687204944033176e+06 5.521458442798172235e+08
2.000000000000000111e-01 4.720627148437497206e+06 2.833973789062498212e+08
2.099999999999999922e-01 2.627613395779538900e+06 1.502628682441762686e+08
2.200000000000000011e-01 1.502828173839121591e+06 8.205442285515764356e+07
2.300000000000000100e-01 8.810121035347746219e+05 4.602590482220290601e+07
2.399999999999999911e-01 5.282636519150919048e+05 2.645776588890016824e+07
2.500000000000000000e-01 3.233690419199999887e+05 1.555521601535999961e+07
2.600000000000000089e-01 2.017440216997529205e+05 9.336721308998228982e+06
2.700000000000000178e-01 1.280889690647934913e+05 5.712391166635619476e+06
2.800000000000000266e-01 8.265186107140712556e+04 3.557377222205753438e+06
2.899999999999999800e-01 5.413788547404916608e+04 2.252042362485899590e+06
2.999999999999999889e-01 3.595706164936466666e+04 1.447632260213270085e+06
3.099999999999999978e-01 2.419187390556030005e+04 9.438918622925155796e+05
3.200000000000000067e-01 1.647256010968155897e+04 6.236721553648514673e+05
3.300000000000000155e-01 1.134209883002833885e+04 4.172378802729429444e+05
3.400000000000000244e-01 7.890909923679194435e+03 2.823958288068909314e+05
3.500000000000000333e-01 5.542999940472075650e+03 1.932238632338369498e+05
3.599999999999999867e-01 3.928694474068028740e+03 1.335658384463617112e+05
3.699999999999999956e-01 2.807722192629629717e+03 9.321522592585676466e+04
3.800000000000000044e-01 2.022049728920080270e+03 6.564137112037479528e+04
3.900000000000000133e-01 1.466561205897468199e+03 4.661500244631331589e+04
4.000000000000000222e-01 1.070593786239623341e+03 3.336586046218869888e+04
4.100000000000000311e-01 7.861666895737002960e+02 2.405969521570274082e+04
4.199999999999999845e-01 5.803898402326333326e+02 1.746953047697927104e+04
4.299999999999999933e-01 4.305139744704373470e+02 1.276660984405013733e+04
4.400000000000000022e-01 3.206692583384596560e+02 9.385970613251251052e+03
4.500000000000000111e-01 2.396950223559715027e+02 6.939088873503293144e+03
4.600000000000000200e-01 1.796818855703968154e+02 5.156540584491812297e+03
4.700000000000000289e-01 1.349835891256377067e+02 3.850003146120259771e+03
4.799999999999999822e-01 1.015414436494726544e+02 2.886843068936629152e+03
4.899999999999999911e-01 7.641870352538246891e+01 2.172972177777246998e+03
5.000000000000000000e-01 5.747711999999999222e+01 1.641185280000000148e+03
5.100000000000000089e-01 4.315057781219506694e+01 1.243163259241524884e+03
5.200000000000000178e-01 3.228554255455472344e+01 9.439476149159399938e+02
5.300000000000000266e-01 2.402783058985169262e+01 7.180946775774482376e+02
5.400000000000000355e-01 1.774172700605334185e+01 5.469801086442162159e+02
5.500000000000000444e-01 1.295184845329147016e+01 4.168969166156932147e+02
5.600000000000000533e-01 9.301104195260959884e+00 3.177047260794074646e+02
5.700000000000000622e-01 6.520123223589401107e+00 2.418645869055275455e+02
5.799999999999999600e-01 4.404897811201497149e+00 1.837451764903959202e+02
5.899999999999999689e-01 2.800349238409491015e+00 1.391212359065686712e+02
5.999999999999999778e-01 1.588185985720901083e+00 1.048089872041299770e+02
6.099999999999999867e-01 6.778899214815421459e-01 7.839972402841780763e+01
6.199999999999999956e-01 -6.288081145777724146e-06 5.806415359652051222e+01
6.300000000000000044e-01 -4.989551254457464946e-01 4.240800070795145871e+01
6.400000000000000133e-01 -8.601826407086441417e-01 3.036494464134501570e+01
6.500000000000000222e-01 -1.115549897090956089e+00 2.111687981447197160e+01
6.600000000000000311e-01 -1.289722590856468010e+00 1.403427035874341655e+01
6.700000000000000400e-01 -1.401822154333172588e+00 8.631349980501648034e+00
6.800000000000000488e-01 -1.466686653648123784e+00 4.532338239678406211e+00
6.900000000000000577e-01 -1.495836893984401339e+00 1.445866962483203011e+00
7.000000000000000666e-01 -1.498218980565751313e+00 -8.544493503673997736e-01
7.099999999999999645e-01 -1.480776755061622207e+00 -2.544826994403067033e+00
7.199999999999999734e-01 -1.448894316554585782e+00 -3.762645035591448028e+00
7.299999999999999822e-01 -1.406739006655279844e+00 -4.615141827928491480e+00
7.399999999999999911e-01 -1.357527895017234254e+00 -5.186109424868792672e+00
7.500000000000000000e-01 -1.303735294190700333e+00 -5.541061826392769341e+00
7.600000000000000089e-01 -1.247254686876296592e+00 -5.731236036585731775e+00
7.700000000000000178e-01 -1.189525316304735902e+00 -5.796697650840405558e+00
7.800000000000000266e-01 -1.131631315594370690e+00 -5.768757353443592528e+00
7.900000000000000355e-01 -1.074379445256133936e+00 -5.671855600448672874e+00
8.000000000000000444e-01 -1.018360129091888222e+00 -5.525035725440828216e+00
8.100000000000000533e-01 -9.639954229702838440e-01 -5.343097674895252780e+00
8.200000000000000622e-01 -9.115767401709871098e-01 -5.137503294542637988e+00
8.300000000000000711e-01 -8.612945324996599261e-01 -4.917087873041866786e+00
8.399999999999999689e-01 -8.132616440268867208e-01 -4.688620258053522782e+00
8.499999999999999778e-01 -7.675316807320062829e-01 -4.457244362159215711e+00
8.599999999999999867e-01 -7.241134492531324796e-01 -4.226827575038053730e+00
8.699999999999999956e-01 -6.829822921344066433e-01 -4.000235970028295007e+00
8.800000000000000044e-01 -6.440889707608397075e-01 -3.779551842601041489e+00
8.900000000000000133e-01 -6.073666093665487375e-01 -3.566245746461882860e+00
9.000000000000000222e-01 -5.727361054918630456e-01 -3.361312573141105098e+00
9.100000000000000311e-01 -5.401103274314321689e-01 -3.165379180363956380e+00
9.200000000000000400e-01 -5.093973524548489618e-01 -2.978789481383351756e+00
9.300000000000000488e-01 -4.805029469457541280e-01 -2.801671660877623538e+00
9.400000000000000577e-01 -4.533324480340573670e-01 -2.633991205473502184e+00
9.500000000000000666e-01 -4.277921734095971873e-01 -2.475592668793644258e+00
9.599999999999999645e-01 -4.037904599505830472e-01 -2.326232486102493446e+00
9.699999999999999734e-01 -3.812384111288680266e-01 -2.185604676502602928e+00
9.799999999999999822e-01 -3.600504167334868666e-01 -2.053360893575518098e+00
9.899999999999999911e-01 -3.401444953952439398e-01 -1.929125986873542864e+00
1.000000000000000000e+00 -3.214425000000000199e-01 -1.812510000000000066e+00
1.010000000000000009e+00 -3.038702177965634244e-01 -1.703117343080157609e+00
1.020000000000000018e+00 -2.873573904027323378e-01 -1.600553727978884844e+00
1.030000000000000027e+00 -2.718376736469539368e-01 -1.504431335627874011e+00
1.040000000000000036e+00 -2.572485529815875527e-01 -1.414372589967354488e+00
1.050000000000000044e+00 -2.435312268513905587e-01 -1.330012837308676588e+00
1.060000000000000053e+00 -2.306304677263999459e-01 -1.251002169458253377e+00
1.070000000000000062e+00 -2.184944683756648853e-01 -1.177006580605583164e+00
1.080000000000000071e+00 -2.070746792587723206e-01 -1.107708609309902670e+00
1.090000000000000080e+00 -1.963256415592421755e-01 -1.042807585970904061e+00
1.100000000000000089e+00 0.000000000000000000e+00 -9.820195813891132719e-01
1.110000000000000098e+00 0.000000000000000000e+00 -9.250771321775939082e-01
1.120000000000000107e+00 0.000000000000000000e+00 -8.717288028956254875e-01
1.130000000000000115e+00 0.000000000000000000e+00 -8.217386320524407983e-01
1.140000000000000124e+00 0.000000000000000000e+00 -7.748854989480016275e-01
1.150000000000000133e+00 0.000000000000000000e+00 -7.309624401765991708e-01
1.159999999999999920e+00 0.000000000000000000e+00 -6.897759381158877767e-01
1.169999999999999929e+00 0.000000000000000000e+00 -6.511451985366132345e-01
1.179999999999999938e+00 0.000000000000000000e+00 -6.149014303381357127e-01
1.189999999999999947e+00 0.000000000000000000e+00 -5.808871371340147416e-01
1.199999999999999956e+00 0.000000000000000000e+00 -5.489554278134427534e-01
