0.000000000000000000e+00 1.603304260106317464e+21 1.924082556063441639e+24
1.000000000000000021e-02 8.017499999256245699e+20 9.620999999553744792e+23
2.000000000000000042e-02 1.957397449316366720e+17 1.174438473076159939e+20
2.999999999999999889e-02 1.508633970244003000e+15 6.034536085023335680e+17
4.000000000000000083e-02 4.778800579064940625e+13 1.433640446089782400e+16
5.000000000000000278e-02 3.283963239983998047e+12 7.881517487980795000e+14
5.999999999999999778e-02 3.683172711799956665e+11 7.366361364797185938e+13
7.000000000000000666e-02 5.792389379567877197e+10 9.929864551761562500e+12
8.000000000000000167e-02 1.166671431528031540e+10 1.750028426221757812e+12
8.999999999999999667e-02 2.838621214805905819e+09 3.784921586510802612e+11
1.000000000000000056e-01 8.016756247499995232e+08 9.620553748499993896e+10
1.100000000000000006e-01 2.554202752096123695e+08 2.786631999866677856e+10
1.199999999999999956e-01 8.989668985282510519e+07 8.990914391319513321e+09
1.300000000000000044e-01 3.439729062113507837e+07 3.175845693450451851e+09
1.400000000000000133e-01 1.413185217442725599e+07 1.211724949232632875e+09
1.499999999999999944e-01 6.172835645605065860e+06 4.940880322245370150e+08
1.600000000000000033e-01 2.843955081621970050e+06 2.134628727600101531e+08
1.700000000000000122e-01 1.373024768286975799e+06 9.702814740516322851e+07
1.799999999999999933e-01 6.908702038767671911e+05 4.613090429719674587e+07
1.900000000000000022e-01 3.606585506485230871e+05 2.282835821541894227e+07
2.000000000000000111e-01 1.945776328124998836e+05 1.170952136718749255e+07
2.099999999999999922e-01 1.081280280264702014e+05 6.203521225029857829e+06
2.200000000000000011e-01 6.171273270523430983e+04 3.384039492586459033e+06
2.300000000000000100e-01 3.608274447958466772e+04 1.895684415658148238e+06
2.399999999999999911e-01 2.156432574370091243e+04 1.087946021849146113e+06
2.500000000000000000e-01 1.314649190400000225e+04 6.383429959680000320e+05
2.600000000000000089e-01 8.160775713937558976e+03 3.822072381755912793e+05
2.700000000000000178e-01 5.149654434657570164e+03 2.331396531053890358e+05
2.800000000000000266e-01 3.298230170969453866e+03 1.446600206889564579e+05
2.899999999999999800e-01 2.140978564920195822e+03 9.117920024679607013e+04
2.999999999999999889e-01 1.406610409716225149e+03 5.830488963967781456e+04
3.099999999999999978e-01 9.340820805457994993e+02 3.778000475036876014e+04
3.200000000000000067e-01 6.261399241145325050e+02 2.477900995400127795e+04
3.300000000000000155e-01 4.231076103134594177e+02 1.643281669792383036e+04
3.400000000000000244e-01 2.878179819896441813e+02 1.100790669127225192e+04
3.500000000000000333e-01 1.967993899743079851e+02 7.440998543440919093e+03
3.599999999999999867e-01 1.350358326776329534e+02 5.070653058621092896e+03
3.699999999999999956e-01 9.280387527617470766e+01 3.479930918478706189e+03
3.800000000000000044e-01 6.373566713907202086e+01 2.402732134462565682e+03
3.900000000000000133e-01 4.361668928193854811e+01 1.667234683184526830e+03
4.000000000000000222e-01 2.963000392913816228e+01 1.161270418167113576e+03
4.100000000000000311e-01 1.987546268682935491e+01 8.108565238324183611e+02
4.199999999999999845e-01 1.306036576437414709e+01 5.667217948536947461e+02
4.299999999999999933e-01 8.298300967099496717e+00 3.957530254657173145e+02
4.400000000000000022e-01 4.977008225106685835e+00 2.755056187177273159e+02
4.500000000000000111e-01 2.670755850618136584e+00 1.906442877639400990e+02
4.600000000000000200e-01 1.081710227740086960e+00 1.306126121352785958e+02
4.700000000000000289e-01 3.714997058086311199e-04 8.809300951287261228e+01
4.799999999999999822e-01 -7.213392602130856979e-01 5.798007055795937248e+01
4.899999999999999911e-01 -1.188525589147416017e+00 3.669040787025497963e+01
5.000000000000000000e-01 -1.476048000000000027e+00 2.169504000000000232e+01
5.100000000000000089e-01 -1.637371629919848415e+00 1.120017325774931294e+01
5.200000000000000178e-01 -1.710753063792557871e+00 3.927734537570648499e+00
5.300000000000000266e-01 -1.723591964894271245e+00 -1.036533712381530137e+00
5.400000000000000355e-01 -1.695508630924449589e+00 -4.348886168569896071e+00
5.500000000000000444e-01 -1.640531529464216209e+00 -6.481724948613512005e+00
5.600000000000000533e-01 -1.568659451272302219e+00 -7.775857067599491579e+00
5.700000000000000622e-01 -1.486981805869791673e+00 -8.477519530302632944e+00
5.799999999999999600e-01 -1.400485109040302323e+00 -8.764743297803065047e+00
5.899999999999999689e-01 -1.312635523602343035e+00 -8.766213496383963744e+00
5.999999999999999778e-01 -1.225800862066532604e+00 -8.574819967668094733e+00
6.099999999999999867e-01 -1.141557026801576225e+00 -8.257431741743491926e+00
6.199999999999999956e-01 -1.060910945589303322e+00 -7.861973290016697646e+00
6.300000000000000044e-01 -9.844629586232969132e-01 -7.422564120035342938e+00
6.400000000000000133e-01 -9.125251667233077457e-01 -6.963262503356475008e+00
6.500000000000000222e-01 -8.452076625792256381e-01 -6.500799192202880938e+00
6.600000000000000311e-01 -7.824812862540846403e-01 -6.046577682049846914e+00
6.700000000000000400e-01 -7.242231900523544708e-01 -5.608140089001714124e+00
6.800000000000000488e-01 -6.702497986223447946e-01 -5.190242513444983885e+00
6.900000000000000577e-01 -6.203405198542807364e-01 -4.795644264183678729e+00
7.000000000000000666e-01 -5.742546680684250671e-01 -4.425686932230448178e+00
7.099999999999999645e-01 -5.317434090352566312e-01 -4.080718820454817930e+00
7.199999999999999734e-01 -4.925580594551622893e-01 -3.760405396909001219e+00
7.299999999999999822e-01 -4.564557236357291714e-01 -3.463955650714261036e+00
7.399999999999999911e-01 -4.232029927284142734e-01 -3.190286357525282668e+00
7.500000000000000000e-01 -3.925782421153053425e-01 -2.938140499359289226e+00
7.600000000000000089e-01 -3.643729223250711247e-01 -2.706171852770226760e+00
7.700000000000000178e-01 -3.383921350829915964e-01 -2.493004644203634435e+00
7.800000000000000266e-01 -3.144547091880957046e-01 -2.297274871749895642e+00
7.900000000000000355e-01 -2.923929338509714260e-01 -2.117658190938822571e+00
8.000000000000000444e-01 -2.720520647708325468e-01 -1.952888000523670842e+00
8.100000000000000533e-01 -2.532896867883086545e-01 -1.801766426967302825e+00
8.200000000000000622e-01 -2.359749936209066257e-01 -1.663170209060917726e+00
8.300000000000000711e-01 -2.199880278978380288e-01 -1.536052964710616475e+00
8.399999999999999689e-01 -2.052189119212102786e-01 -1.419444934699171323e+00
8.499999999999999778e-01 -1.915670901471091259e-01 -1.312451009396367496e+00
8.599999999999999867e-01 -1.789405974502142338e-01 -1.214247628937137558e+00
8.699999999999999956e-01 -1.672553621729186146e-01 -1.124078986740126185e+00
8.800000000000000044e-01 -1.564345492889041844e-01 -1.041252846579520552e+00
8.900000000000000133e-01 -1.464079463759093702e-01 -9.651361944432991224e-01
9.000000000000000222e-01 -1.371113932265902169e-01 -8.951508804108661010e-01
9.100000000000000311e-01 -1.284862546303243425e-01 -8.307693569990792781e-01
9.200000000000000400e-01 -1.204789349830089618e-01 -7.715105845381071692e-01
9.300000000000000488e-01 -1.130404328143804760e-01 -7.169361479054796593e-01
9.400000000000000577e-01 -1.061259329793429462e-01 -6.666466099327617023e-01
9.500000000000000666e-01 -9.969443407863282092e-02 -6.202781131736497811e-01
9.599999999999999645e-01 -9.370840860819759643e-02 -5.774992321080438806e-01
9.699999999999999734e-01 -8.813349335123354944e-02 -5.380080712181929403e-01
9.799999999999999822e-01 -8.293820759623626859e-02 -5.015295999316886633e-01
9.899999999999999911e-01 -7.809369686975574376e-02 -4.678132125968488264e-01
1.000000000000000000e+00 -7.357350000000000001e-02 -4.366305000000000325e-01
1.010000000000000009e+00 -6.935333746698409130e-02 -4.077732181225411368e-01
1.020000000000000018e+00 -6.541091913942098657e-02 -3.810514396229316980e-01
1.030000000000000027e+00 -6.172576964296624252e-02 -3.562918737321641993e-01
1.040000000000000036e+00 -5.827906974531020523e-02 -3.333363407354387742e-01
1.050000000000000044e+00 -5.505351227867447128e-02 -3.120403878780034779e-01
1.060000000000000053e+00 -5.203317124808819194e-02 -2.922720343066432802e-01
1.070000000000000062e+00 -4.920338289358780481e-02 -2.739106334874759074e-01
1.080000000000000071e+00 -4.655063758584319922e-02 -2.568458423880487507e-01
1.090000000000000080e+00 -4.406248153762151731e-02 -2.409766875510255257e-01
1.100000000000000089e+00 0.000000000000000000e+00 -2.262107190001834411e-01
1.110000000000000098e+00 0.000000000000000000e+00 -2.124632436953960979e-01
1.120000000000000107e+00 0.000000000000000000e+00 -1.996566309846727616e-01
1.130000000000000115e+00 0.000000000000000000e+00 -1.877196831843795377e-01
1.140000000000000124e+00 0.000000000000000000e+00 -1.765870650520549312e-01
1.150000000000000133e+00 0.000000000000000000e+00 -1.661987864999824316e-01
1.159999999999999920e+00 0.000000000000000000e+00 -1.564997334332633439e-01
1.169999999999999929e+00 0.000000000000000000e+00 -1.474392420856547870e-01
1.179999999999999938e+00 0.000000000000000000e+00 -1.389707126724803177e-01
1.189999999999999947e+00 0.000000000000000000e+00 -1.310512585853056411e-01
1.199999999999999956e+00 0.000000000000000000e+00 -1.236413877207530737e-01
