0.000000000000000000e+00 2.160936181441700561e+21 2.593281708864550000e+24
1.000000000000000021e-02 1.080599999899754693e+21 1.296719999939852418e+24
2.000000000000000042e-02 2.638183578086717760e+17 1.582910151551014994e+20
2.999999999999999889e-02 2.033339405355242250e+15 8.133357896441544960e+17
4.000000000000000083e-02 6.440875467041013281e+13 1.932263007220458000e+16
5.000000000000000278e-02 4.426131184319997070e+12 1.062272254118399250e+15
5.999999999999999778e-02 4.964186382341538086e+11 9.928394250665587500e+13
7.000000000000000666e-02 7.806992157477403259e+10 1.338348816154190625e+13
8.000000000000000167e-02 1.572441719144582176e+10 2.358691259041427734e+12
8.999999999999999667e-02 3.825898449433766842e+09 5.101323685013715820e+11
1.000000000000000056e-01 1.080499754999999285e+09 1.296659852999999084e+11
1.100000000000000006e-01 3.442558759286932945e+08 3.755827295708208466e+10
1.199999999999999956e-01 1.211629093125827610e+08 1.211796952364189148e+10
1.300000000000000044e-01 4.636072582160664350e+07 4.280410154884075165e+09
1.400000000000000133e-01 1.904693390209940821e+07 1.633164916010889053e+09
1.499999999999999944e-01 8.319758109140997753e+06 6.659326750687284470e+08
1.600000000000000033e-01 3.833087333696310874e+06 2.877056150628048778e+08
1.700000000000000122e-01 1.850565015372741967e+06 1.307746976533570588e+08
1.799999999999999933e-01 9.311559678447934566e+05 6.217530861311101913e+07
1.900000000000000022e-01 4.860961611884360318e+05 3.076809835755817965e+07
2.000000000000000111e-01 2.622520312499998254e+05 1.578211171874998882e+07
2.099999999999999922e-01 1.457351159391546389e+05 8.361115715467693284e+06
2.200000000000000011e-01 8.317650818218851055e+04 4.561013666095896624e+06
2.300000000000000100e-01 4.863237084501299250e+04 2.555006310331718531e+06
2.399999999999999911e-01 2.906442453838532674e+04 1.466335229916268261e+06
2.500000000000000000e-01 1.771885608959999809e+04 8.603595767808000091e+05
2.600000000000000089e-01 1.099910105646519150e+04 5.151394162869764259e+05
2.700000000000000178e-01 6.940707980793650677e+03 3.142259073018353083e+05
2.800000000000000266e-01 4.445356208646799132e+03 1.949729344069403887e+05
2.899999999999999800e-01 2.885611299043578583e+03 1.228914130884897168e+05
2.999999999999999889e-01 1.895829254799687078e+03 7.858337595330434851e+04
3.099999999999999978e-01 1.258955245706215237e+03 5.091991230212149821e+04
3.200000000000000067e-01 8.439106625779398883e+02 3.339715793715390464e+04
3.300000000000000155e-01 5.702636684986927094e+02 2.214815108590434829e+04
3.400000000000000244e-01 3.879203225331797285e+02 1.483645332276085173e+04
3.500000000000000333e-01 2.652455086268819286e+02 1.002897252804839991e+04
3.599999999999999867e-01 1.820006439230885178e+02 6.834220084869415587e+03
3.699999999999999956e-01 1.250804738359508974e+02 4.690244661880611602e+03
3.800000000000000044e-01 8.590240419990294640e+01 3.238396385705086686e+03
3.900000000000000133e-01 5.878610364914288766e+01 2.247093350120370815e+03
4.000000000000000222e-01 3.993490219116208095e+01 1.565155220031736917e+03
4.100000000000000311e-01 2.678777938673543346e+01 1.092867895142247107e+03
4.199999999999999845e-01 1.760243448886129158e+01 7.638236110790683142e+02
4.299999999999999933e-01 1.118416142082100606e+01 5.333923718360922521e+02
4.400000000000000022e-01 6.707756459086941625e+00 3.713233421666852223e+02
4.500000000000000111e-01 3.599418877311321374e+00 2.569476206553982820e+02
4.600000000000000200e-01 1.457728971081285962e+00 1.760372651470740379e+02
4.700000000000000289e-01 3.232538512252247642e-04 1.187296411827199734e+02
4.799999999999999822e-01 -9.723786655419193181e-01 7.814368177553008366e+01
4.899999999999999911e-01 -1.602034986687000950e+00 4.944970130693993582e+01
5.000000000000000000e-01 -1.989542400000000377e+00 2.923914239999999154e+01
5.100000000000000089e-01 -2.206960945478938285e+00 1.509433348595802471e+01
5.200000000000000178e-01 -2.305852610440990436e+00 5.292690871781541517e+00
5.300000000000000266e-01 -2.323146453911790310e+00 -1.398018880025173161e+00
5.400000000000000355e-01 -2.285286533181049684e+00 -5.862293272896700103e+00
5.500000000000000444e-01 -2.211180260780862383e+00 -8.736833650846991262e+00
5.600000000000000533e-01 -2.114303871645832444e+00 -1.048097776903662393e+01
5.700000000000000622e-01 -2.004212354754957737e+00 -1.142660218172966324e+01
5.799999999999999600e-01 -1.887626434549950938e+00 -1.181365556560607644e+01
5.899999999999999689e-01 -1.769217717254049749e+00 -1.181557848032860747e+01
5.999999999999999778e-01 -1.652177464196401990e+00 -1.155756677363997298e+01
6.099999999999999867e-01 -1.538629610260346503e+00 -1.112974559271427566e+01
6.199999999999999956e-01 -1.429931235038124360e+00 -1.059670673705132415e+01
6.300000000000000044e-01 -1.326891426834796217e+00 -1.000443578633683472e+01
6.400000000000000133e-01 -1.229930791366885767e+00 -9.385357881245029787e+00
6.500000000000000222e-01 -1.139197673353407714e+00 -8.762022213291656314e+00
6.600000000000000311e-01 -1.054652737628074988e+00 -8.149797967193155301e+00
6.700000000000000400e-01 -9.761303808211143629e-01 -7.558850020494244148e+00
6.800000000000000488e-01 -9.033831544292996174e-01 -6.995588310229080342e+00
6.900000000000000577e-01 -8.361137218867910059e-01 -6.463731541969773176e+00
7.000000000000000666e-01 -7.739976672275101777e-01 -5.965087659293959454e+00
7.099999999999999645e-01 -7.166995942300210531e-01 -5.500125884776338125e+00
7.199999999999999734e-01 -6.638843121518904766e-01 -5.068395144460178692e+00
7.299999999999999822e-01 -6.152244325808270409e-01 -4.668829146453760792e+00
7.399999999999999911e-01 -5.704053550391627869e-01 -4.299967774612786897e+00
7.500000000000000000e-01 -5.291283632056992259e-01 -3.960116691949624013e+00
7.600000000000000089e-01 -4.911123646424856437e-01 -3.647461346141682270e+00
7.700000000000000178e-01 -4.560946670478753795e-01 -3.360147370929799759e+00
7.800000000000000266e-01 -4.238310803959399742e-01 -3.096336277781492008e+00
7.900000000000000355e-01 -3.940955574180527443e-01 -2.854243038819185507e+00
8.000000000000000444e-01 -3.666795277968047384e-01 -2.632160461507736748e+00
8.100000000000000533e-01 -3.413910390650646276e-01 -2.428473992395211667e+00
8.200000000000000622e-01 -3.180537857597593998e-01 -2.241669647408517818e+00
8.300000000000000711e-01 -2.965060850763895361e-01 -2.070337066168616680e+00
8.399999999999999689e-01 -2.765998400325456741e-01 -1.913169165887683931e+00
8.499999999999999778e-01 -2.581995184344394456e-01 -1.768959481122884148e+00
8.599999999999999867e-01 -2.411811666005099219e-01 -1.636597985274782951e+00
8.699999999999999956e-01 -2.254314699728277027e-01 -1.515065973200941052e+00
8.800000000000000044e-01 -2.108468677993272089e-01 -1.403430423039508268e+00
8.900000000000000133e-01 -1.973327255182490969e-01 -1.300838135412245133e+00
9.000000000000000222e-01 -1.848025659614792038e-01 -1.206509859222615777e+00
9.100000000000000311e-01 -1.731773587467224929e-01 -1.119734547514611656e+00
9.200000000000000400e-01 -1.623848660481065354e-01 -1.039863838489591963e+00
9.300000000000000488e-01 -1.523590421699514696e-01 -9.663068214222640950e-01
9.400000000000000577e-01 -1.430394838861371309e-01 -8.985251215905850630e-01
9.500000000000000666e-01 -1.343709282633673840e-01 -8.360283199703000268e-01
9.599999999999999645e-01 -1.263027945977772126e-01 -7.783697104872302486e-01
9.699999999999999734e-01 -1.187887671139893631e-01 -7.251423886735084423e-01
9.799999999999999822e-01 -1.117864151693005459e-01 -6.759756595883011920e-01
9.899999999999999911e-01 -1.052568478476724190e-01 -6.305317490506096023e-01
1.000000000000000000e+00 -9.916440000000001365e-02 -5.885027999999999926e-01
1.010000000000000009e+00 -9.347634697523642122e-02 -5.496081347074153189e-01
1.020000000000000018e+00 -8.816264548172128568e-02 -5.135917632716925363e-01
1.030000000000000027e+00 -8.319569821271639853e-02 -4.802201191117273504e-01
1.040000000000000036e+00 -7.855014006004223948e-02 -4.492800028169193771e-01
1.050000000000000044e+00 -7.420264392175604518e-02 -4.205767166152764025e-01
1.060000000000000053e+00 -7.013174428209405231e-02 -3.939323727612041304e-01
1.070000000000000062e+00 -6.631767690333073562e-02 -3.691843602626646570e-01
1.080000000000000071e+00 -6.274223311930396396e-02 -3.461839555095060916e-01
1.090000000000000080e+00 -5.938862735905995477e-02 -3.247950634960343752e-01
1.100000000000000089e+00 0.000000000000000000e+00 -3.048930774273014288e-01
1.110000000000000098e+00 0.000000000000000000e+00 -2.863638455444698083e-01
1.120000000000000107e+00 0.000000000000000000e+00 -2.691027349904299704e-01
1.130000000000000115e+00 0.000000000000000000e+00 -2.530137834575116873e-01
1.140000000000000124e+00 0.000000000000000000e+00 -2.380089302127066375e-01
1.150000000000000133e+00 0.000000000000000000e+00 -2.240073188826287032e-01
1.159999999999999920e+00 0.000000000000000000e+00 -2.109346651023218944e-01
1.169999999999999929e+00 0.000000000000000000e+00 -1.987226827918237015e-01
1.179999999999999938e+00 0.000000000000000000e+00 -1.873085634255912402e-01
1.189999999999999947e+00 0.000000000000000000e+00 -1.766345032062895393e-01
1.199999999999999956e+00 0.000000000000000000e+00 -1.666472735500229840e-01
