0.000000000000000000e+00 4.498375288656786096e+21 3.239027914623312789e+24
1.666666666666666644e-02 2.249462236885001699e+21 1.619612810632328892e+24
3.333333333333333287e-02 5.491851132172037120e+17 1.977066413451279401e+20
5.000000000000000278e-02 4.232759770059597000e+15 1.015862379166214016e+18
6.666666666666666574e-02 1.340783466284406875e+14 2.413410697854590000e+16
8.333333333333334259e-02 9.213783967112804688e+12 1.326785852897896000e+15
1.000000000000000056e-01 1.033384212721287231e+12 1.240063739008580938e+14
1.166666666666666824e-01 1.625165096648890686e+11 1.671607507614723828e+13
1.333333333333333315e-01 3.273318770259660339e+10 2.946022716878839844e+12
1.499999999999999944e-01 7.964292119853403091e+09 6.371590769091984863e+11
1.666666666666666852e-01 2.249253549235180378e+09 1.619537683078392944e+11
1.833333333333333481e-01 7.166301931580841541e+08 4.691055878744122314e+10
2.000000000000000111e-01 2.522222704351727962e+08 1.513543290035753250e+10
2.166666666666666741e-01 9.650814343065686524e+07 5.346263686738933563e+09
2.333333333333333648e-01 3.964959940442895889e+07 2.039834949627953768e+09
2.500000000000000000e-01 1.731906417158100754e+07 8.317547846949682236e+08
2.666666666666666630e-01 7.979256493992584758e+06 3.593464144573615193e+08
2.833333333333333814e-01 3.852281763533804566e+06 1.633385498102322817e+08
2.999999999999999889e-01 1.938367453465485480e+06 7.765741158335541189e+07
3.166666666666667074e-01 1.011895918490034528e+06 3.842957698022037745e+07
3.333333333333333703e-01 5.459243686887545045e+05 1.971197073300070316e+07
3.499999999999999778e-01 3.033736021562775131e+05 1.044309299172690138e+07
3.666666666666666963e-01 1.731466956182451395e+05 5.696738154915912077e+06
3.833333333333333592e-01 1.012369137932486483e+05 3.191220607915951870e+06
4.000000000000000222e-01 6.050274768459918414e+04 1.831462698093981948e+06
4.166666666666666852e-01 3.688492836711281416e+04 1.074594847718546866e+06
4.333333333333333481e-01 2.289656454158920678e+04 6.434124709192406153e+05
4.500000000000000666e-01 1.444829977174594023e+04 3.924701251094785985e+05
4.666666666666667296e-01 9.253783636228246905e+03 2.435223624776232173e+05
4.833333333333333370e-01 6.006899465274728755e+03 1.534920704128245125e+05
5.000000000000000000e-01 3.946494132445404830e+03 9.815105026525113499e+04
5.166666666666667185e-01 2.620729374261576595e+03 6.359921445225839852e+04
5.333333333333333259e-01 1.756741761827640858e+03 4.171319141999068961e+04
5.500000000000000444e-01 1.187098146825651156e+03 2.766311939721149247e+04
5.666666666666667629e-01 8.075191121465489914e+02 1.853077100979861279e+04
5.833333333333333703e-01 5.521505672666162354e+02 1.252620469450904784e+04
5.999999999999999778e-01 3.788623297234178153e+02 8.535945381468271080e+03
6.166666666666666963e-01 2.603735050414948660e+02 5.858112302024181190e+03
6.333333333333334147e-01 1.788179172367240710e+02 4.044749563170477813e+03
6.500000000000000222e-01 1.223709632598363157e+02 2.806609993634003786e+03
6.666666666666667407e-01 8.312921337142267930e+01 1.954868498541427471e+03
6.833333333333334592e-01 5.576145971203493446e+01 1.364981630824294371e+03
6.999999999999999556e-01 3.664080303976527375e+01 9.540057581166370255e+02
7.166666666666666741e-01 2.328025812506223957e+01 6.661978075501926924e+02
7.333333333333333925e-01 1.396202321554415704e+01 4.637743582336126451e+02
7.500000000000000000e-01 7.491635470651779372e+00 3.209198753858731266e+02
7.666666666666667185e-01 3.033472871306207352e+00 2.198636144149682536e+02
7.833333333333334370e-01 -2.506751584606060814e-04 1.482871202083175035e+02
8.000000000000000444e-01 -2.024994152985245321e+00 9.759592798652107604e+01
8.166666666666666519e-01 -3.335641718557067037e+00 6.175775599655740677e+01
8.333333333333333703e-01 -4.142225621414914016e+00 3.651531625239005763e+01
8.500000000000000888e-01 -4.594749844098075187e+00 1.884893976273174232e+01
8.666666666666666963e-01 -4.800548315604210359e+00 6.607123669765964991e+00
8.833333333333334147e-01 -4.836494161308909412e+00 -1.749186811716185730e+00
9.000000000000001332e-01 -4.757634309216865809e+00 -7.324724152160362323e+00
9.166666666666667407e-01 -4.603326986110698016e+00 -1.091472356174700309e+01
9.333333333333334592e-01 -4.401624594571879712e+00 -1.309289342320307448e+01
9.500000000000001776e-01 -4.172416881728613802e+00 -1.427374344859230604e+01
9.666666666666666741e-01 -3.929693665818791981e+00 -1.475696582619186970e+01
9.833333333333332815e-01 -3.683179242515344232e+00 -1.475918449858593817e+01
1.000000000000000000e+00 -3.439516375000457593e+00 -1.443676613624466043e+01
1.016666666666666607e+00 -3.203126054709862558e+00 -1.390227444966184578e+01
1.033333333333333437e+00 -2.976832976631275329e+00 -1.323638231136423826e+01
1.050000000000000044e+00 -2.762321136255532661e+00 -1.249652370615689279e+01
1.066666666666666652e+00 -2.560465869100943870e+00 -1.172319587997336043e+01
1.083333333333333481e+00 -2.371575781415293793e+00 -1.094456123838677541e+01
1.100000000000000089e+00 -2.195568816415687685e+00 -1.017981455182872885e+01
1.116666666666666696e+00 -2.032100089921626829e+00 -9.441650580320176900e+00
1.133333333333333526e+00 -1.880654361740726976e+00 -8.738074310977749448e+00
1.150000000000000133e+00 -1.740612557335854627e+00 -8.073729511671077219e+00
1.166666666666666741e+00 -1.611299245851482542e+00 -7.450873520755184387e+00
1.183333333333333348e+00 -1.492016151420602732e+00 -6.870091711727119410e+00
1.199999999999999956e+00 -1.382065436615246501e+00 -6.330820092715625513e+00
1.216666666666666785e+00 -1.280765515235629426e+00 -5.831726338623687944e+00
1.233333333333333393e+00 -1.187461429525566770e+00 -5.370986302263456302e+00
1.250000000000000000e+00 -1.101531294471807643e+00 -4.946483350707179483e+00
1.266666666666666829e+00 -1.022389918461847458e+00 -4.555950750963212670e+00
1.283333333333333437e+00 -9.494904184225023691e-01 -4.197072085076644754e+00
1.300000000000000044e+00 -8.823244317756020472e-01 -3.867550803600908083e+00
1.316666666666666874e+00 -8.204213674600945305e-01 -3.565157161977809519e+00
1.333333333333333481e+00 -7.633470194383091822e-01 -3.287758660446193026e+00
1.350000000000000089e+00 -7.107017778901142391e-01 -3.033338530375046638e+00
1.366666666666666918e+00 -6.621186078456728907e-01 -2.800005636127608000e+00
1.383333333333333526e+00 -6.172609164983938745e-01 -2.585998287226900949e+00
1.399999999999999911e+00 -5.758203945573958649e-01 -2.389683803745728419e+00
1.416666666666666741e+00 -5.375148905328158699e-01 -2.209555191631341842e+00
1.433333333333333348e+00 -5.020863574053455736e-01 -2.044225921988527261e+00
1.449999999999999956e+00 -4.692988969280901257e-01 -1.892423537920160381e+00
1.466666666666666785e+00 -4.389369165099390457e-01 -1.752982611095671661e+00
1.483333333333333393e+00 -4.108034062367488803e-01 -1.624837420435220281e+00
1.500000000000000000e+00 -3.847183383522886357e-01 -1.507014614197648594e+00
1.516666666666666829e+00 -3.605171878850864098e-01 -1.398626034641612170e+00
1.533333333333333437e+00 -3.380495706505386999e-01 -1.298861824019828415e+00
1.550000000000000044e+00 -3.171779932657197709e-01 -1.206983886508770754e+00
1.566666666666666874e+00 -2.977767088521816041e-01 -1.122319748670797201e+00
1.583333333333333481e+00 -2.797306715940304778e-01 -1.044256838110641405e+00
1.600000000000000089e+00 -2.629345831337654427e-01 -9.722371838055864357e-01
1.616666666666666696e+00 -2.472920238294387119e-01 -9.057525304151742285e-01
1.633333333333333304e+00 -2.327146620916081821e-01 -8.443398514012921963e-01
1.650000000000000133e+00 -2.191215353142488276e-01 -7.875772410280110769e-01
1.666666666666666741e+00 -2.064383962715105048e-01 -7.350801625239005155e-01
1.683333333333333348e+00 -1.945971192438626374e-01 -6.864980283242041459e-01
1.700000000000000178e+00 -1.835351605426847332e-01 -6.415110879529684063e-01
1.716666666666666785e+00 -1.731950685076306118e-01 -5.998275994483545093e-01
1.733333333333333393e+00 -1.635240384464367869e-01 -5.611812610500219733e-01
1.750000000000000222e+00 -1.544735083658552999e-01 -5.253288809878771115e-01
1.766666666666666829e+00 -1.459987917010653891e-01 -4.920482645140972777e-01
1.783333333333333437e+00 -1.380587435869989887e-01 -4.611362987165685268e-01
1.800000000000000266e+00 -1.306154575274967033e-01 -4.324072170786407154e-01
1.816666666666666874e+00 -1.236339896069772321e-01 -4.056910271632766518e-01
1.833333333333333481e+00 0.000000000000000000e+00 -3.808320861692648940e-01
1.850000000000000311e+00 0.000000000000000000e+00 -3.576878104136493874e-01
1.866666666666666918e+00 0.000000000000000000e+00 -3.361275060259559244e-01
1.883333333333333526e+00 0.000000000000000000e+00 -3.160313092898305309e-01
1.900000000000000355e+00 0.000000000000000000e+00 -2.972892261339361575e-01
1.916666666666666963e+00 0.000000000000000000e+00 -2.798002612567733749e-01
1.933333333333333348e+00 0.000000000000000000e+00 -2.634716282718094216e-01
1.949999999999999956e+00 0.000000000000000000e+00 -2.482180330834599657e-01
1.966666666666666563e+00 0.000000000000000000e+00 -2.339610234554353463e-01
1.983333333333333393e+00 0.000000000000000000e+00 -2.206283984154620570e-01
2.000000000000000000e+00 0.000000000000000000e+00 -2.081536717594210661e-01
