0.000000000000000000e+00 6.663861392631270474e+21 4.798273084137975061e+24
1.666666666666666644e-02 3.332337475790283211e+21 2.399282982680295390e+24
3.333333333333333287e-02 8.135589492954929920e+17 2.928812226158392771e+20
5.000000000000000278e-02 6.270380438722140000e+15 1.504891356180880384e+18
6.666666666666666574e-02 1.986227160605143750e+14 3.575209568356281600e+16
8.333333333333334259e-02 1.364923451701719922e+13 1.965491194976672000e+15
1.000000000000000056e-01 1.530848076843133545e+12 1.837021667802930312e+14
1.166666666666666824e-01 2.407508100558099060e+11 2.476307559985730859e+13
1.333333333333333315e-01 4.849071318148339844e+10 4.364217254069648438e+12
1.499999999999999944e-01 1.179824612857455444e+10 9.438829584921741943e+11
1.666666666666666852e-01 3.332028334130016804e+09 2.399171691682598877e+11
1.833333333333333481e-01 1.061610912314011097e+09 6.949297070870523071e+10
2.000000000000000111e-01 3.736402929126576185e+08 2.242152350536129761e+10
2.166666666666666741e-01 1.429664836980607808e+08 7.919917317914251328e+09
2.333333333333333648e-01 5.873663751529502124e+07 3.021797115538906097e+09
2.500000000000000000e-01 2.565633997824516892e+07 1.232155679813120365e+09
2.666666666666666630e-01 1.182041463644628227e+07 5.323332503286955357e+08
2.833333333333333814e-01 5.706743285822906531e+06 2.419685803884961903e+08
2.999999999999999889e-01 2.871484058543523308e+06 1.150411452027542591e+08
3.166666666666667074e-01 1.499015612832188141e+06 5.692930673207820207e+07
3.333333333333333703e-01 8.087286108538474655e+05 2.920117616963430494e+07
3.499999999999999778e-01 4.494155910300686373e+05 1.547032557566974685e+07
3.666666666666666963e-01 2.564983519584497553e+05 8.439108656189689413e+06
3.833333333333333592e-01 1.499716949302981375e+05 4.727452391292561777e+06
4.000000000000000222e-01 8.962837857636332046e+04 2.713116440117809456e+06
4.166666666666666852e-01 5.464110011472275073e+04 1.591897618600382237e+06
4.333333333333333481e-01 3.391883090790939605e+04 9.531469943016662728e+05
4.500000000000000666e-01 2.140362669714596632e+04 5.814027047038205201e+05
4.666666666666667296e-01 1.370850375296545826e+04 3.607524885429271380e+05
4.833333333333333370e-01 8.898589806429128657e+03 2.273822102928100503e+05
5.000000000000000000e-01 5.846317804613363478e+03 1.454003840087827411e+05
5.166666666666667185e-01 3.882337598318990786e+03 9.421551559192128479e+04
5.333333333333333259e-01 2.602431129963413696e+03 6.179369799146514561e+04
5.500000000000000444e-01 1.758564040627740496e+03 4.098000678864391375e+04
5.666666666666667629e-01 1.196257481380123863e+03 2.745139961118497740e+04
5.833333333333333703e-01 8.179556243527968036e+02 1.855626896829201723e+04
5.999999999999999778e-01 5.612470816288134756e+02 1.264512023424269864e+04
6.166666666666666963e-01 3.857181031865836758e+02 8.678191804324733312e+03
6.333333333333334147e-01 2.649018421698838779e+02 5.991884686471539680e+03
6.500000000000000222e-01 1.812813995154683937e+02 4.157709938418877755e+03
6.666666666666667407e-01 1.231486779098072191e+02 2.895943224999916310e+03
6.833333333333334592e-01 8.260605390987004171e+01 2.022086629401101618e+03
6.999999999999999556e-01 5.428065679501843732e+01 1.413267936208974788e+03
7.166666666666666741e-01 3.448827795194888068e+01 9.869096693557966091e+02
7.333333333333333925e-01 2.068417294746435786e+01 6.870396717004633729e+02
7.500000000000000000e-01 1.109886887143283118e+01 4.754149414271204250e+02
7.666666666666667185e-01 4.494477830883159442e+00 3.257099824597098063e+02
7.833333333333334370e-01 2.549294198174406156e-04 2.196762899432317226e+02
8.000000000000000444e-01 -2.999260082192024335e+00 1.445820583523537266e+02
8.166666666666666519e-01 -4.940908363142060722e+00 9.149108701145442524e+01
8.333333333333333703e-01 -6.135831739961759901e+00 5.409664244741875905e+01
8.500000000000000888e-01 -6.806246330458227689e+00 2.792539438961468079e+01
8.666666666666666963e-01 -7.111156925803031825e+00 9.790110278713882508e+00
8.833333333333334147e-01 -7.164443725042758615e+00 -2.589164159270027188e+00
9.000000000000001332e-01 -7.047653610355041565e+00 -1.084897954487900051e+01
9.166666666666667407e-01 -6.819092215200805995e+00 -1.616739811059301957e+01
9.333333333333334592e-01 -6.520316707453551963e+00 -1.939431272673823869e+01
9.500000000000001776e-01 -6.180792073743743842e+00 -2.114377959127094186e+01
9.666666666666666741e-01 -5.821243119997903115e+00 -2.185976430683889049e+01
9.833333333333332815e-01 -5.456075680423358776e+00 -2.186317516581391374e+01
1.000000000000000000e+00 -5.095130581106464440e+00 -2.138565526966827690e+01
1.016666666666666607e+00 -4.744957291003018440e+00 -2.059395791547445498e+01
1.033333333333333437e+00 -4.409740502846973165e+00 -1.960759319841272941e+01
1.050000000000000044e+00 -4.091975056431973456e+00 -1.851164500630869725e+01
1.066666666666666652e+00 -3.792957823938296169e+00 -1.736610702486571256e+01
1.083333333333333481e+00 -3.513146107983418087e+00 -1.621269999586991162e+01
1.100000000000000089e+00 -3.252418467943251734e+00 -1.507985990282884181e+01
1.116666666666666696e+00 -3.010264097312960629e+00 -1.398639351901693573e+01
1.133333333333333526e+00 -2.785919812322966038e+00 -1.294416010230751368e+01
1.150000000000000133e+00 -2.578468598493402375e+00 -1.196003952332810627e+01
1.166666666666666741e+00 -2.386909945796736210e+00 -1.103737632725592910e+01
1.183333333333333348e+00 -2.210209493389151625e+00 -1.017703814942757212e+01
1.199999999999999956e+00 -2.047333522673261186e+00 -9.378189901213646706e+00
1.216666666666666785e+00 -1.897272383212286195e+00 -8.638858237340608426e+00
1.233333333333333393e+00 -1.759055866285771597e+00 -7.956341185129531368e+00
1.250000000000000000e+00 -1.631762752134611638e+00 -7.327503446387508390e+00
1.266666666666666829e+00 -1.514526174184688712e+00 -6.748987331995959238e+00
1.283333333333333437e+00 -1.406536012224597787e+00 -6.217361520767772376e+00
1.300000000000000044e+00 -1.307039206846766222e+00 -5.729224099419070626e+00
1.316666666666666874e+00 -1.215338650307466350e+00 -5.281272097163740575e+00
1.333333333333333481e+00 -1.130791132923314901e+00 -4.870346582064627228e+00
1.350000000000000089e+00 -1.052804693440904327e+00 -4.493460049030524317e+00
1.366666666666666918e+00 -9.808356248533725008e-01 -4.147811090492498742e+00
1.383333333333333526e+00 -9.143853152757217551e-01 -3.830790045547574074e+00
1.399999999999999911e+00 -8.529970503341367527e-01 -3.539978357707095569e+00
1.416666666666666741e+00 -7.962528643173468756e-01 -3.273143651107953467e+00
1.433333333333333348e+00 -7.437704985363431387e-01 -3.028231997757745653e+00
1.449999999999999956e+00 -6.952005042976345806e-01 -2.803358447774862316e+00
1.466666666666666785e+00 -6.502235126380844221e-01 -2.596796596185526163e+00
1.483333333333333393e+00 -6.085476820172665002e-01 -2.406967737949433417e+00
1.500000000000000000e+00 -5.699063274088385089e-01 -2.232429998300434093e+00
1.516666666666666829e+00 -5.340557288461378338e-01 -2.071867703836286712e+00
1.533333333333333437e+00 -5.007731138375252078e-01 -1.924081170299316579e+00
1.550000000000000044e+00 -4.698548057085606411e-01 -1.787977017573380456e+00
1.566666666666666874e+00 -4.411145285026278340e-01 -1.662559075008555265e+00
1.583333333333333481e+00 -4.143818583189299298e-01 -1.546919906207950834e+00
1.600000000000000089e+00 -3.895008106929097602e-01 -1.440232958437182020e+00
1.616666666666666696e+00 -3.663285536848932544e-01 -1.341745325263885125e+00
1.633333333333333304e+00 -3.447342366314117834e-01 -1.250771099960444444e+00
1.650000000000000133e+00 -3.245979249516302012e-01 -1.166685290148891774e+00
1.666666666666666741e+00 -3.058096319311663924e-01 -1.088918260038240771e+00
1.683333333333333348e+00 -2.882684389857299578e-01 -1.016950664581461883e+00
1.700000000000000178e+00 -2.718816965076918946e-01 -9.503088393495970898e-01
1.716666666666666785e+00 -2.565642979990158112e-01 -8.885606104285045381e-01
1.733333333333333393e+00 -2.422380207796097085e-01 -8.313114898517293128e-01
1.750000000000000222e+00 -2.288309271215833995e-01 -7.782012237425000034e-01
1.766666666666666829e+00 -2.162768201912110833e-01 -7.289006622673248614e-01
1.783333333333333437e+00 -2.045147496782394880e-01 -6.831089225718230962e-01
1.800000000000000266e+00 -1.934885624550740923e-01 -6.405508179828774962e-01
1.816666666666666874e+00 -1.831464940361289817e-01 -6.009745288544956487e-01
1.833333333333333481e+00 0.000000000000000000e+00 -5.641494924635703789e-01
1.850000000000000311e+00 0.000000000000000000e+00 -5.298644912970222887e-01
1.866666666666666918e+00 0.000000000000000000e+00 -4.979259208959477823e-01
1.883333333333333526e+00 0.000000000000000000e+00 -4.681562201259701905e-01
1.900000000000000355e+00 0.000000000000000000e+00 -4.403924483224210262e-01
1.916666666666666963e+00 0.000000000000000000e+00 -4.144849952148658145e-01
1.933333333333333348e+00 0.000000000000000000e+00 -3.902964108712287938e-01
1.949999999999999956e+00 0.000000000000000000e+00 -3.677003441226333602e-01
1.966666666666666563e+00 0.000000000000000000e+00 -3.465805790425058319e-01
1.983333333333333393e+00 0.000000000000000000e+00 -3.268301600645067695e-01
2.000000000000000000e+00 0.000000000000000000e+00 -3.083505972408512319e-01
