0.000000000000000000e+00 3.136717052933898764e+21 3.764290231759656924e+24
1.000000000000000021e-02 1.568549999854484455e+21 1.882259999912690734e+24
2.000000000000000042e-02 3.829467750700780160e+17 2.297680657241483510e+20
2.999999999999999889e-02 2.951503353936873500e+15 1.180601381496560128e+18
4.000000000000000083e-02 9.349283003631589062e+13 2.804785433981322400e+16
5.000000000000000278e-02 6.424771487039997070e+12 1.541946274444799000e+15
5.999999999999999778e-02 7.205788033609626465e+11 1.441160725613386250e+14
7.000000000000000666e-02 1.133227609201289062e+11 1.942686503120140234e+13
8.000000000000000167e-02 2.282485153578221130e+10 3.423769362542777344e+12
8.999999999999999667e-02 5.553500837432427406e+09 7.404850324673046875e+11
1.000000000000000056e-01 1.568404484999999285e+09 1.882172690999998779e+11
1.100000000000000006e-01 4.997062296956484318e+08 5.451788720810337830e+10
1.199999999999999956e-01 1.758745881833314300e+08 1.758989545228697586e+10
1.300000000000000044e-01 6.729512827539214492e+07 6.213249406021512985e+09
1.400000000000000133e-01 2.764766575276900828e+07 2.370628174182784081e+09
1.499999999999999944e-01 1.207658357590024732e+07 9.666376852489745617e+08
1.600000000000000033e-01 5.563935670998033136e+06 4.176204266955208778e+08
1.700000000000000122e-01 2.686196169044918381e+06 1.898266202499243021e+08
1.799999999999999933e-01 1.351623699295732658e+06 9.025085711175508797e+07
1.900000000000000022e-01 7.055950805614220444e+05 4.466157491207323968e+07
2.000000000000000111e-01 3.806731054687498254e+05 2.290859648437498510e+07
2.099999999999999922e-01 2.115424458354859380e+05 1.213661544659990259e+07
2.200000000000000011e-01 1.207352163056510035e+05 6.620559848460983485e+06
2.300000000000000100e-01 7.059251973087749502e+04 3.708730710192141123e+06
2.399999999999999911e-01 4.218858139685125207e+04 2.128465272606877610e+06
2.500000000000000000e-01 2.571987271680000413e+04 1.248858596966400277e+06
2.600000000000000089e-01 1.596578411998015144e+04 7.477527453266563825e+05
2.700000000000000178e-01 1.007480716783084972e+04 4.561158663439520169e+05
2.800000000000000266e-01 6.452669568596509635e+03 2.830137042993194773e+05
2.899999999999999800e-01 4.188616063518338706e+03 1.783834716049332055e+05
2.999999999999999889e-01 2.751894500047984366e+03 1.140679610718782205e+05
3.099999999999999978e-01 1.827437999464625591e+03 7.391295256003734539e+04
3.200000000000000067e-01 1.224978849676538630e+03 4.847773319621715927e+04
3.300000000000000155e-01 8.277658838390634628e+02 3.214919771964408574e+04
3.400000000000000244e-01 5.630850396947736272e+02 2.153587888022488187e+04
3.500000000000000333e-01 3.850162410165853544e+02 1.455756575849282672e+04
3.599999999999999867e-01 2.641820970070676822e+02 9.920214369294713833e+03
3.699999999999999956e-01 1.815596286489785598e+02 6.808121996092212612e+03
3.800000000000000044e-01 1.246907426060699322e+02 4.700689016378082670e+03
3.900000000000000133e-01 8.533013624034997235e+01 3.261761844189042677e+03
4.000000000000000222e-01 5.796674251556394353e+01 2.271894121170042581e+03
4.100000000000000311e-01 3.888310583565370138e+01 1.586345505868608598e+03
4.199999999999999845e-01 2.555018587742473102e+01 1.108721596503356523e+03
4.299999999999999933e-01 1.623380504229293919e+01 7.742395914309962563e+02
4.400000000000000022e-01 9.736137908400781527e+00 5.389888106269795571e+02
4.500000000000000111e-01 5.224283702845858635e+00 3.729672622335176584e+02
4.600000000000000200e-01 2.115561696146938786e+00 2.555223490592279063e+02
4.700000000000000289e-01 1.074209591864772051e-04 1.723379489996179927e+02
4.799999999999999822e-01 -1.411779679985901037e+00 1.134258420965624765e+02
4.899999999999999911e-01 -2.325723161098294245e+00 7.177549582348581225e+01
5.000000000000000000e-01 -2.888179199999999280e+00 4.243921920000001080e+01
5.100000000000000089e-01 -3.203746148036663577e+00 2.190764314554574810e+01
5.200000000000000178e-01 -3.347268433665165688e+00 7.680354210155581285e+00
5.300000000000000266e-01 -3.372350089395355077e+00 -2.031292801105152535e+00
5.400000000000000355e-01 -3.317375676412678942e+00 -8.511186938312008010e+00
5.500000000000000444e-01 -3.209789971719826163e+00 -1.268352885606574887e+01
5.600000000000000533e-01 -3.069154157285788997e+00 -1.521506730312899158e+01
5.700000000000000622e-01 -2.909337558957835412e+00 -1.658753497680036304e+01
5.799999999999999600e-01 -2.740095451707122098e+00 -1.714922693158743883e+01
5.899999999999999689e-01 -2.568208736100439982e+00 -1.715189862807892851e+01
5.999999999999999778e-01 -2.398309538652926509e+00 -1.677727616400503763e+01
6.099999999999999867e-01 -2.233480726365207225e+00 -1.615617899070031527e+01
6.199999999999999956e-01 -2.075692053445840735e+00 -1.538236383594582790e+01
6.300000000000000044e-01 -1.926117851393614355e+00 -1.452257975448716465e+01
6.400000000000000133e-01 -1.785368562101869117e+00 -1.362389231013690072e+01
6.500000000000000222e-01 -1.653659437764869011e+00 -1.271903177748756342e+01
6.600000000000000311e-01 -1.530933313233819426e+00 -1.183030641926571747e+01
6.700000000000000400e-01 -1.416949746954830225e+00 -1.097247029717814115e+01
6.800000000000000488e-01 -1.311349502237930009e+00 -1.015482708592728578e+01
6.900000000000000577e-01 -1.213700933638060864e+00 -9.382774087598530599e+00
7.000000000000000666e-01 -1.123533094080762851e+00 -8.658935111173216015e+00
7.099999999999999645e-01 -1.040359102890105358e+00 -7.983990809074635209e+00
7.199999999999999734e-01 -9.636923818448297485e-01 -7.357286032889420291e+00
7.299999999999999822e-01 -8.930576818686850604e-01 -6.777272662973898854e+00
7.399999999999999911e-01 -8.279983194330990948e-01 -6.241830966179131579e+00
7.500000000000000000e-01 -7.680806704849644229e-01 -5.748501262738855644e+00
7.600000000000000089e-01 -7.128966954047055715e-01 -5.294649406249612333e+00
7.700000000000000178e-01 -6.620650654779998145e-01 -4.877583486234057020e+00
7.800000000000000266e-01 -6.152313108959177601e-01 -4.494634663832898447e+00
7.900000000000000355e-01 -5.720672986686456962e-01 -4.143211722233521854e+00
8.000000000000000444e-01 -5.322702659759668276e-01 -3.820836445083840349e+00
8.100000000000000533e-01 -4.955615729654340162e-01 -3.525165102549988383e+00
8.200000000000000622e-01 -4.616852933682473736e-01 -3.253999960528368263e+00
8.300000000000000711e-01 -4.304067274770156937e-01 -3.005293712390645133e+00
8.399999999999999689e-01 -4.015108970085107809e-01 -2.777148975078560511e+00
8.499999999999999778e-01 -3.748010629194802878e-01 -2.567814426299885433e+00
8.599999999999999867e-01 -3.500972936864612528e-01 -2.375678738070296170e+00
8.699999999999999956e-01 -3.272351016563662118e-01 -2.199263147563736531e+00
8.800000000000000044e-01 -3.060641578930045070e-01 -2.037213272137177178e+00
8.900000000000000133e-01 -2.864470907894838825e-01 -1.888290601320719464e+00
9.000000000000000222e-01 -2.682583700663931925e-01 -1.751363969445440372e+00
9.100000000000000311e-01 -2.513832752403061810e-01 -1.625401217144016197e+00
9.200000000000000400e-01 -2.357169459339379380e-01 -1.509461179751744542e+00
9.300000000000000488e-01 -2.211635102891555404e-01 -1.402686089315836604e+00
9.400000000000000577e-01 -2.076352870730709121e-01 -1.304294439724205779e+00
9.500000000000000666e-01 -1.950520567131527050e-01 -1.213574337809707027e+00
9.599999999999999645e-01 -1.833403963683799820e-01 -1.129877344478109169e+00
9.699999999999999734e-01 -1.724330741720598303e-01 -1.052612796922000049e+00
9.799999999999999822e-01 -1.622684979178022069e-01 -9.812425942950337987e-01
9.899999999999999911e-01 -1.527902136663036314e-01 -9.152764236868473624e-01
1.000000000000000000e+00 -1.439464500000000036e-01 -8.542674000000000101e-01
1.010000000000000009e+00 -1.356897039257262128e-01 -7.978080917431877861e-01
1.020000000000000018e+00 -1.279763647082651223e-01 -7.455269043394501249e-01
1.030000000000000027e+00 -1.207663722002452616e-01 -6.970847929466130743e-01
1.040000000000000036e+00 -1.140229065095033356e-01 -6.521722777349108213e-01
1.050000000000000044e+00 -1.077121061092964349e-01 -6.105067358686515622e-01
1.060000000000000053e+00 -1.018028117468408045e-01 -5.718299459524646133e-01
1.070000000000000062e+00 -9.626633373999272936e-02 -5.359058623251906628e-01
1.080000000000000071e+00 -9.107624046977079446e-02 -5.025185982424811293e-01
1.090000000000000080e+00 -8.620816607776771168e-02 -4.714705986314108310e-01
1.100000000000000089e+00 0.000000000000000000e+00 -4.425809846920156776e-01
1.110000000000000098e+00 0.000000000000000000e+00 -4.156840541389290600e-01
1.120000000000000107e+00 0.000000000000000000e+00 -3.906279223073508833e-01
1.130000000000000115e+00 0.000000000000000000e+00 -3.672732906840527889e-01
1.140000000000000124e+00 0.000000000000000000e+00 -3.454923306632055047e-01
1.150000000000000133e+00 0.000000000000000000e+00 -3.251676714689711312e-01
1.159999999999999920e+00 0.000000000000000000e+00 -3.061914822347075460e-01
1.169999999999999929e+00 0.000000000000000000e+00 -2.884646391864096882e-01
1.179999999999999938e+00 0.000000000000000000e+00 -2.718959697507293272e-01
1.189999999999999947e+00 0.000000000000000000e+00 -2.564015662010647456e-01
1.199999999999999956e+00 0.000000000000000000e+00 -2.419041621746064741e-01
