0.000000000000000000e+00 9.444831629054972631e+22 6.800693879767240159e+25
1.666666666666666644e-02 4.722992351678731754e+22 3.400554493258261952e+25
3.333333333333333287e-02 1.153074302490962330e+19 4.151067492840566686e+21
5.000000000000000278e-02 8.887143166269856000e+16 2.132914382573132186e+19
6.666666666666666574e-02 2.815122477862210000e+15 5.067220762738140160e+17
8.333333333333334259e-02 1.934536785957934062e+14 2.785733606348602400e+16
1.000000000000000056e-01 2.169709781586320312e+13 2.603653508869698500e+15
1.166666666666666824e-01 3.412237663844720215e+12 3.509736188335165000e+14
1.333333333333333315e-01 6.872805900465744629e+11 6.185548949963189062e+13
1.499999999999999944e-01 1.672246899439046021e+11 1.337807884602111328e+13
1.666666666666666852e-01 4.722854641491392517e+10 3.400504917590819824e+12
1.833333333333333481e-01 1.504813181210646057e+10 9.849940678831682129e+11
2.000000000000000111e-01 5.296689038438279152e+09 3.178151779790646973e+11
2.166666666666666741e-01 2.026916643816103220e+09 1.122678994338233185e+11
2.333333333333333648e-01 8.328858001029365063e+08 4.283882983834930420e+10
2.500000000000000000e-01 3.638964938744795918e+08 1.746993325685668564e+10
2.666666666666666630e-01 1.677123135816204548e+08 7.548900950549354553e+09
2.833333333333333814e-01 8.100735017915824056e+07 3.432107702846035004e+09
2.999999999999999889e-01 4.078648447085638344e+07 1.632269148433843136e+09
3.166666666666667074e-01 2.130972690610949695e+07 8.080811110761008263e+08
3.333333333333333703e-01 1.150922580813813768e+07 4.147194393821699023e+08
3.499999999999999778e-01 6.404692693137045018e+06 2.198647179561982155e+08
3.666666666666666963e-01 3.661904165630265139e+06 1.200428877488934994e+08
3.833333333333333592e-01 2.145875826442340855e+06 6.732084754619526863e+07
4.000000000000000222e-01 1.286043487701557577e+06 3.868939582454635203e+07
4.166666666666666852e-01 7.867460136137667578e+05 2.273951004683747888e+07
4.333333333333333481e-01 4.904644904045609292e+05 1.364381779444162548e+07
4.500000000000000666e-01 3.111130881597494008e+05 8.343742940202917904e+06
4.666666666666667296e-01 2.005282004680490645e+05 5.193181439923963510e+06
4.833333333333333370e-01 1.311725586163632688e+05 3.285437759202067740e+06
5.000000000000000000e-01 8.698240302981136483e+04 2.110246038978485391e+06
5.166666666666667185e-01 5.841045211372972699e+04 1.374649123658288736e+06
5.333333333333333259e-01 3.968290120302794094e+04 9.072937096965269884e+05
5.500000000000000444e-01 2.725086906098062173e+04 6.061968720508327242e+05
5.666666666666667629e-01 1.889967206692979380e+04 4.096671453275622334e+05
5.833333333333333703e-01 1.322744160795844618e+04 2.798127259560216335e+05
5.999999999999999778e-01 9.334890193397404801e+03 1.930241288647254114e+05
6.166666666666666963e-01 6.637850815519842399e+03 1.343912301501496113e+05
6.333333333333334147e-01 4.752349303679333389e+03 9.437746462196685025e+04
6.500000000000000222e-01 3.423175922312408602e+03 6.680966797552086064e+04
6.666666666666667407e-01 2.478915965807823795e+03 4.764634901889192406e+04
6.833333333333334592e-01 1.803291023956234767e+03 3.421310188813980494e+04
6.999999999999999556e-01 1.316682993011754661e+03 2.472213182272042104e+04
7.166666666666666741e-01 9.640918383703905192e+02 1.796678603714123892e+04
7.333333333333333925e-01 7.072048832528925004e+02 1.312518900644834503e+04
7.500000000000000000e-01 5.191221298268092141e+02 9.632680589193101696e+03
7.666666666666667185e-01 3.808150841653344969e+02 7.098117392100905818e+03
7.833333333333334370e-01 2.787280976578039144e+02 5.248429442831562483e+03
8.000000000000000444e-01 2.031397644050617828e+02 3.891558915291745507e+03
8.166666666666666519e-01 1.470344548882832214e+02 2.891471042545267665e+03
8.333333333333333703e-01 1.053191586998087814e+02 2.151165063097514576e+03
8.500000000000000888e-01 7.427596514612358192e+01 1.601032517672546874e+03
8.666666666666666963e-01 5.117659098384879712e+01 1.190819374018668896e+03
8.833333333333334147e-01 3.400917442489549103e+01 8.840361719443696984e+02
9.000000000000001332e-01 2.128339937240726343e+01 6.540436786862786676e+02
9.166666666666667407e-01 1.189064331367852390e+01 4.812936558292467453e+02
9.333333333333334592e-01 5.003028275098512445e+00 3.513715189152421772e+02
9.500000000000001776e-01 1.483802497441686361e-04 2.535994014609097462e+02
9.666666666666666741e-01 -3.584395427821339020e+00 1.800333706261825739e+02
9.833333333333332815e-01 -6.102204485265325218e+00 1.247395700570205292e+02
1.000000000000000000e+00 -7.818974572999138672e+00 8.326891655379586155e+01
1.016666666666666607e+00 -8.935882851081913714e+00 5.227393946485307907e+01
1.033333333333333437e+00 -9.605487647105096727e+00 2.922793365497796714e+01
1.050000000000000044e+00 -9.943597324778806978e+00 1.221814308927087822e+01
1.066666666666666652e+00 -1.003816443261796110e+01 -2.072199575894742851e-01
1.083333333333333481e+00 -9.955974978360583094e+00 -9.152616760970117227e+00
1.100000000000000089e+00 -9.747696618413176139e+00 -1.545994469816404049e+01
1.116666666666666696e+00 -9.451700529020895303e+00 -1.977200458036477571e+01
1.133333333333333526e+00 -9.096963427468462982e+00 -2.258019802161901524e+01
1.150000000000000133e+00 -8.705277140398880675e+00 -2.426049862718644334e+01
1.166666666666666741e+00 -8.292935124489734022e+00 -2.510066959951124232e+01
1.183333333333333348e+00 -7.872022628242255848e+00 -2.532092221859365111e+01
1.199999999999999956e+00 -7.451405587475509407e+00 -2.508964183743231047e+01
1.216666666666666785e+00 -7.037489882381596118e+00 -2.453539188828213824e+01
1.233333333333333393e+00 -6.634805090624658064e+00 -2.375610012557768869e+01
1.250000000000000000e+00 -6.246453780847939896e+00 -2.282610501082048415e+01
1.266666666666666829e+00 -5.874457560743221229e+00 -2.180157224782631786e+01
1.283333333333333437e+00 -5.520023686375749250e+00 -2.072466645050020162e+01
1.300000000000000044e+00 -5.183750439270974120e+00 -1.962676948341897187e+01
1.316666666666666874e+00 -4.865785230574219078e+00 -1.853096693329501221e+01
1.333333333333333481e+00 -4.565946160803189713e+00 -1.745397142886075059e+01
1.350000000000000089e+00 -4.283815299016292322e+00 -1.640761170703007110e+01
1.366666666666666918e+00 -4.018810059805013601e+00 -1.539998616436199441e+01
1.383333333333333526e+00 -3.770237610479828305e+00 -1.443635672194718822e+01
1.399999999999999911e+00 -3.537336129028874065e+00 -1.351984137646132922e+01
1.416666666666666741e+00 -3.319305876636731156e+00 -1.265195047417443952e+01
1.433333333333333348e+00 -3.115332386828183253e+00 -1.183300152882458178e+01
1.449999999999999956e+00 -2.924603561193800161e+00 -1.106243955853563143e+01
1.466666666666666785e+00 -2.746322064583711864e+00 -1.033908387684179964e+01
1.483333333333333393e+00 -2.579714104247088358e+00 -9.661317612080576822e+00
1.500000000000000000e+00 -2.424035437473364585e+00 -9.027232625066964999e+00
1.516666666666666829e+00 -2.278575265386246329e+00 -8.434739701831535541e+00
1.533333333333333437e+00 -2.142658524759479377e+00 -7.881651729503374781e+00
1.550000000000000044e+00 -2.015646975899015647e+00 -7.365745876488928090e+00
1.566666666666666874e+00 -1.896939395690552033e+00 -6.884809483702797550e+00
1.583333333333333481e+00 -1.785971115364964001e+00 -6.436673347891297858e+00
1.600000000000000089e+00 -1.682213088136675694e+00 -6.019235276526476497e+00
1.616666666666666696e+00 -1.585170629318176649e+00 -5.630476166566541707e+00
1.633333333333333304e+00 -1.494381938235766372e+00 -5.268470368104260615e+00
1.650000000000000133e+00 -1.409416485260782448e+00 -4.931391708750678227e+00
1.666666666666666741e+00 -1.329873326959847057e+00 -4.617516252390058362e+00
1.683333333333333348e+00 -1.255379396530363678e+00 -4.325222628694464611e+00
1.700000000000000178e+00 -1.185587804362741693e+00 -4.052990583477972031e+00
1.716666666666666785e+00 -1.120176174004528402e+00 -3.799398253651460777e+00
1.733333333333333393e+00 -1.058845031401634218e+00 -3.563118555647180052e+00
1.750000000000000222e+00 -1.001316259592460067e+00 -3.342914986011022549e+00
1.766666666666666829e+00 -9.473316266656015561e-01 -3.137637062149773115e+00
1.783333333333333437e+00 -8.966513914723754919e-01 -2.946215575837968892e+00
1.800000000000000266e+00 -8.490529890843780958e-01 -2.767657788785056638e+00
1.816666666666666874e+00 -8.043297961245043926e-01 -2.601042665779174534e+00
1.833333333333333481e+00 0.000000000000000000e+00 -2.445516214642385666e+00
1.850000000000000311e+00 0.000000000000000000e+00 -2.300286981862267766e+00
1.866666666666666918e+00 0.000000000000000000e+00 -2.164621737050198114e+00
1.883333333333333526e+00 0.000000000000000000e+00 -2.037841367324946695e+00
1.900000000000000355e+00 0.000000000000000000e+00 -1.919316993546820616e+00
1.916666666666666963e+00 0.000000000000000000e+00 -1.808466313412408155e+00
1.933333333333333348e+00 0.000000000000000000e+00 -1.704750171272495507e+00
1.949999999999999956e+00 0.000000000000000000e+00 -1.607669350768249128e+00
1.966666666666666563e+00 0.000000000000000000e+00 -1.516761583686887960e+00
1.983333333333333393e+00 0.000000000000000000e+00 -1.431598766575532311e+00
2.000000000000000000e+00 0.000000000000000000e+00 -1.351784375430015617e+00
