0.000000000000000000e+00 9.329764414524707832e+21 6.717840428233413083e+24
1.666666666666666644e-02 4.665451720408489263e+21 3.359125238849923533e+24
3.333333333333333287e-02 1.139026292270871552e+18 4.100494664347904246e+20
5.000000000000000278e-02 8.778869912790258000e+15 2.106928850314025984e+18
6.666666666666666574e-02 2.780824868710956562e+14 5.005485714677184800e+16
8.333333333333334259e-02 1.910966254875716016e+13 2.751793401407264000e+15
1.000000000000000056e-01 2.143269655639418945e+12 2.571929152733254688e+14
1.166666666666666824e-01 3.370640846826661377e+11 3.466963790668220312e+13
1.333333333333333315e-01 6.788960690645722961e+10 6.110138918258011719e+12
1.499999999999999944e-01 1.651817924657838821e+10 1.321486916024480957e+12
1.666666666666666852e-01 4.665018911328868866e+09 3.358969427581259766e+11
1.833333333333333481e-01 1.486312387113409519e+09 9.729389729170683289e+10
2.000000000000000111e-01 5.231165110386859775e+08 3.139133907322116852e+10
2.166666666666666741e-01 2.001607688990547061e+08 1.108831030983673668e+10
2.333333333333333648e-01 8.223445288400740921e+07 4.230678531418414593e+09
2.500000000000000000e-01 3.592025660036414862e+07 1.725084244679056168e+09
2.666666666666666630e-01 1.654921668917251937e+07 7.452951938007464409e+08
2.833333333333333814e-01 7.989747822713928297e+06 3.387690337588322163e+08
2.999999999999999889e-01 4.020232318578444421e+06 1.610637950729050338e+08
3.166666666666667074e-01 2.098702618416262791e+06 7.970409415255281329e+07
3.333333333333333703e-01 1.132263650401827879e+06 4.088321908983625472e+07
3.499999999999999778e-01 6.292060710591543466e+05 2.165928916541693360e+07
3.666666666666666963e-01 3.591115422039479599e+05 1.181520692604981922e+07
3.833333333333333592e-01 2.099684799150862964e+05 6.618688269732102752e+06
4.000000000000000222e-01 1.254845820675462746e+05 3.798509422182699665e+06
4.166666666666666852e-01 7.650050349521987664e+04 2.228742644448183477e+06
4.333333333333333481e-01 4.748820686068522627e+04 1.334457327342903940e+06
4.500000000000000666e-01 2.996624389001329837e+04 8.139952637749358546e+05
4.666666666666667296e-01 1.919265485689038178e+04 5.050730464162895805e+05
4.833333333333333370e-01 1.245851428072883391e+04 3.183474484292492270e+05
5.000000000000000000e-01 8.185167471612225199e+03 2.035684557372661948e+05
5.166666666666667185e-01 5.435488096564310581e+03 1.319068667673646414e+05
5.333333333333333259e-01 3.643549043657104448e+03 8.651456276340375189e+04
5.500000000000000444e-01 2.462088802673118153e+03 5.737426353524081060e+04
5.666666666666667629e-01 1.674828626011547385e+03 3.843347639371783589e+04
5.833333333333333703e-01 1.145185069380645473e+03 2.597980760936434672e+04
5.999999999999999778e-01 7.857788036649341166e+02 1.770387552460540974e+04
6.166666666666666963e-01 5.400283826441111614e+02 1.214995762265525991e+04
6.333333333333334147e-01 3.708787796941518309e+02 8.388979361472407618e+03
6.500000000000000222e-01 2.538053802840747721e+02 5.821032976740962113e+03
6.666666666666667407e-01 1.724162076672905073e+02 4.054489201842937291e+03
6.833333333333334592e-01 1.156541556989587036e+02 2.831040912370465776e+03
6.999999999999999556e-01 7.599690957162565041e+01 1.978660306631303229e+03
7.166666666666666741e-01 4.828637360316977833e+01 1.381734405188863320e+03
7.333333333333333925e-01 2.895976430898225118e+01 9.618991213108553211e+02
7.500000000000000000e-01 1.553972087058659213e+01 6.656121510200667899e+02
7.666666666666667185e-01 6.293130748105792094e+00 4.560163484541344587e+02
7.833333333333334370e-01 9.018727910689026180e-04 3.075627969724634454e+02
8.000000000000000444e-01 -4.198645163320389173e+00 2.024262612713745568e+02
8.166666666666666519e-01 -6.917113093250424782e+00 1.280955613658202594e+02
8.333333333333333703e-01 -8.590118546845125991e+00 7.574091625239003633e+01
8.500000000000000888e-01 -9.528777153880835016e+00 3.909941078536058257e+01
8.666666666666666963e-01 -9.955705103317789906e+00 1.370873799917621660e+01
8.833333333333334147e-01 -1.003034157750526134e+01 -3.623168897129338983e+00
9.000000000000001332e-01 -9.866857252168866665e+00 -1.518757554000127818e+01
9.166666666666667407e-01 -9.546883702391681936e+00 -2.263383800050571182e+01
9.333333333333334592e-01 -9.128603665708265424e+00 -2.715185664642860175e+01
9.500000000000001776e-01 -8.653270104889104530e+00 -2.960134704738082689e+01
9.666666666666666741e-01 -8.149899200653706544e+00 -3.060388815804353868e+01
9.833333333333332815e-01 -7.638660184058132074e+00 -3.060877155916885783e+01
1.000000000000000000e+00 -7.133330987767344311e+00 -2.994031233310803231e+01
1.016666666666666607e+00 -6.643081432475434589e+00 -2.883197598979803544e+01
1.033333333333333437e+00 -6.173770495431114114e+00 -2.745108471962320706e+01
1.050000000000000044e+00 -5.728891243840443792e+00 -2.591676192441352811e+01
1.066666666666666652e+00 -5.310259504543171971e+00 -2.431300316736914979e+01
1.083333333333333481e+00 -4.918515643709717722e+00 -2.269822073454002265e+01
1.100000000000000089e+00 -4.553489740363685812e+00 -2.111222739054381492e+01
1.116666666666666696e+00 -4.214466727098646004e+00 -1.958135436526072937e+01
1.133333333333333526e+00 -3.900378183387345210e+00 -1.812220588979705482e+01
1.150000000000000133e+00 -3.609940307648261459e+00 -1.674441469756391498e+01
1.166666666666666741e+00 -3.341752391605152361e+00 -1.545266380166913223e+01
1.183333333333333348e+00 -3.094366326728289263e+00 -1.424816834476657768e+01
1.199999999999999956e+00 -2.866334897355339528e+00 -1.312975951021955900e+01
1.216666666666666785e+00 -2.656244579066686651e+00 -1.209467481454335314e+01
1.233333333333333393e+00 -2.462737063205732380e+00 -1.113913161698387100e+01
1.250000000000000000e+00 -2.284522624149385450e+00 -1.025874056364440889e+01
1.266666666666666829e+00 -2.120387630037653626e+00 -9.448800912001008356e+00
1.283333333333333437e+00 -1.969197893806140520e+00 -8.704508805338662114e+00
1.300000000000000044e+00 -1.829899113813370226e+00 -8.021101537691597727e+00
1.316666666666666874e+00 -1.701515321324991836e+00 -7.393954908950693294e+00
1.333333333333333481e+00 -1.583146005652997346e+00 -6.818646364691744566e+00
1.350000000000000089e+00 -1.473962404786475888e+00 -6.290993342996976878e+00
1.366666666666666918e+00 -1.373203313596274455e+00 -5.807073816039914682e+00
1.383333333333333526e+00 -1.280170661084427008e+00 -5.363234200781559657e+00
1.399999999999999911e+00 -1.194225033726469931e+00 -4.956088461155407465e+00
1.416666666666666741e+00 -1.114781267061976111e+00 -4.582511215683264361e+00
1.433333333333333348e+00 -1.041304187364168632e+00 -4.239626912227836719e+00
1.449999999999999956e+00 -9.733045557603461351e-01 -3.924796570708185328e+00
1.466666666666666785e+00 -9.103352458136817482e-01 -3.635603176826001537e+00
1.483333333333333393e+00 -8.519876702431186111e-01 -3.369836499189190260e+00
1.500000000000000000e+00 -7.978884616012029696e-01 -3.125477871788677753e+00
1.516666666666666829e+00 -7.476964041883763512e-01 -2.900685313462298076e+00
1.533333333333333437e+00 -7.010996093863151035e-01 -2.693779230683998271e+00
1.550000000000000044e+00 -6.578129232908128676e-01 -2.503228858428559356e+00
1.566666666666666874e+00 -6.175755535288200981e-01 -2.327639527478691406e+00
1.583333333333333481e+00 -5.801489010903440047e-01 -2.165740798970604786e+00
1.600000000000000089e+00 -5.453145826223720904e-01 -2.016375473408568375e+00
1.616666666666666696e+00 -5.128726287169442788e-01 -1.878489458202916573e+00
1.633333333333333304e+00 -4.826398441295683406e-01 -1.751122462280774172e+00
1.650000000000000133e+00 -4.544483164772824546e-01 -1.633399476441983911e+00
1.666666666666666741e+00 -4.281440607074569193e-01 -1.524522992351816431e+00
1.683333333333333348e+00 -4.035857874406021395e-01 -1.423765910229253695e+00
1.700000000000000178e+00 -3.806437841313987658e-01 -1.330465084547681531e+00
1.716666666666666785e+00 -3.591988988326184629e-01 -1.244015457775719646e+00
1.733333333333333393e+00 -3.391416171664704549e-01 -1.163864733876950996e+00
1.750000000000000222e+00 -3.203712238939225854e-01 -1.089508545610482049e+00
1.766666666666666829e+00 -3.027950412163802896e-01 -1.020486072375422992e+00
1.783333333333333437e+00 -2.863277366410988956e-01 -9.563760682377816513e-01
1.800000000000000266e+00 -2.708906938897544525e-01 -8.967932627370323040e-01
1.816666666666666874e+00 -2.564114409284642959e-01 -8.413851000002549041e-01
1.833333333333333481e+00 0.000000000000000000e+00 -7.898287845320538514e-01
1.850000000000000311e+00 0.000000000000000000e+00 -7.418286047578926956e-01
1.866666666666666918e+00 0.000000000000000000e+00 -6.971135079522854383e-01
1.883333333333333526e+00 0.000000000000000000e+00 -6.554349025683214869e-01
1.900000000000000355e+00 0.000000000000000000e+00 -6.165646661962160824e-01
1.916666666666666963e+00 0.000000000000000000e+00 -5.802933394168499071e-01
1.933333333333333348e+00 0.000000000000000000e+00 -5.464284876863206852e-01
1.949999999999999956e+00 0.000000000000000000e+00 -5.147932150967616804e-01
1.966666666666666563e+00 0.000000000000000000e+00 -4.852248154161093452e-01
1.983333333333333393e+00 0.000000000000000000e+00 -4.575735472249468083e-01
2.000000000000000000e+00 0.000000000000000000e+00 -4.317015212523699352e-01
