0.000000000000000000e+00 8.330005973209545966e+21 5.997970410392589791e+24
1.666666666666666644e-02 4.165511471888897409e+21 2.999168259899123170e+24
3.333333333333333287e-02 1.016970568247900928e+18 3.661094056560967680e+20
5.000000000000000278e-02 7.838144197687388000e+15 1.881154671055906560e+18
6.666666666666666574e-02 2.482837372679554688e+14 4.469108119926669600e+16
8.333333333333334259e-02 1.706191025850859375e+13 2.456916857924281000e+15
1.000000000000000056e-01 1.913601270006592285e+12 2.296326493612134375e+14
1.166666666666666824e-01 3.009449878415557861e+11 3.095451053169545312e+13
1.333333333333333315e-01 6.061469568936846924e+10 5.455388948251891602e+12
1.499999999999999944e-01 1.474812498725922775e+10 1.179879084913097656e+12
1.666666666666666852e-01 4.165125035850857735e+09 2.999029142925427856e+11
1.833333333333333481e-01 1.327042193305723429e+09 8.686808246941152954e+10
2.000000000000000111e-01 4.670604154206666946e+08 2.802750742854015350e+10
2.166666666666666741e-01 1.787119497407162189e+08 9.900109659202896118e+09
2.333333333333333648e-01 7.342237659927958250e+07 3.777327667012099266e+09
2.500000000000000000e-01 3.207111497347684950e+07 1.540227738682982683e+09
2.666666666666666630e-01 1.477583618094393238e+07 6.654308797731808424e+08
2.833333333333333814e-01 7.133582570032343268e+06 3.024672329478067160e+08
2.999999999999999889e-01 3.589432286082349252e+06 1.438045252898511291e+08
3.166666666666667074e-01 1.873809820061798207e+06 7.116316433505345881e+07
3.333333333333333703e-01 1.010932505153560545e+06 3.650225542991153896e+07
3.499999999999999778e-01 5.617815687953899615e+05 1.933832293274296820e+07
3.666666666666666963e-01 3.206298330590025289e+05 1.054911270650910959e+07
3.833333333333333592e-01 1.874686479515254032e+05 5.909442571017595008e+06
4.000000000000000222e-01 1.120378804908032762e+05 3.391468471756598912e+06
4.166666666666666852e-01 6.830284212619502796e+04 1.989914800997322891e+06
4.333333333333333481e-01 4.239944882430930011e+04 1.191459349847443402e+06
4.500000000000000666e-01 2.675510737470320964e+04 7.267689960914528929e+05
4.666666666666667296e-01 1.713599705294520027e+04 4.509502962543562171e+05
4.833333333333333370e-01 1.112347550675604725e+04 2.842338650559466914e+05
5.000000000000000000e-01 7.308053610529961588e+03 1.817543800597016234e+05
5.166666666666667185e-01 4.853025687840787214e+03 1.177719200487211783e+05
5.333333333333333259e-01 3.253108304436866092e+03 7.724377771470262087e+04
5.500000000000000444e-01 2.198251847704302236e+03 5.122610521798349509e+04
5.666666666666667629e-01 1.495353607027015869e+03 3.431498341049249575e+04
5.833333333333333703e-01 1.022466177829733283e+03 2.319583167748090273e+04
5.999999999999999778e-01 7.015736497625233596e+02 1.580673742147827943e+04
6.166666666666666963e-01 4.821577507760287631e+02 1.084797070836803687e+04
6.333333333333334147e-01 3.311342123524387375e+02 7.490014978092751335e+03
6.500000000000000222e-01 2.266064410215772966e+02 5.197247549695007365e+03
6.666666666666667407e-01 1.539390014188922464e+02 3.620005497285100319e+03
6.833333333333334592e-01 1.032596527615147437e+02 2.527661475384581536e+03
6.999999999999999556e-01 6.785216288674415352e+01 1.766621919919197808e+03
7.166666666666666741e-01 4.311117253702306584e+01 1.233662772606907311e+03
7.333333333333333925e-01 2.585568321123916746e+01 8.588173377459404492e+02
7.500000000000000000e-01 1.387380657238101023e+01 5.942808393573468493e+02
7.666666666666667185e-01 5.618149779761856699e+00 4.071457031786110292e+02
7.833333333333334370e-01 2.585550887030201831e-04 2.746008104380819077e+02
8.000000000000000444e-01 -3.749208751392592021e+00 1.807310642955309277e+02
8.166666666666666519e-01 -6.176315160272350724e+00 1.143659755798051094e+02
8.333333333333333703e-01 -7.669996175908220692e+00 6.762195946462715312e+01
8.500000000000000888e-01 -8.508027799736154861e+00 3.490723413489506299e+01
8.666666666666666963e-01 -8.889170194967364935e+00 1.223767426284133819e+01
8.833333333333334147e-01 -8.955776587554545642e+00 -3.236723415601362674e+00
9.000000000000001332e-01 -8.809782701369048397e+00 -1.356169045027970554e+01
9.166666666666667407e-01 -8.524072085563179968e+00 -2.020983570221504877e+01
9.333333333333334592e-01 -8.150592266187890900e+00 -2.424354760728371971e+01
9.500000000000001776e-01 -7.726175225289885873e+00 -2.643041250280275278e+01
9.666666666666666741e-01 -7.276727490456789127e+00 -2.732539897687268393e+01
9.833333333333332815e-01 -6.820256710114115606e+00 -2.732965072733788503e+01
1.000000000000000000e+00 -6.369064154328176741e+00 -2.673272760988726660e+01
1.016666666666666607e+00 -5.931336812081145382e+00 -2.574307551865646815e+01
1.033333333333333437e+00 -5.512305641731613193e+00 -2.451008510735925228e+01
1.050000000000000044e+00 -5.115089242772683065e+00 -2.314011337176155436e+01
1.066666666666666652e+00 -4.741308725305819927e+00 -2.170815390286917079e+01
1.083333333333333481e+00 -4.391535716896453501e+00 -2.026635863937165283e+01
1.100000000000000089e+00 -4.065618402199288717e+00 -1.885027323082044148e+01
1.116666666666666696e+00 -3.762918249507451129e+00 -1.748340656849207164e+01
1.133333333333333526e+00 -3.482481249999835882e+00 -1.618058297396576961e+01
1.150000000000000133e+00 -3.223161103409375006e+00 -1.495040241051088614e+01
1.166666666666666741e+00 -2.983707138719338570e+00 -1.379704559771504968e+01
1.183333333333333348e+00 -2.762826371286304816e+00 -1.272159705824346432e+01
1.199999999999999956e+00 -2.559226619988449247e+00 -1.172301286997971559e+01
1.216666666666666785e+00 -2.371645790156189371e+00 -1.079882626449657224e+01
1.233333333333333393e+00 -2.198871090851413079e+00 -9.945659673892830455e+00
1.250000000000000000e+00 -2.039750969112828827e+00 -9.159593865483010688e+00
1.266666666666666829e+00 -1.893201815321551962e+00 -8.436431615182659272e+00
1.283333333333333437e+00 -1.758210954687447813e+00 -7.771883659635831165e+00
1.300000000000000044e+00 -1.633837040265651241e+00 -7.161697498572030085e+00
1.316666666666666874e+00 -1.519208666464262336e+00 -6.601744314595880070e+00
1.333333333333333481e+00 -1.413521801952243528e+00 -6.088075344562065006e+00
1.350000000000000089e+00 -1.316036477521973724e+00 -5.616956115070781408e+00
1.366666666666666918e+00 -1.226073043254884976e+00 -5.184884781003775700e+00
1.383333333333333526e+00 -1.143008219509248136e+00 -4.788599186930373897e+00
1.399999999999999911e+00 -1.066271099802147848e+00 -4.425076064124340292e+00
1.416666666666666741e+00 -9.953392146476643942e-01 -4.091524875564757302e+00
1.433333333333333348e+00 -9.297347294104121307e-01 -3.785378149671400294e+00
1.449999999999999956e+00 -8.690208229316495059e-01 -3.504279642752105239e+00
1.466666666666666785e+00 -8.127982746133711744e-01 -3.246071297133337197e+00
1.483333333333333393e+00 -7.607022739554097912e-01 -3.008779684576529334e+00
1.500000000000000000e+00 -7.123994568473430711e-01 -2.790602418847099031e+00
1.516666666666666829e+00 -6.675851661840063178e-01 -2.589894869234504959e+00
1.533333333333333437e+00 -6.259809298237459796e-01 -2.405157394954252847e+00
1.550000000000000044e+00 -5.873321459604430306e-01 -2.235023238590586381e+00
1.566666666666666874e+00 -5.514059641984760951e-01 -2.078247157470046069e+00
1.583333333333333481e+00 -5.179893496789319540e-01 -1.933694829383943325e+00
1.600000000000000089e+00 -4.868873172630174828e-01 -1.800333039109975886e+00
1.616666666666666696e+00 -4.579213228545896408e-01 -1.677220631491372460e+00
1.633333333333333304e+00 -4.309277993045451671e-01 -1.563500202988982624e+00
1.650000000000000133e+00 -4.057568248872971406e-01 -1.458390494803825321e+00
1.666666666666666741e+00 -3.822709130019120716e-01 -1.361179445506692121e+00
1.683333333333333348e+00 -3.603439124756764866e-01 -1.271217858582555760e+00
1.700000000000000178e+00 -3.398600085987379393e-01 -1.187913639635441498e+00
1.716666666666666785e+00 -3.207128157688869941e-01 -1.110726558634438810e+00
1.733333333333333393e+00 -3.028045533575955961e-01 -1.039163494091609463e+00
1.750000000000000222e+00 -2.860452971102350195e-01 -9.727741181369975454e-01
1.766666666666666829e+00 -2.703522990575499829e-01 -9.111469838678508681e-01
1.783333333333333437e+00 -2.556493695377869968e-01 -8.539059789344598528e-01
1.800000000000000266e+00 -2.418663155075014282e-01 -8.007071119668771608e-01
1.816666666666666874e+00 -2.289384298537740503e-01 -7.512356010635087289e-01
1.833333333333333481e+00 0.000000000000000000e+00 -7.052032360986160153e-01
1.850000000000000311e+00 0.000000000000000000e+00 -6.623459890249537851e-01
1.866666666666666918e+00 0.000000000000000000e+00 -6.224218486280029827e-01
1.883333333333333526e+00 0.000000000000000000e+00 -5.852088583177756931e-01
1.900000000000000355e+00 0.000000000000000000e+00 -5.505033375185124367e-01
1.916666666666666963e+00 0.000000000000000000e+00 -5.181182690364853904e-01
1.933333333333333348e+00 0.000000000000000000e+00 -4.878818364558480392e-01
1.949999999999999956e+00 0.000000000000000000e+00 -4.596360971385796690e-01
1.966666666666666563e+00 0.000000000000000000e+00 -4.332357777951499900e-01
1.983333333333333393e+00 0.000000000000000000e+00 -4.085471808563289620e-01
2.000000000000000000e+00 0.000000000000000000e+00 -3.854471910228383091e-01
