0.000000000000000000e+00 7.496933682920409793e+21 5.398121747265282158e+24
1.666666666666666644e-02 3.748924473839590048e+21 2.699225621289709146e+24
3.333333333333333287e-02 9.152647587716970240e+17 3.294953141359679898e+20
5.000000000000000278e-02 7.054262318204764000e+15 1.693023013618393856e+18
6.666666666666666574e-02 2.234532266642349375e+14 4.022158844141475200e+16
8.333333333333334259e-02 1.535557238776289844e+13 2.211204026450476500e+15
1.000000000000000056e-01 1.722224673424862793e+12 2.066674080707532500e+14
1.166666666666666824e-01 2.708478989486828613e+11 2.785879306577638281e+13
1.333333333333333315e-01 5.455270443542594147e+10 4.909803101160770508e+12
1.499999999999999944e-01 1.327318555791689301e+10 1.061881021702635864e+12
1.666666666666666852e-01 3.748576684990437984e+09 2.699100417304013672e+11
1.833333333333333481e-01 1.194326552809867144e+09 7.818052658905838013e+10
2.000000000000000111e-01 4.203503541666621566e+08 2.522451546695072556e+10
2.166666666666666741e-01 1.608392167193885148e+08 8.910013488558574677e+09
2.333333333333333648e-01 6.607950705728730559e+07 3.399562391275503159e+09
2.500000000000000000e-01 2.886372747586101294e+07 1.386191709248051405e+09
2.666666666666666630e-01 1.329812540869510733e+07 5.988820650509381294e+08
2.833333333333333814e-01 6.420162927927626297e+06 2.722179066681514382e+08
2.999999999999999889e-01 3.230458172312936280e+06 1.294228352463026941e+08
3.166666666666667074e-01 1.686412716446993407e+06 6.404623553356582671e+07
3.333333333333333703e-01 9.098305580037040636e+05 3.285171579977292567e+07
3.499999999999999778e-01 5.055985799127292121e+05 1.740432425420635939e+07
3.666666666666666963e-01 2.885640925087261712e+05 9.494110681349400431e+06
3.833333333333333592e-01 1.687201714409118285e+05 5.318447481155077927e+06
4.000000000000000222e-01 1.008331295335832983e+05 3.052292455937204883e+06
4.166666666666666852e-01 6.147197112045889662e+04 1.790906209798852913e+06
4.333333333333333481e-01 3.815913986610934808e+04 1.072303172074554954e+06
4.500000000000000666e-01 2.407936703592459162e+04 6.540858503976366483e+05
4.666666666666667296e-01 1.542225040295532926e+04 4.058513923986416776e+05
4.833333333333333370e-01 1.001103265659258977e+04 2.558080376743783709e+05
5.000000000000000000e-01 6.577185707571664352e+03 1.635773820342421823e+05
5.166666666666667185e-01 4.367681643079889000e+03 1.059937178203212388e+05
5.333333333333333259e-01 2.927769717200140349e+03 6.951873785308387596e+04
5.500000000000000444e-01 1.978407944166021480e+03 4.610305600331370078e+04
5.666666666666667629e-01 1.345805544203569752e+03 3.088319151083873658e+04
5.833333333333333703e-01 9.202109010912652138e+02 2.087605032288646180e+04
5.999999999999999778e-01 6.314103656956685882e+02 1.422592882786048722e+04
6.166666666666666963e-01 4.339379269813063047e+02 9.763081256346384180e+03
6.333333333333334147e-01 2.980180272611613645e+02 6.740949832282145508e+03
6.500000000000000222e-01 2.039439202685228736e+02 4.677478744056944379e+03
6.666666666666667407e-01 1.385438396643497754e+02 3.257974361142508315e+03
6.833333333333334592e-01 9.293285333569239981e+01 2.274874052392841804e+03
6.999999999999999556e-01 6.106640984088129187e+01 1.589944928064086525e+03
7.166666666666666741e-01 3.879972524448599103e+01 1.110286220981352017e+03
7.333333333333333925e-01 2.326992807935177154e+01 7.729285047232020815e+02
7.500000000000000000e-01 1.248633772190692781e+01 5.348478903922336940e+02
7.666666666666667185e-01 5.056313805322511179e+00 3.664278428191605030e+02
7.833333333333334370e-01 2.567422542697829794e-04 2.471385501906567583e+02
8.000000000000000444e-01 -3.374234416792306845e+00 1.626565613239423556e+02
8.166666666666666519e-01 -5.558611761707203947e+00 1.029285312956297389e+02
8.333333333333333703e-01 -6.902913957934988964e+00 6.085930095602295609e+01
8.500000000000000888e-01 -7.657137065097188611e+00 3.141631426225489321e+01
8.666666666666666963e-01 -8.000163560385194828e+00 1.101389227077760147e+01
8.833333333333334147e-01 -8.060110156298650352e+00 -2.912943787435686716e+00
9.000000000000001332e-01 -7.928718155862043204e+00 -1.220533499757936191e+01
9.166666666666667407e-01 -7.671582150381993870e+00 -1.818861690640403594e+01
9.333333333333334592e-01 -7.335454486820720099e+00 -2.181893016701098276e+01
9.500000000000001776e-01 -6.953483649516814857e+00 -2.378709604703684732e+01
9.666666666666666741e-01 -6.548985305227347453e+00 -2.459258164185578721e+01
9.833333333333332815e-01 -6.138166195268738079e+00 -2.459641294657590294e+01
1.000000000000000000e+00 -5.732097367717319258e+00 -2.405919143977777708e+01
1.016666666666666607e+00 -5.338147051542081911e+00 -2.316851671706546156e+01
1.033333333333333437e+00 -4.961023072289293623e+00 -2.205883915288598374e+01
1.050000000000000044e+00 -4.603532149602329149e+00 -2.082587918903512758e+01
1.066666666666666652e+00 -4.267133274622057826e+00 -1.953713046386744878e+01
1.083333333333333481e+00 -3.952340912439935572e+00 -1.823952931762078933e+01
1.100000000000000089e+00 -3.659018435071270225e+00 -1.696506656682464254e+01
1.116666666666666696e+00 -3.386591173410206324e+00 -1.573490004375450368e+01
1.133333333333333526e+00 -3.134200531161400960e+00 -1.456237153813664342e+01
1.150000000000000133e+00 -2.900814850951388468e+00 -1.345522096691949798e+01
1.166666666666666741e+00 -2.685308542258037168e+00 -1.241721096248549117e+01
1.183333333333333348e+00 -2.486517932337727999e+00 -1.144931760383551911e+01
1.199999999999999956e+00 -2.303280071330854994e+00 -1.055060138559668204e+01
1.216666666666666785e+00 -2.134459086684237672e+00 -9.718842250918592995e+00
1.233333333333333393e+00 -1.978963478568592560e+00 -8.951000429511182688e+00
1.250000000000000000e+00 -1.835756860623720232e+00 -8.243548655935260427e+00
1.266666666666666829e+00 -1.703863994753120226e+00 -7.592709473589310143e+00
1.283333333333333437e+00 -1.582373483456022800e+00 -6.994622590201801771e+00
1.300000000000000044e+00 -1.470438123556208954e+00 -6.445460798995551244e+00
1.316666666666666874e+00 -1.367273658385864454e+00 -5.941508205879811655e+00
1.333333333333333481e+00 -1.272156467437778993e+00 -5.479210963313346561e+00
1.350000000000000089e+00 -1.184420585481438914e+00 -5.055208082050651974e+00
1.366666666666666918e+00 -1.103454334054128516e+00 -4.666347935748136777e+00
1.383333333333333526e+00 -1.028696767392484945e+00 -4.309694616238974874e+00
1.399999999999999911e+00 -9.596340750681423559e-01 -3.982527210915717930e+00
1.416666666666666741e+00 -8.957960394825055239e-01 -3.682334263336356273e+00
1.433333333333333348e+00 -8.367526139733776347e-01 -3.406805073714573417e+00
1.449999999999999956e+00 -7.821106636146419877e-01 -3.153819045263484000e+00
1.466666666666666785e+00 -7.315108936257278538e-01 -2.921433946659432124e+00
1.483333333333333393e+00 -6.846249779863382567e-01 -2.707873711262981598e+00
1.500000000000000000e+00 -6.411528921280909010e-01 -2.511516208573767006e+00
1.516666666666666829e+00 -6.008204475150720203e-01 -2.330881286535396058e+00
1.533333333333333437e+00 -5.633770218306356492e-01 -2.164619282626784713e+00
1.550000000000000044e+00 -5.285934758345017803e-01 -2.011500128081983529e+00
1.566666666666666874e+00 -4.962602463505518813e-01 -1.870403116239300889e+00
1.583333333333333481e+00 -4.661856039989309419e-01 -1.740307367795946858e+00
1.600000000000000089e+00 -4.381940639779636215e-01 -1.620282998773578953e+00
1.616666666666666696e+00 -4.121249382697413921e-01 -1.509482978377628903e+00
1.633333333333333304e+00 -3.878310179679785308e-01 -1.407135651474713534e+00
1.650000000000000133e+00 -3.651773749194637264e-01 -1.312537892476358437e+00
1.666666666666666741e+00 -3.440402724665392320e-01 -1.225048852772466557e+00
1.683333333333333348e+00 -3.243061757307031945e-01 -1.144084261582009265e+00
1.700000000000000178e+00 -3.058708525532148892e-01 -1.069111239492519072e+00
1.716666666666666785e+00 -2.886385568839513471e-01 -9.996435845314719515e-01
1.733333333333333393e+00 -2.725212870686026245e-01 -9.352374919716694990e-01
1.750000000000000222e+00 -2.574381121159092789e-01 -8.754876709397489964e-01
1.766666666666666829e+00 -2.433145596243805331e-01 -8.200238230675879203e-01
1.783333333333333437e+00 -2.300820596080132285e-01 -7.685074507531415300e-01
1.800000000000000266e+00 -2.176774389812877186e-01 -7.206289649748773840e-01
1.816666666666666874e+00 -2.060424619449515160e-01 -6.761050649590021333e-01
1.833333333333333481e+00 0.000000000000000000e+00 -6.346763642810931971e-01
1.850000000000000311e+00 0.000000000000000000e+00 -5.961052401609880924e-01
1.866666666666666918e+00 0.000000000000000000e+00 -5.601738847619753825e-01
1.883333333333333526e+00 0.000000000000000000e+00 -5.266825392218730251e-01
1.900000000000000355e+00 0.000000000000000000e+00 -4.954478929204667592e-01
1.916666666666666963e+00 0.000000000000000000e+00 -4.663016321256756580e-01
1.933333333333333348e+00 0.000000000000000000e+00 -4.390891236635384720e-01
1.949999999999999956e+00 0.000000000000000000e+00 -4.136682206306065979e-01
1.966666666666666563e+00 0.000000000000000000e+00 -3.899081784188279665e-01
1.983333333333333393e+00 0.000000000000000000e+00 -3.676886704604178657e-01
2.000000000000000000e+00 0.000000000000000000e+00 -3.468988941318448260e-01
