0.000000000000000000e+00 4.854457341767250739e+20 5.825704405058549805e+23
1.000000000000000021e-02 2.427524999615976899e+20 2.913029999769585870e+23
2.000000000000000042e-02 5.926574647027732800e+16 3.555944806217693594e+19
2.999999999999999889e-02 4.567816032349026250e+14 1.827126518295577600e+17
4.000000000000000083e-02 1.446916715528869336e+13 4.340751552919005000e+15
5.000000000000000278e-02 9.943117822559995117e+11 2.386351226707198750e+14
5.999999999999999778e-02 1.115181358696141968e+11 2.230370948327211328e+13
7.000000000000000666e-02 1.753796294293724060e+10 3.006535911395455078e+12
8.000000000000000167e-02 3.532367308516054630e+09 5.298660832492633057e+11
8.999999999999999667e-02 8.594430118543471098e+08 1.145972189544743652e+11
1.000000000000000056e-01 2.427140977499998808e+08 2.912799586499998474e+10
1.100000000000000006e-01 7.732675050725299120e+07 8.436827895462893486e+09
1.199999999999999956e-01 2.721344750477731228e+07 2.721987792268980026e+09
1.300000000000000044e-01 1.041146250427334756e+07 9.614252788244694471e+08
1.400000000000000133e-01 4.276708710295244120e+06 3.667936129399315119e+08
1.499999999999999944e-01 1.867606271672679344e+06 1.495433573716744483e+08
1.600000000000000033e-01 8.601411748431926826e+05 6.459642383085790277e+07
1.700000000000000122e-01 4.150640802704273956e+05 2.935479299154134840e+07
1.799999999999999933e-01 2.087135238095234381e+05 1.395187065418763459e+07
1.900000000000000022e-01 1.088619745164991473e+05 6.901270147700576112e+06
2.000000000000000111e-01 5.866571191406247090e+04 3.537943769531248137e+06
2.099999999999999922e-01 3.255363011288007692e+04 1.873000448510776274e+06
2.200000000000000011e-01 1.854518924840998807e+04 1.020793164535604767e+06
2.300000000000000100e-01 1.081778013203187038e+04 5.711731831468099263e+05
2.399999999999999911e-01 6.446097374952132668e+03 3.273286327417371795e+05
2.500000000000000000e-01 3.915415511040000638e+03 1.917150393139199878e+05
2.600000000000000089e-01 2.419490343582615424e+03 1.145375468613161938e+05
2.700000000000000178e-01 1.518206703893137274e+03 6.967858505402982701e+04
2.800000000000000266e-01 9.656726527823543620e+02 4.309363199689426256e+04
2.899999999999999800e-01 6.215397336674335520e+02 2.705462554376290791e+04
2.999999999999999889e-01 4.041036723737914826e+02 1.721770656573355154e+04
3.099999999999999978e-01 2.649234749452576807e+02 1.109258537939710004e+04
3.200000000000000067e-01 1.747893479600026296e+02 7.225192092394358042e+03
3.300000000000000155e-01 1.158093641429926492e+02 4.751892303301931861e+03
3.400000000000000244e-01 7.686345323314884581e+01 3.151515505512789332e+03
3.500000000000000333e-01 5.094635389785516821e+01 2.104854636048029533e+03
3.599999999999999867e-01 3.358935239132101458e+01 1.413674248091456775e+03
3.699999999999999956e-01 2.190853478531108323e+01 9.532616468819799138e+02
3.800000000000000044e-01 1.402266087225106972e+01 6.442038410776602859e+02
3.900000000000000133e-01 8.692349169465398262e+00 4.353588211295283941e+02
4.000000000000000222e-01 5.093627214431759143e+00 2.934420561790464603e+02
4.100000000000000311e-01 2.674134569068793432e+00 1.965772087365781431e+02
4.199999999999999845e-01 1.060799650758825763e+00 1.302539793335143941e+02
4.299999999999999933e-01 -5.165584413679980003e-05 8.476593292766395393e+01
4.400000000000000022e-01 -6.819276194284218384e-01 5.356906268438179097e+01
4.500000000000000111e-01 -1.104104382952801000e+00 3.221960230739595232e+01
4.600000000000000200e-01 -1.348916145385427701e+00 1.768012702879947184e+01
4.700000000000000289e-01 -1.473374960775465592e+00 7.862173446196067061e+00
4.799999999999999822e-01 -1.517038059144757201e+00 1.322204725526207270e+00
4.899999999999999911e-01 -1.507371412813123257e+00 -2.942103935813069171e+00
5.000000000000000000e-01 -1.463429759999999913e+00 -5.629386239999998764e+00
5.100000000000000089e-01 -1.398396344116159096e+00 -7.228074723441155314e+00
5.200000000000000178e-01 -1.321345043066666225e+00 -8.080376566237170266e+00
5.300000000000000266e-01 -1.238468823454022871e+00 -8.426321981951023332e+00
5.400000000000000355e-01 -1.153939754332556689e+00 -8.434265435676937983e+00
5.500000000000000444e-01 -1.070513255393839014e+00 -8.222117411362766859e+00
5.600000000000000533e-01 -9.899538983179088092e-01 -7.872194982310555034e+00
5.700000000000000622e-01 -9.133361328627502829e-01 -7.441654333413859845e+00
5.799999999999999600e-01 -8.412569836411110114e-01 -6.969848053726638959e+00
5.899999999999999689e-01 -7.739865648960251310e-01 -6.483531223379835673e+00
5.999999999999999778e-01 -7.115745338352470473e-01 -6.000555748721401628e+00
6.099999999999999867e-01 -6.539252423521433322e-01 -5.532497838773823062e+00
6.199999999999999956e-01 -6.008506083715421386e-01 -5.086529711676800680e+00
6.300000000000000044e-01 -5.521071080106850770e-01 -4.666754084036376149e+00
6.400000000000000133e-01 -5.074214451964634831e-01 -4.275155660759775600e+00
6.500000000000000222e-01 -4.665081512818590737e-01 -3.912278888811881128e+00
6.600000000000000311e-01 -4.290814415969547158e-01 -3.577709677384838471e+00
6.700000000000000400e-01 -3.948629965548657861e-01 -3.270416529751964951e+00
6.800000000000000488e-01 -3.635868637868048259e-01 -2.988990770029964494e+00
6.900000000000000577e-01 -3.350023401403799950e-01 -2.731814341989582395e+00
7.000000000000000666e-01 -3.088754498166270124e-01 -2.497175661085290432e+00
7.099999999999999645e-01 -2.849894603155868067e-01 -2.283348276376919284e+00
7.199999999999999734e-01 -2.631447519745942487e-01 -2.088642988268578193e+00
7.299999999999999822e-01 -2.431582660294074882e-01 -1.911441108049054760e+00
7.399999999999999911e-01 -2.248626905278282573e-01 -1.750214408842324598e+00
7.500000000000000000e-01 -2.081054960700435275e-01 -1.603535772511642810e+00
7.600000000000000089e-01 -1.927478992001903091e-01 -1.470083417829934236e+00
7.700000000000000178e-01 -1.786638066957446647e-01 -1.348640783507423446e+00
7.800000000000000266e-01 -1.657387763679963877e-01 -1.238093550554685951e+00
7.900000000000000355e-01 -1.538690173941845707e-01 -1.137424860843991858e+00
8.000000000000000444e-01 -1.429604442673734765e-01 -1.045709478494245115e+00
8.100000000000000533e-01 -1.329277921683054697e-01 -9.621074159053120134e-01
8.200000000000000622e-01 -1.236937972019609977e-01 -8.858573837258862937e-01
8.300000000000000711e-01 -1.151884419665577253e-01 -8.162703068945039719e-01
8.399999999999999689e-01 -1.073482649449285925e-01 -7.527230648574225746e-01
8.499999999999999778e-01 -1.001157309437423898e-01 -6.946525541686005001e-01
8.599999999999999867e-01 -9.343865904800002786e-02 -6.415501293575378572e-01
8.699999999999999956e-01 -8.726970415609655585e-02 -5.929564484106595312e-01
8.800000000000000044e-01 -8.156588800518883853e-02 -5.484567289367182630e-01
8.900000000000000133e-01 -7.628817560852452218e-02 -5.076764075020175904e-01
9.000000000000000222e-01 -7.140109314879189428e-02 -4.702771858421940787e-01
9.100000000000000311e-01 -6.687238356363113534e-02 -4.359534423047619622e-01
9.200000000000000400e-01 -6.267269629224872518e-02 -4.044289839431747247e-01
9.300000000000000488e-01 -5.877530790526604154e-02 -3.754541134346038866e-01
9.400000000000000577e-01 -5.515587059947794218e-02 -3.488029848966310853e-01
9.500000000000000666e-01 -5.179218579560721653e-02 -3.242712233469623451e-01
9.599999999999999645e-01 -4.866400032422760202e-02 -3.016737837079612183e-01
9.699999999999999734e-01 -4.575282291894169906e-02 -2.808430267067074659e-01
9.799999999999999822e-01 -4.304175895446982203e-02 -2.616269906221898589e-01
9.899999999999999911e-01 -4.051536156952335183e-02 -2.438878394874182121e-01
1.000000000000000000e+00 -3.815949750000000029e-02 -2.275004700000000102e-01
1.010000000000000009e+00 -3.596122611748467368e-02 -2.123512609867039824e-01
1.020000000000000018e+00 -3.390869032195430177e-02 -1.983369507785230357e-01
1.030000000000000027e+00 -3.199101807686331733e-02 -1.853636292669714747e-01
1.040000000000000036e+00 -3.019823350044230012e-02 -1.733458327221006900e-01
1.050000000000000044e+00 -2.852117654013277756e-02 -1.622057306558664369e-01
1.060000000000000053e+00 -2.695143035866783693e-02 -1.518723951126572103e-01
1.070000000000000062e+00 -2.548125565142207033e-02 -1.422811437660924383e-01
1.080000000000000071e+00 -2.410353119627598947e-02 -1.333729491032237535e-01
1.090000000000000080e+00 -2.281170001029163286e-02 -1.250939067904728308e-01
1.100000000000000089e+00 0.000000000000000000e+00 -1.173947570468465151e-01
1.110000000000000098e+00 0.000000000000000000e+00 -1.102304535060660007e-01
1.120000000000000107e+00 0.000000000000000000e+00 -1.035597746369534278e-01
1.130000000000000115e+00 0.000000000000000000e+00 -9.734497331715991075e-02
1.140000000000000124e+00 0.000000000000000000e+00 -9.155146062512706240e-02
1.150000000000000133e+00 0.000000000000000000e+00 -8.614752033466001324e-02
1.159999999999999920e+00 0.000000000000000000e+00 -8.110405097081047066e-02
1.169999999999999929e+00 0.000000000000000000e+00 -7.639433261963998745e-02
1.179999999999999938e+00 0.000000000000000000e+00 -7.199381598214062150e-02
1.189999999999999947e+00 0.000000000000000000e+00 -6.787993142799494950e-02
1.199999999999999956e+00 0.000000000000000000e+00 -6.403191604146538096e-02
