0.000000000000000000e+00 5.573619542582084239e+20 6.688751725547182180e+23
1.000000000000000021e-02 2.787149999559081984e+20 3.344579999735447856e+23
2.000000000000000042e-02 6.804565360794139200e+16 4.082739237144490803e+19
2.999999999999999889e-02 5.244513837982286250e+14 2.097805656157934720e+17
4.000000000000000083e-02 1.661269780398559375e+13 4.983810955883788000e+15
5.000000000000000278e-02 1.141613818127999512e+12 2.739876549753598125e+14
5.999999999999999778e-02 1.280389583496290131e+11 2.560788617384812891e+13
7.000000000000000666e-02 2.013611946651665878e+10 3.451938317719246582e+12
8.000000000000000167e-02 4.055668856196105003e+09 6.083629431802777100e+11
8.999999999999999667e-02 9.867649513882799149e+08 1.315741912788660583e+11
1.000000000000000056e-01 2.786709082499998808e+08 3.344315449499997711e+10
1.100000000000000006e-01 8.878229971473665535e+07 9.686699349429752350e+09
1.199999999999999956e-01 3.124497580043071508e+07 3.125235891936236382e+09
1.300000000000000044e-01 1.195386556792769581e+07 1.103855349118071079e+09
1.400000000000000133e-01 4.910280450187722221e+06 4.211321459700417519e+08
1.499999999999999944e-01 2.144282235115470365e+06 1.716974140355750918e+08
1.600000000000000033e-01 9.875665198906061705e+05 7.416604173290577531e+07
1.700000000000000122e-01 4.765536133021826390e+05 3.370354984292913973e+07
1.799999999999999933e-01 2.396333173298677721e+05 1.601876615867390484e+07
1.900000000000000022e-01 1.249892920313111827e+05 7.923656573972046375e+06
2.000000000000000111e-01 6.735672070312497090e+04 4.062071249999997206e+06
2.099999999999999922e-01 3.737627360195820074e+04 2.150475430252367165e+06
2.200000000000000011e-01 2.129255741703940294e+04 1.172018178744243924e+06
2.300000000000000100e-01 1.242037432288730997e+04 6.557893995679112850e+05
2.399999999999999911e-01 7.401050491953852543e+03 3.758205862630431657e+05
2.500000000000000000e-01 4.495461949440000353e+03 2.201165689651200082e+05
2.600000000000000089e-01 2.777923725744723470e+03 1.315056485329828283e+05
2.700000000000000178e-01 1.743119946535257668e+03 8.000107570428965846e+04
2.800000000000000266e-01 1.108731102997841845e+03 4.947770762586711498e+04
2.899999999999999800e-01 7.136168719374066995e+02 3.106261109509315429e+04
2.999999999999999889e-01 4.639689339926730440e+02 1.976840756546823832e+04
3.099999999999999978e-01 3.041700261892596018e+02 1.273588434954664444e+04
3.200000000000000067e-01 2.006830846741358414e+02 8.295558965204505512e+03
3.300000000000000155e-01 1.329655922587267582e+02 5.455854269077745812e+03
3.400000000000000244e-01 8.825010247770532601e+01 3.618391193687488339e+03
3.500000000000000333e-01 5.849356416890947941e+01 2.416673907030873579e+03
3.599999999999999867e-01 3.856524926746384807e+01 1.623099480915857839e+03
3.699999999999999956e-01 2.515400878801394668e+01 1.094479733314287841e+03
3.800000000000000044e-01 1.609990793512785956e+01 7.396370877110686024e+02
3.900000000000000133e-01 9.979958355262004588e+00 4.998531388580020121e+02
4.000000000000000222e-01 5.848121166229244494e+00 3.369124460220334640e+02
4.100000000000000311e-01 3.070207242306117745e+00 2.256978214391878907e+02
4.199999999999999845e-01 1.217876890190825456e+00 1.495493519778748350e+02
4.299999999999999933e-01 -1.241056447902622040e-04 9.732265378025158498e+01
4.400000000000000022e-01 -7.830080408200934539e-01 6.150426647411145353e+01
4.500000000000000111e-01 -1.267720940285177456e+00 3.699210841335940358e+01
4.600000000000000200e-01 -1.548794177201513911e+00 2.029878049867916445e+01
4.700000000000000289e-01 -1.691685674569873843e+00 9.026427790371680970e+00
4.799999999999999822e-01 -1.741812720881214416e+00 1.517663738520560912e+00
4.899999999999999911e-01 -1.730710114740006134e+00 -3.378323450609920897e+00
5.000000000000000000e-01 -1.680255359999999865e+00 -6.463664639999997519e+00
5.100000000000000089e-01 -1.605584650422053450e+00 -8.299149654724626402e+00
5.200000000000000178e-01 -1.517116046255670314e+00 -9.277680705694184127e+00
5.300000000000000266e-01 -1.421959915141876696e+00 -9.674846265420708136e+00
5.400000000000000355e-01 -1.324906350508672670e+00 -9.683940840727387922e+00
5.500000000000000444e-01 -1.229118934433762744e+00 -9.440342082750682096e+00
5.600000000000000533e-01 -1.136623617998885338e+00 -9.038561365916599755e+00
5.700000000000000622e-01 -1.048653997367964053e+00 -8.544221813154177170e+00
5.799999999999999600e-01 -9.658955196552749811e-01 -8.002505516355512327e+00
5.899999999999999689e-01 -8.886582950024826122e-01 -7.444130864549112658e+00
5.999999999999999778e-01 -8.169993198621767760e-01 -6.889594164733244597e+00
6.099999999999999867e-01 -7.508087615943568327e-01 -6.352186356522705246e+00
6.199999999999999956e-01 -6.898706620455002936e-01 -5.840141995025167176e+00
6.300000000000000044e-01 -6.339054095886842433e-01 -5.358171432018397518e+00
6.400000000000000133e-01 -5.825992112968485515e-01 -4.908553259281433157e+00
6.500000000000000222e-01 -5.356242996299567238e-01 -4.491912464121138093e+00
6.600000000000000311e-01 -4.926525452871322042e-01 -4.107773510643518478e+00
6.700000000000000400e-01 -4.533643908871942685e-01 -3.754952005840379581e+00
6.800000000000000488e-01 -4.174544791981827929e-01 -3.431830512475235295e+00
6.900000000000000577e-01 -3.846349619776552320e-01 -3.136551204565815709e+00
7.000000000000000666e-01 -3.546371969938865165e-01 -2.867148880745816086e+00
7.099999999999999645e-01 -3.272123403260916996e-01 -2.621641278249024598e+00
7.199999999999999734e-01 -3.021311965073324446e-01 -2.398088910535778773e+00
7.299999999999999822e-01 -2.791835847605724785e-01 -2.194633253148776220e+00
7.399999999999999911e-01 -2.581774042598233843e-01 -2.009519649523336948e+00
7.500000000000000000e-01 -2.389375269777077593e-01 -1.841109534523983182e+00
7.600000000000000089e-01 -2.213046074721499723e-01 -1.687885288444476828e+00
7.700000000000000178e-01 -2.051338707460929889e-01 -1.548450102237783899e+00
7.800000000000000266e-01 -1.902939190686629978e-01 -1.421524558358503221e+00
7.900000000000000355e-01 -1.766655841880962752e-01 -1.305941140638290587e+00
8.000000000000000444e-01 -1.641408411087467711e-01 -1.200637530419043753e+00
8.100000000000000533e-01 -1.526217923921179276e-01 -1.104649288067749646e+00
8.200000000000000622e-01 -1.420197269342839130e-01 -1.017102332376837337e+00
8.300000000000000711e-01 -1.322542537564014298e-01 -9.372054958560205318e-01
8.399999999999999689e-01 -1.232525090742659091e-01 -8.642433374371039090e-01
8.499999999999999778e-01 -1.149484334611096392e-01 -7.975693253418162376e-01
8.599999999999999867e-01 -1.072821150475401497e-01 -7.365994542744396245e-01
8.699999999999999956e-01 -1.001991942408336916e-01 -6.808063271852147214e-01
8.800000000000000044e-01 -9.365032526722331940e-02 -6.297137085720411198e-01
8.900000000000000133e-01 -8.759068985452835021e-02 -5.828915406911625574e-01
9.000000000000000222e-01 -8.197955851302263230e-02 -5.399514039681860833e-01
9.100000000000000311e-01 -7.677989509299422421e-02 -5.005423967555342468e-01
9.200000000000000400e-01 -7.195800056474918605e-02 -4.643474062146192294e-01
9.300000000000000488e-01 -6.748319225752245909e-02 -4.310797406676710741e-01
9.400000000000000577e-01 -6.332751509176226534e-02 -4.004800936529295807e-01
9.500000000000000666e-01 -5.946548163365886208e-02 -3.723138106850385487e-01
9.599999999999999645e-01 -5.587383808448678768e-02 -3.463684310517807785e-01
9.699999999999999734e-01 -5.253135358590175358e-02 -3.224514786419364065e-01
9.799999999999999822e-01 -4.941863047328923231e-02 -3.003884776371957832e-01
9.899999999999999911e-01 -4.651793334143976971e-02 -2.800211708026489887e-01
1.000000000000000000e+00 -4.381303500000000017e-02 -2.612059199999999803e-01
1.010000000000000009e+00 -4.128907759069988526e-02 -2.438122703755254417e-01
1.020000000000000018e+00 -3.893244731507578688e-02 -2.277216614096679581e-01
1.030000000000000027e+00 -3.673066138132353303e-02 -2.128262696389254804e-01
1.040000000000000036e+00 -3.467226592318845002e-02 -1.990279693645080894e-01
1.050000000000000044e+00 -3.274674377364565625e-02 -1.862373990436474447e-01
1.060000000000000053e+00 -3.094443109276173720e-02 -1.743731223203341396e-01
1.070000000000000062e+00 -2.925644195374192680e-02 -1.633608737973204217e-01
1.080000000000000071e+00 -2.767460008488210887e-02 -1.531328806868949011e-01
1.090000000000000080e+00 -2.619137704901938757e-02 -1.436272524116263272e-01
1.100000000000000089e+00 0.000000000000000000e+00 -1.347874310658127572e-01
1.110000000000000098e+00 0.000000000000000000e+00 -1.265616964016809121e-01
1.120000000000000107e+00 0.000000000000000000e+00 -1.189027196791584418e-01
1.130000000000000115e+00 0.000000000000000000e+00 -1.117671613216792981e-01
1.140000000000000124e+00 0.000000000000000000e+00 -1.051153078598958401e-01
1.150000000000000133e+00 0.000000000000000000e+00 -9.891074412680762873e-02
1.159999999999999920e+00 0.000000000000000000e+00 -9.312005709759807459e-02
1.169999999999999929e+00 0.000000000000000000e+00 -8.771256815080676061e-02
1.179999999999999938e+00 0.000000000000000000e+00 -8.266009086927930682e-02
1.189999999999999947e+00 0.000000000000000000e+00 -7.793671180406649968e-02
1.199999999999999956e+00 0.000000000000000000e+00 -7.351859189610368550e-02
