0.000000000000000000e+00 1.504010932934253740e+21 1.082953974096914347e+24
1.666666666666666644e-02 7.520972752156278129e+20 5.415100381980848512e+23
3.333333333333333287e-02 1.836174970019250560e+17 6.610229925532439347e+19
5.000000000000000278e-02 1.415203547709260250e+15 3.396488710354147840e+17
6.666666666666666574e-02 4.482846188499639062e+13 8.069125753606936000e+15
8.333333333333334259e-02 3.080582825047799805e+12 4.436044750669213125e+14
1.000000000000000056e-01 3.455061683308887329e+11 4.146089320902123438e+13
1.166666666666666824e-01 5.433622368569807434e+10 5.588920732375292969e+12
1.333333333333333315e-01 1.094400192131011963e+10 9.849805971959257812e+11
1.499999999999999944e-01 2.662731574861884594e+09 2.130274812666219177e+11
1.666666666666666852e-01 7.519782952915866375e+08 5.414672054254298401e+10
1.833333333333333481e-01 2.395742087051154971e+08 1.568341893412515259e+10
2.000000000000000111e-01 8.431286829848018289e+07 5.059967483179004669e+09
2.166666666666666741e-01 3.225685619402974471e+07 1.787216184624769449e+09
2.333333333333333648e-01 1.325012473728537187e+07 6.818413178778470755e+08
2.500000000000000000e-01 5.786228964049381204e+06 2.779896807353858352e+08
2.666666666666666630e-01 2.664894514670218341e+06 1.200798178321515024e+08
2.833333333333333814e-01 1.285953982633694541e+06 5.456831743926901370e+07
2.999999999999999889e-01 6.466374542309083045e+05 2.593546127604231238e+07
3.166666666666667074e-01 3.372767914582294761e+05 1.282893355675456673e+07
3.333333333333333703e-01 1.817584356887845788e+05 6.576766821895908564e+06
3.499999999999999778e-01 1.008578324355552613e+05 3.481764453146211803e+06
3.666666666666666963e-01 5.745680111297518306e+04 1.897576280525166309e+06
3.833333333333333592e-01 3.351569912462416687e+04 1.061767135739501799e+06
4.000000000000000222e-01 1.997132793727431635e+04 6.084787855416096281e+05
4.166666666666666852e-01 1.213075618508604384e+04 3.563835066199617577e+05
4.333333333333333481e-01 7.496073393658776695e+03 2.129164677886942518e+05
4.500000000000000666e-01 4.703712211227001717e+03 1.295271028028912260e+05
4.666666666666667296e-01 2.991848836551933800e+03 8.010771977271506330e+04
4.833333333333333370e-01 1.925654900113240274e+03 5.029244260959378153e+04
5.000000000000000000e-01 1.251993775362223914e+03 3.200636983537704509e+04
5.166666666666667185e-01 8.207853189131488989e+02 2.062024376629473045e+04
5.333333333333333259e-01 5.415315998763599055e+02 1.343105999715294274e+04
5.500000000000000444e-01 3.587997618892466676e+02 8.833388482103577189e+03
5.666666666666667629e-01 2.381375519174517024e+02 5.858413310509829898e+03
5.833333333333333703e-01 1.578412391012518867e+02 3.912753123346632037e+03
5.999999999999999778e-01 1.040658368633046678e+02 2.627903509187751297e+03
6.166666666666666963e-01 6.787639290324284502e+01 1.772033202313473339e+03
6.333333333333334147e-01 4.344444311186578744e+01 1.197519599920378141e+03
6.500000000000000222e-01 2.693013274631599074e+01 8.092936757932251339e+02
6.666666666666667407e-01 1.578062886717668789e+01 5.454820782003162094e+02
6.833333333333334592e-01 8.284607828736714197e+00 3.654184046010482234e+02
6.999999999999999556e-01 3.286219239060286679e+00 2.421291462077944061e+02
7.166666666666666741e-01 -4.697787893078134592e-04 1.575708049228096570e+02
7.333333333333333925e-01 -2.113022137217410279e+00 9.957859024451397545e+01
7.500000000000000000e-01 -3.420978722795302573e+00 5.989189462618001158e+01
7.666666666666667185e-01 -4.179426885797324687e+00 3.286438905625076501e+01
7.833333333333334370e-01 -4.565000928212912257e+00 1.461378891187471929e+01
8.000000000000000444e-01 -4.700256650615850518e+00 2.456676985920057010e+00
8.166666666666666519e-01 -4.670288758764074899e+00 -5.470185896854836471e+00
8.333333333333333703e-01 -4.534132313575526041e+00 -1.046550149139578778e+01
8.500000000000000888e-01 -4.332631349732189108e+00 -1.343722454972479952e+01
8.666666666666666963e-01 -4.093898301732012968e+00 -1.502148878367763629e+01
8.833333333333334147e-01 -3.837119997202988575e+00 -1.566448931485237850e+01
9.000000000000001332e-01 -3.575222147908194259e+00 -1.567918199681334457e+01
9.166666666666667407e-01 -3.316741427996382718e+00 -1.528475155947218234e+01
9.333333333333334592e-01 -3.067144688527394969e+00 -1.463421761403821009e+01
9.500000000000001776e-01 -2.829760664132834336e+00 -1.383382785787929237e+01
9.666666666666666741e-01 -2.606438947584700738e+00 -1.295673467349576846e+01
9.833333333333332815e-01 -2.398016312401864525e+00 -1.205267280934759455e+01
1.000000000000000000e+00 -2.204646524591554524e+00 -1.115482683663253383e+01
1.016666666666666607e+00 -2.026033175995626934e+00 -1.028471540287512731e+01
1.033333333333333437e+00 -1.861593488813237496e+00 -9.455670571281359571e+00
1.050000000000000044e+00 -1.710572923438535842e+00 -8.675318518165035186e+00
1.066666666666666652e+00 -1.572124706972355401e+00 -7.947348266448027054e+00
1.083333333333333481e+00 -1.445364359412175226e+00 -7.272771567060797082e+00
1.100000000000000089e+00 -1.329406426810013198e+00 -6.650818370796652168e+00
1.116666666666666696e+00 -1.223388588000771326e+00 -6.079570958788902857e+00
1.133333333333333526e+00 -1.126486841801053185e+00 -5.556410499407991033e+00
1.150000000000000133e+00 -1.037924435504136156e+00 -5.078328968176935021e+00
1.166666666666666741e+00 -9.569764440036951925e-01 -4.642144503450778004e+00
1.183333333333333348e+00 -8.829713679172956908e-01 -4.244647629236801833e+00
1.199999999999999956e+00 -8.152907290632664949e-01 -3.882698134994713168e+00
1.216666666666666785e+00 -7.533673601618964266e-01 -3.553286899973944202e+00
1.233333333333333393e+00 -6.966828823896232814e-01 -3.253572978304514862e+00
1.250000000000000000e+00 -6.447647176992641338e-01 -2.980903388914420304e+00
1.266666666666666829e+00 -5.971828770174705259e-01 -2.732820973794004793e+00
1.283333333333333437e+00 -5.535466892840374964e-01 -2.507064179208620569e+00
1.300000000000000044e+00 -5.135015816666579358e-01 -2.301561519353231500e+00
1.316666666666666874e+00 -4.767259822705735006e-01 -2.114422687044821725e+00
1.333333333333333481e+00 -4.429283889821225007e-01 -1.943927699345854077e+00
1.350000000000000089e+00 -4.118446286231605136e-01 -1.788515048131243734e+00
1.366666666666666918e+00 -3.832353170808003862e-01 -1.646769523462411122e+00
1.383333333333333526e+00 -3.568835218600504011e-01 -1.517410159872185194e+00
1.399999999999999911e+00 -3.325926223795489522e-01 -1.399278599450456850e+00
1.416666666666666741e+00 -3.101843594131856174e-01 -1.291328054275858506e+00
1.433333333333333348e+00 -2.894970627320275214e-01 -1.192612972071713351e+00
1.449999999999999956e+00 -2.703840447551883464e-01 -1.102279454053207486e+00
1.466666666666666785e+00 -2.527121475364670355e-01 -1.019556436243829634e+00
1.483333333333333393e+00 -2.363604304506027320e-01 -9.437476202872477904e-01
1.500000000000000000e+00 -2.212189863223072428e-01 -8.742241234620142798e-01
1.516666666666666829e+00 -2.071878743364180542e-01 -8.104178076572272627e-01
1.533333333333333437e+00 -1.941761587888375662e-01 -7.518152416148142780e-01
1.550000000000000044e+00 -1.821010435224161006e-01 -6.979522484236208024e-01
1.566666666666666874e+00 -1.708870926960960324e-01 -6.484089900705943821e-01
1.583333333333333481e+00 -1.604655293300920327e-01 -6.028055420981568435e-01
1.600000000000000089e+00 -1.507736038354349217e-01 -5.607979135692164885e-01
1.616666666666666696e+00 -1.417540254609508388e-01 -5.220744702349406907e-01
1.633333333333333304e+00 -1.333544502679460952e-01 -4.863527217765799548e-01
1.650000000000000133e+00 -1.255270198693981543e-01 -4.533764370715291925e-01
1.666666666666666741e+00 -1.182279457456979210e-01 -4.229130544933078495e-01
1.683333333333333348e+00 -1.114171344739844638e-01 -3.947513572146464922e-01
1.700000000000000178e+00 -1.050578496849839394e-01 -3.686993862917965492e-01
1.716666666666666785e+00 -9.911640699279097855e-02 -3.445825669372076794e-01
1.733333333333333393e+00 -9.356189853234843368e-02 -3.222420258225366374e-01
1.750000000000000222e+00 -8.836594408976707060e-02 -3.015330794905760614e-01
1.766666666666666829e+00 -8.350246612537198798e-02 -2.823238759961918531e-01
1.783333333333333437e+00 -7.894748627165817934e-02 -2.644941737503084256e-01
1.800000000000000266e+00 -7.467894114122425320e-02 -2.479342432178289757e-01
1.816666666666666874e+00 -7.067651550608783362e-02 -2.325438786320933870e-01
1.833333333333333481e+00 0.000000000000000000e+00 -2.182315082477710722e-01
1.850000000000000311e+00 0.000000000000000000e+00 -2.049133928737511823e-01
1.866666666666666918e+00 0.000000000000000000e+00 -1.925129035201196270e-01
1.883333333333333526e+00 0.000000000000000000e+00 -1.809598699706482239e-01
1.900000000000000355e+00 0.000000000000000000e+00 -1.701899929655802113e-01
1.916666666666666963e+00 0.000000000000000000e+00 -1.601443134593047990e-01
1.933333333333333348e+00 0.000000000000000000e+00 -1.507687331133638342e-01
1.949999999999999956e+00 0.000000000000000000e+00 -1.420135808058893279e-01
1.966666666666666563e+00 0.000000000000000000e+00 -1.338332204919952251e-01
1.983333333333333393e+00 0.000000000000000000e+00 -1.261856962430277784e-01
2.000000000000000000e+00 0.000000000000000000e+00 -1.190324107324216285e-01
