0.000000000000000000e+00 1.332127041726119674e+21 9.591900180038980259e+23
1.666666666666666644e-02 6.661448373707174052e+20 4.796242829448538856e+23
3.333333333333333287e-02 1.626330153153474880e+17 5.854788580991143117e+19
5.000000000000000278e-02 1.253468890531139250e+15 3.008325510742736000e+17
6.666666666666666574e-02 3.970530067874185938e+13 7.146956437691856000e+15
8.333333333333334259e-02 2.728522509866155273e+12 3.929077270201144375e+14
1.000000000000000056e-01 3.060204549465320435e+11 3.672259011546098438e+13
1.166666666666666824e-01 4.812648056050826263e+10 4.950198352369855469e+12
1.333333333333333315e-01 9.693281205057613373e+09 8.724133984420808105e+11
1.499999999999999944e-01 2.358424836014053345e+09 1.886819186599417419e+11
1.666666666666666852e-01 6.660394556644356251e+08 4.795863455305923462e+10
1.833333333333333481e-01 2.121947889931564629e+08 1.389106025252832413e+10
2.000000000000000111e-01 7.467728441785542667e+07 4.481695829736475945e+09
2.166666666666666741e-01 2.857042439753273875e+07 1.582966561832797766e+09
2.333333333333333648e-01 1.173585193639513105e+07 6.039179913528323174e+08
2.500000000000000000e-01 5.124957540906955488e+06 2.462200010070388317e+08
2.666666666666666630e-01 2.360340630713685881e+06 1.063566564047406018e+08
2.833333333333333814e-01 1.138990471563533880e+06 4.833205044397103786e+07
2.999999999999999889e-01 5.727373741153627634e+05 2.297146198662605509e+07
3.166666666666667074e-01 2.987315775126940571e+05 1.136279623418553546e+07
3.333333333333333703e-01 1.609864261546963826e+05 5.825149976099422202e+06
3.499999999999999778e-01 8.933143786318882485e+04 3.083855779520602897e+06
3.666666666666666963e-01 5.089043359713049722e+04 1.680714405464977026e+06
3.833333333333333592e-01 2.968540708147062833e+04 9.404245691700447351e+05
4.000000000000000222e-01 1.768893521021475317e+04 5.389396552529300097e+05
4.166666666666666852e-01 1.074441192504780156e+04 3.156547356096366420e+05
4.333333333333333481e-01 6.639397050059090361e+03 1.885836260033214639e+05
4.500000000000000666e-01 4.166156659979105825e+03 1.147242959430540068e+05
4.666666666666667296e-01 2.649930934507270194e+03 7.095273560114786960e+04
4.833333333333333370e-01 1.705585257976593311e+03 4.454485338684487215e+04
5.000000000000000000e-01 1.108912366139275946e+03 2.834857681472500553e+04
5.166666666666667185e-01 7.269838102037754197e+02 1.826369648596555271e+04
5.333333333333333259e-01 4.796440838291965747e+02 1.189611706291277005e+04
5.500000000000000444e-01 3.177953925877790198e+02 7.823882795044568411e+03
5.666666666666667629e-01 2.109228070690853940e+02 5.188897505287985041e+03
5.833333333333333703e-01 1.398029736350609085e+02 3.465593556927638929e+03
5.999999999999999778e-01 9.217315790502831874e+01 2.327580517565761511e+03
6.166666666666666963e-01 6.011952387192626190e+01 1.569521606091234617e+03
6.333333333333334147e-01 3.847970347783905254e+01 1.060665039738626092e+03
6.500000000000000222e-01 2.385267293322658588e+01 7.168066044808824699e+02
6.666666666666667407e-01 1.397734504356894014e+01 4.831440430526291721e+02
6.833333333333334592e-01 7.337971420425711599e+00 3.236584437464453572e+02
6.999999999999999556e-01 2.910795626651112578e+00 2.144589177502984967e+02
7.166666666666666741e-01 -2.966196099193647157e-04 1.395640350577221511e+02
7.333333333333333925e-01 -1.871434131979190729e+00 8.819923490551354917e+01
7.500000000000000000e-01 -3.029925765499946522e+00 5.304795661571615994e+01
7.666666666666667185e-01 -3.701706924477806027e+00 2.910914985470243010e+01
7.833333333333334370e-01 -4.043225799641190221e+00 1.294420811238768820e+01
8.000000000000000444e-01 -4.163032315681679307e+00 2.176382034207305249e+00
8.166666666666666519e-01 -4.136496450143417825e+00 -4.844632099345011156e+00
8.333333333333333703e-01 -4.015906692160611691e+00 -9.269117552581258579e+00
8.500000000000000888e-01 -3.837439413054620996e+00 -1.190126623526476024e+01
8.666666666666666963e-01 -3.625994374416038113e+00 -1.330451344028802652e+01
8.833333333333334147e-01 -3.398565762767391973e+00 -1.387406252211382629e+01
9.000000000000001332e-01 -3.166602176167955474e+00 -1.388710445611002164e+01
9.166666666666667407e-01 -2.937664757250867176e+00 -1.353777545327535847e+01
9.333333333333334592e-01 -2.716595645312823493e+00 -1.296160807731826026e+01
9.500000000000001776e-01 -2.506343205946376607e+00 -1.225270814505856976e+01
9.666666666666666741e-01 -2.308545697072836855e+00 -1.147586833129375528e+01
9.833333333333332815e-01 -2.123944299719126683e+00 -1.067513986312014218e+01
1.000000000000000000e+00 -1.952675238676330638e+00 -9.879915150191076023e+00
1.016666666666666607e+00 -1.794476007634695947e+00 -9.109253857346134353e+00
1.033333333333333437e+00 -1.648830454219647024e+00 -8.374964620016971395e+00
1.050000000000000044e+00 -1.515070290603929948e+00 -7.683802244768256351e+00
1.066666666666666652e+00 -1.392445533692276527e+00 -7.039034310633031311e+00
1.083333333333333481e+00 -1.280172800262802779e+00 -6.441557070919413874e+00
1.100000000000000089e+00 -1.177467842464465120e+00 -5.890688590788984769e+00
1.116666666666666696e+00 -1.083566899825990193e+00 -5.384730409904942228e+00
1.133333333333333526e+00 -9.977401510472819757e-01 -4.921363067603110153e+00
1.150000000000000133e+00 -9.192996223175317061e-01 -4.497922377484439238e+00
1.166666666666666741e+00 -8.476032432932278926e-01 -4.111590173153656380e+00
1.183333333333333348e+00 -7.820562627296646641e-01 -3.759523821580819103e+00
1.199999999999999956e+00 -7.221108903138920843e-01 -3.438942032317082287e+00
1.216666666666666785e+00 -6.672647819325345786e-01 -3.147179617326160361e+00
1.233333333333333393e+00 -6.170588055923120763e-01 -2.881720338704593765e+00
1.250000000000000000e+00 -5.710743952622079345e-01 -2.640214437653895629e+00
1.266666666666666829e+00 -5.289307061953870681e-01 -2.420485595283666580e+00
1.283333333333333437e+00 -4.902817178443904522e-01 -2.220530739346726179e+00
1.300000000000000044e+00 -4.548133820952748874e-01 -2.038515141049478618e+00
1.316666666666666874e+00 -4.222408799906698929e-01 -1.872764542024317080e+00
1.333333333333333481e+00 -3.923060255945189922e-01 -1.721755540753886482e+00
1.350000000000000089e+00 -3.647748384132837307e-01 -1.584105097611495649e+00
1.366666666666666918e+00 -3.394352938199902692e-01 -1.458559750062386140e+00
1.383333333333333526e+00 -3.160952527638657417e-01 -1.343984936696013932e+00
1.399999999999999911e+00 -2.945805666210944418e-01 -1.239354690397376446e+00
1.416666666666666741e+00 -2.747333495724417762e-01 -1.143741862344860749e+00
1.433333333333333348e+00 -2.564104088134324666e-01 -1.056308968844798635e+00
1.449999999999999956e+00 -2.394818217993157083e-01 -9.762997043765029304e-01
1.466666666666666785e+00 -2.238296493002469578e-01 -9.030311308394470826e-01
1.483333333333333393e+00 -2.093467730748765632e-01 -8.358865306278622231e-01
1.500000000000000000e+00 -1.959358473064594097e-01 -7.743088967038995740e-01
1.516666666666666829e+00 -1.835083534727395549e-01 -7.177950240280128735e-01
1.533333333333333437e+00 -1.719837489597255964e-01 -6.658901618756489782e-01
1.550000000000000044e+00 -1.612887004242888611e-01 -6.181831845138686665e-01
1.566666666666666874e+00 -1.513563936227587670e-01 -5.743022375520021594e-01
1.583333333333333481e+00 -1.421259121263357128e-01 -5.339108183819863962e-01
1.600000000000000089e+00 -1.335416780221959643e-01 -4.967042510302783764e-01
1.616666666666666696e+00 -1.255529483410653957e-01 -4.624065181289718218e-01
1.633333333333333304e+00 -1.181133615518385194e-01 -4.307674153497070835e-01
1.650000000000000133e+00 -1.111805290187374839e-01 -4.015599963709115539e-01
1.666666666666666741e+00 -1.047156668260038337e-01 -3.745782791586997895e-01
1.683333333333333348e+00 -9.868326384010489560e-02 -3.496351869629905629e-01
1.700000000000000178e+00 -9.305078230180638399e-02 -3.265606999182618653e-01
1.716666666666666785e+00 -8.778838762266617801e-02 -3.052001954669103512e-01
1.733333333333333393e+00 -8.286870440532612125e-02 -2.854129579796960692e-01
1.750000000000000222e+00 -7.826659601731754401e-02 -2.670708399287486934e-01
1.766666666666666829e+00 -7.395896532686839497e-02 -2.500570587767698139e-01
1.783333333333333437e+00 -6.992457445923022652e-02 -2.342651153881267767e-01
1.800000000000000266e+00 -6.614388165602798353e-02 -2.195978212527173734e-01
1.816666666666666874e+00 -6.259889352060082901e-02 -2.059664231524278022e-01
1.833333333333333481e+00 0.000000000000000000e+00 -1.932898151039380008e-01
1.850000000000000311e+00 0.000000000000000000e+00 -1.814938284918942157e-01
1.866666666666666918e+00 0.000000000000000000e+00 -1.705105922741277924e-01
1.883333333333333526e+00 0.000000000000000000e+00 -1.602779560062322639e-01
1.900000000000000355e+00 0.000000000000000000e+00 -1.507389692063516029e-01
1.916666666666666963e+00 0.000000000000000000e+00 -1.418414112717126530e-01
1.933333333333333348e+00 0.000000000000000000e+00 -1.335373667747582482e-01
1.949999999999999956e+00 0.000000000000000000e+00 -1.257828415164532754e-01
1.966666666666666563e+00 0.000000000000000000e+00 -1.185374152045114288e-01
1.983333333333333393e+00 0.000000000000000000e+00 -1.117639270612808267e-01
2.000000000000000000e+00 0.000000000000000000e+00 -1.054281910555980167e-01
