0.000000000000000000e+00 8.090912217968208773e+20 9.709687330777921801e+23
1.000000000000000021e-02 4.045949999359963300e+20 4.855139999615976923e+23
2.000000000000000042e-02 9.877807517182027200e+16 5.926684540310856499e+19
2.999999999999999889e-02 7.613167846316875000e+14 3.045267314119343360e+17
4.000000000000000083e-02 2.411572562704466797e+13 7.234720031991574000e+15
5.000000000000000278e-02 1.657217023775999023e+12 3.977325772531197500e+14
5.999999999999999778e-02 1.858670052404836121e+11 3.717353822980968750e+13
7.000000000000000666e-02 2.923048009747225952e+10 5.010986075632985352e+12
8.000000000000000167e-02 5.887387987844643593e+09 8.831265097249295654e+11
8.999999999999999667e-02 1.432431575523875237e+09 1.909989056616466980e+11
1.000000000000000056e-01 4.045309964999997616e+08 4.854755978999996948e+10
1.100000000000000006e-01 1.288803073843396157e+08 1.406164053141062164e+10
1.199999999999999956e-01 4.535658709993089736e+07 4.536730442125612259e+09
1.300000000000000044e-01 1.735275947378443182e+07 1.602405182316540718e+09
1.400000000000000133e-01 7.127980173030236736e+06 6.113340287420942783e+08
1.499999999999999944e-01 3.112734946502058767e+06 2.492435542386832833e+08
1.600000000000000033e-01 1.433595284992406378e+06 1.076627053450010419e+08
1.700000000000000122e-01 6.917863503098022193e+05 4.892556402216865122e+07
1.799999999999999933e-01 3.478623635927849100e+05 2.325355021709694341e+07
1.900000000000000022e-01 1.814400180905355373e+05 1.150233109637468681e+07
2.000000000000000111e-01 9.777802148437494179e+04 5.896682929687496275e+06
2.099999999999999922e-01 5.425707270280207013e+04 3.121725760311294347e+06
2.200000000000000011e-01 3.090923438277861351e+04 1.701353824507610640e+06
2.300000000000000100e-01 1.802997747937959866e+04 9.519732051544212736e+05
2.399999999999999911e-01 1.074370229808391741e+04 5.455580221895329887e+05
2.500000000000000000e-01 6.525819371519999549e+03 3.195311298969599884e+05
2.600000000000000089e-01 4.032563307750202512e+03 1.908995574572873011e+05
2.700000000000000178e-01 2.530395120257050166e+03 1.161332102510114491e+05
2.800000000000000266e-01 1.609487237295263185e+03 7.182411527751828544e+04
2.899999999999999800e-01 1.035921173936723562e+03 4.509192840788576723e+04
2.999999999999999889e-01 6.735205761316875623e+02 2.869674897119343223e+04
3.099999999999999978e-01 4.415489284390033617e+02 1.848801633844371827e+04
3.200000000000000067e-01 2.913223179770162119e+02 1.204223513172064122e+04
3.300000000000000155e-01 1.930202971838833719e+02 7.919987541496418999e+03
3.400000000000000244e-01 1.281090600033787723e+02 5.252639620112084231e+03
3.500000000000000333e-01 8.491294527427227479e+01 3.508169486787558071e+03
3.599999999999999867e-01 5.598395165294708420e+01 2.356178421592588620e+03
3.699999999999999956e-01 3.651546138697607802e+01 1.588807942031417952e+03
3.800000000000000044e-01 2.337201177502725358e+01 1.073700504440177156e+03
3.900000000000000133e-01 1.448792540347663760e+01 7.256177664053976741e+02
4.000000000000000222e-01 8.489886760711659264e+00 4.890844202041622566e+02
4.100000000000000311e-01 4.457275974254926609e+00 3.276391800743121507e+02
4.199999999999999845e-01 1.768293889028515586e+00 2.170977283675851766e+02
4.299999999999999933e-01 1.411447807697641110e-04 1.412823445623627947e+02
4.400000000000000022e-01 -1.136369140550902657e+00 8.928612565297832759e+01
4.500000000000000111e-01 -1.840035094271951666e+00 5.370263914978433917e+01
4.600000000000000200e-01 -2.248083634452815449e+00 2.946940223172499529e+01
4.700000000000000289e-01 -2.455537193222022019e+00 1.310556653830163398e+01
4.799999999999999822e-01 -2.528326186759171090e+00 2.205183497716795671e+00
4.899999999999999911e-01 -2.512228478232994000e+00 -4.902326669805137982e+00
5.000000000000000000e-01 -2.439002879999999873e+00 -9.381381119999993246e+00
5.100000000000000089e-01 -2.330622143474463392e+00 -1.204605411676086746e+01
5.200000000000000178e-01 -2.202209905790668998e+00 -1.346670558157959263e+01
5.300000000000000266e-01 -2.064088159489208874e+00 -1.404339661331823663e+01
5.400000000000000355e-01 -1.923210641838898782e+00 -1.405672593297976825e+01
5.500000000000000444e-01 -1.784169939068130262e+00 -1.370321692882534848e+01
5.600000000000000533e-01 -1.649907172706387648e+00 -1.312006915392134587e+01
5.700000000000000622e-01 -1.522213222504194441e+00 -1.240254625587204984e+01
5.799999999999999600e-01 -1.402083230480529963e+00 -1.161623841494770559e+01
5.899999999999999689e-01 -1.289967465871600494e+00 -1.080573936207338903e+01
5.999999999999999778e-01 -1.185948752572016707e+00 -1.000080375514403208e+01
6.099999999999999867e-01 -1.089867725919423158e+00 -9.220726417659351526e+00
6.199999999999999956e-01 -1.001410954560763233e+00 -8.477461931783086158e+00
6.300000000000000044e-01 -9.201725962978795081e-01 -7.777848848535857229e+00
6.400000000000000133e-01 -8.456971824951893257e-01 -7.125195550046257154e+00
6.500000000000000222e-01 -7.775089520870888116e-01 -6.520409873646686449e+00
6.600000000000000311e-01 -7.151316135087648629e-01 -5.962802004912731491e+00
6.700000000000000400e-01 -6.581013139904757780e-01 -5.450653050581058423e+00
6.800000000000000488e-01 -6.059748103933202401e-01 -4.981615431629278667e+00
6.900000000000000577e-01 -5.583342730174101209e-01 -4.552992559580443022e+00
7.000000000000000666e-01 -5.147897495389883726e-01 -4.161931932177791005e+00
7.099999999999999645e-01 -4.749800252160971681e-01 -3.805556243525875182e+00
7.199999999999999734e-01 -4.385724056874278354e-01 -3.481050252386669541e+00
7.299999999999999822e-01 -4.052617972614189767e-01 -3.185716218964860680e+00
7.399999999999999911e-01 -3.747693502553947620e-01 -2.917007159802183391e+00
7.500000000000000000e-01 -3.468408520164608655e-01 -2.672544595226336916e+00
7.600000000000000089e-01 -3.212449993378531099e-01 -2.450125598366176938e+00
7.700000000000000178e-01 -2.977716390198879015e-01 -2.247722601838285428e+00
7.800000000000000266e-01 -2.762300359347095169e-01 -2.063478436327554455e+00
7.900000000000000355e-01 -2.564472069654060715e-01 -1.895698362571066609e+00
8.000000000000000444e-01 -2.382663442986085178e-01 -1.742840341175905472e+00
8.100000000000000533e-01 -2.215453410794678279e-01 -1.603504410023355309e+00
8.200000000000000622e-01 -2.061554251683442585e-01 -1.476421768099838161e+00
8.300000000000000711e-01 -1.919799017799174723e-01 -1.360443969346759374e+00
8.399999999999999689e-01 -1.789130024888742621e-01 -1.254532490056023963e+00
8.499999999999999778e-01 -1.668588359786863928e-01 -1.157748833502841856e+00
8.599999999999999867e-01 -1.557304346464624401e-01 -1.069245264971591336e+00
8.699999999999999956e-01 -1.454488905065047244e-01 -9.882562210944226821e-01
8.800000000000000044e-01 -1.359425735758604814e-01 -9.140904036281878309e-01
8.900000000000000133e-01 -1.271464259449436862e-01 -8.461235451525424001e-01
9.000000000000000222e-01 -1.190013249402511464e-01 -7.837918195390020104e-01
9.100000000000000311e-01 -1.114535091062857364e-01 -7.265858611188296123e-01
9.200000000000000400e-01 -1.044540611217625037e-01 -6.740453515877431467e-01
9.300000000000000488e-01 -9.795844218712632112e-02 -6.257541316038581769e-01
9.400000000000000577e-01 -9.192607285295782693e-02 -5.813357938730980834e-01
9.500000000000000666e-01 -8.631995568617630010e-02 -5.404497156307453976e-01
9.599999999999999645e-01 -8.110633558274105148e-02 -5.027874903569500287e-01
9.699999999999999734e-01 -7.625439392539645755e-02 -4.680697209785997792e-01
9.799999999999999822e-01 -7.173597314927801505e-02 -4.360431394779035186e-01
9.899999999999999911e-01 -6.752532861521508278e-02 -4.064780205881641795e-01
1.000000000000000000e+00 -6.359890499999999725e-02 -3.791658599999999657e-01
1.010000000000000009e+00 -5.993513469529646032e-02 -3.539172901544572203e-01
1.020000000000000018e+00 -5.651425596337947277e-02 -3.305602092176765927e-01
1.030000000000000027e+00 -5.331814883002558569e-02 -3.089381011887314954e-01
1.040000000000000036e+00 -5.033018690429452713e-02 -2.889085272751136246e-01
1.050000000000000044e+00 -4.753510350342483870e-02 -2.703417706755272820e-01
1.060000000000000053e+00 -4.491887063037439121e-02 -2.531196187399128994e-01
1.070000000000000062e+00 -4.246858950339113536e-02 -2.371342681387409168e-01
1.080000000000000071e+00 -4.017239147303340585e-02 -2.222873401769667745e-01
1.090000000000000080e+00 -3.801934828381056675e-02 -2.084889947433425372e-01
1.100000000000000089e+00 0.000000000000000000e+00 -1.956571326044392878e-01
1.110000000000000098e+00 0.000000000000000000e+00 -1.837166768462106248e-01
1.120000000000000107e+00 0.000000000000000000e+00 -1.725989252454222522e-01
1.130000000000000115e+00 0.000000000000000000e+00 -1.622409662294956589e-01
1.140000000000000124e+00 0.000000000000000000e+00 -1.525851518663163819e-01
1.150000000000000133e+00 0.000000000000000000e+00 -1.435786220246907108e-01
1.159999999999999920e+00 0.000000000000000000e+00 -1.351728744699961515e-01
1.169999999999999929e+00 0.000000000000000000e+00 -1.273233762160161098e-01
1.179999999999999938e+00 0.000000000000000000e+00 -1.199892119501218962e-01
1.189999999999999947e+00 0.000000000000000000e+00 -1.131327657913031720e-01
1.199999999999999956e+00 0.000000000000000000e+00 -1.067194330348890108e-01
