0.000000000000000000e+00 9.883592593098512794e+20 7.116621058178657854e+23
1.666666666666666644e-02 4.942399616808967864e+20 3.558527724383924241e+23
3.333333333333333287e-02 1.206640519421923200e+17 4.343905891908553114e+19
5.000000000000000278e-02 9.299995761748962500e+14 2.231999111519914240e+17
6.666666666666666574e-02 2.945897826623277344e+13 5.302617805861696000e+15
8.333333333333334259e-02 2.024401879502867188e+12 2.915142309265007500e+14
1.000000000000000056e-01 2.270490281778186951e+11 2.724598392834048438e+13
1.166666666666666824e-01 3.570699431012863159e+10 3.672753592358983398e+12
1.333333333333333315e-01 7.191839772552592278e+09 6.472790009343913574e+11
1.499999999999999944e-01 1.749811358318390369e+09 1.399907934465813293e+11
1.666666666666666852e-01 4.941617764101336002e+08 3.558246257409175873e+10
1.833333333333333481e-01 1.574359495692383647e+08 1.030634288933465958e+10
2.000000000000000111e-01 5.540611665660591424e+07 3.325152522851420403e+09
2.166666666666666741e-01 2.119756080453871936e+07 1.174467316248854160e+09
2.333333333333333648e-01 8.707306334614641964e+06 4.480713383028031588e+08
2.500000000000000000e-01 3.802414694622104988e+06 1.826806415503448844e+08
2.666666666666666630e-01 1.751232862800619565e+06 7.891033354991881549e+07
2.833333333333333814e-01 8.450634494232129073e+05 3.585951645337508619e+07
2.999999999999999889e-01 4.249372138842714485e+05 1.704346340779354796e+07
3.166666666666667074e-01 2.216411496216230735e+05 8.430521589047471061e+06
3.333333333333333703e-01 1.194424070865200192e+05 4.321916284506450407e+06
3.499999999999999778e-01 6.627864871845592279e+04 2.288038432269385550e+06
3.666666666666666963e-01 3.775769856544113281e+04 1.246990655344597530e+06
3.833333333333333592e-01 2.202482299516355124e+04 6.977394360311309574e+05
4.000000000000000222e-01 1.312414975609563044e+04 3.998613946755705401e+05
4.166666666666666852e-01 7.971723404971320633e+03 2.341971935889866436e+05
4.333333333333333481e-01 4.926044362859721332e+03 1.399179424325758300e+05
4.500000000000000666e-01 3.091045557483311313e+03 8.511868222337952466e+04
4.666666666666667296e-01 1.966095130417941618e+03 5.264276725801349676e+04
4.833333333333333370e-01 1.265445973703299387e+03 3.304967494134703156e+04
5.000000000000000000e-01 8.227495476933793270e+02 2.103299077342094097e+04
5.166666666666667185e-01 5.393807927850282340e+02 1.355060192530720087e+04
5.333333333333333259e-01 3.558690517348695721e+02 8.826231194432428310e+03
5.500000000000000444e-01 2.357866539848436105e+02 5.804871420926556311e+03
5.666666666666667629e-01 1.564933173723527489e+02 3.849865894844298055e+03
5.833333333333333703e-01 1.037264427026788951e+02 2.571274424089653621e+03
5.999999999999999778e-01 6.838779998847559227e+01 1.726934534321782166e+03
6.166666666666666963e-01 4.460578580929306014e+01 1.164498413646757626e+03
6.333333333333334147e-01 2.855022420978556141e+01 7.869559193751224484e+02
6.500000000000000222e-01 1.769775330704778682e+01 5.318324618561971420e+02
6.666666666666667407e-01 1.037077739635342866e+01 3.584679727572553247e+02
6.833333333333334592e-01 5.444698603803699299e+00 2.401385220372395679e+02
6.999999999999999556e-01 2.159948401832759934e+00 1.591184608353067631e+02
7.166666666666666741e-01 4.969874884798009646e-05 1.035504953275472815e+02
7.333333333333333925e-01 -1.388258121502750519e+00 6.544052422751265397e+01
7.500000000000000000e-01 -2.247819850909238859e+00 3.936008059478848509e+01
7.666666666666667185e-01 -2.746267001838770483e+00 2.159867145160581003e+01
7.833333333333334370e-01 -2.999675542497746150e+00 9.605046513413636688e+00
8.000000000000000444e-01 -3.088583645813338663e+00 1.615792130781809277e+00
8.166666666666666519e-01 -3.068911832902103676e+00 -3.593524504325359636e+00
8.333333333333333703e-01 -2.979455449330784322e+00 -6.876349674952194846e+00
8.500000000000000888e-01 -2.847055539699486104e+00 -8.829349606344671031e+00
8.666666666666666963e-01 -2.690186519784088404e+00 -9.870562753508828280e+00
8.833333333333334147e-01 -2.521457293896197882e+00 -1.029320893663671654e+01
9.000000000000001332e-01 -2.349362232687477903e+00 -1.030294937470337402e+01
9.166666666666667407e-01 -2.179511415759835202e+00 -1.004382324088171607e+01
9.333333333333334592e-01 -2.015497558883681872e+00 -9.616389003878357045e+00
9.500000000000001776e-01 -1.859508289573462481e+00 -9.090468719417124532e+00
9.666666666666666741e-01 -1.712759196049108645e+00 -8.514135646889721798e+00
9.833333333333332815e-01 -1.575800274353651886e+00 -7.920073970665237439e+00
1.000000000000000000e+00 -1.448732666845883310e+00 -7.330091777308161305e+00
1.016666666666666607e+00 -1.331361670912834860e+00 -6.758330766288152880e+00
1.033333333333333437e+00 -1.223304385032466968e+00 -6.213552717488191490e+00
1.050000000000000044e+00 -1.124065024934718160e+00 -5.700769697974697792e+00
1.066666666666666652e+00 -1.033087187132118778e+00 -5.222406399003037158e+00
1.083333333333333481e+00 -9.497896819640576638e-01 -4.779128078636650123e+00
1.100000000000000089e+00 -8.735906737733685201e-01 -4.370429030773649082e+00
1.116666666666666696e+00 -8.039235234764279259e-01 -3.995049312137020081e+00
1.133333333333333526e+00 -7.402467695397393355e-01 -3.651268203993346617e+00
1.150000000000000133e+00 -6.820499959443231397e-01 -3.337109196099447672e+00
1.166666666666666741e+00 -6.288568418722934039e-01 -3.050481512559414021e+00
1.183333333333333348e+00 -5.802260523544022774e-01 -2.789276206268854530e+00
1.199999999999999956e+00 -5.357512128151434849e-01 -2.551429826961822744e+00
1.216666666666666785e+00 -4.950596254738109936e-01 -2.334965052030592680e+00
1.233333333333333393e+00 -4.578106519976893329e-01 -2.138015059504750681e+00
1.250000000000000000e+00 -4.236937503880958134e-01 -1.958836535132843171e+00
1.266666666666666829e+00 -3.924263645512204302e-01 -1.795814838262989710e+00
1.283333333333333437e+00 -3.637517749650965859e-01 -1.647463859622939175e+00
1.300000000000000044e+00 -3.374369829525089015e-01 -1.512422384441972856e+00
1.316666666666666874e+00 -3.132706754308625663e-01 -1.389448251983307570e+00
1.333333333333333481e+00 -2.910612988193121420e-01 -1.277411223569951959e+00
1.350000000000000089e+00 -2.706352579935302760e-01 -1.175285196571999480e+00
1.366666666666666918e+00 -2.518352472983701462e-01 -1.082140203262335509e+00
1.383333333333333526e+00 -2.345187145714963117e-01 -9.971344903436721863e-01
1.399999999999999911e+00 -2.185564551041856429e-01 -9.195068722912156378e-01
1.416666666666666741e+00 -2.038313298909540383e-01 -8.485694784828651249e-01
1.433333333333333348e+00 -1.902371009762425791e-01 -7.837009623909694245e-01
1.449999999999999956e+00 -1.776773758875703768e-01 -7.243402050230938194e-01
1.466666666666666785e+00 -1.660646528278067746e-01 -6.699805200306816477e-01
1.483333333333333393e+00 -1.553194583234242809e-01 -6.201643513090907556e-01
1.500000000000000000e+00 -1.453695692747637713e-01 -5.744784431876703845e-01
1.516666666666666829e+00 -1.361493117453825841e-01 -5.325494567695835402e-01
1.533333333333333437e+00 -1.275989293015016290e-01 -4.940400023973183785e-01
1.550000000000000044e+00 -1.196640142280345209e-01 -4.586450566943642837e-01
1.566666666666666874e+00 -1.122949954760842084e-01 -4.260887325148173810e-01
1.583333333333333481e+00 -1.054466777188230453e-01 -3.961213709496454460e-01
1.600000000000000089e+00 -9.907782639571807715e-02 -3.685169259524019858e-01
1.616666666666666696e+00 -9.315079410129456505e-02 -3.430706139170343616e-01
1.633333333333333304e+00 -8.763118411962333987e-02 -3.195968024959616183e-01
1.650000000000000133e+00 -8.248754731741619883e-02 -2.979271149696760546e-01
1.666666666666666741e+00 -7.769110898661568676e-02 -2.779087284894837806e-01
1.683333333333333348e+00 -7.321552257234575922e-02 -2.594028464596785377e-01
1.700000000000000178e+00 -6.903664753545130095e-02 -2.422833271711924419e-01
1.716666666666666785e+00 -6.513234888241660470e-02 -2.264354525263156392e-01
1.733333333333333393e+00 -6.148231615128146171e-02 -2.117548222940152103e-01
1.750000000000000222e+00 -5.806789987241849776e-02 -1.981463608050938463e-01
1.766666666666666829e+00 -5.487196372986122284e-02 -1.855234243379257908e-01
1.783333333333333437e+00 -5.187875083437433477e-02 -1.738069986637635622e-01
1.800000000000000266e+00 -4.907376268563545807e-02 -1.629249773224941411e-01
1.816666666666666874e+00 -4.644364954962685449e-02 -1.528115121930965492e-01
1.833333333333333481e+00 0.000000000000000000e+00 -1.434064288162718859e-01
1.850000000000000311e+00 0.000000000000000000e+00 -1.346546997281803104e-01
1.866666666666666918e+00 0.000000000000000000e+00 -1.265059697821440121e-01
1.883333333333333526e+00 0.000000000000000000e+00 -1.189141280774003440e-01
1.900000000000000355e+00 0.000000000000000000e+00 -1.118369216878943029e-01
1.916666666666666963e+00 0.000000000000000000e+00 -1.052356068965283609e-01
1.933333333333333348e+00 0.000000000000000000e+00 -9.907463409754707628e-02
1.949999999999999956e+00 0.000000000000000000e+00 -9.332136293758111489e-02
1.966666666666666563e+00 0.000000000000000000e+00 -8.794580462954387778e-02
1.983333333333333393e+00 0.000000000000000000e+00 -8.292038869778692312e-02
2.000000000000000000e+00 0.000000000000000000e+00 -7.821975170195087645e-02
