0.000000000000000000e+00 8.989752482719668634e+20 1.078836148962846522e+24
1.000000000000000021e-02 4.495424999288849039e+20 5.394509999573308413e+23
2.000000000000000042e-02 1.097515858028905920e+17 6.585095181508590797e+19
2.999999999999999889e-02 8.458934259064792500e+14 3.383573898728796800e+17
4.000000000000000083e-02 2.679480366188048438e+13 8.038443702873226000e+15
5.000000000000000278e-02 1.841321528639999023e+12 4.419177130367997500e+14
5.999999999999999778e-02 2.065154492592135010e+11 4.130324227596821094e+13
7.000000000000000666e-02 3.247776936229505539e+10 5.567669416467119141e+12
8.000000000000000167e-02 6.541433069352058411e+09 9.812353065675120850e+11
8.999999999999999667e-02 1.591564084174761295e+09 2.122174655845571289e+11
1.000000000000000056e-01 4.494713849999997616e+08 5.394083309999996948e+10
1.100000000000000006e-01 1.431979518070223033e+08 1.562378433695892906e+10
1.199999999999999956e-01 5.039536671390122175e+07 5.040727484870702744e+09
1.300000000000000044e-01 1.928052194489234686e+07 1.780420487355337143e+09
1.400000000000000133e-01 7.919845680698010139e+06 6.792486928497529030e+08
1.499999999999999944e-01 3.458536579902568832e+06 2.769326580794482827e+08
1.600000000000000033e-01 1.592857004638971761e+06 1.196232297596679479e+08
1.700000000000000122e-01 7.686386275090997806e+05 5.436082913169490546e+07
1.799999999999999933e-01 3.865072540987025714e+05 2.583684580388900265e+07
1.900000000000000022e-01 2.015966315181862155e+05 1.278015386912968010e+07
2.000000000000000111e-01 1.086404150390624418e+05 6.551760058593746275e+06
2.099999999999999922e-01 6.028461673668203002e+04 3.468525915279961657e+06
2.200000000000000011e-01 3.434301032819055399e+04 1.890361314862570260e+06
2.300000000000000100e-01 2.003296607320829935e+04 1.057730149872518610e+06
2.399999999999999911e-01 1.193724163290254364e+04 6.061653119621683145e+05
2.500000000000000000e-01 7.250784583680000651e+03 3.550285489766399842e+05
2.600000000000000089e-01 4.480547305003122347e+03 2.121069920509657532e+05
2.700000000000000178e-01 2.811500165144154380e+03 1.290346794577998226e+05
2.800000000000000266e-01 1.788286855349221241e+03 7.980318836481566541e+04
2.899999999999999800e-01 1.151002329064893729e+03 5.010126553619556944e+04
2.999999999999999889e-01 7.483420831287014607e+02 3.188471213173241995e+04
3.099999999999999978e-01 4.906003986465134403e+02 2.054187178864465022e+04
3.200000000000000067e-01 3.236849592058720191e+02 1.338001731197857043e+04
3.300000000000000155e-01 2.144625001702511895e+02 8.799822640828049771e+03
3.400000000000000244e-01 1.423402572217412683e+02 5.836155322850880111e+03
3.500000000000000333e-01 9.434549752465598260e+01 3.897890001113213657e+03
3.599999999999999867e-01 6.220280790649918856e+01 2.617923263358513395e+03
3.699999999999999956e-01 4.057159556791928878e+01 1.765305207331652127e+03
3.800000000000000044e-01 2.596807468162534960e+01 1.192974435521912255e+03
3.900000000000000133e-01 1.609708915313419197e+01 8.062233245305831133e+02
4.000000000000000222e-01 9.432760477066029381e+00 5.434137225151057464e+02
4.100000000000000311e-01 4.952196464900258555e+00 3.640338047705465101e+02
4.199999999999999845e-01 1.964522062085651832e+00 2.412125860226682903e+02
4.299999999999999933e-01 -3.086188762013719611e-05 1.569751450027402200e+02
4.400000000000000022e-01 -1.262774817465174060e+00 9.920292157903389807e+01
4.500000000000000111e-01 -2.044592208573226877e+00 5.966669850882843917e+01
4.600000000000000200e-01 -2.497954258954768747e+00 3.274160058771926174e+01
4.700000000000000289e-01 -2.728439207756523377e+00 1.456009254821649890e+01
4.799999999999999822e-01 -2.809301456553058518e+00 2.448950438058055568e+00
4.899999999999999911e-01 -2.791404123699363637e+00 -5.447988356829291945e+00
5.000000000000000000e-01 -2.710033919999999874e+00 -1.042449407999999877e+01
5.100000000000000089e-01 -2.589604381926423837e+00 -1.338507451559884132e+01
5.200000000000000178e-01 -2.446919082944329027e+00 -1.496344899301732845e+01
5.300000000000000266e-01 -2.293446555220191918e+00 -1.560411968043236186e+01
5.400000000000000355e-01 -2.136912912488997840e+00 -1.561885546630342958e+01
5.500000000000000444e-01 -1.982420831747754075e+00 -1.522601015133761493e+01
5.600000000000000533e-01 -1.833238076954841311e+00 -1.457802358101506357e+01
5.700000000000000622e-01 -1.691354401220287240e+00 -1.378074118708740237e+01
5.799999999999999600e-01 -1.557875431268058053e+00 -1.290703864482440366e+01
5.899999999999999689e-01 -1.433301399685593225e+00 -1.200646280559039702e+01
5.999999999999999778e-01 -1.317724281643564588e+00 -1.111207308143096029e+01
6.099999999999999867e-01 -1.210966965462073608e+00 -1.024530715979876128e+01
6.199999999999999956e-01 -1.112681163069126455e+00 -9.419447140005232200e+00
6.300000000000000044e-01 -1.022415914443371321e+00 -8.642090820090732706e+00
6.400000000000000133e-01 -9.396651242925420089e-01 -7.916913722997895420e+00
6.500000000000000222e-01 -8.639001542156208302e-01 -7.244924202314505735e+00
6.600000000000000311e-01 -7.945917795037322762e-01 -6.625355521510997825e+00
6.700000000000000400e-01 -7.312245987774033118e-01 -6.056297583415513941e+00
6.800000000000000488e-01 -6.733061121622317957e-01 -5.535141797614658188e+00
6.900000000000000577e-01 -6.203720584434848639e-01 -5.058891821402930589e+00
7.000000000000000666e-01 -5.719891524559945761e-01 -4.624378102510055655e+00
7.099999999999999645e-01 -5.277560406206687205e-01 -4.228403550881734141e+00
7.199999999999999734e-01 -4.873030594164503015e-01 -3.867840054269955807e+00
7.299999999999999822e-01 -4.502912133276500972e-01 -3.539690070998388283e+00
7.399999999999999911e-01 -4.164106673236614986e-01 -3.241123577003638179e+00
7.500000000000000000e-01 -3.853789612324228786e-01 -2.969497783010945469e+00
7.600000000000000089e-01 -3.569390901284208995e-01 -2.722364965045325658e+00
7.700000000000000178e-01 -3.308575493411410884e-01 -2.497472248284485996e+00
7.800000000000000266e-01 -3.069224100353261098e-01 -2.292756093305555076e+00
7.900000000000000355e-01 -2.849414679944574647e-01 -2.106333441893684988e+00
8.000000000000000444e-01 -2.647404916933736585e-01 -1.936490905063691814e+00
8.100000000000000533e-01 -2.461615841127984816e-01 -1.781672959648186616e+00
8.200000000000000622e-01 -2.290616646715991078e-01 -1.640469818800821322e+00
8.300000000000000711e-01 -2.133110721432718015e-01 -1.511605424827491273e+00
8.399999999999999689e-01 -1.987922857605198268e-01 -1.393925857135163593e+00
8.499999999999999778e-01 -1.853987593701175995e-01 -1.286388337163985041e+00
8.599999999999999867e-01 -1.730338620964599061e-01 -1.188050933798173725e+00
8.699999999999999956e-01 -1.616099182274560175e-01 -1.098063018046763428e+00
8.800000000000000044e-01 -1.510473387483431962e-01 -1.015656478238113669e+00
8.900000000000000133e-01 -1.412738369710452302e-01 -9.401376818148901027e-01
9.000000000000000222e-01 -1.322237209333530505e-01 -8.708801535583962083e-01
9.100000000000000311e-01 -1.238372555978992096e-01 -8.073179301587516399e-01
9.200000000000000400e-01 -1.160600883119969895e-01 -7.489395456149046115e-01
9.300000000000000488e-01 -1.088427314582756655e-01 -6.952825996361405858e-01
9.400000000000000577e-01 -1.021400967066715959e-01 -6.459288610369638972e-01
9.500000000000000666e-01 -9.591107575316276668e-02 -6.004998593558484865e-01
9.599999999999999645e-01 -9.011816288819604615e-02 -5.586529200721027655e-01
9.699999999999999734e-01 -8.472711517092335054e-02 -5.200776014781861578e-01
9.799999999999999822e-01 -7.970664639012021990e-02 -4.844924942293737935e-01
9.899999999999999911e-01 -7.502815136713028576e-02 -4.516423476596057029e-01
1.000000000000000000e+00 -7.066545750000000070e-02 -4.212954899999999947e-01
1.010000000000000009e+00 -6.659460076175413579e-02 -3.932415125845863946e-01
1.020000000000000018e+00 -6.279362365078712538e-02 -3.672891909259012322e-01
1.030000000000000027e+00 -5.924239284926642590e-02 -3.432646181619889436e-01
1.040000000000000036e+00 -5.592243457813846075e-02 -3.210095288017940085e-01
1.050000000000000044e+00 -5.281678584675267296e-02 -3.003797929239518938e-01
1.060000000000000053e+00 -4.990985998324177358e-02 -2.812440630176374912e-01
1.070000000000000062e+00 -4.718732500052429113e-02 -2.634825575009569487e-01
1.080000000000000071e+00 -4.463599350394586995e-02 -2.469859666227763872e-01
1.090000000000000080e+00 -4.224372298185551100e-02 -2.316544679597921930e-01
1.100000000000000089e+00 0.000000000000000000e+00 -2.173968400747267604e-01
1.110000000000000098e+00 0.000000000000000000e+00 -2.041296641165170900e-01
1.120000000000000107e+00 0.000000000000000000e+00 -1.917766042317018416e-01
1.130000000000000115e+00 0.000000000000000000e+00 -1.802677586298004342e-01
1.140000000000000124e+00 0.000000000000000000e+00 -1.695390740154853748e-01
1.150000000000000133e+00 0.000000000000000000e+00 -1.595318168771724388e-01
1.159999999999999920e+00 0.000000000000000000e+00 -1.501920958148332819e-01
1.169999999999999929e+00 0.000000000000000000e+00 -1.414704297081132156e-01
1.179999999999999938e+00 0.000000000000000000e+00 -1.333213570771425438e-01
1.189999999999999947e+00 0.000000000000000000e+00 -1.257030824799183766e-01
1.199999999999999956e+00 0.000000000000000000e+00 -1.185771562282924713e-01
