0.000000000000000000e+00 8.594553025247726797e+20 6.188455915091091563e+23
1.666666666666666644e-02 4.297801146547656458e+20 3.094416825759068093e+23
3.333333333333333287e-02 1.049267847586788800e+17 3.777364270433943552e+19
5.000000000000000278e-02 8.087070157549263750e+14 1.940896949725521280e+17
6.666666666666666574e-02 2.561687447104808984e+13 4.611038898656198000e+15
8.333333333333334259e-02 1.760374998699807861e+12 2.534943130995026875e+14
1.000000000000000056e-01 1.974368018275798340e+11 2.369250365188635156e+13
1.166666666666666824e-01 3.105001072601684189e+10 3.193745108752699707e+12
1.333333333333333315e-01 6.253864444279418945e+09 5.628594708253216553e+11
1.499999999999999944e-01 1.521597169666321754e+09 1.217328907977353210e+11
1.666666666666666852e-01 4.297121271510513425e+08 3.094172070745695877e+10
1.833333333333333481e-01 1.369028121779685915e+08 8.962167324034814835e+09
2.000000000000000111e-01 4.817993106004981697e+07 2.891478930609058380e+09
2.166666666666666741e-01 1.843292912022990733e+07 1.021290747174340725e+09
2.333333333333333648e-01 7.571680659687953070e+06 3.896329055080269575e+08
2.500000000000000000e-01 3.306495587956298143e+06 1.588550377556935549e+08
2.666666666666666630e-01 1.522833317391551565e+06 6.861867772147932649e+07
2.833333333333333814e-01 7.348484706923753256e+05 3.118264118685063720e+07
2.999999999999999889e-01 3.695160012670331053e+05 1.482061836653724685e+07
3.166666666666667074e-01 1.927342448380449787e+05 7.330994962635235861e+06
3.333333333333333703e-01 1.038644800131452503e+05 3.758242785014337860e+06
3.499999999999999778e-01 5.763445156448064517e+04 1.989627635634986684e+06
3.666666666666666963e-01 3.283326363158977620e+04 1.084355528685539030e+06
3.833333333333333592e-01 1.915230240002081700e+04 6.067388178167119622e+05
4.000000000000000222e-01 1.141247322932220050e+04 3.477106578645844129e+05
4.166666666666666852e-01 6.932036723518163853e+03 2.036527277864626958e+05
4.333333333333333481e-01 4.283581163958149773e+03 1.216695713558236312e+05
4.500000000000000666e-01 2.687906437494211332e+03 7.401734241619595559e+04
4.666666666666667296e-01 1.709674142017488066e+03 4.577700145157316001e+04
4.833333333333333370e-01 1.100404901143747111e+03 2.873927878131661055e+04
5.000000000000000000e-01 7.154456937876433358e+02 1.828983363364781690e+04
5.166666666666667185e-01 4.690343408104985201e+02 1.178331187918656360e+04
5.333333333333333259e-01 3.094564669396816043e+02 7.675102059732722410e+03
5.500000000000000444e-01 2.050353698575349313e+02 5.047793206817348619e+03
5.666666666666667629e-01 1.360835564089428260e+02 3.347762664188709095e+03
5.833333333333333703e-01 9.019858219064400373e+01 2.235927015160967130e+03
5.999999999999999778e-01 5.946882478536974759e+01 1.501707088331796513e+03
6.166666666666666963e-01 3.878846546311459065e+01 1.012624564710909908e+03
6.333333333333334147e-01 2.482686613026051958e+01 6.843215452136246313e+02
6.500000000000000222e-01 1.538976567184686672e+01 4.624714891047786409e+02
6.666666666666667407e-01 9.018362822085894237e+00 3.117172850249600060e+02
6.833333333333334592e-01 4.734731223980161552e+00 2.088203824565405284e+02
6.999999999999999556e-01 1.878366145133327558e+00 1.383669396861600944e+02
7.166666666666666741e-01 1.499307210203934245e-04 9.004610870768820519e+01
7.333333333333333925e-01 -1.207105524273321295e+00 5.690638983618758573e+01
7.500000000000000000e-01 -1.954573076558267175e+00 3.422730347341256163e+01
7.666666666666667185e-01 -2.388021706450835335e+00 1.878228313048118636e+01
7.833333333333334370e-01 -2.608388775464225873e+00 8.352814874634553632e+00
8.000000000000000444e-01 -2.685708717611186458e+00 1.405470680507830750e+00
8.166666666666666519e-01 -2.668608963493727337e+00 -3.124491185344263400e+00
8.333333333333333703e-01 -2.590825239005736691e+00 -5.979210401529639896e+00
8.500000000000000888e-01 -2.475698049154943181e+00 -7.677536084614965617e+00
8.666666666666666963e-01 -2.339292442947386252e+00 -8.582986348999106951e+00
8.833333333333334147e-01 -2.192572933385605882e+00 -8.950539587838267863e+00
9.000000000000001332e-01 -2.042926112002229733e+00 -8.959035011459384634e+00
9.166666666666667407e-01 -1.895230443029669143e+00 -8.733726532074797433e+00
9.333333333333334592e-01 -1.752610126095589305e+00 -8.362058096826864073e+00
9.500000000000001776e-01 -1.616967519124914432e+00 -7.904745860976451155e+00
9.666666666666666741e-01 -1.489359709454567637e+00 -7.403593636040605830e+00
9.833333333333332815e-01 -1.370264994552369497e+00 -6.887023175317651180e+00
1.000000000000000000e+00 -1.259771353911213865e+00 -6.373998569244125889e+00
1.016666666666666607e+00 -1.157709502782476418e+00 -5.876817347137892611e+00
1.033333333333333437e+00 -1.063746499427197012e+00 -5.403098745559647753e+00
1.050000000000000044e+00 -9.774512388972590449e-01 -4.957201305631523169e+00
1.066666666666666652e+00 -8.983399006747283533e-01 -4.541233620169699670e+00
1.083333333333333481e+00 -8.259071086542265627e-01 -4.155774298053975357e+00
1.100000000000000089e+00 -7.596469232088005619e-01 -3.800383687006203104e+00
1.116666666666666696e+00 -6.990666177931545988e-01 -3.473966252760394724e+00
1.133333333333333526e+00 -6.436953583952838009e-01 -3.175025769043518409e+00
1.150000000000000133e+00 -5.930893063707353141e-01 -2.901843568884922675e+00
1.166666666666666741e+00 -5.468342357541836618e-01 -2.652601613880046116e+00
1.183333333333333348e+00 -5.045464470109382038e-01 -2.425466057059194380e+00
1.199999999999999956e+00 -4.658725363155172272e-01 -2.218642608277037187e+00
1.216666666666666785e+00 -4.304884185908424143e-01 -2.030411866771740570e+00
1.233333333333333393e+00 -3.980978863983373195e-01 -1.859150516126312436e+00
1.250000000000000000e+00 -3.684309029280443126e-01 -1.703342635580839648e+00
1.266666666666666829e+00 -3.412417668768357171e-01 -1.561584192712668795e+00
1.283333333333333437e+00 -3.163072434883024142e-01 -1.432582920228352874e+00
1.300000000000000044e+00 -2.934247248084869142e-01 -1.315155153809786093e+00
1.316666666666666874e+00 -2.724104599165138030e-01 -1.208220753710048889e+00
1.333333333333333481e+00 -2.530978800707547327e-01 -1.110796903235121702e+00
1.350000000000000089e+00 -2.353360325891946936e-01 -1.021991338447008069e+00
1.366666666666666918e+00 -2.189881295605951572e-01 -9.409953907583419319e-01
1.383333333333333526e+00 -2.039302122157611030e-01 -8.670770996473931014e-01
1.399999999999999911e+00 -1.900499282864608896e-01 -7.995745634518955924e-01
1.416666666666666741e+00 -1.772454174407121497e-01 -7.378896325703263592e-01
1.433333333333333348e+00 -1.654242985409629108e-01 -6.814820044433343993e-01
1.449999999999999956e+00 -1.545027517596184174e-01 -6.298637483074716048e-01
1.466666666666666785e+00 -1.444046883108779655e-01 -5.825942661747534057e-01
1.483333333333333393e+00 -1.350610005788652201e-01 -5.392756820602565559e-01
1.500000000000000000e+00 -1.264088856386776927e-01 -4.995486421536024513e-01
1.516666666666666829e+00 -1.183912355069957206e-01 -4.630885029438047695e-01
1.533333333333333437e+00 -1.109560878710033061e-01 -4.296018811904035450e-01
1.550000000000000044e+00 -1.040561314925922409e-01 -3.988235383071116469e-01
1.566666666666666874e+00 -9.764826094429342185e-02 -3.705135716208401431e-01
1.583333333333333481e+00 -9.169317578731284168e-02 -3.444548856792513658e-01
1.600000000000000089e+00 -8.615501973947424508e-02 -3.204509180095284626e-01
1.616666666666666696e+00 -8.100105579498244335e-02 -2.983235952699807569e-01
1.633333333333333304e+00 -7.620137364486724574e-02 -2.779114974365223256e-01
1.650000000000000133e+00 -7.172862610496610891e-02 -2.590682094252162448e-01
1.666666666666666741e+00 -6.755779158699809495e-02 -2.416608413001911926e-01
1.683333333333333348e+00 -6.366595994826478033e-02 -2.255686999072385734e-01
1.700000000000000178e+00 -6.003213932800030572e-02 -2.106820963783789802e-01
1.716666666666666785e+00 -5.663708182496876575e-02 -1.969012754548958299e-01
1.733333333333333393e+00 -5.346312609336577315e-02 -1.841354539675676416e-01
1.750000000000000222e+00 -5.049405513429449516e-02 -1.723019570908395914e-01
1.766666666666666829e+00 -4.771496773993456897e-02 -1.613254421541828743e-01
1.783333333333333437e+00 -4.511216220882850042e-02 -1.511372008532446687e-01
1.800000000000000266e+00 -4.267303109521288634e-02 -1.416745316615467265e-01
1.816666666666666874e+00 -4.038596588465111908e-02 -1.328801751072929416e-01
1.833333333333333481e+00 0.000000000000000000e+00 -1.247018053565578932e-01
1.850000000000000311e+00 0.000000000000000000e+00 -1.170915722410520721e-01
1.866666666666666918e+00 0.000000000000000000e+00 -1.100056884929396239e-01
1.883333333333333526e+00 0.000000000000000000e+00 -1.034040575076454332e-01
1.900000000000000355e+00 0.000000000000000000e+00 -9.724993745463123007e-02
1.916666666666666963e+00 0.000000000000000000e+00 -9.150963800171492413e-02
1.933333333333333348e+00 0.000000000000000000e+00 -8.615224631612247719e-02
1.949999999999999956e+00 0.000000000000000000e+00 -8.114937936011226705e-02
1.966666666666666563e+00 0.000000000000000000e+00 -7.647495981524660147e-02
1.983333333333333393e+00 0.000000000000000000e+00 -7.210501325130860839e-02
2.000000000000000000e+00 0.000000000000000000e+00 -6.801748440719504463e-02
