0.000000000000000000e+00 3.823652491438984271e+03 6.041430112110194023e+04
1.000000200000000089e-02 3.219509480227615768e+03 5.570841314693011373e+04
1.999999800000000147e-02 2.709484228499823985e+03 4.702455702506483067e+04
2.999999999999999889e-02 2.279018339728271712e+03 3.968435340162755165e+04
4.000000199999999978e-02 1.915797160467551976e+03 3.348068577922109398e+04
4.999999799999999689e-02 1.609404624140224087e+03 2.823830109317617098e+04
5.999999999999999778e-02 1.351031138604168063e+03 2.380891271410305853e+04
7.000000199999999173e-02 1.133226369859976103e+03 2.006705565904251853e+04
7.999999800000000272e-02 9.496900254237359604e+02 1.690657849907216223e+04
8.999999999999999667e-02 7.950947998776958912e+02 1.423767418726276082e+04
1.000000019999999906e-01 6.649365416797359103e+02 1.198436704362949422e+04
1.099999979999999877e-01 5.554074590056640091e+02 1.008238584201588128e+04
1.199999999999999956e-01 4.632888248389999717e+02 8.477363700459240135e+03
1.300000020000000034e-01 3.858601849952240173e+02 7.123314582079120555e+03
1.399999979999999866e-01 3.208225331957440289e+02 5.981343920974200046e+03
1.499999999999999944e-01 2.662333065778320247e+02 5.018557411271120145e+03
1.600000020000000023e-01 2.204513849686480000e+02 4.207137520216173471e+03
1.699999979999999855e-01 1.820905561736479967e+02 3.523561960230893419e+03
1.799999999999999933e-01 1.499801457666799820e+02 2.947942311738066564e+03
1.900000019999999734e-01 1.231317099395839989e+02 2.463464337647506454e+03
1.999999979999999844e-01 1.007108590110800037e+02 2.055914365399586586e+03
2.099999999999999922e-01 8.201342263061599169e+01 2.412101299936719897e+03
2.200000019999999723e-01 5.246883301485599560e+01 2.543713049317000241e+03
2.299999980000000110e-01 3.113916164218399985e+01 1.169995702058226698e+03
2.399999999999999911e-01 2.906891897355200172e+01 5.402251338253599897e+02
2.500000019999999989e-01 2.033465896902399805e+01 5.794508074911999529e+02
2.599999980000000099e-01 1.747990282372800053e+01 1.794586391375466974e+02
2.700000000000000178e-01 1.674548618655200016e+01 1.244680795981599886e+02
2.800000019999999701e-01 1.499054123092800062e+01 1.812628988956400065e+02
2.899999979999999811e-01 1.312022820738399886e+01 1.787853688250133644e+02
2.999999999999999889e-01 1.141483385331200040e+01 1.603774026072800041e+02
3.100000019999999967e-01 9.912680152727999072e+00 1.424851426873333367e+02
3.199999980000000077e-01 8.565131000959999241e+00 1.308118364447600186e+02
3.300000000000000155e-01 7.296443425087999479e+00 1.241750542181066663e+02
3.400000020000000234e-01 6.081629916039999806e+00 1.182521681559999962e+02
3.499999979999999788e-01 4.931400061967999626e+00 1.108858818757999956e+02
3.599999999999999867e-01 3.863912280615999784e+00 1.025860539565066603e+02
3.700000019999999945e-01 2.879678982280000188e+00 9.424968832278668174e+01
3.799999980000000055e-01 1.978918513184000139e+00 8.638747817796000561e+01
3.900000000000000133e-01 1.151929419975999958e+00 7.942664731303999304e+01
4.000000020000000212e-01 3.903855677599999963e-01 7.322486312595999891e+01
4.099999979999999766e-01 -3.125678412880000256e-01 6.732985051621334094e+01
4.199999999999999845e-01 -9.562114436800001060e-01 6.136775993478666891e+01
4.300000019999999368e-01 -1.539923040959999989e+00 5.524889958733334083e+01
4.399999980000000033e-01 -2.061189434031999834e+00 4.894486184323999822e+01
4.499999999999999556e-01 -2.518820279079999835e+00 4.250110131589332951e+01
4.600000019999999634e-01 -2.911211463975999614e+00 3.614544473397333491e+01
4.699999980000000299e-01 -3.241729171527999664e+00 3.020568221498666972e+01
4.799999999999999822e-01 -3.515325107160000240e+00 2.483471145610666753e+01
4.900000019999999901e-01 -3.738423401208000207e+00 2.006389193481333422e+01
4.999999979999999455e-01 -3.916602944880000159e+00 1.588095439188000135e+01
5.100000000000000089e-01 -4.056042489463999701e+00 1.204592194393333493e+01
5.200000019999999612e-01 -4.157521384455999502e+00 8.104619312920000596e+00
5.299999979999999722e-01 -4.218134875303999998e+00 3.900985913840000485e+00
5.400000000000000355e-01 -4.235541101895999638e+00 -2.518590668133333099e-01
5.500000019999999878e-01 -4.213097694944000438e+00 -3.794562561506666487e+00
5.599999979999999988e-01 -4.159649852200000275e+00 -6.264427676626666219e+00
5.699999999999999512e-01 -4.087809141271999458e+00 -7.678492092519999979e+00
5.800000019999999035e-01 -4.006080010767999688e+00 -8.637299812800000254e+00
5.899999980000000255e-01 -3.915063145015999613e+00 -9.833440846706666960e+00
5.999999999999999778e-01 -3.809411191184000067e+00 -1.143710582365333295e+01
6.100000019999999301e-01 -3.686321028263999988e+00 -1.300408302701333341e+01
6.199999980000000521e-01 -3.549329529527999849e+00 -1.398110729056000068e+01
6.300000000000000044e-01 -3.406698881615999763e+00 -1.418974452164000155e+01
6.400000019999999568e-01 -3.265534642023999901e+00 -1.386251283564000047e+01
6.499999980000000788e-01 -3.129448627832000174e+00 -1.353426811258666795e+01
6.600000000000000311e-01 -2.994849280887999843e+00 -1.381465797999999978e+01
6.700000019999999834e-01 -2.853155468231999947e+00 -1.488994650997333302e+01
6.799999979999998834e-01 -2.697050348736000025e+00 -1.637273883005333275e+01
6.899999999999999467e-01 -2.525700691352000149e+00 -1.776674888765333193e+01
7.000000019999998990e-01 -2.341715370704000154e+00 -1.867310760872000230e+01
7.099999979999999100e-01 -2.152238537504000071e+00 -1.880696749224000186e+01
7.199999999999999734e-01 -1.965576021696000097e+00 -1.815248985279999872e+01
7.300000019999999257e-01 -1.789188740448000026e+00 -1.693524319573333159e+01
7.399999979999999367e-01 -1.626871159175999892e+00 -1.546612770221333477e+01
7.500000000000000000e-01 -1.479866185287999958e+00 -1.411109231589333390e+01
7.600000019999999523e-01 -1.344649309231999990e+00 -1.319231060149333246e+01
7.699999979999999633e-01 -1.216019973816000022e+00 -1.278506272574666625e+01
7.800000000000000266e-01 -1.088948057088000132e+00 -1.275918472758666589e+01
7.900000019999999790e-01 -9.608362782880000008e-01 -1.282803482549333474e+01
7.999999979999999900e-01 -8.323873611359999813e-01 -1.260978908025333212e+01
8.100000000000000533e-01 -7.086404984959999709e-01 -1.184853750414666784e+01
8.200000020000000056e-01 -5.954166092399999499e-01 -1.057810093817333374e+01
8.299999979999999056e-01 -4.970784798719999342e-01 -9.003530444253334153e+00
8.399999999999999689e-01 -4.153460021679999947e-01 -7.393098551613333846e+00
8.500000019999999212e-01 -3.492165098159999981e-01 -6.022921792293334242e+00
8.599999979999999322e-01 -2.948875668800000072e-01 -5.084665552266666388e+00
8.699999999999999956e-01 -2.475231973759999815e-01 -4.554336341840000024e+00
8.800000019999999479e-01 -2.038008366960000206e-01 -4.269882896920000448e+00
8.899999979999999589e-01 -1.621255398560000061e-01 -4.061293293706667029e+00
8.999999999999999112e-01 -1.225749702640000077e-01 -3.765127005773333480e+00
9.100000019999999745e-01 -8.682299988000000135e-02 -3.269115960533333531e+00
9.199999979999999855e-01 -5.719265244799999481e-02 -2.531007671373333601e+00
9.299999999999999378e-01 -3.620284659200000144e-02 -1.581833513466666563e+00
9.400000020000000012e-01 -2.555598078399999931e-02 -5.696168379333333975e-01
9.499999980000000122e-01 -2.481050913599999741e-02 2.658789953199999778e-01
9.599999999999999645e-01 -3.087356445600000082e-02 7.551528173199999472e-01
9.700000020000000278e-01 -3.991356506399999782e-02 9.059220090933333136e-01
9.799999979999999278e-01 -4.899200407999999840e-02 8.370167381733333301e-01
9.899999999999998801e-01 -5.665389968799999787e-02 6.769229096666666834e-01
1.000000001999999943e+00 -6.253046157599999322e-02 5.280844456133333420e-01
1.009999997999999843e+00 -6.721558762399999776e-02 4.382364764933333601e-01
1.020000000000000018e+00 -7.129519264000000467e-02 4.303979268266666658e-01
1.030000001999999970e+00 -7.582354839199999252e-02 5.047811904000000238e-01
1.039999997999999870e+00 -8.139081644799998905e-02 6.194557951866667134e-01
1.050000000000000044e+00 -8.821266527200000152e-02 7.062353302799999621e-01
1.060000001999999997e+00 -9.551551928799999203e-02 7.130401251200000345e-01
1.069999997999999897e+00 -1.024734652640000021e-01 6.205656360533333693e-01
1.080000000000000071e+00 -1.079268322879999853e-01 4.268567844800000288e-01
1.090000002000000023e+00 -1.110106034639999906e-01 1.470749847599999993e-01
1.099999997999999923e+00 -1.108683349120000022e-01 -1.631536644133333436e-01
1.110000000000000098e+00 -1.077475269680000097e-01 -4.284448704933333518e-01
1.120000002000000050e+00 -1.022994359679999937e-01 -6.165117305599999709e-01
1.129999997999999950e+00 -9.541729570399999638e-02 -7.559477075866667395e-01
1.139999999999999902e+00 -8.718048084000000475e-02 -9.056328807466667019e-01
1.150000001999999855e+00 -7.730463836800000044e-02 -1.094972039426666655e+00
1.159999997999999977e+00 -6.528103991200000233e-02 -3.554855113786666632e+00
1.169999999999999929e+00 -6.207533024000000225e-03 -3.227649298853333626e+00
1.180000001999999881e+00 -7.280536559999999709e-04 -3.067314806666666671e-01
1.189999998000000003e+00 -7.290619999999999664e-05 -3.640276648000000115e-02
1.199999999999999956e+00 0.000000000000000000e+00 -7.290452640000000262e-03
