0.000000000000000000e+00 3.910004419781301171e+06 1.567422903835500479e+08
1.000000000000000021e-02 2.618584134664722718e+06 1.049886141418036371e+08
2.000000000000000042e-02 1.753582432344111847e+06 7.032073925745166838e+07
2.999999999999999889e-02 1.174220372430926189e+06 4.709844576102151722e+07
4.000000000000000083e-02 7.861922020490812138e+05 3.154333644341845438e+07
5.000000000000000278e-02 5.263245915293804137e+05 2.112426804867993668e+07
5.999999999999999778e-02 3.522997151698395028e+05 1.414564279795843735e+07
7.000000000000000666e-02 2.357706719682466937e+05 9.471599436280118302e+06
8.000000000000000167e-02 1.577494776317580254e+05 6.341245552951690741e+06
8.999999999999999667e-02 1.055174772123578732e+05 4.244879843780960888e+06
1.000000000000000056e-01 7.055564128987646836e+04 2.841072410900193267e+06
1.100000000000000006e-01 4.715808915911363147e+04 1.901116401611472946e+06
1.199999999999999956e-01 3.150330856887608752e+04 1.271816030334958807e+06
1.300000000000000044e-01 2.103198667490562730e+04 8.505583285994543694e+05
1.400000000000000133e-01 1.403023875686796964e+04 5.686138626478268998e+05
1.499999999999999944e-01 9.350431116846166333e+03 3.799500811681639752e+05
1.600000000000000033e-01 6.224176266347998535e+03 2.537375866638145235e+05
1.700000000000000122e-01 4.137072249045375429e+03 1.693302907769270241e+05
1.799999999999999933e-01 2.744802389717918686e+03 1.129028091756998037e+05
1.900000000000000022e-01 1.816940600764293322e+03 7.519802152389478579e+04
2.000000000000000111e-01 1.199315054952263608e+03 5.001831010269919352e+04
2.099999999999999922e-01 7.888027285054071172e+02 3.321496840284532664e+04
2.200000000000000011e-01 5.164502014702807173e+02 2.201131495720357998e+04
2.300000000000000100e-01 3.361712136581934374e+02 1.454933946151236887e+04
2.399999999999999911e-01 2.171792430525830184e+02 9.586078412446639049e+03
2.500000000000000000e-01 1.389214670457812133e+02 6.290281817324097574e+03
2.600000000000000089e-01 8.768780909986841721e+01 4.106254036842060486e+03
2.700000000000000178e-01 5.434163419003000683e+01 2.662685402831496503e+03
2.800000000000000266e-01 3.280143006532286165e+01 1.711615450027347379e+03
2.899999999999999800e-01 1.902523776480215290e+01 1.087574877930252796e+03
2.999999999999999889e-01 1.033159654437826092e+01 6.802398868406648944e+02
3.099999999999999978e-01 4.945691363826890452e+00 4.161340099481553807e+02
3.200000000000000067e-01 1.696175609661978001e+00 2.463871868549893236e+02
3.300000000000000155e-01 -1.872233408407376898e-01 1.385495479057515240e+02
3.400000000000000244e-01 -1.208711026298019631e+00 7.111894734986763922e+01
3.500000000000000333e-01 -1.696394059589841685e+00 2.988437722876449953e+01
3.599999999999999867e-01 -1.862162277954837908e+00 5.484146073797949938e+00
3.699999999999999956e-01 -1.841486347530742140e+00 -8.223563012201880795e+00
3.800000000000000044e-01 -1.719818171986965627e+00 -1.524706385270808795e+01
3.900000000000000133e-01 -1.550063593832410103e+00 -1.818467334454334505e+01
4.000000000000000222e-01 -1.364112993985235889e+00 -1.870590305161589484e+01
4.100000000000000311e-01 -1.180422872574182325e+00 -1.787095471864423857e+01
4.199999999999999845e-01 -1.008977860153625006e+00 -1.634241230234811937e+01
4.299999999999999933e-01 -8.545190720761176584e-01 -1.452513985849320655e+01
4.400000000000000022e-01 -7.186284401958787926e-01 -1.265843140719710291e+01
4.500000000000000111e-01 -6.010608732065005899e-01 -1.087645852636945243e+01
4.600000000000000200e-01 -5.005841711924021720e-01 -9.247713292119964734e+00
4.700000000000000289e-01 -4.154987092521102432e-01 -7.800570759482282845e+00
4.799999999999999822e-01 -3.439503957284372748e-01 -6.539708956461740996e+00
4.899999999999999911e-01 -2.841115281661986125e-01 -5.456532080661448347e+00
5.000000000000000000e-01 -2.342783791352695266e-01 -4.535681035555502838e+00
5.100000000000000089e-01 -1.929172766113716742e-01 -3.759008503975909132e+00
5.200000000000000178e-01 -1.586796820323457258e-01 -3.107925613753576677e+00
5.300000000000000266e-01 -1.303993657752318125e-01 -2.564715116464884481e+00
5.400000000000000355e-01 -1.070799355229005434e-01 -2.113199206771676941e+00
5.500000000000000444e-01 -8.787782215632741756e-02 -1.739013466540861641e+00
5.600000000000000533e-01 -7.208379430442306279e-02 -1.429648426226027613e+00
5.700000000000000622e-01 -5.910477366827298490e-02 -1.174361216066057256e+00
5.799999999999999600e-01 -4.844690478597260541e-02 -9.640212782988223372e-01
5.899999999999999689e-01 -3.970032699336432241e-02 -7.909291677477993110e-01
5.999999999999999778e-01 -3.252579210812064220e-02 -6.486314526446083084e-01
6.099999999999999867e-01 -2.664309595110683770e-02 -5.317445671997436119e-01
6.199999999999999956e-01 -2.182119754668138817e-02 -4.357941263240512342e-01
6.300000000000000044e-01 -1.786985571090393687e-02 -3.570723458817046669e-01
6.400000000000000133e-01 -1.463259874064051433e-02 -2.925139331146423549e-01
6.500000000000000222e-01 -1.198084628368842157e-02 -2.395895405525401423e-01
6.600000000000000311e-01 -9.809015155975837202e-03 -1.962152339525256584e-01
6.700000000000000400e-01 -8.030457907438809384e-03 -1.606761652037374533e-01
6.800000000000000488e-01 -6.574101338036412827e-03 -1.315626071716680112e-01
6.900000000000000577e-01 -5.381670210887880799e-03 -1.077165992595336269e-01
7.000000000000000666e-01 -4.405398179567674571e-03 -8.818760772402843562e-02
7.099999999999999645e-01 -3.606143012515849056e-03 -7.219578553581525171e-02
7.199999999999999734e-01 -2.951836426371869451e-03 -5.910160047669547195e-02
7.299999999999999822e-01 -2.416210268992903271e-03 -4.838077477511297519e-02
7.399999999999999911e-01 -1.977750550193368637e-03 -3.960363863482565389e-02
7.500000000000000000e-01 -1.618839074306825838e-03 -3.241814100528439546e-02
7.600000000000000089e-01 -1.325049366934780756e-03 -2.653588358605065908e-02
7.700000000000000178e-01 -1.084569388234648277e-03 -2.172064929166628300e-02
7.800000000000000266e-01 -8.877283534456175632e-04 -1.777898578636063001e-02
7.900000000000000355e-01 -7.266089876412928656e-04 -1.455248003416959902e-02
8.000000000000000444e-01 -5.947298572044688696e-04 -1.191142293038989844e-02
8.100000000000000533e-01 -4.867851586098878060e-04 -9.749615720654221732e-03
8.200000000000000622e-01 -3.984316025320200805e-04 -7.980113653982238639e-03
8.300000000000000711e-01 -3.261138899189755871e-04 -6.531738555374871566e-03
8.399999999999999689e-01 -2.669218052659738443e-04 -5.346221958621684596e-03
8.499999999999999778e-01 -2.184732083667160867e-04 -4.375865154653895209e-03
8.599999999999999867e-01 -1.788182371679095735e-04 -3.581622871243243800e-03
8.699999999999999956e-01 -1.463608807004096284e-04 -2.931534052942396957e-03
8.800000000000000044e-01 -1.197947752619309174e-04 -2.399436981515700763e-03
8.900000000000000133e-01 -9.805064621019358930e-05 -1.963917288414782428e-03
9.000000000000000222e-01 -8.025328425746772177e-05 -1.607446695558470634e-03
9.100000000000000311e-01 -6.568632745165913867e-05 -1.315677937870497749e-03
9.200000000000000400e-01 -5.376343322910455462e-05 -1.076867567515431582e-03
9.300000000000000488e-01 -4.400468147343712308e-05 -8.814034604209271912e-04
9.400000000000000577e-01 -3.601725963036560502e-05 -7.214180422026084160e-04
9.500000000000000666e-01 -2.947965299428258835e-05 -5.904716889917611782e-04
9.599999999999999645e-01 -2.412870417622571206e-05 -4.832935753359586528e-04
9.699999999999999734e-01 -1.974902112233497728e-05 -3.955695483564524969e-04
9.799999999999999822e-01 -1.616430749908826143e-05 -3.237684966822146652e-04
9.899999999999999911e-01 -1.323026658328556932e-05 -2.650002297975901267e-04
1.000000000000000000e+00 -1.082879309355732462e-05 -2.168991502180334856e-04
1.010000000000000009e+00 -8.863219217445790737e-06 -1.775290380720191165e-04
1.020000000000000018e+00 -7.254423505249326247e-06 -1.453051167883405328e-04
1.030000000000000027e+00 -5.937646023287494305e-06 -1.189302637272092212e-04
1.040000000000000036e+00 -4.859881580716109115e-06 -9.734279865274029977e-05
1.050000000000000044e+00 -3.977746108230618289e-06 -7.967374877671513206e-05
1.060000000000000053e+00 -3.255730309519032309e-06 -6.521187042447938351e-05
1.070000000000000062e+00 -2.664770293097332565e-06 -5.337501950903910845e-05
1.080000000000000071e+00 -2.181077650206690642e-06 -4.368671849737527896e-05
1.090000000000000080e+00 -1.785181887063517218e-06 -3.575697668766385852e-05
1.100000000000000089e+00 0.000000000000000000e+00 -2.926659179871473951e-05
1.110000000000000098e+00 0.000000000000000000e+00 -2.395430098945150712e-05
1.120000000000000107e+00 0.000000000000000000e+00 -1.960626411361421700e-05
1.130000000000000115e+00 0.000000000000000000e+00 -1.604745588753392113e-05
1.140000000000000124e+00 0.000000000000000000e+00 -1.313462048407305720e-05
1.150000000000000133e+00 0.000000000000000000e+00 -1.075050495559485017e-05
1.159999999999999920e+00 0.000000000000000000e+00 -8.799139364026785113e-06
1.169999999999999929e+00 0.000000000000000000e+00 -7.201973628352403274e-06
1.179999999999999938e+00 0.000000000000000000e+00 -5.894715584902040393e-06
1.189999999999999947e+00 0.000000000000000000e+00 -4.824742981574451502e-06
1.199999999999999956e+00 0.000000000000000000e+00 -3.948985229678142522e-06
