0.000000000000000000e+00 3.880431715063532349e+06 1.178534699145008028e+08
1.000000000000000021e-02 2.863994374927644618e+06 8.699293344648893178e+07
2.000000000000000042e-02 2.113722843186488375e+06 6.421218870829306543e+07
2.999999999999999889e-02 1.559929659853087738e+06 4.739598311597829312e+07
4.000000000000000083e-02 1.151171351978064980e+06 3.498280381160014123e+07
5.000000000000000278e-02 8.494724278735800181e+05 2.581992068924961984e+07
5.999999999999999778e-02 6.267996279460128862e+05 1.905637552234387025e+07
7.000000000000000666e-02 4.624591459473121795e+05 1.406398392054252699e+07
8.000000000000000167e-02 3.411752092524564941e+05 1.037901709945241176e+07
8.999999999999999667e-02 2.516716542768062209e+05 7.659150027847704478e+06
1.000000000000000056e-01 1.856248241947246715e+05 5.651679606318746693e+06
1.100000000000000006e-01 1.368905847248153004e+05 4.170062666253011674e+06
1.199999999999999956e-01 1.009336994012069481e+05 3.076595864116513636e+06
1.300000000000000044e-01 7.440659041137843451e+04 2.269629669024406467e+06
1.400000000000000133e-01 5.483837841262434813e+04 1.674129522137024440e+06
1.499999999999999944e-01 4.040533196300307463e+04 1.234707951965127140e+06
1.600000000000000033e-01 2.976141458173050341e+04 9.104808009398655267e+05
1.700000000000000122e-01 2.191319649935469715e+04 6.712700466388659552e+05
1.799999999999999933e-01 1.612751674461200855e+04 4.948007035116544575e+05
1.900000000000000022e-01 1.186332165219640410e+04 3.646315710285665700e+05
2.000000000000000111e-01 8.721350395264089457e+03 2.686277177077193628e+05
2.099999999999999922e-01 6.406995099302107519e+03 1.978328809826037614e+05
2.200000000000000011e-01 4.702886290353008917e+03 1.456370885643799265e+05
2.300000000000000100e-01 3.448657417393024843e+03 1.071622140267824143e+05
2.399999999999999911e-01 2.526008789232916115e+03 7.880841187729564263e+04
2.500000000000000000e-01 1.847683361198361354e+03 5.791931348501735192e+04
2.600000000000000089e-01 1.349330077855544914e+03 4.253489138471191109e+04
2.700000000000000178e-01 9.834986486269160650e+02 3.120903919837128342e+04
2.800000000000000266e-01 7.152075987647556303e+02 2.287492330756617957e+04
2.899999999999999800e-01 5.186735772413386485e+02 1.674559827378607588e+04
2.999999999999999889e-01 3.748977830470296908e+02 1.224065262355097002e+04
3.099999999999999978e-01 2.698850078912341246e+02 8.932068979479638074e+03
3.200000000000000067e-01 1.933295801938793659e+02 6.504267040029440068e+03
3.300000000000000155e-01 1.376458907962470732e+02 4.724615255853792405e+03
3.400000000000000244e-01 9.725321439274779323e+01 3.421669518566711758e+03
3.500000000000000333e-01 6.804818684452000355e+01 2.469115051956985553e+03
3.599999999999999867e-01 4.701575313869061290e+01 1.773917625775862462e+03
3.699999999999999956e-01 3.194228481027440480e+01 1.267581400070396967e+03
3.800000000000000044e-01 2.120407578761363965e+01 8.996994754367680116e+02
3.900000000000000133e-01 1.361144522304730309e+01 6.331963848819924578e+02
4.000000000000000222e-01 8.293857030006373421e+00 4.408191102319089509e+02
4.100000000000000311e-01 4.615289945283009843e+00 3.025493524070137141e+02
4.199999999999999845e-01 2.111914320861386418e+00 2.036955172787735364e+02
4.299999999999999933e-01 4.462148375267902534e-01 1.334861601620717124e+02
4.400000000000000022e-01 -6.267644430192607086e-01 8.403334056758632187e+01
4.500000000000000111e-01 -1.284241874523237348e+00 4.956881396772255499e+01
4.600000000000000200e-01 -1.653938980988627128e+00 2.588143229526132671e+01
4.700000000000000289e-01 -1.827474640858560040e+00 9.902904315787425915e+00
4.799999999999999822e-01 -1.870191483510011965e+00 -5.970735858946585317e-01
4.899999999999999911e-01 -1.828357111790435141e+00 -7.235077789821488636e+00
5.000000000000000000e-01 -1.734434794555154813e+00 -1.117882310276318769e+01
5.100000000000000089e-01 -1.610935386594105179e+00 -1.326827864809470725e+01
5.200000000000000178e-01 -1.473227368865872133e+00 -1.410456986219013942e+01
5.300000000000000266e-01 -1.331582467993622121e+00 -1.411517096608692690e+01
5.400000000000000355e-01 -1.192661017972454163e+00 -1.360165598748835514e+01
5.500000000000000444e-01 -1.060587211478435599e+00 -1.277462693305265162e+01
5.600000000000000533e-01 -9.377245928037398759e-01 -1.177922124205919552e+01
5.700000000000000622e-01 -8.252328355022804374e-01 -1.071370366944858965e+01
5.799999999999999600e-01 -7.234652705365980374e-01 -9.642986469007395200e+00
5.899999999999999689e-01 -6.322507527825295126e-01 -8.608434348175457274e+00
5.999999999999999778e-01 -5.510917760583273761e-01 -7.634951519300950729e+00
6.099999999999999867e-01 -4.793021637212556696e-01 -6.736083611604079202e+00
6.199999999999999956e-01 -4.161013579434283960e-01 -5.917672393210541060e+00
6.300000000000000044e-01 -3.606777048540723563e-01 -5.180457856797080041e+00
6.400000000000000133e-01 -3.122297416469244635e-01 -4.521916726183212276e+00
6.500000000000000222e-01 -2.699920088892243664e-01 -3.937548872510331144e+00
6.600000000000000311e-01 -2.332500959937156282e-01 -3.421766132974195518e+00
6.700000000000000400e-01 -2.013483028877413039e-01 -2.968496179295400328e+00
6.800000000000000488e-01 -1.736923358403593409e-01 -2.571583389026193878e+00
6.900000000000000577e-01 -1.497487541559019975e-01 -2.225046183376556908e+00
7.000000000000000666e-01 -1.290423763740538299e-01 -1.923233838837964615e+00
7.099999999999999645e-01 -1.111524878083211959e-01 -1.660913756674823327e+00
7.199999999999999734e-01 -9.570842756553490926e-02 -1.433311406204574201e+00
7.299999999999999822e-01 -8.238494462565408571e-02 -1.236118777449131123e+00
7.399999999999999911e-01 -7.089757859902025283e-02 -1.065482548120049611e+00
7.500000000000000000e-01 -6.099822638643589978e-02 -9.179798197745618893e-01
7.600000000000000089e-01 -5.247099015362006319e-02 -7.905868635314674542e-01
7.700000000000000178e-01 -4.512835677011822061e-02 -6.806445837653603004e-01
7.800000000000000266e-01 -3.880772830556306757e-02 -5.858231729492875406e-01
7.900000000000000355e-01 -3.336830307199718099e-02 -5.040875561596604992e-01
8.000000000000000444e-01 -2.868829396797054412e-02 -4.336646100572656426e-01
8.100000000000000533e-01 -2.466246329187607791e-02 -3.730127155985944465e-01
8.200000000000000622e-01 -2.119994914667268360e-02 -3.207939131920972131e-01
8.300000000000000711e-01 -1.822235690916433268e-02 -2.758487348241699944e-01
8.399999999999999689e-01 -1.566208916877042875e-02 -2.371736617607262121e-01
8.499999999999999778e-01 -1.346088847764739110e-02 -2.039010784554889932e-01
8.599999999999999867e-01 -1.156856879397986058e-02 -1.752815486058745265e-01
8.699999999999999956e-01 -9.941913365951453307e-03 -1.506682173660349455e-01
8.800000000000000044e-01 -8.543718807447966621e-03 -1.295031370394831294e-01
8.900000000000000133e-01 -7.341967133677004820e-03 -1.113053168021419237e-01
9.000000000000000222e-01 -6.309109476296993410e-03 -9.566030640547830421e-02
9.100000000000000311e-01 -5.421447035445387322e-03 -8.221113677555781651e-02
9.200000000000000400e-01 -4.658596524056920346e-03 -7.065045517490492477e-02
9.300000000000000488e-01 -4.003028906608311482e-03 -6.071370793352341005e-02
9.400000000000000577e-01 -3.439671628225482100e-03 -5.217323890279072784e-02
9.500000000000000666e-01 -2.955565775505013346e-03 -4.483318625314419714e-02
9.599999999999999645e-01 -2.539570715798111430e-03 -3.852507373906716853e-02
9.699999999999999734e-01 -2.182109737547311204e-03 -3.310400494795862070e-02
9.799999999999999822e-01 -1.874951071967621017e-03 -2.844538028203442287e-02
9.899999999999999911e-01 -1.611019427517214114e-03 -2.444206650486789589e-02
1.000000000000000000e+00 -1.384233824489952995e-03 -2.100195766554543986e-02
1.010000000000000009e+00 -1.189368088348159193e-03 -1.804587416533596361e-02
1.020000000000000018e+00 -1.021930856983765956e-03 -1.550575373765804114e-02
1.030000000000000027e+00 -8.780623879715162249e-04 -1.332309425973392941e-02
1.040000000000000036e+00 -7.544458252040095805e-04 -1.144761369095022990e-02
1.050000000000000044e+00 -6.482309073619223249e-04 -9.836097122389819009e-03
1.060000000000000053e+00 -5.569683799482326230e-04 -8.451405002732611388e-03
1.070000000000000062e+00 -4.785536138234251910e-04 -7.261620149955724801e-03
1.080000000000000071e+00 -4.111781413508978369e-04 -6.239314231570492961e-03
1.090000000000000080e+00 -3.532880008073281046e-04 -5.360917057467995406e-03
1.100000000000000089e+00 0.000000000000000000e+00 -4.606174331379402423e-03
1.110000000000000098e+00 0.000000000000000000e+00 -3.957681496089091901e-03
1.120000000000000107e+00 0.000000000000000000e+00 -3.400483024948805760e-03
1.130000000000000115e+00 0.000000000000000000e+00 -2.921727994004727751e-03
1.140000000000000124e+00 0.000000000000000000e+00 -2.510374046731345902e-03
1.150000000000000133e+00 0.000000000000000000e+00 -2.156932964510685589e-03
1.159999999999999920e+00 0.000000000000000000e+00 -1.853252004579823394e-03
1.169999999999999929e+00 0.000000000000000000e+00 -1.592325984025280651e-03
1.179999999999999938e+00 0.000000000000000000e+00 -1.368135791597888508e-03
1.189999999999999947e+00 0.000000000000000000e+00 -1.175509614305406602e-03
1.199999999999999956e+00 0.000000000000000000e+00 -1.010003686451869508e-03
