0.000000000000000000e+00 8.797305787670204416e+06 3.526618850196995139e+08
1.000000000000000021e-02 5.891678140392636880e+06 2.362188661436464787e+08
2.000000000000000042e-02 3.945469666933907662e+06 1.582179841039998531e+08
2.999999999999999889e-02 2.641935286485475488e+06 1.059690488860857934e+08
4.000000000000000083e-02 1.768892082415088313e+06 7.097087022097429633e+07
5.000000000000000278e-02 1.184203417075876147e+06 4.752851153009527177e+07
5.999999999999999778e-02 7.926564203431083588e+05 3.182696838255583495e+07
7.000000000000000666e-02 5.304720578030399047e+05 2.131061338306117058e+07
8.000000000000000167e-02 3.549283606787911267e+05 1.426747892367337085e+07
8.999999999999999667e-02 2.374090196666777774e+05 9.550763966943262145e+06
1.000000000000000056e-01 1.587466617079395219e+05 6.392269186459220946e+06
1.100000000000000006e-01 1.061033507905955630e+05 4.277416134059980512e+06
1.199999999999999956e-01 7.088088148660403385e+04 2.861522277394138742e+06
1.300000000000000044e-01 4.732093136932449124e+04 1.913713763911417918e+06
1.400000000000000133e-01 3.156734749086363809e+04 1.279352920503771864e+06
1.499999999999999944e-01 2.103801248941010272e+04 8.548688763635971118e+05
1.600000000000000033e-01 1.400409348986870828e+04 5.708970674934656126e+05
1.700000000000000122e-01 9.308212070356350523e+03 3.809848489845361910e+05
1.799999999999999933e-01 6.175673026499276602e+03 2.540258088289401203e+05
1.900000000000000022e-01 4.088029198558566804e+03 1.691918948014805501e+05
2.000000000000000111e-01 2.698401660878622806e+03 1.125387793710586848e+05
2.099999999999999922e-01 1.774768728091123194e+03 7.473208106889971532e+04
2.200000000000000011e-01 1.161988612313915837e+03 4.952440531917768385e+04
2.300000000000000100e-01 7.563694950066607134e+02 3.273532135850604027e+04
2.399999999999999911e-01 4.886432090435717441e+02 2.156822285879895207e+04
2.500000000000000000e-01 3.125669052265763526e+02 1.415283831823880064e+04
2.600000000000000089e-01 1.972935763675560281e+02 9.238879821262251426e+03
2.700000000000000178e-01 1.222662347020372664e+02 5.990918754560040725e+03
2.800000000000000266e-01 7.380176977364962454e+01 3.851056128935786546e+03
2.899999999999999800e-01 4.280596706884523428e+01 2.446994026511746597e+03
2.999999999999999889e-01 2.324566736577531856e+01 1.530509211491763381e+03
3.099999999999999978e-01 1.112762071018685184e+01 9.362831548221430467e+02
3.200000000000000067e-01 3.816352256264007536e+00 5.543605506352332668e+02
3.300000000000000155e-01 -4.212154378250094755e-01 3.117307311050870453e+02
3.400000000000000244e-01 -2.719521460040565941e+00 1.600148823117159509e+02
3.500000000000000333e-01 -3.816790597439737365e+00 6.723890256060472836e+01
3.599999999999999867e-01 -4.189765324254649315e+00 1.233942214010249749e+01
3.699999999999999956e-01 -4.143248528298039801e+00 -1.850236284179430157e+01
3.800000000000000044e-01 -3.869503187668593913e+00 -3.430497448000326699e+01
3.900000000000000133e-01 -3.487565131043159905e+00 -4.091450755010171036e+01
4.000000000000000222e-01 -3.069186350505451522e+00 -4.208728786760042340e+01
4.100000000000000311e-01 -2.655893208180325260e+00 -4.020872218756426975e+01
4.199999999999999845e-01 -2.270150734005411230e+00 -3.676959538988685239e+01
4.299999999999999933e-01 -1.922626276328222028e+00 -3.268083423323786008e+01
4.400000000000000022e-01 -1.616879154422269149e+00 -2.848084030452844928e+01
4.500000000000000111e-01 -1.352357959983316649e+00 -2.447149433846788469e+01
4.600000000000000200e-01 -1.126290328043935807e+00 -2.080690104372511229e+01
4.700000000000000289e-01 -9.348522027682258928e-01 -1.755090353561461214e+01
4.799999999999999822e-01 -7.738719803570313083e-01 -1.471402759292538676e+01
4.899999999999999911e-01 -6.392374276756692675e-01 -1.227693339340069834e+01
5.000000000000000000e-01 -5.271152467010317144e-01 -1.020506393992354610e+01
5.100000000000000089e-01 -4.340547539194216098e-01 -8.457588808680279513e+00
5.200000000000000178e-01 -3.570218057791020305e-01 -6.992684051554127755e+00
5.300000000000000266e-01 -2.933924440499525721e-01 -5.770486797972386839e+00
5.400000000000000355e-01 -2.409248355386363338e-01 -4.754597825650024312e+00
5.500000000000000444e-01 -1.977209913748433912e-01 -3.912697928486751575e+00
5.600000000000000533e-01 -1.621851757895398649e-01 -3.216641432622897590e+00
5.700000000000000622e-01 -1.329829915788357242e-01 -2.642257419478119207e+00
5.799999999999999600e-01 -1.090032879681197969e-01 -2.169002588260122710e+00
5.899999999999999689e-01 -8.932389831280518333e-02 -1.779553567890118426e+00
5.999999999999999778e-01 -7.318153057167005315e-02 -1.459390454125686354e+00
6.099999999999999867e-01 -5.994573881513541591e-02 -1.196400487307859306e+00
6.199999999999999956e-01 -4.909669192152231465e-02 -9.805165189286049188e-01
6.300000000000000044e-01 -4.020635631701451745e-02 -8.033962145734783178e-01
6.400000000000000133e-01 -3.292267812412811440e-02 -6.581428137165362680e-01
6.500000000000000222e-01 -2.695635765890828581e-02 -5.390654064075783847e-01
6.600000000000000311e-01 -2.206983775946892712e-02 -4.414752406796148554e-01
6.700000000000000400e-01 -1.806816575740784192e-02 -3.615139903886270267e-01
6.800000000000000488e-01 -1.479143030224444252e-02 -2.960098367831970334e-01
6.900000000000000577e-01 -1.210851485045496591e-02 -2.423574236481997879e-01
7.000000000000000666e-01 -9.911947362394771255e-03 -1.984180951914949753e-01
7.099999999999999645e-01 -8.113659647926776963e-03 -1.624372325259020589e-01
7.199999999999999734e-01 -6.641499565801962934e-03 -1.329759183668523248e-01
7.299999999999999822e-01 -5.436364996395474762e-03 -1.088545524283924537e-01
7.399999999999999911e-01 -4.449850460776317261e-03 -8.910639786135585161e-02
7.500000000000000000e-01 -3.642315834816721529e-03 -7.293935630594480801e-02
7.600000000000000089e-01 -2.981302217792556469e-03 -5.970454507313904813e-02
7.700000000000000178e-01 -2.440233064609507400e-03 -4.887048674063623754e-02
7.800000000000000266e-01 -1.997349554329896047e-03 -4.000192255616902282e-02
7.900000000000000355e-01 -1.634838181630160351e-03 -3.274243054366839795e-02
8.000000000000000444e-01 -1.338116017545641894e-03 -2.680017122536260468e-02
8.100000000000000533e-01 -1.095245246428911247e-03 -2.193620231109110613e-02
8.200000000000000622e-01 -8.964536651577515412e-04 -1.795490211909534992e-02
8.300000000000000711e-01 -7.337420124428262929e-04 -1.469612302898822519e-02
8.399999999999999689e-01 -6.005624353435434553e-04 -1.202876366510746177e-02
8.499999999999999778e-01 -4.915552261409930493e-04 -9.845504115237739204e-03
8.599999999999999867e-01 -4.023332831976777092e-04 -8.058494299743902689e-03
8.699999999999999956e-01 -3.293056536764896788e-04 -6.595823299804715566e-03
8.800000000000000044e-01 -2.695330779114918970e-04 -5.398628438313300519e-03
8.900000000000000133e-01 -2.206097358596051307e-04 -4.418728356899391356e-03
9.000000000000000222e-01 -1.805664457372789067e-04 -3.616685222666430992e-03
9.100000000000000311e-01 -1.477914250899285979e-04 -2.960218336556041854e-03
9.200000000000000400e-01 -1.209654292271134923e-04 -2.422905469547901799e-03
9.300000000000000488e-01 -9.900865917994782037e-05 -1.983119774114580364e-03
9.400000000000000577e-01 -8.103730408716320894e-05 -1.623159560339076674e-03
9.500000000000000666e-01 -6.632797005677534840e-05 -1.328535962302149036e-03
9.599999999999999645e-01 -5.428856455431415830e-05 -1.087389857720142544e-03
9.699999999999999734e-01 -4.443446492229809034e-05 -8.900145944851657999e-04
9.799999999999999822e-01 -3.636901213728263089e-05 -7.284653286762550212e-04
9.899999999999999911e-01 -2.976754488099481074e-05 -5.962392595503651768e-04
1.000000000000000000e+00 -2.436433142143329227e-05 -4.880138972118353491e-04
1.010000000000000009e+00 -1.994187338626804298e-05 -3.994328322282892870e-04
1.020000000000000018e+00 -1.632215094747373898e-05 -3.269303869436292805e-04
1.030000000000000027e+00 -1.335945705782854066e-05 -2.675880922694496493e-04
1.040000000000000036e+00 -1.093453232690908725e-05 -2.190172140927841170e-04
1.050000000000000044e+00 -8.949764467610981186e-06 -1.792626015390578695e-04
1.060000000000000053e+00 -7.325259089026324216e-06 -1.467239872835868046e-04
1.070000000000000062e+00 -5.995623681032209766e-06 -1.200915723947071795e-04
1.080000000000000071e+00 -4.907335340964652245e-06 -9.829330305019411314e-05
1.090000000000000080e+00 -4.016586288152649767e-06 -8.045171701198073288e-05
1.100000000000000089e+00 0.000000000000000000e+00 -6.584862289722316479e-05
1.110000000000000098e+00 0.000000000000000000e+00 -5.389619053945367467e-05
1.120000000000000107e+00 0.000000000000000000e+00 -4.411328877487991318e-05
1.130000000000000115e+00 0.000000000000000000e+00 -3.610611819808984811e-05
1.140000000000000124e+00 0.000000000000000000e+00 -2.955235930722094350e-05
1.150000000000000133e+00 0.000000000000000000e+00 -2.418819795777377564e-05
1.159999999999999920e+00 0.000000000000000000e+00 -1.979770586111357121e-05
1.169999999999999929e+00 0.000000000000000000e+00 -1.620414865940408809e-05
1.179999999999999938e+00 0.000000000000000000e+00 -1.326287169849083287e-05
1.189999999999999947e+00 0.000000000000000000e+00 -1.085547712694172944e-05
1.199999999999999956e+00 0.000000000000000000e+00 -8.885057929166384401e-06
