0.000000000000000000e+00 4.724761317804982886e+06 2.054920795225308537e+08
1.000000000000000021e-02 3.058284588993451558e+06 1.330362066975783557e+08
2.000000000000000042e-02 1.979423027947366703e+06 8.612435914667268097e+07
2.999999999999999889e-02 1.281011255255967611e+06 5.575181477636118233e+07
4.000000000000000083e-02 8.289141492802092107e+05 3.608803502270964533e+07
5.000000000000000278e-02 5.362833727314331336e+05 2.335778595320891961e+07
5.999999999999999778e-02 3.468883349547582329e+05 1.511665148073529080e+07
7.000000000000000666e-02 2.243229484717397136e+05 9.781920995130348951e+06
8.000000000000000167e-02 1.450170157802094473e+05 6.328835302936214022e+06
8.999999999999999667e-02 9.371114128636231180e+04 4.093904090751315467e+06
1.000000000000000056e-01 6.052678716593316494e+04 2.647553374897062778e+06
1.100000000000000006e-01 3.906918739373232529e+04 1.711664771177989896e+06
1.199999999999999956e-01 2.519903508727151348e+04 1.106182555720702279e+06
1.300000000000000044e-01 1.623719586950967641e+04 7.145422700118552893e+05
1.400000000000000133e-01 1.044979997549224572e+04 4.612863169841690105e+05
1.499999999999999944e-01 6.714873908106236740e+03 2.975706157228426309e+05
1.600000000000000033e-01 4.306513612090916467e+03 1.917806689119441144e+05
1.700000000000000122e-01 2.755160990139207115e+03 1.234559151577602752e+05
1.799999999999999933e-01 1.757153157819737771e+03 7.935613368618278764e+04
1.900000000000000022e-01 1.116172230003144932e+03 5.091476899031543871e+04
2.000000000000000111e-01 7.053476970714393701e+02 3.259023286973569702e+04
2.099999999999999922e-01 4.427288485802148443e+02 2.079860018516131822e+04
2.200000000000000011e-01 2.754122311224276132e+02 1.322271706424323565e+04
2.300000000000000100e-01 1.692715374935803538e+02 8.365002415623977868e+03
2.399999999999999911e-01 1.023136758867995297e+02 5.258012673964145506e+03
2.500000000000000000e-01 6.038165346527173227e+01 3.277134892409304030e+03
2.600000000000000089e-01 3.437609727528175796e+01 2.019388725239698488e+03
2.700000000000000178e-01 1.845934212665745733e+01 1.225018176811648573e+03
2.800000000000000266e-01 8.895122353564740791e+00 7.267768781766360462e+02
2.899999999999999800e-01 3.299324969223613291e+00 4.171344692276955470e+02
2.999999999999999889e-01 1.565073346959056089e-01 2.270784092432938905e+02
3.099999999999999978e-01 -1.491823829038378069e+00 1.124169486964995031e+02
3.200000000000000067e-01 -2.247977136284712518e+00 4.493353618768071556e+01
3.300000000000000155e-01 -2.487206060001817320e+00 6.678029595167285670e+00
3.400000000000000244e-01 -2.440623188349360984e+00 -1.371464642384290755e+01
3.500000000000000333e-01 -2.248325888775255077e+00 -2.339600455022220160e+01
3.599999999999999867e-01 -1.993343256984298595e+00 -2.682974437985563654e+01
3.699999999999999956e-01 -1.723252962115255471e+00 -2.677178327429111349e+01
3.800000000000000044e-01 -1.463885307609239517e+00 -2.489847147654885617e+01
3.900000000000000133e-01 -1.227960897748122004e+00 -2.220824496357378663e+01
4.000000000000000222e-01 -1.020493810842810101e+00 -1.927757675351453770e+01
4.100000000000000311e-01 -8.421374656216321641e-01 -1.642338978559947549e+01
4.199999999999999845e-01 -6.912281864844034285e-01 -1.380555050041180287e+01
4.299999999999999933e-01 -5.650095185263236397e-01 -1.149108543529054671e+01
4.400000000000000022e-01 -4.603453861831880989e-01 -9.494032692959818220e+00
4.500000000000000111e-01 -3.741178176524324051e-01 -7.799854442628356921e+00
4.600000000000000200e-01 -3.034329317355287103e-01 -6.380124304236056254e+00
4.700000000000000289e-01 -2.457128391243591781e-01 -5.201136330360417226e+00
4.799999999999999822e-01 -1.987217727553655944e-01 -4.228754165621559480e+00
4.899999999999999911e-01 -1.605561494508007947e-01 -3.430967319239413005e+00
5.000000000000000000e-01 -1.296165222668896055e-01 -2.779076747949749127e+00
5.100000000000000089e-01 -1.045720279941595304e-01 -2.248084623096433088e+00
5.200000000000000178e-01 -8.432337190006687633e-02 -1.816642606476021049e+00
5.300000000000000266e-01 -6.796759863211915276e-02 -1.466773649362798304e+00
5.400000000000000355e-01 -5.476621915252532363e-02 -1.183494939246444000e+00
5.500000000000000444e-01 -4.411728063431683000e-02 -9.544152982040198241e-01
5.600000000000000533e-01 -3.553141368280365864e-02 -7.693469865951779729e-01
5.700000000000000622e-01 -2.861160096742488071e-02 -6.199517381001475869e-01
5.799999999999999600e-01 -2.303627771862876497e-02 -4.994289997258010705e-01
5.899999999999999689e-01 -1.854533173502342924e-02 -4.022476258015604267e-01
5.999999999999999778e-01 -1.492857800591684651e-02 -3.239186851617205654e-01
6.099999999999999867e-01 -1.201631619332228784e-02 -2.608053313955714381e-01
6.199999999999999956e-01 -9.671623455024586438e-03 -2.099650742445080542e-01
6.300000000000000044e-01 -7.784082065141503630e-03 -1.690197923987161177e-01
6.400000000000000133e-01 -6.264686455736246697e-03 -1.360491498801970067e-01
6.500000000000000222e-01 -5.041715418705946215e-03 -1.095035445798167167e-01
6.600000000000000311e-01 -4.057391381222198376e-03 -8.813322705245164868e-02
6.700000000000000400e-01 -3.265179776821294354e-03 -7.093072461753116564e-02
6.800000000000000488e-01 -2.627607862143621371e-03 -5.708416198167719918e-02
6.900000000000000577e-01 -2.114504353586741606e-03 -4.593947311933654215e-02
7.000000000000000666e-01 -1.701579523736143369e-03 -3.696984745284745411e-02
7.099999999999999645e-01 -1.369280447094908901e-03 -2.975104893082260865e-02
7.199999999999999734e-01 -1.101868422534537945e-03 -2.394149432916905032e-02
7.299999999999999822e-01 -8.866756754310533900e-04 -1.926618284705107834e-02
7.399999999999999911e-01 -7.135066455423576693e-04 -1.550373878106001482e-02
7.500000000000000000e-01 -5.741558293960789643e-04 -1.247596831103247282e-02
7.600000000000000089e-01 -4.620195473634475182e-04 -1.003944522290023920e-02
7.700000000000000178e-01 -3.717833779395469419e-04 -8.078733086921868409e-03
7.800000000000000266e-01 -2.991705368898389802e-04 -6.500926727571249529e-03
7.900000000000000355e-01 -2.407393344613856570e-04 -5.231256900784980561e-03
8.000000000000000444e-01 -1.937201487010139947e-04 -4.209551549733911782e-03
8.100000000000000533e-01 -1.558842121509344206e-04 -3.387387004339053806e-03
8.200000000000000622e-01 -1.254380082347062797e-04 -2.725794800563195296e-03
8.300000000000000711e-01 -1.009382818129885554e-04 -2.193415878541438158e-03
8.399999999999999689e-01 -8.122364181839239656e-05 -1.765014960983688538e-03
8.499999999999999778e-01 -6.535951798371182663e-05 -1.420284880561660870e-03
8.599999999999999867e-01 -5.259386515359696577e-05 -1.142884300840450468e-03
8.699999999999999956e-01 -4.232151714436691768e-05 -9.196632946525922902e-04
8.800000000000000044e-01 -3.405550149582761081e-05 -7.400401203546176252e-04
8.900000000000000133e-01 -2.740395602084974667e-05 -5.954996853415319910e-04
9.000000000000000222e-01 -2.205155334302076646e-05 -4.791899427953945790e-04
9.100000000000000311e-01 -1.774455314210984913e-05 -3.855971024576169905e-04
9.200000000000000400e-01 -1.427877368915441764e-05 -3.102842674389771861e-04
9.300000000000000488e-01 -1.148991257248744731e-05 -2.496811126158251094e-04
9.400000000000000577e-01 -9.245757835632633764e-06 -2.009146377554512676e-04
9.500000000000000666e-01 -7.439920335546857477e-06 -1.616729743656820169e-04
9.599999999999999645e-01 -5.986790226132675769e-06 -1.300957913530226013e-04
9.699999999999999734e-01 -4.817478491193591122e-06 -1.046861049707023035e-04
9.799999999999999822e-01 -3.876551141018284877e-06 -8.423931288248874810e-05
9.899999999999999911e-01 -3.119401259340350710e-06 -6.778608847485782926e-05
1.000000000000000000e+00 -2.510134322661711985e-06 -5.454642847088566634e-05
1.010000000000000009e+00 -2.019866544526374759e-06 -4.389267554651153836e-05
1.020000000000000018e+00 -1.625355576284531426e-06 -3.531976306567833739e-05
1.030000000000000027e+00 -1.307898651089953505e-06 -2.842127139038217012e-05
1.040000000000000036e+00 -1.052445936050707686e-06 -2.287016070603924514e-05
1.050000000000000044e+00 -8.468870595213960614e-07 -1.840326698645269077e-05
1.060000000000000053e+00 -6.814769900595464411e-07 -1.480882611205119579e-05
1.070000000000000062e+00 -5.483740497110463635e-07 -1.191643470471507755e-05
1.080000000000000071e+00 -4.412681601870193980e-07 -9.588971756280524229e-06
1.090000000000000080e+00 -3.550816981390563327e-07 -7.716098080996675225e-06
1.100000000000000089e+00 0.000000000000000000e+00 -6.209025420871421212e-06
1.110000000000000098e+00 0.000000000000000000e+00 -4.996307222603777014e-06
1.120000000000000107e+00 0.000000000000000000e+00 -4.020451538854369999e-06
1.130000000000000115e+00 0.000000000000000000e+00 -3.235195480923249475e-06
1.140000000000000124e+00 0.000000000000000000e+00 -2.603312012055376978e-06
1.150000000000000133e+00 0.000000000000000000e+00 -2.094845107309000670e-06
1.159999999999999920e+00 0.000000000000000000e+00 -1.685689613567934454e-06
1.169999999999999929e+00 0.000000000000000000e+00 -1.356448484559983811e-06
1.179999999999999938e+00 0.000000000000000000e+00 -1.091513215342033413e-06
1.189999999999999947e+00 0.000000000000000000e+00 -8.783238820045464951e-07
1.199999999999999956e+00 0.000000000000000000e+00 -7.067737069602364310e-07
