0.000000000000000000e+00 5.278839489499755204e+06 2.116160875951620638e+08
1.000000000000000021e-02 3.535307756857966539e+06 1.417438356895280778e+08
2.000000000000000042e-02 2.367480251128213014e+06 9.493905205345417559e+07
2.999999999999999889e-02 1.585292024326000130e+06 6.358688122805408388e+07
4.000000000000000083e-02 1.061421498766824137e+06 4.258611887889284641e+07
5.000000000000000278e-02 7.105788778831221862e+05 2.851947906458418816e+07
5.999999999999999778e-02 4.756312783771585091e+05 1.909774501375075430e+07
7.000000000000000666e-02 3.183078713027306367e+05 1.278739881973605603e+07
8.000000000000000167e-02 2.129732251859583484e+05 8.561166464575847611e+06
8.999999999999999667e-02 1.424560691836526967e+05 5.730905604731072672e+06
1.000000000000000056e-01 9.525499935623900092e+04 3.835655889758340549e+06
1.100000000000000006e-01 6.366660751294608053e+04 2.566643346612118185e+06
1.199999999999999956e-01 4.253154396244008967e+04 1.717040699417504016e+06
1.300000000000000044e-01 2.839453409325168832e+04 1.148311920553933596e+06
1.400000000000000133e-01 1.894170082739969075e+04 7.676666777214077301e+05
1.499999999999999944e-01 1.262365165448567859e+04 5.129573518917878973e+05
1.600000000000000033e-01 8.403006438234255256e+03 3.425618447633541655e+05
1.700000000000000122e-01 5.585285189119338611e+03 2.286063550992663950e+05
1.799999999999999933e-01 3.705635952015488328e+03 1.524255769200288341e+05
1.900000000000000022e-01 2.452967523304232145e+03 1.015217182222887932e+05
2.000000000000000111e-01 1.619137491255283294e+03 6.752755011325456144e+04
2.099999999999999922e-01 1.064922955528331613e+03 4.484202763745300035e+04
2.200000000000000011e-01 6.972323532642030841e+02 2.971644043424242045e+04
2.300000000000000100e-01 4.538463378243737338e+02 1.964235021903297093e+04
2.399999999999999911e-01 2.932012216175385788e+02 1.294167508746417843e+04
2.500000000000000000e-01 1.875494717665510507e+02 8.492174626402771537e+03
2.600000000000000089e-01 1.183816929770956108e+02 5.543625261519957348e+03
2.700000000000000178e-01 7.336291606852859104e+01 3.594736532950662877e+03
2.800000000000000266e-01 4.428276958012043707e+01 2.310747266399904674e+03
2.899999999999999800e-01 2.568439701943547249e+01 1.468264481818945114e+03
2.999999999999999889e-01 1.394769087611112646e+01 9.183449577383734095e+02
3.099999999999999978e-01 6.676564656293012767e+00 5.617915371296302283e+02
3.200000000000000067e-01 2.289645983696986686e+00 3.326271157394088505e+02
3.300000000000000155e-01 -2.529672764106786209e-01 1.870427555743357573e+02
3.400000000000000244e-01 -1.631973703163843492e+00 9.600953263087299661e+01
3.500000000000000333e-01 -2.290330080714969796e+00 4.034193661147972421e+01
3.599999999999999867e-01 -2.514095351632974040e+00 7.401276737047191467e+00
3.699999999999999956e-01 -2.486159336019595045e+00 -1.110415239630188466e+01
3.800000000000000044e-01 -2.321884527275507537e+00 -2.058572879453103255e+01
3.900000000000000133e-01 -2.092695026526923296e+00 -2.455127265355963928e+01
4.000000000000000222e-01 -1.841643346799236136e+00 -2.525467824866390032e+01
4.100000000000000311e-01 -1.593645854683961804e+00 -2.412724768828531552e+01
4.199999999999999845e-01 -1.362181674087209249e+00 -2.206348453953055966e+01
4.299999999999999933e-01 -1.153651078110552453e+00 -1.960996187605813290e+01
4.400000000000000022e-01 -9.701894032886604347e-01 -1.708972827027013608e+01
4.500000000000000111e-01 -8.114655033582026666e-01 -1.468391430256446561e+01
4.600000000000000200e-01 -6.758156534521041481e-01 -1.248498189419535009e+01
4.700000000000000289e-01 -5.609451319319587181e-01 -1.053123445867020003e+01
4.799999999999999822e-01 -4.643507167947623637e-01 -8.828984348268024362e+00
4.899999999999999911e-01 -3.835648406182008419e-01 -7.366624411343358325e+00
5.000000000000000000e-01 -3.162873290985988572e-01 -6.123417330644017831e+00
5.100000000000000089e-01 -2.604476065042525268e-01 -5.074862012572014969e+00
5.200000000000000178e-01 -2.142250478184290485e-01 -4.195861584416851642e+00
5.300000000000000266e-01 -1.760451625342689397e-01 -3.462496162821742107e+00
5.400000000000000355e-01 -1.445627551343295347e-01 -2.852924377472471296e+00
5.500000000000000444e-01 -1.186389535718047894e-01 -2.347753160503285752e+00
5.600000000000000533e-01 -9.731625178813921306e-02 -1.930093820218192979e+00
5.700000000000000622e-01 -7.979395860410519459e-02 -1.585442738954034869e+00
5.799999999999999600e-01 -6.540534040024446882e-02 -1.301473056977483500e+00
5.899999999999999689e-01 -5.359706201858255303e-02 -1.067790029497347026e+00
5.999999999999999778e-01 -4.391111961029148941e-02 -8.756811226199346931e-01
6.099999999999999867e-01 -3.596922234852268502e-02 -7.178781974404900845e-01
6.199999999999999956e-01 -2.945945266190979489e-02 -5.883405709062448086e-01
6.300000000000000044e-01 -2.412497506923329607e-02 -4.820625216046432460e-01
6.400000000000000133e-01 -1.975454480515358505e-02 -3.949057323575269063e-01
6.500000000000000222e-01 -1.617457197618204015e-02 -3.234554452528171642e-01
6.600000000000000311e-01 -1.324251411526882263e-02 -2.648982370508036199e-01
6.700000000000000400e-01 -1.084139300413059295e-02 -2.169189724738048997e-01
6.800000000000000488e-01 -8.875256474579687818e-03 -1.776144470820920362e-01
6.900000000000000577e-01 -7.265430263523155359e-03 -1.454213554078007675e-01
7.000000000000000666e-01 -5.947427637487219185e-03 -1.190564296505155634e-01
7.099999999999999645e-01 -4.868404842850219960e-03 -9.746683828090572932e-02
7.199999999999999734e-01 -3.985068298008641666e-03 -7.978918218783520588e-02
7.299999999999999822e-01 -3.261954873680152599e-03 -6.531566174566419414e-02
7.399999999999999911e-01 -2.670019780597981257e-03 -5.346620291525606972e-02
7.500000000000000000e-01 -2.185477730128942888e-03 -4.376552084601206122e-02
7.600000000000000089e-01 -1.788852400483440311e-03 -3.582426502543842317e-02
7.700000000000000178e-01 -1.464197071557936424e-03 -2.932353209696121274e-02
7.800000000000000266e-01 -1.198455810033269156e-03 -2.400215314038643341e-02
7.900000000000000355e-01 -9.809399950984291211e-04 -1.964626391866998098e-02
8.000000000000000444e-01 -8.028994513091731230e-04 -1.608075181152303704e-02
8.100000000000000533e-01 -6.571711516793003185e-04 -1.316224422442022722e-02
8.200000000000000622e-01 -5.378915017687631262e-04 -1.077336231354497458e-02
8.300000000000000711e-01 -4.402607247838017041e-04 -8.818012792470231870e-03
8.399999999999999689e-01 -3.603499313912881391e-04 -7.217531027637069836e-03
8.499999999999999778e-01 -2.949431536806936438e-04 -5.907521996005943299e-03
8.599999999999999867e-01 -2.414080150823375091e-04 -4.835273166112333265e-03
8.699999999999999956e-01 -1.975898506664842155e-04 -3.957635981424719417e-03
8.800000000000000044e-01 -1.617250294568937528e-04 -3.239291217028453847e-03
8.900000000000000133e-01 -1.323699988204693327e-04 -2.651328751564615768e-03
9.000000000000000222e-01 -1.083432008369988897e-04 -2.170084831223877131e-03
9.100000000000000311e-01 -8.867752666946418949e-05 -1.776190186225913353e-03
9.200000000000000400e-01 -7.258139779099457678e-05 -1.453790793309600246e-03
9.300000000000000488e-01 -5.940690927847899495e-05 -1.189909990905425484e-03
9.400000000000000577e-01 -4.862375404885547234e-05 -9.739263191940115668e-04
9.500000000000000666e-01 -3.979787921139770211e-05 -7.971460992491570573e-04
9.599999999999999645e-01 -3.257401592223116134e-05 -6.524535681106118264e-04
9.699999999999999734e-01 -2.666137986804253338e-05 -5.340245012147154784e-04
9.799999999999999822e-01 -2.182196701380976277e-05 -4.370918043069355811e-04
9.899999999999999911e-01 -1.786097363705192116e-05 -3.577536456425926543e-04
1.000000000000000000e+00 -1.461895512721120140e-05 -2.928164094913894154e-04
1.010000000000000009e+00 -1.196540798429008421e-05 -2.396661521803111099e-04
1.020000000000000018e+00 -9.793516715764008564e-06 -1.961633882615824564e-04
1.030000000000000027e+00 -8.015854206184210918e-06 -1.605569728613539886e-04
1.040000000000000036e+00 -6.560862504003801992e-06 -1.314136145196396935e-04
1.050000000000000044e+00 -5.369972377750817101e-06 -1.075601817256926200e-04
1.060000000000000053e+00 -4.395245701805935275e-06 -8.803648115241971420e-05
1.070000000000000062e+00 -3.597445774768152460e-06 -7.205660698890708343e-05
1.080000000000000071e+00 -2.944457897221350023e-06 -5.897730570274190346e-05
1.090000000000000080e+00 -2.409996633614906291e-06 -4.827208290395539660e-05
1.100000000000000089e+00 0.000000000000000000e+00 -3.951001008563492274e-05
1.110000000000000098e+00 0.000000000000000000e+00 -3.233837817889556929e-05
1.120000000000000107e+00 0.000000000000000000e+00 -2.646849969213281654e-05
1.130000000000000115e+00 0.000000000000000000e+00 -2.166408793601310031e-05
1.140000000000000124e+00 0.000000000000000000e+00 -1.773174556599331215e-05
1.150000000000000133e+00 0.000000000000000000e+00 -1.451317957755327022e-05
1.159999999999999920e+00 0.000000000000000000e+00 -1.187882938260603402e-05
1.169999999999999929e+00 0.000000000000000000e+00 -9.722651475524935483e-06
1.179999999999999938e+00 0.000000000000000000e+00 -7.957850753149320100e-06
1.189999999999999947e+00 0.000000000000000000e+00 -6.513386658807722849e-06
1.199999999999999956e+00 0.000000000000000000e+00 -5.331113509564016648e-06
