0.000000000000000000e+00 3.644724758022014983e+06 1.585181010500221848e+08
1.000000000000000021e-02 2.359191706502155401e+06 1.026252198661341965e+08
2.000000000000000042e-02 1.526948637889612932e+06 6.643710872961032391e+07
2.999999999999999889e-02 9.881872141384341521e+05 4.300750050982918590e+07
4.000000000000000083e-02 6.394348652785238810e+05 2.783869699046006054e+07
5.000000000000000278e-02 4.136962336546668666e+05 1.801846609625122324e+07
5.999999999999999778e-02 2.675946380898574716e+05 1.166117244224028103e+07
7.000000000000000666e-02 1.730461308207318070e+05 7.545903435821085237e+06
8.000000000000000167e-02 1.118684526998943038e+05 4.882152739955107681e+06
8.999999999999999667e-02 7.229035795532858174e+04 3.158098775213046931e+06
1.000000000000000056e-01 4.669143837700864242e+04 2.042364473928614520e+06
1.100000000000000006e-01 3.013869865922117606e+04 1.320406687278791098e+06
1.199999999999999956e-01 1.943902686550308863e+04 8.533285774602736346e+05
1.300000000000000044e-01 1.252570372245073850e+04 5.512110238375791814e+05
1.400000000000000133e-01 8.061197968328571733e+03 3.558451326449835906e+05
1.499999999999999944e-01 5.180002687352287467e+03 2.295519539218749269e+05
1.600000000000000033e-01 3.322144161863115187e+03 1.479436326171488327e+05
1.700000000000000122e-01 2.125397548035176442e+03 9.523659491315265768e+04
1.799999999999999933e-01 1.355512040493995755e+03 6.121713126320404990e+04
1.900000000000000022e-01 8.610444563206538078e+02 3.927686198359396803e+04
2.000000000000000111e-01 5.441244703949095083e+02 2.514091145718558619e+04
2.099999999999999922e-01 3.415336742952133591e+02 1.604457566920055979e+04
2.200000000000000011e-01 2.124612452486815926e+02 1.020035865170594661e+04
2.300000000000000100e-01 1.305814108337039841e+02 6.452996963584149853e+03
2.399999999999999911e-01 7.892820396145944528e+01 4.056184813274231601e+03
2.500000000000000000e-01 4.658058805211462783e+01 2.528082425487251840e+03
2.600000000000000089e-01 2.651908466440032441e+01 1.557821791645851363e+03
2.700000000000000178e-01 1.424037068848721965e+01 9.450211203054141151e+02
2.800000000000000266e-01 6.862192173274825890e+00 5.606625346585868783e+02
2.899999999999999800e-01 2.545378897337096546e+00 3.217944236192213907e+02
2.999999999999999889e-01 1.208750772374252158e-01 1.751787186134619105e+02
3.099999999999999978e-01 -1.150729590559284254e+00 8.672470987708673817e+01
3.200000000000000067e-01 -1.734074759251592823e+00 3.466535691213256598e+01
3.300000000000000155e-01 -1.918643248150709191e+00 5.153395209158050605e+00
3.400000000000000244e-01 -1.882723301704612551e+00 -1.057854082359368597e+01
3.500000000000000333e-01 -1.734391191610862082e+00 -1.804735596793261365e+01
3.599999999999999867e-01 -1.537698865804794313e+00 -2.069649736530486095e+01
3.699999999999999956e-01 -1.329349826982922700e+00 -2.065197693782055666e+01
3.800000000000000044e-01 -1.129270870627635981e+00 -1.920699423916147808e+01
3.900000000000000133e-01 -9.472754611028948446e-01 -1.713178322311566859e+01
4.000000000000000222e-01 -7.872319231837365816e-01 -1.487106087094083406e+01
4.100000000000000311e-01 -6.496445633383766127e-01 -1.266931763346128115e+01
4.199999999999999845e-01 -5.332301538271024821e-01 -1.064988436952376460e+01
4.299999999999999933e-01 -4.358624194887125713e-01 -8.864471253726383893e+00
4.400000000000000022e-01 -3.551222003548393791e-01 -7.323910654634497419e+00
4.500000000000000111e-01 -2.886042764707266728e-01 -6.016989884653485277e+00
4.600000000000000200e-01 -2.340762786739457313e-01 -4.921781659857831670e+00
4.700000000000000289e-01 -1.895495888347346614e-01 -4.012285460571973772e+00
4.799999999999999822e-01 -1.532995012483990283e-01 -3.262168421374106231e+00
4.899999999999999911e-01 -1.238575586380795818e-01 -2.646737394935914534e+00
5.000000000000000000e-01 -9.998991742002416583e-02 -2.143853605672093376e+00
5.100000000000000089e-01 -8.066992298650357829e-02 -1.734233372523480421e+00
5.200000000000000178e-01 -6.504955618436347731e-02 -1.401408240989705734e+00
5.300000000000000266e-01 -5.243225739951801190e-02 -1.131510395720822348e+00
5.400000000000000355e-01 -4.224833936634028037e-02 -9.129818091531735069e-01
5.500000000000000444e-01 -3.403344153236305403e-02 -7.362636766217834916e-01
5.600000000000000533e-01 -2.741005252881599172e-02 -5.934969606201472292e-01
5.700000000000000622e-01 -2.207190335734281542e-02 -4.782493394911199180e-01
5.799999999999999600e-01 -1.777093080893700841e-02 -3.852747123137585938e-01
5.899999999999999689e-01 -1.430647760086319921e-02 -3.103062240198424249e-01
5.999999999999999778e-01 -1.151640146776345720e-02 -2.498810053476984150e-01
6.099999999999999867e-01 -9.269791004296281528e-03 -2.011935035290217111e-01
6.199999999999999956e-01 -7.461020180388234363e-03 -1.619738075711143199e-01
6.300000000000000044e-01 -6.004909686175138525e-03 -1.303873736210061363e-01
6.400000000000000133e-01 -4.832798105633092679e-03 -1.049528042084357793e-01
6.500000000000000222e-01 -3.889357634750872060e-03 -8.447469491573920963e-02
6.600000000000000311e-01 -3.130016965086766367e-03 -6.798895507258365112e-02
6.700000000000000400e-01 -2.518877951263270507e-03 -5.471839241414309246e-02
6.800000000000000488e-01 -2.027032990659631811e-03 -4.403670353190415609e-02
6.900000000000000577e-01 -1.631207033419732663e-03 -3.543932322397717188e-02
7.000000000000000666e-01 -1.312662231282677719e-03 -2.851985453828722455e-02
7.099999999999999645e-01 -1.056314843318228005e-03 -2.295102929873776496e-02
7.199999999999999734e-01 -8.500235343390330793e-04 -1.846934000339280069e-02
7.299999999999999822e-01 -6.840159742334195802e-04 -1.486264270096137978e-02
7.399999999999999911e-01 -5.504269744958059001e-04 -1.196016136978165535e-02
7.500000000000000000e-01 -4.429265379900776249e-04 -9.624431743594560190e-03
7.600000000000000089e-01 -3.564203647441442635e-04 -7.744810309652614723e-03
7.700000000000000178e-01 -2.868087294988043499e-04 -6.232245709889798826e-03
7.800000000000000266e-01 -2.307923738220977431e-04 -5.015067877665432307e-03
7.900000000000000355e-01 -1.857162584300036832e-04 -4.035597360553120488e-03
8.000000000000000444e-01 -1.494437993663321048e-04 -3.247415430663869607e-03
8.100000000000000533e-01 -1.202556459490312224e-04 -2.613166436298207298e-03
8.200000000000000622e-01 -9.676821478898392731e-05 -2.102788774019900223e-03
8.300000000000000711e-01 -7.786812619786301218e-05 -1.692090981303771792e-03
8.399999999999999689e-01 -6.265944023072968899e-05 -1.361605682496730679e-03
8.499999999999999778e-01 -5.042119448835068738e-05 -1.095667209803683579e-03
8.599999999999999867e-01 -4.057323294160911634e-05 -8.816692708983422423e-04
8.699999999999999956e-01 -3.264870729161711003e-05 -7.094675353550292714e-04
8.800000000000000044e-01 -2.627194818558995312e-05 -5.708988596906456247e-04
8.900000000000000133e-01 -2.114065784188231075e-05 -4.593943856821646582e-04
9.000000000000000222e-01 -1.701158028568847881e-05 -3.696681874201705005e-04
9.100000000000000311e-01 -1.368897011971565248e-05 -2.974667179796486359e-04
9.200000000000000400e-01 -1.101531333360671127e-05 -2.393671849583865383e-04
9.300000000000000488e-01 -8.863860359698558919e-06 -1.926153011438216695e-04
9.400000000000000577e-01 -7.132617458025278557e-06 -1.549947215701962401e-04
9.500000000000000666e-01 -5.739511624069651185e-06 -1.247219793142545822e-04
9.599999999999999645e-01 -4.618499830212133826e-06 -1.003619405047746023e-04
9.699999999999999734e-01 -3.716438169709473076e-06 -8.075977132887992140e-05
9.799999999999999822e-01 -2.990562490208177292e-06 -6.498619231397875166e-05
9.899999999999999911e-01 -2.406461088489947196e-06 -5.229342488807542263e-05
1.000000000000000000e+00 -1.936443362606234358e-06 -4.207974199022649123e-05
1.010000000000000009e+00 -1.558227086992809609e-06 -3.386094231800293588e-05
1.020000000000000018e+00 -1.253882080020166773e-06 -2.724739597813539125e-05
1.030000000000000027e+00 -1.008980187537084761e-06 -2.192557339825565915e-05
1.040000000000000036e+00 -8.119112863487018405e-07 -1.764318187528419513e-05
1.050000000000000044e+00 -6.533328818027657444e-07 -1.419720515028061994e-05
1.060000000000000053e+00 -5.257272067832550847e-07 -1.142427901512056057e-05
1.070000000000000062e+00 -4.230448256253929473e-07 -9.192946695422119063e-06
1.080000000000000071e+00 -3.404178473420817720e-07 -7.397426865435082752e-06
1.090000000000000080e+00 -2.739291524836523316e-07 -5.952598857921100011e-06
1.100000000000000089e+00 0.000000000000000000e+00 -4.789967334368650941e-06
1.110000000000000098e+00 0.000000000000000000e+00 -3.854415113411826546e-06
1.120000000000000107e+00 0.000000000000000000e+00 -3.101590219092843144e-06
1.130000000000000115e+00 0.000000000000000000e+00 -2.495803276817138104e-06
1.140000000000000124e+00 0.000000000000000000e+00 -2.008335578767842139e-06
1.150000000000000133e+00 0.000000000000000000e+00 -1.616077609088959488e-06
1.159999999999999920e+00 0.000000000000000000e+00 -1.300433485229381916e-06
1.169999999999999929e+00 0.000000000000000000e+00 -1.046439378126835520e-06
1.179999999999999938e+00 0.000000000000000000e+00 -8.420541180174719160e-07
1.189999999999999947e+00 0.000000000000000000e+00 -6.775883554775213716e-07
1.199999999999999956e+00 0.000000000000000000e+00 -5.452452158103904033e-07
