0.000000000000000000e+00 6.060308766403195448e+06 2.429415537700147629e+08
1.000000000000000021e-02 4.058679820012620185e+06 1.627266093494637311e+08
2.000000000000000042e-02 2.717973404893834144e+06 1.089934893207774162e+08
2.999999999999999889e-02 1.819991607620711671e+06 7.300026907956391573e+07
4.000000000000000083e-02 1.218566583363783080e+06 4.889070167367573082e+07
5.000000000000000278e-02 8.157835682965331944e+05 3.274168824573927373e+07
5.999999999999999778e-02 5.460524289919678122e+05 2.192516368336232752e+07
7.000000000000000666e-02 3.654370646438499098e+05 1.468061463282572664e+07
8.000000000000000167e-02 2.445071172516786319e+05 9.828703762585822493e+06
8.999999999999999667e-02 1.635493189620110788e+05 6.579423426413545385e+06
1.000000000000000056e-01 1.093595847444254323e+05 4.403576038620945998e+06
1.100000000000000006e-01 7.309405908360314788e+04 2.946677923921253067e+06
1.199999999999999956e-01 4.882956151304640662e+04 1.971283203167522792e+06
1.300000000000000044e-01 3.259925971518397637e+04 1.318346580995752942e+06
1.400000000000000133e-01 2.174669643577250827e+04 8.813404682510696584e+05
1.499999999999999944e-01 1.449307922982581840e+04 5.889163174682828831e+05
1.600000000000000033e-01 9.647432044007513468e+03 3.932897563506583101e+05
1.700000000000000122e-01 6.412446885480479068e+03 2.624600915340239299e+05
1.799999999999999933e-01 4.254442036415325674e+03 1.749984377671224938e+05
1.900000000000000022e-01 2.816262540808965241e+03 1.165565417177187483e+05
2.000000000000000111e-01 1.858945310215999143e+03 7.752826866540362244e+04
2.099999999999999922e-01 1.222651543565715883e+03 5.148322785155304882e+04
2.200000000000000011e-01 8.005045099657462515e+02 3.411762524256814504e+04
2.300000000000000100e-01 5.210710928182356838e+02 2.255158142044638953e+04
2.399999999999999911e-01 3.366324883347200512e+02 1.485852398547708253e+04
2.500000000000000000e-01 2.153319668676375613e+02 9.750027211583879762e+03
2.600000000000000089e-01 1.359189672385914491e+02 6.364769171735078999e+03
2.700000000000000178e-01 8.423171664082467203e+01 4.127223054775481614e+03
2.800000000000000266e-01 5.084386049060176305e+01 2.653051554423186644e+03
2.899999999999999800e-01 2.949034290026989424e+01 1.685777722128355663e+03
2.999999999999999889e-01 1.601487823058303306e+01 1.054399656400683398e+03
3.099999999999999978e-01 7.666483042236676759e+00 6.450286056493857814e+02
3.200000000000000067e-01 2.629552690859987329e+00 3.819156742743462019e+02
3.300000000000000155e-01 -2.898497135758236753e-01 2.147632606217798070e+02
3.400000000000000244e-01 -1.873254183444089671e+00 1.102427663101379665e+02
3.500000000000000333e-01 -2.629234881773443000e+00 4.632689937741479724e+01
3.599999999999999867e-01 -2.886227893122205845e+00 8.504852005227531819e+00
3.699999999999999956e-01 -2.854217927676439892e+00 -1.274333871847420774e+01
3.800000000000000044e-01 -2.665659318096480934e+00 -2.363067270007307741e+01
3.900000000000000133e-01 -2.402559007405211666e+00 -2.818462762595539317e+01
4.000000000000000222e-01 -2.114349219121461676e+00 -2.899301160953268308e+01
4.100000000000000311e-01 -1.829639095743949673e+00 -2.769918605115965704e+01
4.199999999999999845e-01 -1.563905960768171344e+00 -2.533019220097671464e+01
4.299999999999999933e-01 -1.324499377644811959e+00 -2.251359597818995439e+01
4.400000000000000022e-01 -1.113871946253780720e+00 -1.962032265915745910e+01
4.500000000000000111e-01 -9.316442127385059502e-01 -1.685835247590309649e+01
4.600000000000000200e-01 -7.759065824246883514e-01 -1.433385855284633159e+01
4.700000000000000289e-01 -6.440248628280088594e-01 -1.209082978259079866e+01
4.799999999999999822e-01 -5.331253733866423428e-01 -1.013652258146847629e+01
4.899999999999999911e-01 -4.403752900743376775e-01 -8.457617408550527571e+00
5.000000000000000000e-01 -3.631339164484426174e-01 -7.030310511264458384e+00
5.100000000000000089e-01 -2.990241177022055497e-01 -5.826475592528363556e+00
5.200000000000000178e-01 -2.459556985126951922e-01 -4.817301363730559949e+00
5.300000000000000266e-01 -2.021210299951913258e-01 -3.975327132821312226e+00
5.400000000000000355e-01 -1.659757222577532554e-01 -3.275478041283091724e+00
5.500000000000000444e-01 -1.362122551197034459e-01 -2.695489762381720666e+00
5.600000000000000533e-01 -1.117313275237866721e-01 -2.215972982788762646e+00
5.700000000000000622e-01 -9.161367262334342565e-02 -1.820276506427627172e+00
5.799999999999999600e-01 -7.509381687247773662e-02 -1.494248140560822780e+00
5.899999999999999689e-01 -6.153647724541616570e-02 -1.225953859913573085e+00
5.999999999999999778e-01 -5.041581912904190277e-02 -1.005390919684217899e+00
6.099999999999999867e-01 -4.129752552057754794e-02 -8.242148390723146312e-01
6.199999999999999956e-01 -3.382348202508304175e-02 -6.754903477440490356e-01
6.300000000000000044e-01 -2.769881373068703440e-02 -5.534703934141340653e-01
6.400000000000000133e-01 -2.268098833767525149e-02 -4.534037764166843898e-01
6.500000000000000222e-01 -1.857070513079540908e-02 -3.713700063950818864e-01
6.600000000000000311e-01 -1.520430904311611750e-02 -3.041389798118118160e-01
6.700000000000000400e-01 -1.244749546182090036e-02 -2.490526744868534204e-01
6.800000000000000488e-01 -1.019009994388081659e-02 -2.039260046636418300e-01
6.900000000000000577e-01 -8.341794978504573840e-03 -1.669641223435325561e-01
7.000000000000000666e-01 -6.828541925680474585e-03 -1.366936912453421971e-01
7.099999999999999645e-01 -5.589669611460150109e-03 -1.119059398864622329e-01
7.199999999999999734e-01 -4.575471564742063235e-03 -9.160958530969731672e-02
7.299999999999999822e-01 -3.745231594749221567e-03 -7.499198961064766633e-02
7.399999999999999911e-01 -3.065602531855571473e-03 -6.138715794241191015e-02
7.500000000000000000e-01 -2.509275751087406726e-03 -5.024940520701956514e-02
7.600000000000000089e-01 -2.053889851771891449e-03 -4.113170873534192917e-02
7.700000000000000178e-01 -1.681135856670654388e-03 -3.366792736604304337e-02
7.800000000000000266e-01 -1.376023777792471795e-03 -2.755820587482333758e-02
7.900000000000000355e-01 -1.126281605772858118e-03 -2.255700047419820914e-02
8.000000000000000444e-01 -9.218629187054326558e-04 -1.846325893908082674e-02
8.100000000000000533e-01 -7.545435503249955239e-04 -1.511237050491498653e-02
8.200000000000000622e-01 -6.175912564446146922e-04 -1.236956848144185779e-02
8.300000000000000711e-01 -5.054951994069452857e-04 -1.012452469542505888e-02
8.399999999999999689e-01 -4.137444396230241972e-04 -8.286921305690806913e-03
8.499999999999999778e-01 -3.386465701396427553e-04 -6.782823841315088233e-03
8.599999999999999867e-01 -2.771792287643311107e-04 -5.551710872347927032e-03
8.699999999999999956e-01 -2.268685341182466713e-04 -4.544041689656662907e-03
8.800000000000000044e-01 -1.856895680020167084e-04 -3.719264716007987179e-03
8.900000000000000133e-01 -1.519849086974479088e-04 -3.044186903000935251e-03
9.000000000000000222e-01 -1.243979429558111124e-04 -2.491638759746656225e-03
9.100000000000000311e-01 -1.018182769824469271e-04 -2.039381465846298001e-03
9.200000000000000400e-01 -8.333705219041476913e-05 -1.669212203286353025e-03
9.300000000000000488e-01 -6.821036914995745452e-05 -1.366231778893924704e-03
9.400000000000000577e-01 -5.582934884213545924e-05 -1.118245113634913461e-03
9.500000000000000666e-01 -4.569562702974944770e-05 -9.152705045559878481e-04
9.599999999999999645e-01 -3.740129594589598690e-05 -7.491379310326098202e-04
9.699999999999999734e-01 -3.061248630981339364e-05 -6.131602528786654540e-04
9.799999999999999822e-01 -2.505592907442733607e-05 -5.018640763648523533e-04
9.899999999999999911e-01 -2.050795616011586161e-05 -4.107694622436965635e-04
1.000000000000000000e+00 -1.678549754366165866e-05 -3.362096134015513061e-04
1.010000000000000009e+00 -1.373871238927877570e-05 -2.751832873773996254e-04
1.020000000000000018e+00 -1.124495765615669733e-05 -2.252339951399966146e-04
1.030000000000000027e+00 -9.203851436100575527e-06 -1.843511249931467709e-04
1.040000000000000036e+00 -7.533232328867685827e-06 -1.508890125316037910e-04
1.050000000000000044e+00 -6.165852222963097875e-06 -1.235006996197838657e-04
1.060000000000000053e+00 -5.046669366116189570e-06 -1.010837164213783249e-04
1.070000000000000062e+00 -4.130632769626154352e-06 -8.273570432482968710e-05
1.080000000000000071e+00 -3.380868766138398926e-06 -6.771809363778702256e-05
1.090000000000000080e+00 -2.767196726804743701e-06 -5.542637408784755284e-05
1.100000000000000089e+00 0.000000000000000000e+00 -4.536576150467463585e-05
1.110000000000000098e+00 0.000000000000000000e+00 -3.713128124319569126e-05
1.120000000000000107e+00 0.000000000000000000e+00 -3.039146667646308914e-05
1.130000000000000115e+00 0.000000000000000000e+00 -2.487501659234614076e-05
1.140000000000000124e+00 0.000000000000000000e+00 -2.035987442538210118e-05
1.150000000000000133e+00 0.000000000000000000e+00 -1.666428973640931161e-05
1.159999999999999920e+00 0.000000000000000000e+00 -1.363950214099754917e-05
1.169999999999999929e+00 0.000000000000000000e+00 -1.116375319426591328e-05
1.179999999999999938e+00 0.000000000000000000e+00 -9.137385192803501840e-06
1.189999999999999947e+00 0.000000000000000000e+00 -7.478829605458580254e-06
1.199999999999999956e+00 0.000000000000000000e+00 -6.121323654669136325e-06
