0.000000000000000000e+00 6.749431970090384595e+06 2.935492475868327618e+08
1.000000000000000021e-02 4.368837428697988391e+06 1.900449680057339668e+08
2.000000000000000042e-02 2.827660364773342852e+06 1.230306057801867425e+08
2.999999999999999889e-02 1.829962583949130028e+06 7.964285231364770234e+07
4.000000000000000083e-02 1.184130197693907190e+06 5.155273020567361265e+07
5.000000000000000278e-02 7.660989652160590049e+05 3.336727551771164313e+07
5.999999999999999778e-02 4.955424693303735694e+05 2.159460738143476844e+07
7.000000000000000666e-02 3.204538783881250420e+05 1.397379933879936300e+07
8.000000000000000167e-02 2.071626395407791133e+05 9.040964967705568299e+06
8.999999999999999667e-02 1.338703338303710043e+05 5.848295366126187146e+06
1.000000000000000056e-01 8.646520819763594773e+04 3.782134787971357349e+06
1.100000000000000006e-01 5.581215649260018108e+04 2.445184510416100267e+06
1.199999999999999956e-01 3.599805175846692146e+04 1.580230274208280025e+06
1.300000000000000044e-01 2.319566265570607356e+04 1.020756490436272812e+06
1.400000000000000133e-01 1.492809569975873092e+04 6.589697129350272007e+05
1.499999999999999944e-01 9.592570218734901573e+03 4.250946008934031124e+05
1.600000000000000033e-01 6.152103865670513187e+03 2.739687614082381479e+05
1.700000000000000122e-01 3.935913530394841928e+03 1.763635382080508571e+05
1.799999999999999933e-01 2.510203611626909606e+03 1.133647663230072503e+05
1.900000000000000022e-01 1.594525076360001322e+03 7.273477338391520607e+04
2.000000000000000111e-01 1.007637355541971147e+03 4.655716389014462038e+04
2.099999999999999922e-01 6.324697766802787555e+02 2.971214003474908532e+04
2.200000000000000011e-01 3.934470055583186081e+02 1.888953862820372524e+04
2.300000000000000100e-01 2.418177623530774554e+02 1.194999148921055166e+04
2.399999999999999911e-01 1.461636738474905997e+02 7.511455847044569055e+03
2.500000000000000000e-01 8.626064419378020887e+01 4.681638692517292839e+03
2.600000000000000089e-01 4.910966329458731394e+01 2.884860150794201672e+03
2.700000000000000178e-01 2.637125570287718190e+01 1.750043725707753993e+03
2.800000000000000266e-01 1.270791922487540582e+01 1.038267900808915101e+03
2.899999999999999800e-01 4.713784719717372340e+00 5.959188233535913923e+02
2.999999999999999889e-01 2.239340062291124422e-01 3.244075894214532809e+02
3.099999999999999978e-01 -2.130912055559430307e+00 1.606032978109837188e+02
3.200000000000000067e-01 -3.211198300616212364e+00 6.419662215806081917e+01
3.300000000000000155e-01 -3.553005043928295859e+00 9.544471841244654087e+00
3.400000000000000244e-01 -3.486496602867860783e+00 -1.958902963323496493e+01
3.500000000000000333e-01 -3.211814972076559194e+00 -3.342038794877809949e+01
3.599999999999999867e-01 -2.847575472291079102e+00 -3.832637117307589847e+01
3.699999999999999956e-01 -2.461748024459346595e+00 -3.824405041733186295e+01
3.800000000000000044e-01 -2.091234464528962445e+00 -3.556824942220261931e+01
3.900000000000000133e-01 -1.754208150459286797e+00 -3.172533506095072653e+01
4.000000000000000222e-01 -1.457832854438068093e+00 -2.753886325766838894e+01
4.100000000000000311e-01 -1.203042632858114969e+00 -2.346159865367616959e+01
4.199999999999999845e-01 -9.874612538985528820e-01 -1.972193516348997022e+01
4.299999999999999933e-01 -8.071512569431246176e-01 -1.641563494593625450e+01
4.400000000000000022e-01 -6.576327797634701211e-01 -1.356275986473538531e+01
4.500000000000000111e-01 -5.344517583370148595e-01 -1.114254711201507320e+01
4.600000000000000200e-01 -4.334742103548080427e-01 -9.114391665228639638e+00
4.700000000000000289e-01 -3.510175351662194743e-01 -7.430145197226555531e+00
4.799999999999999822e-01 -2.838878520736820010e-01 -6.041043721234164998e+00
4.899999999999999911e-01 -2.293658095126575869e-01 -4.901359613926582703e+00
5.000000000000000000e-01 -1.851665220365195097e-01 -3.970095457915578052e+00
5.100000000000000089e-01 -1.493887847709810257e-01 -3.211540965034159978e+00
5.200000000000000178e-01 -1.204621972375317929e-01 -2.595199168407459123e+00
5.300000000000000266e-01 -9.709683811221583860e-02 -2.095389054359284575e+00
5.400000000000000355e-01 -7.823773378137952039e-02 -1.690706960593376440e+00
5.500000000000000444e-01 -6.302495930528050072e-02 -1.363451464763252963e+00
5.600000000000000533e-01 -5.075942098381657636e-02 -1.099068843258924622e+00
5.700000000000000622e-01 -4.087395500762422418e-02 -8.856474254068067431e-01
5.799999999999999600e-01 -3.290918575726655554e-02 -7.134722356799740872e-01
5.899999999999999689e-01 -2.649352614227315494e-02 -5.746417094906302037e-01
5.999999999999999778e-01 -2.132671301794632560e-02 -4.627431394844312429e-01
6.099999999999999867e-01 -1.716631805125132942e-02 -3.725810671344487734e-01
6.199999999999999956e-01 -1.381673759768525800e-02 -2.999519602507306759e-01
6.300000000000000044e-01 -1.112023225359557756e-02 -2.414585199949848549e-01
6.400000000000000133e-01 -8.949651269670375747e-03 -1.943574207992450620e-01
6.500000000000000222e-01 -7.202535745617385035e-03 -1.564349527746689839e-01
6.600000000000000311e-01 -5.796346201502962717e-03 -1.259057640532019462e-01
6.700000000000000400e-01 -4.664604561088012136e-03 -1.013306103849181822e-01
6.800000000000000488e-01 -3.753778192813349637e-03 -8.154967095564776003e-02
6.900000000000000577e-01 -3.020765116598547566e-03 -6.562856582413888196e-02
7.000000000000000666e-01 -2.430865577792699038e-03 -5.281470794148045156e-02
7.099999999999999645e-01 -1.956146688724138671e-03 -4.250204492859763900e-02
7.199999999999999734e-01 -1.574124463569706372e-03 -3.420259967229439396e-02
7.299999999999999822e-01 -1.266701965672605316e-03 -2.752351271941997843e-02
7.399999999999999911e-01 -1.019314004975068648e-03 -2.214853188804117787e-02
7.500000000000000000e-01 -8.202383412708102658e-04 -1.782309343964206400e-02
7.600000000000000089e-01 -6.600410651862222968e-04 -1.434230171354121917e-02
7.700000000000000178e-01 -5.311300749389104292e-04 -1.154124654118079962e-02
7.800000000000000266e-01 -4.273956170724040353e-04 -9.287205353445373429e-03
7.900000000000000355e-01 -3.439209386706833910e-04 -7.473364149348875850e-03
8.000000000000000444e-01 -2.767493911641129441e-04 -6.013762144239612195e-03
8.100000000000000533e-01 -2.226969818601070639e-04 -4.839222049409195280e-03
8.200000000000000622e-01 -1.792015108076754624e-04 -3.894074092828309682e-03
8.300000000000000711e-01 -1.442011565479187226e-04 -3.133519151865279007e-03
8.399999999999999689e-01 -1.160367649103347500e-04 -2.521506429124192091e-03
8.499999999999999778e-01 -9.337321516047786957e-05 -2.029025341329729944e-03
8.599999999999999867e-01 -7.513613991010075095e-05 -1.632730827982778032e-03
8.699999999999999956e-01 -6.046100159161651007e-05 -1.313837028331106332e-03
8.800000000000000044e-01 -4.865211312524966771e-05 -1.057226955910799387e-03
8.900000000000000133e-01 -3.914966120962312652e-05 -8.507360126364121476e-04
9.000000000000000222e-01 -3.150316964447811175e-05 -6.845754081048840717e-04
9.100000000000000311e-01 -2.535014513651707890e-05 -5.508681709230445287e-04
9.200000000000000400e-01 -2.039889355697566885e-05 -4.432757691788945416e-04
9.300000000000000488e-01 -1.641469221928709799e-05 -3.566976479356146704e-04
9.400000000000000577e-01 -1.320866277369782789e-05 -2.870294453323891351e-04
9.500000000000000666e-01 -1.062881729839288570e-05 -2.309684286658486010e-04
9.599999999999999645e-01 -8.552853162074943802e-06 -1.858569290988229192e-04
9.699999999999999734e-01 -6.882355118019463533e-06 -1.495563542136343243e-04
9.799999999999999822e-01 -5.538129790047118146e-06 -1.203458066945185448e-04
9.899999999999999911e-01 -4.456451386302639860e-06 -9.684050358012600505e-05
1.000000000000000000e+00 -3.586040670253586408e-06 -7.792612898913190171e-05
1.010000000000000009e+00 -2.885633976605675100e-06 -6.270600843603131179e-05
1.020000000000000018e+00 -2.322027030014752317e-06 -5.045860059451385703e-05
1.030000000000000027e+00 -1.868500832125652292e-06 -4.060329142534855853e-05
1.040000000000000036e+00 -1.503554994338425976e-06 -3.267286913758749055e-05
1.050000000000000044e+00 -1.209888468247767875e-06 -2.629137514560339018e-05
1.060000000000000053e+00 -9.735793537470549442e-07 -2.115628102862583495e-05
1.070000000000000062e+00 -7.834249022535678931e-07 -1.702414657225476903e-05
1.080000000000000071e+00 -6.304104267519131078e-07 -1.369907899275057524e-05
1.090000000000000080e+00 -5.072819413596004529e-07 -1.102344623658694026e-05
1.100000000000000089e+00 0.000000000000000000e+00 -8.870404104201063048e-06
1.110000000000000098e+00 0.000000000000000000e+00 -7.137882933299079407e-06
1.120000000000000107e+00 0.000000000000000000e+00 -5.743748769470442039e-06
1.130000000000000115e+00 0.000000000000000000e+00 -4.621909630222420847e-06
1.140000000000000124e+00 0.000000000000000000e+00 -3.719182272260674778e-06
1.150000000000000133e+00 0.000000000000000000e+00 -2.992770924837806582e-06
1.159999999999999920e+00 0.000000000000000000e+00 -2.408238463372969313e-06
1.169999999999999929e+00 0.000000000000000000e+00 -1.937873842619564249e-06
1.179999999999999938e+00 0.000000000000000000e+00 -1.559378394124111955e-06
1.189999999999999947e+00 0.000000000000000000e+00 -1.254808709123116636e-06
1.199999999999999956e+00 0.000000000000000000e+00 -1.009725991984841812e-06
