0.000000000000000000e+00 3.104706408155193552e+06 1.350311085099721253e+08
1.000000000000000021e-02 2.009645221648651408e+06 8.741972438473044336e+07
2.000000000000000042e-02 1.300711415728875203e+06 5.659348223126847297e+07
2.999999999999999889e-02 8.417751767285871319e+05 3.663534257238163054e+07
4.000000000000000083e-02 5.446952128319402691e+05 2.371402747372997925e+07
5.000000000000000278e-02 3.524026576547781588e+05 1.534880585667932406e+07
5.999999999999999778e-02 2.279477856697388052e+05 9.933432730031041428e+06
7.000000000000000666e-02 1.474077195405835228e+05 6.427894536723422818e+06
8.000000000000000167e-02 9.529416965306397469e+04 4.158811384696088266e+06
8.999999999999999667e-02 6.157996536795143038e+04 2.690196071997629479e+06
1.000000000000000056e-01 3.977376342052055406e+04 1.739769995523821097e+06
1.100000000000000006e-01 2.567345395070202358e+04 1.124777628228688845e+06
1.199999999999999956e-01 1.655902254835493295e+04 7.269015778927863576e+05
1.300000000000000044e-01 1.066995752490945233e+04 4.695453944049946731e+05
1.400000000000000133e-01 6.866896890641118262e+03 3.031245366348001990e+05
1.499999999999999944e-01 4.412567033006461315e+03 1.955426207087544608e+05
1.600000000000000033e-01 2.829959410879502684e+03 1.260251130854284129e+05
1.700000000000000122e-01 1.810515811914061715e+03 8.112693396794662112e+04
1.799999999999999933e-01 1.154691473159061616e+03 5.214762956655641028e+04
1.900000000000000022e-01 7.334805645624734325e+02 3.345790819701221335e+04
2.000000000000000111e-01 4.635128543202982883e+02 2.141625058755699138e+04
2.099999999999999922e-01 2.909360856658826151e+02 1.366756331840661369e+04
2.200000000000000011e-01 1.809857515290862295e+02 8.689179393703017922e+03
2.300000000000000100e-01 1.112363471093169949e+02 5.496994209445399065e+03
2.399999999999999911e-01 6.723546781232909098e+01 3.455270868166287983e+03
2.500000000000000000e-01 3.968005526602926381e+01 2.153556184657679296e+03
2.600000000000000089e-01 2.259057833114616898e+01 1.327038321458016526e+03
2.700000000000000178e-01 1.213088496406037287e+01 8.050225907146952977e+02
2.800000000000000266e-01 5.845727085558312552e+00 4.776053625563482683e+02
2.899999999999999800e-01 2.168405864773996772e+00 2.741244009018731731e+02
2.999999999999999889e-01 1.030589501413108067e-01 1.492288735287558552e+02
3.099999999999999978e-01 -9.801824721016917374e-01 7.387859070598371147e+01
3.200000000000000067e-01 -1.477123573695907410e+00 2.953126746665181912e+01
3.300000000000000155e-01 -1.634361846806895890e+00 4.391078147616267913e+00
3.400000000000000244e-01 -1.603773363986464418e+00 -9.010487948971254824e+00
3.500000000000000333e-01 -1.477423849137054157e+00 -1.537303164842584025e+01
3.599999999999999867e-01 -1.309876676427266018e+00 -1.762987386365388431e+01
3.699999999999999956e-01 -1.132398265449267694e+00 -1.759207379823909179e+01
3.800000000000000044e-01 -9.619636578055841269e-01 -1.636125566327152470e+01
3.900000000000000133e-01 -8.069327479790562307e-01 -1.459355240312955182e+01
4.000000000000000222e-01 -6.706009840340314554e-01 -1.266780298254148285e+01
4.100000000000000311e-01 -5.533981163485436339e-01 -1.079228160968110117e+01
4.199999999999999845e-01 -4.542311411393250009e-01 -9.072051353713584732e+00
4.299999999999999933e-01 -3.712888731329553882e-01 -7.551164208735341887e+00
4.400000000000000022e-01 -3.025106101676153791e-01 -6.238849676844090197e+00
4.500000000000000111e-01 -2.458475082160007652e-01 -5.125557642457481577e+00
4.600000000000000200e-01 -1.993979541339136463e-01 -4.192610369984522301e+00
4.700000000000000289e-01 -1.614679653788358427e-01 -3.417860053784797181e+00
4.799999999999999822e-01 -1.305883669223459886e-01 -2.778875573503490681e+00
4.899999999999999911e-01 -1.055082644342572318e-01 -2.254622453576164975e+00
5.000000000000000000e-01 -8.517661600685234868e-02 -1.826242052262314841e+00
5.100000000000000089e-01 -6.871887132935426690e-02 -1.477307762286280912e+00
5.200000000000000178e-01 -5.541264903459836716e-02 -1.193791070972483714e+00
5.300000000000000266e-01 -4.466458737429809117e-02 -9.638787796261637508e-01
5.400000000000000355e-01 -3.598939996584466644e-02 -7.777252531221946485e-01
5.500000000000000444e-01 -2.899152239130569839e-02 -6.271878733901101732e-01
5.600000000000000533e-01 -2.334937229249125015e-02 -5.055719539576454258e-01
5.700000000000000622e-01 -1.880205483508233522e-02 -4.073981454688956338e-01
5.799999999999999600e-01 -1.513825758856607306e-02 -3.281975730119059964e-01
5.899999999999999689e-01 -1.218705072801206865e-02 -2.643355267955843635e-01
5.999999999999999778e-01 -9.810313359431770130e-03 -2.128621684891883192e-01
6.099999999999999867e-01 -7.896528542705361434e-03 -1.713875921273001202e-01
6.199999999999999956e-01 -6.355718652899704571e-03 -1.379781763343868317e-01
6.300000000000000044e-01 -5.115323587375424953e-03 -1.110711659723722100e-01
6.400000000000000133e-01 -4.116854005405925360e-03 -8.940463281333085876e-02
6.500000000000000222e-01 -3.313178804473078821e-03 -7.196027127554380232e-02
6.600000000000000311e-01 -2.666329807865960161e-03 -5.791682006779275832e-02
6.700000000000000400e-01 -2.145727080363766474e-03 -4.661222712614134650e-02
6.800000000000000488e-01 -1.726745589392888244e-03 -3.751297497863567004e-02
6.900000000000000577e-01 -1.389558401701967419e-03 -3.018924883029027936e-02
7.000000000000000666e-01 -1.118203608383671254e-03 -2.429485853769752096e-02
7.099999999999999645e-01 -8.998320606056349176e-04 -1.955101985895742883e-02
7.199999999999999734e-01 -7.241011059971651448e-04 -1.573326315033437076e-02
7.299999999999999822e-01 -5.826861365751407479e-04 -1.266087288291160677e-02
7.399999999999999911e-01 -4.688871495965429696e-04 -1.018837287390486970e-02
7.500000000000000000e-01 -3.773119010059202295e-04 -8.198663632348468858e-03
7.600000000000000089e-01 -3.036207805871895008e-04 -6.597492994777946589e-03
7.700000000000000178e-01 -2.443214111442381016e-04 -5.309002137822592046e-03
7.800000000000000266e-01 -1.966032970970427965e-04 -4.272138548337810031e-03
7.900000000000000355e-01 -1.582047243553168084e-04 -3.437767668931966669e-03
8.000000000000000444e-01 -1.273056279277750180e-04 -2.766347435537752295e-03
8.100000000000000533e-01 -1.024413654925534762e-04 -2.226056205109490718e-03
8.200000000000000622e-01 -8.243332023139451751e-05 -1.791285804068705164e-03
8.300000000000000711e-01 -6.633305016270395009e-05 -1.441428568194597732e-03
8.399999999999999689e-01 -5.337734088731973576e-05 -1.159901072351082231e-03
8.499999999999999778e-01 -4.295203392728769442e-05 -9.333583982610644441e-04
8.599999999999999867e-01 -3.456291780616135839e-05 -7.510617754477382727e-04
8.699999999999999956e-01 -2.781230315886456939e-05 -6.043696716876225143e-04
8.800000000000000044e-01 -2.238017217926583242e-05 -4.863282424389490802e-04
8.900000000000000133e-01 -1.800900928267162626e-05 -3.913417465554292038e-04
9.000000000000000222e-01 -1.449159419032727720e-05 -3.149073184879607346e-04
9.100000000000000311e-01 -1.166117896250982063e-05 -2.534015329010939075e-04
9.200000000000000400e-01 -9.383583444966728774e-06 -2.039086495726704328e-04
9.300000000000000488e-01 -7.550834489414780013e-06 -1.640824001935619020e-04
9.400000000000000577e-01 -6.076047461994030477e-06 -1.320347673887045051e-04
9.500000000000000666e-01 -4.889307425689270594e-06 -1.062464849841937949e-04
9.599999999999999645e-01 -3.934354760677393613e-06 -8.549501769114114830e-05
9.699999999999999734e-01 -3.165918113760606788e-06 -6.879660663999878363e-05
9.799999999999999822e-01 -2.547568250297313851e-06 -5.535963377063126111e-05
9.899999999999999911e-01 -2.049991072801873464e-06 -4.454709451593848418e-05
1.000000000000000000e+00 -1.649597939452969599e-06 -3.584639990996624177e-05
1.010000000000000009e+00 -1.327407404602584062e-06 -2.884507665045320918e-05
1.020000000000000018e+00 -1.068145369698205158e-06 -2.321121320680533145e-05
1.030000000000000027e+00 -8.595209865819722900e-07 -1.867772503233563265e-05
1.040000000000000036e+00 -6.916439866180895482e-07 -1.502969297387658941e-05
1.050000000000000044e+00 -5.565558134143143151e-07 -1.209417465133807777e-05
1.060000000000000053e+00 -4.478523318245784367e-07 -9.732005808411341280e-06
1.070000000000000062e+00 -3.603802271708938515e-07 -7.831202969387806150e-06
1.080000000000000071e+00 -2.899927019881210767e-07 -6.301654647111756329e-06
1.090000000000000080e+00 -2.333528886706814313e-07 -5.070849431465887671e-06
1.100000000000000089e+00 0.000000000000000000e+00 -4.080438441934297601e-06
1.110000000000000098e+00 0.000000000000000000e+00 -3.283469181693266715e-06
1.120000000000000107e+00 0.000000000000000000e+00 -2.642159659311626145e-06
1.130000000000000115e+00 0.000000000000000000e+00 -2.126107256296796027e-06
1.140000000000000124e+00 0.000000000000000000e+00 -1.710847428524812175e-06
1.150000000000000133e+00 0.000000000000000000e+00 -1.376693914048944143e-06
1.159999999999999920e+00 0.000000000000000000e+00 -1.107805465083515363e-06
1.169999999999999929e+00 0.000000000000000000e+00 -8.914348607492768580e-07
1.179999999999999938e+00 0.000000000000000000e+00 -7.173245985277652359e-07
1.189999999999999947e+00 0.000000000000000000e+00 -5.772206159572996804e-07
1.199999999999999956e+00 0.000000000000000000e+00 -4.644809895576252166e-07
