0.000000000000000000e+00 1.094775407722709328e+07 4.388669775582017899e+08
1.000000000000000021e-02 7.331869832172569819e+06 2.939607500242266059e+08
2.000000000000000042e-02 4.909924667850338854e+06 1.968933281975099742e+08
2.999999999999999889e-02 3.287749218903726898e+06 1.318726025098681003e+08
4.000000000000000083e-02 2.201294932820993476e+06 8.831938954274189472e+07
5.000000000000000278e-02 1.473681373298442923e+06 5.914670142874234170e+07
5.999999999999999778e-02 9.864217849457300035e+05 3.960700255789974332e+07
7.000000000000000666e-02 6.601468810812694719e+05 2.651997083755793050e+07
8.000000000000000167e-02 4.416916170908419881e+05 1.775516531730976328e+07
8.999999999999999667e-02 2.954446023739727680e+05 1.188545965544056706e+07
1.000000000000000056e-01 1.975530958126228652e+05 7.954874186980958097e+06
1.100000000000000006e-01 1.320409781715891149e+05 5.323045201488959603e+06
1.199999999999999956e-01 8.820823679865896702e+04 3.561034442900460679e+06
1.300000000000000044e-01 5.888893708382570185e+04 2.381531976058045402e+06
1.400000000000000133e-01 3.928429171914570179e+04 1.592099467255937634e+06
1.499999999999999944e-01 2.618098336973075129e+04 1.063848378575023729e+06
1.600000000000000033e-01 1.742756310939443938e+04 7.104580567751550116e+05
1.700000000000000122e-01 1.158372815685810201e+04 4.741205087279694853e+05
1.799999999999999933e-01 7.685406052953238031e+03 3.161253259120894363e+05
1.900000000000000022e-01 5.087412631912420693e+03 2.105529926700727083e+05
2.000000000000000111e-01 3.358072285771321276e+03 1.400504441825005633e+05
2.099999999999999922e-01 2.208643941621276554e+03 9.300146790086705005e+04
2.200000000000000011e-01 1.446060097292498313e+03 6.163145883406501525e+04
2.300000000000000100e-01 9.412804786831786714e+02 4.073805191375817958e+04
2.399999999999999911e-01 6.081035734631451533e+02 2.684098849506913029e+04
2.500000000000000000e-01 3.889819187187257512e+02 1.761279243315986605e+04
2.600000000000000089e-01 2.455275534301154323e+02 1.149753028492850353e+04
2.700000000000000178e-01 1.521580408713377324e+02 7.455543496532880454e+03
2.800000000000000266e-01 9.184522214575019916e+01 4.792547730918433444e+03
2.899999999999999800e-01 5.327164952440843138e+01 3.045231771991916503e+03
2.999999999999999889e-01 2.892924895406288144e+01 1.904690533084343315e+03
3.099999999999999978e-01 1.384854288481015772e+01 1.165190715743045303e+03
3.200000000000000067e-01 4.749759601650070273e+00 6.898965347529940573e+02
3.300000000000000155e-01 -5.238679824616715441e-01 3.879485043441735002e+02
3.400000000000000244e-01 -3.384119925922108862e+00 1.991406423771051948e+02
3.500000000000000333e-01 -4.749699217920854366e+00 8.368209298949621200e+01
3.599999999999999867e-01 -5.213901398139276111e+00 1.536006234291147976e+01
3.699999999999999956e-01 -5.156047712080618517e+00 -2.302260000454734268e+01
3.800000000000000044e-01 -4.815406252989930636e+00 -4.268923210902882914e+01
3.900000000000000133e-01 -4.340115585778829832e+00 -5.091517299910817940e+01
4.000000000000000222e-01 -3.819470508858305191e+00 -5.237509812646820961e+01
4.100000000000000311e-01 -3.305150565609181079e+00 -5.003760720207520052e+01
4.199999999999999845e-01 -2.825113753509703507e+00 -4.575796288950357393e+01
4.299999999999999933e-01 -2.392635982901372582e+00 -4.066980607308479989e+01
4.400000000000000022e-01 -2.012147260503724944e+00 -3.544317662815893755e+01
4.500000000000000111e-01 -1.682961782245953275e+00 -3.045376769791860383e+01
4.600000000000000200e-01 -1.401629728549260268e+00 -2.589336677929990316e+01
4.700000000000000289e-01 -1.163392405292710707e+00 -2.184143136183329403e+01
4.799999999999999822e-01 -9.630585474807661361e-01 -1.831106546119410439e+01
4.899999999999999911e-01 -7.955107316663041495e-01 -1.527820499968524715e+01
5.000000000000000000e-01 -6.559786282049113737e-01 -1.269984763978466624e+01
5.100000000000000089e-01 -5.401680353558385717e-01 -1.052518324402207561e+01
5.200000000000000178e-01 -4.443031046503433390e-01 -8.702164732023707217e+00
5.300000000000000266e-01 -3.651184373510506509e-01 -7.181185127266283885e+00
5.400000000000000355e-01 -2.998241677272641681e-01 -5.916947561549115164e+00
5.500000000000000444e-01 -2.460583264417421367e-01 -4.869232401538407196e+00
5.600000000000000533e-01 -2.018350834566161323e-01 -4.003013682996209077e+00
5.700000000000000622e-01 -1.654938325655255782e-01 -3.288211780940161866e+00
5.799999999999999600e-01 -1.356517879526276116e-01 -2.699261438953354020e+00
5.899999999999999689e-01 -1.111613465949889273e-01 -2.214604437164571671e+00
5.999999999999999778e-01 -9.107261846143850648e-02 -1.816171334310697993e+00
6.099999999999999867e-01 -7.460103528404823936e-02 -1.488888269763012140e+00
6.199999999999999956e-01 -6.109968470172645605e-02 -1.220227055878872147e+00
6.300000000000000044e-01 -5.003589299316315436e-02 -9.998059630688581612e-01
6.400000000000000133e-01 -4.097154041960100052e-02 -8.190422192629185361e-01
6.500000000000000222e-01 -3.354660261987266884e-02 -6.708536855727713633e-01
6.600000000000000311e-01 -2.746544701625707255e-02 -5.494053700623109382e-01
6.700000000000000400e-01 -2.248546088587089972e-02 -4.498957145353184028e-01
6.800000000000000488e-01 -1.840763926938319625e-02 -3.683774940887869498e-01
6.900000000000000577e-01 -1.506881141440591376e-02 -3.016084261724321092e-01
7.000000000000000666e-01 -1.233523140562790138e-02 -2.469270205826361586e-01
7.099999999999999645e-01 -1.009730081726363006e-02 -2.021497078970318217e-01
7.199999999999999734e-01 -8.265228263357850616e-03 -1.654857987575015787e-01
7.299999999999999822e-01 -6.765462721941444858e-03 -1.354673152993408070e-01
7.399999999999999911e-01 -5.537764828943497752e-03 -1.108911813602761059e-01
7.500000000000000000e-01 -4.532803454393681715e-03 -9.077165287560023943e-02
7.600000000000000089e-01 -3.710184300322356011e-03 -7.430121326090335931e-02
7.700000000000000178e-01 -3.036833499531064583e-03 -6.081845323370251022e-02
7.800000000000000266e-01 -2.485672713625041840e-03 -4.978170479334328991e-02
7.900000000000000355e-01 -2.034533446197519298e-03 -4.074741001665230927e-02
8.000000000000000444e-01 -1.665267570388079005e-03 -3.335238206135523326e-02
8.100000000000000533e-01 -1.363018736625910138e-03 -2.729926316042989923e-02
8.200000000000000622e-01 -1.115625647127833171e-03 -2.234460686134982083e-02
8.300000000000000711e-01 -9.131333878324753364e-04 -1.828911323290564536e-02
8.399999999999999689e-01 -7.473932884835190332e-04 -1.496962963576643074e-02
8.499999999999999778e-01 -6.117352984811403813e-04 -1.225259885339059426e-02
8.599999999999999867e-01 -5.006997538777145521e-04 -1.002869338874692179e-02
8.699999999999999956e-01 -4.098177806584291593e-04 -8.208421640626835034e-03
8.800000000000000044e-01 -3.354315232042745227e-04 -6.718530232861744111e-03
8.900000000000000133e-01 -2.745469805446401905e-04 -5.499058441222949914e-03
9.000000000000000222e-01 -2.247135392931273008e-04 -4.500926659814484879e-03
9.100000000000000311e-01 -1.839253625815934505e-04 -3.683962176809337831e-03
9.200000000000000400e-01 -1.505406712661067786e-04 -3.015283019468441295e-03
9.300000000000000488e-01 -1.232156720154314259e-04 -2.467974966141753355e-03
9.400000000000000577e-01 -1.008504752157078204e-04 -2.020008573193161992e-03
9.500000000000000666e-01 -8.254482740994757847e-05 -1.653352692240076752e-03
9.599999999999999645e-01 -6.756187749326736489e-05 -1.353248839758318259e-03
9.699999999999999734e-01 -5.529851889202128123e-05 -1.107617240730956196e-03
9.799999999999999822e-01 -4.526111440737682766e-05 -9.065706581552462201e-04
9.899999999999999911e-01 -3.704562690503760862e-05 -7.420164521473823251e-04
1.000000000000000000e+00 -3.032135626990293585e-05 -6.073308593616002192e-04
1.010000000000000009e+00 -2.481762813326272556e-05 -4.970923874998807923e-04
1.020000000000000018e+00 -2.031289864852601351e-05 -4.068635972298765397e-04
1.030000000000000027e+00 -1.662583681198336538e-05 -3.330124902213993246e-04
1.040000000000000036e+00 -1.360802540557901195e-05 -2.725663153806991146e-04
1.050000000000000044e+00 -1.113798677877705619e-05 -2.230919096954269202e-04
1.060000000000000053e+00 -9.116293005962717533e-06 -1.825977578051124169e-04
1.070000000000000062e+00 -7.461563599040656356e-06 -1.494538283936029481e-04
1.080000000000000071e+00 -6.107189677653199074e-06 -1.223259608970521449e-04
1.090000000000000080e+00 -4.998652738956935018e-06 -1.001221616007272265e-04
1.100000000000000089e+00 0.000000000000000000e+00 -8.194864751166528014e-05
1.110000000000000098e+00 0.000000000000000000e+00 -6.707386872256241867e-05
1.120000000000000107e+00 0.000000000000000000e+00 -5.489906110882123406e-05
1.130000000000000115e+00 0.000000000000000000e+00 -4.493414404584100398e-05
1.140000000000000124e+00 0.000000000000000000e+00 -3.677799297381803551e-05
1.150000000000000133e+00 0.000000000000000000e+00 -3.010229272999815037e-05
1.159999999999999920e+00 0.000000000000000000e+00 -2.463832170002554271e-05
1.169999999999999929e+00 0.000000000000000000e+00 -2.016613481138683243e-05
1.179999999999999938e+00 0.000000000000000000e+00 -1.650570995091311008e-05
1.189999999999999947e+00 0.000000000000000000e+00 -1.350970142117988564e-05
1.199999999999999956e+00 0.000000000000000000e+00 -1.105750873844516552e-05
