0.000000000000000000e+00 5.399469245178296231e+06 2.348354791467169821e+08
1.000000000000000021e-02 3.495024413597052451e+06 1.520336058905003071e+08
2.000000000000000042e-02 2.262101335581688676e+06 9.842306049038915336e+07
2.999999999999999889e-02 1.463954248867460527e+06 6.371343065674313158e+07
4.000000000000000083e-02 9.472949762136394856e+05 4.124167897888828814e+07
5.000000000000000278e-02 6.128739143567868741e+05 2.669352309281746298e+07
5.999999999999999778e-02 3.964310168360841344e+05 1.727551269558104500e+07
7.000000000000000666e-02 2.563614761477979482e+05 1.117893983308832534e+07
8.000000000000000167e-02 1.657292460186760582e+05 7.232715573214967735e+06
8.999999999999999667e-02 1.070958283064464631e+05 4.678605035776524805e+06
1.000000000000000056e-01 6.917196147451282013e+04 3.025691005049516447e+06
1.100000000000000006e-01 4.464964370279864670e+04 1.956138928904807661e+06
1.199999999999999956e-01 2.879842195810769044e+04 1.264180037068031728e+06
1.300000000000000044e-01 1.855653917456731142e+04 8.166034177156954538e+05
1.400000000000000133e-01 1.194249648198412251e+04 5.271752275151810609e+05
1.499999999999999944e-01 7.674078212422251454e+03 3.400757231270645862e+05
1.600000000000000033e-01 4.921703299444628101e+03 2.191752926117899478e+05
1.700000000000000122e-01 3.148747765588823768e+03 1.410911805908356910e+05
1.799999999999999933e-01 2.008176363207112217e+03 9.069214797079113487e+04
1.900000000000000022e-01 1.275630409861044200e+03 5.818810599895716587e+04
2.000000000000000111e-01 8.061176371626527271e+02 3.724596295925524464e+04
2.099999999999999922e-01 5.059815206700274075e+02 2.376989195862123961e+04
2.200000000000000011e-01 3.147617319499071300e+02 1.511176678986128900e+04
2.300000000000000100e-01 1.934571621884794013e+02 9.560093768340571842e+03
2.399999999999999911e-01 1.169330282462469341e+02 6.009237965723849811e+03
2.500000000000000000e-01 6.900997944154400443e+01 3.745363688783135331e+03
2.600000000000000089e-01 3.928874723778899636e+01 2.307925668280717673e+03
2.700000000000000178e-01 2.109770395301628199e+01 1.400061471145575524e+03
2.800000000000000266e-01 1.016681185469997573e+01 8.306328561178299879e+02
2.899999999999999800e-01 3.771348852372598870e+00 4.767479268237571546e+02
2.999999999999999889e-01 1.793607887272936630e-01 2.595349360391022628e+02
3.099999999999999978e-01 -1.704589831883344120e+00 1.284886954049815131e+02
3.200000000000000067e-01 -2.568869030382209928e+00 5.136139980763282864e+01
3.300000000000000155e-01 -2.842348264598935526e+00 7.638326922144354825e+00
3.400000000000000244e-01 -2.789164065345210997e+00 -1.566940393149700483e+01
3.500000000000000333e-01 -2.569433582299537555e+00 -2.673512511959712157e+01
3.599999999999999867e-01 -2.278051545321341020e+00 -3.066034145500075070e+01
3.699999999999999956e-01 -1.969395602792688882e+00 -3.059477330174149046e+01
3.800000000000000044e-01 -1.672988401476849241e+00 -2.845432399570798410e+01
3.900000000000000133e-01 -1.403369433854565695e+00 -2.538011785845194268e+01
4.000000000000000222e-01 -1.166270265863543987e+00 -2.203102095357819934e+01
4.100000000000000311e-01 -9.624385127486155822e-01 -1.876925967934078798e+01
4.199999999999999845e-01 -7.899734368309858645e-01 -1.577755923299352148e+01
4.299999999999999933e-01 -6.457252337264778319e-01 -1.313253620610534789e+01
4.400000000000000022e-01 -5.261101208490429615e-01 -1.085024474449834564e+01
4.500000000000000111e-01 -4.275649157018086011e-01 -8.914077737231588472e+00
4.600000000000000200e-01 -3.467824753385000403e-01 -7.291553260814979787e+00
4.700000000000000289e-01 -2.808167449708096064e-01 -5.944154038156185038e+00
4.799999999999999822e-01 -2.271126344924323526e-01 -4.832869782555142102e+00
4.899999999999999911e-01 -1.834946698098268159e-01 -3.921118972800478275e+00
5.000000000000000000e-01 -1.481349451126065253e-01 -3.176104034420508704e+00
5.100000000000000089e-01 -1.195124962278276831e-01 -2.569256951507119968e+00
5.200000000000000178e-01 -9.637100086205044325e-02 -2.076180270124527549e+00
5.300000000000000266e-01 -7.767851917967906472e-02 -1.676329237491191781e+00
5.400000000000000355e-01 -6.259106914090520335e-02 -1.352580943159205518e+00
5.500000000000000444e-01 -5.042070757962799354e-02 -1.090774244977135599e+00
5.600000000000000533e-01 -4.060815643926952295e-02 -8.792661461021015201e-01
5.700000000000000622e-01 -3.269968179556075744e-02 -7.085272848674846191e-01
5.799999999999999600e-01 -2.632778054521951391e-02 -5.707856527138981395e-01
5.899999999999999689e-01 -2.119518069327198939e-02 -4.597199694133036196e-01
5.999999999999999778e-01 -1.706166968227481456e-02 -3.702000416487327694e-01
6.099999999999999867e-01 -1.373330306904414766e-02 -2.980694771459461156e-01
6.199999999999999956e-01 -1.105359640399344867e-02 -2.399654270923152755e-01
6.300000000000000044e-01 -8.896356848238515247e-03 -1.931700318779799863e-01
6.400000000000000133e-01 -7.159862679281604400e-03 -1.554886129877204037e-01
6.500000000000000222e-01 -5.762145822625523890e-03 -1.251501867849870719e-01
6.600000000000000311e-01 -4.637173886439586307e-03 -1.007264581897450856e-01
6.700000000000000400e-01 -3.731763727907866281e-03 -8.106602013889563363e-02
6.800000000000000488e-01 -3.003088667898065525e-03 -6.524100602005730720e-02
6.900000000000000577e-01 -2.416666640448523248e-03 -5.250390340957451080e-02
7.000000000000000666e-01 -1.944737438022662397e-03 -4.225263549135064439e-02
7.099999999999999645e-01 -1.564954412720488122e-03 -3.400235430028490657e-02
7.199999999999999734e-01 -1.259330093835683275e-03 -2.736267303972154952e-02
7.299999999999999822e-01 -1.013386696870279598e-03 -2.201929985630320108e-02
7.399999999999999911e-01 -8.154718739555280767e-04 -1.771922940630217894e-02
7.500000000000000000e-01 -6.562076700712231314e-04 -1.425880768720679675e-02
7.600000000000000089e-01 -5.280468224342850687e-04 -1.147411565389250959e-02
7.700000000000000178e-01 -4.249155373557079378e-04 -9.233223071847622074e-03
7.800000000000000266e-01 -3.419259190014320589e-04 -7.429950136379009917e-03
7.900000000000000355e-01 -2.751444879520461261e-04 -5.978844190972737276e-03
8.000000000000000444e-01 -2.214058615569596032e-04 -4.811135397966531495e-03
8.100000000000000533e-01 -1.781627929089348462e-04 -3.871480921819210434e-03
8.200000000000000622e-01 -1.433654784571004165e-04 -3.115344111673478984e-03
8.300000000000000711e-01 -1.153644250410268586e-04 -2.506884978948709878e-03
8.399999999999999689e-01 -9.283227962353393062e-05 -2.017262314049142729e-03
8.499999999999999778e-01 -7.470092112411391401e-05 -1.623267177418070105e-03
8.599999999999999867e-01 -6.011083544591519902e-05 -1.306223129706416851e-03
8.699999999999999956e-01 -4.837037590746258014e-05 -1.051101159369385342e-03
8.800000000000000044e-01 -3.892297915632819992e-05 -8.458074106513371144e-04
8.900000000000000133e-01 -3.132078328797121907e-05 -6.806099851643646797e-04
9.000000000000000222e-01 -2.520339807879711812e-05 -5.476776692737815718e-04
9.100000000000000311e-01 -2.028082127925122963e-05 -4.407087364693682875e-04
9.200000000000000400e-01 -1.631969132932785087e-05 -3.546322381921382296e-04
9.300000000000000488e-01 -1.313222494075997709e-05 -2.853676292296301723e-04
9.400000000000000577e-01 -1.056731521469276278e-05 -2.296313367875496959e-04
9.500000000000000666e-01 -8.503368351266216363e-06 -1.847811062033906913e-04
9.599999999999999645e-01 -6.842539405061552010e-06 -1.486907461078912503e-04
9.699999999999999734e-01 -5.506093849448331706e-06 -1.196493363150723818e-04
9.799999999999999822e-01 -4.430675074055642221e-06 -9.628012099100986072e-05
9.899999999999999911e-01 -3.565300880656403311e-06 -7.747524258956421292e-05
1.000000000000000000e+00 -2.868946598163502788e-06 -6.234322282385422595e-05
1.010000000000000009e+00 -2.308600244552032387e-06 -5.016670112258012602e-05
1.020000000000000018e+00 -1.857697540075272418e-06 -4.036842722014764260e-05
1.030000000000000027e+00 -1.494862582599315067e-06 -3.248389578350026065e-05
1.040000000000000036e+00 -1.202894485656442656e-06 -2.613932582532769476e-05
1.050000000000000044e+00 -9.679519396851638141e-07 -2.103394101266715832e-05
1.060000000000000053e+00 -7.788970395522861535e-07 -1.692571085886427663e-05
1.070000000000000062e+00 -6.267672715826879872e-07 -1.361987684812953051e-05
1.080000000000000071e+00 -5.043506288454247905e-07 -1.095971956148381716e-05
1.090000000000000080e+00 -4.058437123580629607e-07 -8.819129108305897590e-06
1.100000000000000089e+00 0.000000000000000000e+00 -7.096626654568798161e-06
1.110000000000000098e+00 0.000000000000000000e+00 -5.710553629406708204e-06
1.120000000000000107e+00 0.000000000000000000e+00 -4.595200546743050053e-06
1.130000000000000115e+00 0.000000000000000000e+00 -3.697691922362737522e-06
1.140000000000000124e+00 0.000000000000000000e+00 -2.975479610582135755e-06
1.150000000000000133e+00 0.000000000000000000e+00 -2.394325727725153732e-06
1.159999999999999920e+00 0.000000000000000000e+00 -1.926679539260973935e-06
1.169999999999999929e+00 0.000000000000000000e+00 -1.550371363965720898e-06
1.179999999999999938e+00 0.000000000000000000e+00 -1.247561577210515837e-06
1.189999999999999947e+00 0.000000000000000000e+00 -1.003894888904670066e-06
1.199999999999999956e+00 0.000000000000000000e+00 -8.078198030395969541e-07
