0.000000000000000000e+00 4.156193534622887455e+03 6.411347086694534664e+04
1.000000000000000021e-02 3.515058825953433825e+03 5.917985079932491499e+04
2.000000000000000042e-02 2.972596518636388737e+03 5.007099698654355598e+04
2.999999999999999889e-02 2.513638886222562633e+03 4.236241086399011692e+04
4.000000000000000083e-02 2.125348301356586944e+03 3.583897446203605068e+04
4.999999999999999584e-02 1.796859396981841883e+03 3.031860644710606721e+04
5.999999999999999778e-02 1.518976172414465509e+03 2.564718942712092030e+04
6.999999999999999278e-02 1.283915608439423295e+03 2.169427608558842621e+04
8.000000000000000167e-02 1.085090650702697076e+03 1.834945457373176032e+04
8.999999999999999667e-02 9.169265169647882203e+02 1.551927194680732646e+04
9.999999999999999167e-02 7.747052117665505193e+02 1.312462996939806180e+04
1.099999999999999867e-01 6.544339175768269570e+02 1.109858076759686992e+04
1.199999999999999956e-01 5.527335964146130891e+02 9.384460939843525921e+03
1.300000000000000044e-01 4.667446987799564795e+02 7.934312162751751202e+03
1.399999999999999856e-01 3.940473531595781083e+02 6.707544305958679615e+03
1.499999999999999944e-01 3.325938126607828735e+02 5.669803822980129553e+03
1.600000000000000033e-01 2.806512766999754831e+02 4.792015901277765806e+03
1.699999999999999845e-01 2.367534946352275824e+02 4.049573693404169262e+03
1.799999999999999933e-01 1.996598028318921081e+02 3.421652046904994222e+03
1.899999999999999745e-01 1.683204536971277037e+02 2.890626617671033273e+03
1.999999999999999833e-01 1.418472704784714438e+02 2.441582186180522058e+03
2.099999999999999922e-01 1.194888099735172489e+02 2.061896480264880211e+03
2.199999999999999734e-01 1.006093408731738634e+02 1.740887910841471466e+03
2.299999999999999822e-01 8.467105175668783090e+01 1.469517407033254585e+03
2.399999999999999911e-01 7.121899273250876661e+01 1.240136043800928064e+03
2.500000000000000000e-01 5.986833088066926223e+01 1.046271430600615986e+03
2.600000000000000089e-01 5.029356412049644831e+01 8.824469091616715559e+02
2.700000000000000178e-01 4.221939269743583623e+01 7.440285223156752181e+02
2.799999999999999711e-01 3.541299367418294253e+01 6.270954893449817291e+02
2.899999999999999800e-01 2.967748291053620235e+01 5.283305780960434959e+02
2.999999999999999889e-01 2.484638211226207360e+01 4.449273183519242707e+02
3.099999999999999423e-01 2.077893654349771779e+01 3.745114701134185111e+02
3.200000000000000067e-01 1.735615270999370452e+01 3.150745575630553503e+02
3.300000000000000155e-01 1.447744539223661064e+01 2.649176156392609869e+02
3.399999999999999689e-01 1.205780039720848507e+01 2.226035806900660816e+02
3.500000000000000333e-01 1.002537377843528965e+01 1.869169975304722016e+02
3.599999999999999867e-01 8.319460446599041603e+00 1.568299191022405523e+02
3.699999999999999956e-01 6.888775396390478534e+00 1.314730475068175224e+02
3.799999999999999489e-01 5.689999496462691653e+00 1.101113112572895147e+02
3.900000000000000133e-01 4.686549171244688061e+00 9.212319724172448332e+01
3.999999999999999667e-01 3.847535551628201933e+00 7.698326055146107194e+01
4.099999999999999756e-01 3.146883960215467013e+00 6.424732391873347126e+01
4.199999999999999845e-01 2.562589073253532135e+00 5.353995349577919427e+01
4.299999999999999933e-01 2.076084890299883412e+00 4.454386118082401680e+01
4.399999999999999467e-01 1.671711849637051994e+00 3.699093742295352882e+01
4.499999999999999556e-01 1.336266141840812827e+00 3.065466391434408067e+01
4.599999999999999645e-01 1.058618571350170345e+00 2.534369407134579077e+01
4.699999999999999734e-01 8.293922604138970200e-01 2.089642178774697356e+01
4.799999999999999822e-01 6.406901355952310251e-01 1.717638652180264103e+01
4.899999999999999911e-01 4.858645299778442395e-01 1.406838612157461910e+01
5.000000000000000000e-01 3.593224131637386409e-01 1.147518855110407898e+01
5.100000000000000089e-01 2.563607589557626576e-01 9.314750403412052293e+00
5.200000000000000178e-01 1.730274050954976051e-01 7.517864241239410106e+00
5.299999999999999156e-01 1.060034741309744677e-01 6.026168787219634559e+00
5.400000000000000355e-01 5.250402935110493052e-02 4.790466125680890030e+00
5.499999999999999334e-01 1.019415161735668339e-02 3.769298661092982172e+00
5.599999999999999423e-01 -2.288194387075471667e-02 2.927745842520937725e+00
5.699999999999999512e-01 -4.836076523306206271e-02 2.236406811794840799e+00
5.799999999999999600e-01 -6.761008010665152390e-02 1.670540336846679796e+00
5.899999999999999689e-01 -8.177157196999565447e-02 1.209337795870051968e+00
5.999999999999999778e-01 -9.179683602405257214e-02 8.353087054253134358e-01
6.099999999999999867e-01 -9.847774607850191819e-02 5.337614402809286451e-01
6.199999999999998845e-01 -1.024720648296711389e-01 2.923644626324784501e-01
6.300000000000000044e-01 -1.043250353311514916e-01 1.007756378428644184e-01
6.400000000000000133e-01 -1.044875775865284212e-01 -4.967087396421331763e-02
6.499999999999999112e-01 -1.033316178518672301e-01 -1.662290428971252010e-01
6.600000000000000311e-01 -1.011629967285859188e-01 -2.549642338859808288e-01
6.700000000000000400e-01 -9.823233317414760413e-02 -3.209416750247670591e-01
6.799999999999999378e-01 -9.474416322809058044e-02 -3.683855131869631649e-01
6.899999999999999467e-01 -9.086462291040835193e-02 -4.008130106357038480e-01
7.000000000000000666e-01 -8.672790301537650071e-02 -4.211477342054824047e-01
7.099999999999999645e-01 -8.244166822629869773e-02 -4.318149945252823252e-01
7.199999999999999734e-01 -7.809160312487085920e-02 -4.348222900775948196e-01
7.299999999999998712e-01 -7.374522242474680633e-02 -4.318270855897314853e-01
7.399999999999999911e-01 -6.945506141307622450e-02 -4.241938944376383858e-01
7.500000000000000000e-01 -6.526134453599403973e-02 -4.130423303401204449e-01
7.599999999999998979e-01 -6.119421480627382226e-02 -3.992875361119134769e-01
7.699999999999999067e-01 -5.727559381375577074e-02 -3.836741794156845464e-01
7.800000000000000266e-01 -5.352073121796013105e-02 -3.668050212020566025e-01
7.899999999999999245e-01 -4.993949338971463703e-02 -3.491649066873817042e-01
7.999999999999999334e-01 -4.653743308421250113e-02 -3.311408969196185104e-01
8.100000000000000533e-01 -4.331667545132227015e-02 -3.130391475233950671e-01
8.199999999999999512e-01 -4.027665013374459591e-02 -2.950990469651468273e-01
8.299999999999999600e-01 -3.741469451201933499e-02 -2.775050469881298887e-01
8.399999999999999689e-01 -3.472654919398199952e-02 -2.603965504931599617e-01
8.499999999999999778e-01 -3.220676350215613548e-02 -2.438761651863664837e-01
8.599999999999999867e-01 -2.984902589025466985e-02 -2.280165831744310478e-01
8.699999999999999956e-01 -2.764643183866751300e-02 -2.128663060020620501e-01
8.799999999999998934e-01 -2.559169977021343023e-02 -1.984544002461814394e-01
8.900000000000000133e-01 -2.367734383374388643e-02 -1.847944397337068778e-01
8.999999999999999112e-01 -2.189581097553929337e-02 -1.718877659118409895e-01
9.099999999999999201e-01 -2.023958851550706692e-02 -1.597261771751000980e-01
9.199999999999999289e-01 -1.870128743203729182e-02 -1.482941404528722029e-01
9.299999999999999378e-01 -1.727370570644962133e-02 -1.375706035866688659e-01
9.399999999999999467e-01 -1.594987536030391395e-02 -1.275304745557868380e-01
9.499999999999999556e-01 -1.472309621533388589e-02 -1.181458230872776266e-01
9.599999999999999645e-01 -1.358695889855836281e-02 -1.093868513092589589e-01
9.699999999999999734e-01 -1.253535918914870650e-02 -1.012226726205985583e-01
9.799999999999999822e-01 -1.156250544614639136e-02 -9.362193163899069914e-02
9.899999999999998801e-01 -1.066292055636889301e-02 -8.655329277112361330e-02
1.000000000000000000e+00 -9.831439590723920277e-03 -7.998582046860802652e-02
1.010000000000000009e+00 -9.063204146996732546e-03 -7.388927046118476394e-02
1.020000000000000018e+00 -8.353654181500224860e-03 -6.823430808418094740e-02
1.029999999999999805e+00 -7.698517985313114292e-03 -6.299266714701717840e-02
1.040000000000000036e+00 -7.093800838559881188e-03 -5.813726054498862678e-02
1.050000000000000044e+00 -6.535772774413341202e-03 -5.364225193094973587e-02
1.059999999999999831e+00 -6.020955799940886678e-03 -4.948309618067353588e-02
1.069999999999999840e+00 -5.546110850799870588e-03 -4.563655505800201517e-02
1.080000000000000071e+00 -5.108224698780846305e-03 -4.208069337329484877e-02
1.089999999999999858e+00 -4.704496983333973995e-03 -3.879485999719527872e-02
1.099999999999999867e+00 -4.332327498836940904e-03 -3.575965731275235898e-02
1.109999999999999876e+00 -3.989303837078926607e-03 -3.295690203829127612e-02
1.119999999999999885e+00 -3.673189458071115208e-03 -3.036957981070268278e-02
1.129999999999999893e+00 -3.381912240864873125e-03 -2.798179546681421603e-02
1.139999999999999902e+00 -3.113553548734830818e-03 -2.577872058470334279e-02
1.149999999999999911e+00 -2.866337829170806286e-03 -2.374653953496023637e-02
1.159999999999999920e+00 -2.638622758035626212e-03 -2.187239503370480218e-02
1.169999999999999929e+00 -2.428889928496710555e-03 -2.014433397588257305e-02
1.179999999999999938e+00 -2.235736078517974994e-03 -1.855125415171997999e-02
1.189999999999999947e+00 -2.057864845462310799e-03 -1.708285230502160773e-02
1.199999999999999956e+00 -1.894079032417542727e-03 -1.637858130447681845e-02
