0.000000000000000000e+00 1.068869506737545019e+21 1.282721704042294426e+24
1.000000000000000021e-02 5.344999999504163799e+20 6.413999999702496528e+23
2.000000000000000042e-02 1.304931632877577760e+17 7.829589820507732378e+19
2.999999999999999889e-02 1.005755980162668750e+15 4.023024056682224000e+17
4.000000000000000083e-02 3.185867052709960156e+13 9.557602973931882000e+15
5.000000000000000278e-02 2.189308826655998779e+12 5.254344991987196875e+14
5.999999999999999778e-02 2.455448474533304443e+11 4.910907576531457031e+13
7.000000000000000666e-02 3.861592919711917877e+10 6.619909701174375000e+12
8.000000000000000167e-02 7.777809543520210266e+09 1.166685617481171875e+12
8.999999999999999667e-02 1.892414143203937292e+09 2.523281057673868408e+11
1.000000000000000056e-01 5.344504164999997020e+08 6.413702498999996185e+10
1.100000000000000006e-01 1.702801834730749130e+08 1.857754666577785110e+10
1.199999999999999956e-01 5.993112656855006516e+07 5.993942927546341896e+09
1.300000000000000044e-01 2.293152708075672016e+07 2.117230462300301075e+09
1.400000000000000133e-01 9.421234782951503992e+06 8.078166328217552900e+08
1.499999999999999944e-01 4.115223763736710418e+06 3.293920214830246568e+08
1.600000000000000033e-01 1.895970054414646700e+06 1.423085818400067687e+08
1.700000000000000122e-01 9.153498455246505328e+05 6.468543160344214737e+07
1.799999999999999933e-01 4.605801359178447747e+05 3.075393619813116267e+07
1.900000000000000022e-01 2.404390337656820484e+05 1.521890547694596089e+07
2.000000000000000111e-01 1.297184218749999272e+05 7.806347578124995343e+06
2.099999999999999922e-01 7.208535201764680096e+04 4.135680816686572041e+06
2.200000000000000011e-01 4.114182180348953989e+04 2.256026328390972689e+06
2.300000000000000100e-01 2.405516298638977605e+04 1.263789610438765492e+06
2.399999999999999911e-01 1.437621716246727556e+04 7.252973478994307807e+05
2.500000000000000000e-01 8.764327936000001500e+03 4.255619973120000213e+05
2.600000000000000089e-01 5.440517142625039014e+03 2.548048254503941862e+05
2.700000000000000178e-01 3.433102956438380261e+03 1.554264354035926808e+05
2.800000000000000266e-01 2.198820113979636062e+03 9.644001379263763374e+04
2.899999999999999800e-01 1.427319043280130700e+03 6.078613349786404433e+04
2.999999999999999889e-01 9.377402731441500237e+02 3.886992642645187880e+04
3.099999999999999978e-01 6.227213870305330374e+02 2.518666983357917343e+04
3.200000000000000067e-01 4.174266160763550033e+02 1.651933996933418530e+04
3.300000000000000155e-01 2.820717402089729262e+02 1.095521113194921963e+04
3.400000000000000244e-01 1.918786546597627876e+02 7.338604460848167946e+03
3.500000000000000333e-01 1.311995933162053234e+02 4.960665695627279092e+03
3.599999999999999867e-01 9.002388845175529752e+01 3.380435372414061931e+03
3.699999999999999956e-01 6.186925018411647414e+01 2.319953945652470793e+03
3.800000000000000044e-01 4.249044475938134724e+01 1.601821422975043788e+03
3.900000000000000133e-01 2.907779285462569874e+01 1.111489788789684553e+03
4.000000000000000222e-01 1.975333595275877485e+01 7.741802787780757171e+02
4.100000000000000311e-01 1.325030845788623601e+01 5.405710158882789074e+02
4.199999999999999845e-01 8.706910509582764135e+00 3.778145299024631640e+02
4.299999999999999933e-01 5.532200644732997219e+00 2.638353503104781907e+02
4.400000000000000022e-01 3.318005483404457223e+00 1.836704124784848773e+02
4.500000000000000111e-01 1.780503900412091056e+00 1.270961918426267374e+02
4.600000000000000200e-01 7.211401518267246402e-01 8.707507475685240195e+01
4.700000000000000289e-01 2.476664705390874133e-04 5.872867300858174389e+01
4.799999999999999822e-01 -4.808928401420571319e-01 3.865338037197291499e+01
4.899999999999999911e-01 -7.923503927649440115e-01 2.446027191350331975e+01
5.000000000000000000e-01 -9.840320000000000178e-01 1.446336000000000155e+01
5.100000000000000089e-01 -1.091581086613232277e+00 7.466782171832875292e+00
5.200000000000000178e-01 -1.140502042528371840e+00 2.618489691713765666e+00
5.300000000000000266e-01 -1.149061309929514163e+00 -6.910224749210200912e-01
5.400000000000000355e-01 -1.130339087282966393e+00 -2.899257445713264048e+00
5.500000000000000444e-01 -1.093687686309477547e+00 -4.321149965742341337e+00
5.600000000000000533e-01 -1.045772967514868146e+00 -5.183904711732994386e+00
5.700000000000000622e-01 -9.913212039131944486e-01 -5.651679686868421371e+00
5.799999999999999600e-01 -9.336567393602015485e-01 -5.843162198535376106e+00
5.899999999999999689e-01 -8.750903490682286900e-01 -5.844142330922642792e+00
5.999999999999999778e-01 -8.172005747110216989e-01 -5.716546645112063452e+00
6.099999999999999867e-01 -7.610380178677174090e-01 -5.504954494495660988e+00
6.199999999999999956e-01 -7.072739637262022150e-01 -5.241315526677798431e+00
6.300000000000000044e-01 -6.563086390821979421e-01 -4.948376080023561663e+00
6.400000000000000133e-01 -6.083501111488718305e-01 -4.642175002237650006e+00
6.500000000000000222e-01 -5.634717750528170921e-01 -4.333866128135253959e+00
6.600000000000000311e-01 -5.216541908360564639e-01 -4.031051788033231276e+00
6.700000000000000400e-01 -4.828154600349029990e-01 -3.738760059334476082e+00
6.800000000000000488e-01 -4.468331990815632149e-01 -3.460161675629989553e+00
6.900000000000000577e-01 -4.135603465695205094e-01 -3.197096176122452782e+00
7.000000000000000666e-01 -3.828364453789500632e-01 -2.950457954820298490e+00
7.099999999999999645e-01 -3.544956060235044393e-01 -2.720479213636545435e+00
7.199999999999999734e-01 -3.283720396367748595e-01 -2.506936931272667479e+00
7.299999999999999822e-01 -3.043038157571527624e-01 -2.309303767142840691e+00
7.399999999999999911e-01 -2.821353284856095156e-01 -2.126857571683521630e+00
7.500000000000000000e-01 -2.617188280768702469e-01 -1.958760332906192891e+00
7.600000000000000089e-01 -2.429152815500474072e-01 -1.804114568513484507e+00
7.700000000000000178e-01 -2.255947567219943883e-01 -1.662003096135756142e+00
7.800000000000000266e-01 -2.096364727920638216e-01 -1.531516581166597168e+00
7.900000000000000355e-01 -1.949286225673143025e-01 -1.411772127292548529e+00
8.000000000000000444e-01 -1.813680431805550497e-01 -1.301925333682447228e+00
8.100000000000000533e-01 -1.688597911922057881e-01 -1.201177617978201884e+00
8.200000000000000622e-01 -1.573166624139377412e-01 -1.108780139373945151e+00
8.300000000000000711e-01 -1.466586852652253525e-01 -1.024035309807077576e+00
8.399999999999999689e-01 -1.368126079474735191e-01 -9.462966231327808453e-01
8.499999999999999778e-01 -1.277113934314060839e-01 -8.749673395975783308e-01
8.599999999999999867e-01 -1.192937316334761466e-01 -8.094984192914250754e-01
8.699999999999999956e-01 -1.115035747819457385e-01 -7.493859911600840862e-01
8.800000000000000044e-01 -1.042896995259361276e-01 -6.941685643863469979e-01
8.900000000000000133e-01 -9.760529758393958477e-02 -6.434241296288660816e-01
9.000000000000000222e-01 -9.140759548439347792e-02 -5.967672536072440304e-01
9.100000000000000311e-01 -8.565750308688289960e-02 -5.538462379993861484e-01
9.200000000000000400e-01 -8.031928998867264580e-02 -5.143403896920714091e-01
9.300000000000000488e-01 -7.536028854292031731e-02 -4.779574319369864210e-01
9.400000000000000577e-01 -7.075062198622862619e-02 -4.444310732885078385e-01
9.500000000000000666e-01 -6.646295605242187599e-02 -4.135187421157665022e-01
9.599999999999999645e-01 -6.247227240546506660e-02 -3.849994880720292167e-01
9.699999999999999734e-01 -5.875566223415570194e-02 -3.586720474787952750e-01
9.799999999999999822e-01 -5.529213839749084342e-02 -3.343530666211257940e-01
9.899999999999999911e-01 -5.206246457983716019e-02 -3.118754750645658658e-01
1.000000000000000000e+00 -4.904900000000000232e-02 -2.910870000000000402e-01
1.010000000000000009e+00 -4.623555831132272753e-02 -2.718488120816940912e-01
1.020000000000000018e+00 -4.360727942628065540e-02 -2.540342930819544653e-01
1.030000000000000027e+00 -4.115051309531082835e-02 -2.375279158214428088e-01
1.040000000000000036e+00 -3.885271316354013682e-02 -2.222242271569591920e-01
1.050000000000000044e+00 -3.670234151911631187e-02 -2.080269252520023093e-01
1.060000000000000053e+00 -3.468878083205879231e-02 -1.948480228710955109e-01
1.070000000000000062e+00 -3.280225526239186756e-02 -1.826070889916506235e-01
1.080000000000000071e+00 -3.103375839056213281e-02 -1.712305615920324819e-01
1.090000000000000080e+00 -2.937498769174767821e-02 -1.606511250340170172e-01
1.100000000000000089e+00 0.000000000000000000e+00 -1.508071460001222941e-01
1.110000000000000098e+00 0.000000000000000000e+00 -1.416421624635973986e-01
1.120000000000000107e+00 0.000000000000000000e+00 -1.331044206564485077e-01
1.130000000000000115e+00 0.000000000000000000e+00 -1.251464554562530251e-01
1.140000000000000124e+00 0.000000000000000000e+00 -1.177247100347032921e-01
1.150000000000000133e+00 0.000000000000000000e+00 -1.107991909999882785e-01
1.159999999999999920e+00 0.000000000000000000e+00 -1.043331556221755718e-01
1.169999999999999929e+00 0.000000000000000000e+00 -9.829282805710318205e-02
1.179999999999999938e+00 0.000000000000000000e+00 -9.264714178165354974e-02
1.189999999999999947e+00 0.000000000000000000e+00 -8.736750572353708943e-02
1.199999999999999956e+00 0.000000000000000000e+00 -8.242759181383538247e-02
