0.000000000000000000e+00 9.036630374330550808e+01 2.514066752705842589e+02
1.000000000000000021e-02 8.785223699059966407e+01 2.514066752705848273e+02
2.000000000000000042e-02 8.533817023789380585e+01 2.514066752705848273e+02
2.999999999999999889e-02 8.282410348518796184e+01 2.514066752705842589e+02
4.000000000000000083e-02 8.031003673248211783e+01 2.514066752705848273e+02
4.999999999999999584e-02 7.779596997977627382e+01 2.514066752705848273e+02
5.999999999999999778e-02 7.528190322707042981e+01 2.514066752705848273e+02
6.999999999999999278e-02 7.276783647436457159e+01 2.514066752705848273e+02
8.000000000000000167e-02 7.025376972165872758e+01 2.514066752705848273e+02
8.999999999999999667e-02 6.773970296895286936e+01 2.514066752705842589e+02
9.999999999999999167e-02 6.522563621624703956e+01 2.514066752705842589e+02
1.099999999999999867e-01 6.271156946354118844e+01 2.514066752705854242e+02
1.199999999999999956e-01 6.019750271083533733e+01 2.514066752705848273e+02
1.300000000000000044e-01 5.768343595812949332e+01 2.514066752705842589e+02
1.399999999999999856e-01 5.516936920542364930e+01 2.514066752705848273e+02
1.499999999999999944e-01 5.265530245271779819e+01 2.514066752705848273e+02
1.600000000000000033e-01 5.014123570001195418e+01 2.514066752705842589e+02
1.699999999999999845e-01 4.762716894730611017e+01 2.514066752705848273e+02
1.799999999999999933e-01 4.511310219460025905e+01 2.514066752705848273e+02
1.899999999999999745e-01 4.259903544189441504e+01 2.514066752705842589e+02
1.999999999999999833e-01 4.008496868918857103e+01 2.514066752705848273e+02
2.099999999999999922e-01 3.757090193648271992e+01 2.514066752705848273e+02
2.199999999999999734e-01 3.505683518377687591e+01 2.514066752705842589e+02
2.299999999999999822e-01 3.254276843107103900e+01 2.514066752705848273e+02
2.399999999999999911e-01 3.002870167836518078e+01 2.514066752705851684e+02
2.500000000000000000e-01 2.751463492565933322e+01 2.514066752705848273e+02
2.600000000000000089e-01 2.500056817295348566e+01 2.514066752705846852e+02
2.700000000000000178e-01 2.248650142024763809e+01 2.514066752705845715e+02
2.799999999999999711e-01 1.997243466754179408e+01 2.514066752705846852e+02
2.899999999999999800e-01 1.745836791483594652e+01 2.514066752705846852e+02
2.999999999999999889e-01 1.494430116213010074e+01 1.438502163414349013e+02
3.099999999999999423e-01 1.458136358800724786e+01 1.250887012016468987e+02
3.200000000000000067e-01 1.244252713809716226e+01 2.175290501114995152e+02
3.300000000000000155e-01 1.023078258577725919e+01 2.106813026903261061e+02
3.399999999999999689e-01 8.228901084290640711e+00 1.832271906808677215e+02
3.500000000000000333e-01 6.566238772159904258e+00 1.523310690420237847e+02
3.599999999999999867e-01 5.182279703450165087e+00 1.262407218391186348e+02
3.699999999999999956e-01 4.041424335377532095e+00 1.044150964713214051e+02
3.799999999999999489e-01 3.093977774023737304e+00 8.603007944706459398e+01
3.900000000000000133e-01 2.320822746436240092e+00 7.051965253058475014e+01
3.999999999999999667e-01 1.683584723412042239e+00 5.825204522670517804e+01
4.099999999999999756e-01 1.155781841902136398e+00 4.866465378537090913e+01
4.199999999999999845e-01 7.102916477046241628e-01 4.067812191579179171e+01
4.299999999999999933e-01 3.422194035863007078e-01 3.466552337334302081e+01
4.399999999999999467e-01 1.698118023776375163e-02 2.987624663176968554e+01
4.499999999999999556e-01 -2.553055290490929274e-01 2.464844920321834110e+01
4.599999999999999645e-01 -4.759878038266030509e-01 1.874380561191447114e+01
4.699999999999999734e-01 -6.301816412873824103e-01 1.330945760998702632e+01
4.799999999999999822e-01 -7.421769560263435928e-01 9.652801321052008277e+00
4.899999999999999911e-01 -8.232376677084225491e-01 7.293032693403127986e+00
5.000000000000000000e-01 -8.880376098944060548e-01 5.372620057266931148e+00
5.100000000000000089e-01 -9.306900688537611543e-01 3.286479499788883096e+00
5.200000000000000178e-01 -9.537671998901837700e-01 1.797984336337493882e+00
5.299999999999999156e-01 -9.666497555805110276e-01 8.867100218580751259e-01
5.400000000000000355e-01 -9.715014003273452214e-01 4.687876592607261306e-01
5.499999999999999334e-01 -9.760255087657255801e-01 -3.765354210917736810e-01
5.599999999999999423e-01 -9.639706919055097689e-01 -2.281957458871868738e+00
5.699999999999999512e-01 -9.303863595882881921e-01 -3.764818526173685953e+00
5.799999999999999600e-01 -8.886743213820360587e-01 -4.261107765710228534e+00
5.899999999999999689e-01 -8.451642042740836747e-01 -4.362065925667143240e+00
5.999999999999999778e-01 -8.014330028686932339e-01 -4.571586317834526625e+00
6.099999999999999867e-01 -7.537324779173930622e-01 -4.679092360024638353e+00
6.199999999999998845e-01 -7.078511556682004491e-01 -5.000919085256136931e+00
6.300000000000000044e-01 -6.537140962122703902e-01 -5.292900003038354839e+00
6.400000000000000133e-01 -6.019931556074333834e-01 -4.953400246280959429e+00
6.499999999999999112e-01 -5.546460912866512105e-01 -4.808357868861723006e+00
6.600000000000000311e-01 -5.058259982301989144e-01 -5.175733775656152780e+00
6.700000000000000400e-01 -4.511314157735281105e-01 -5.363298672278082435e+00
6.799999999999999378e-01 -3.985600247846372568e-01 -4.888638359300766290e+00
6.899999999999999467e-01 -3.533586485875128136e-01 -4.030380787170672718e+00
7.000000000000000666e-01 -3.179524090412238491e-01 -3.394849798371203153e+00
7.099999999999999645e-01 -2.854616526200887683e-01 -3.167545582319343467e+00
7.199999999999999734e-01 -2.546014973948369509e-01 -3.025476161319393675e+00
7.299999999999998712e-01 -2.249521293937008781e-01 -2.725352152507496406e+00
7.399999999999999911e-01 -2.000944543446870338e-01 -2.216079405969665128e+00
7.500000000000000000e-01 -1.806305412743075822e-01 -1.877466838193110554e+00
7.599999999999998979e-01 -1.625451175808248216e-01 -1.667774432929324258e+00
7.699999999999999067e-01 -1.472750526157211026e-01 -1.486679488136020577e+00
7.800000000000000266e-01 -1.328115278181044023e-01 -1.188534442490170040e+00
7.899999999999999245e-01 -1.235043637659177101e-01 -9.272196643731401844e-01
7.999999999999999334e-01 -1.142671345306416064e-01 -7.606793560620189742e-01
8.100000000000000533e-01 -1.082907766446773307e-01 -5.994848584928198498e-01
8.199999999999999512e-01 -1.022774373607852200e-01 -4.453822414065644608e-01
8.299999999999999600e-01 -9.938313181654603867e-02 -3.924887483195864113e-01
8.399999999999999689e-01 -9.442766239439348563e-02 -4.180282813065834269e-01
8.499999999999999778e-01 -9.102256619041437791e-02 -3.007136326038050145e-01
8.599999999999999867e-01 -8.841338974231738312e-02 -2.560827618811157835e-01
8.699999999999999956e-01 -8.590091095279206446e-02 -1.935150371689942361e-01
8.799999999999998934e-01 -8.454308899893750451e-02 -1.666767367684859336e-01
8.900000000000000133e-01 -8.256737621742234190e-02 -2.254940623764223329e-01
8.999999999999999112e-01 -8.003320775140905508e-02 -3.906631325801121490e-01
9.099999999999999201e-01 -7.475411356582009614e-02 -5.024141044779262266e-01
9.199999999999999289e-01 -6.998492566185053609e-02 -4.964223430268103199e-01
9.299999999999999378e-01 -6.482566670528389086e-02 -5.083932134106963208e-01
9.399999999999999467e-01 -5.981706139363660718e-02 -4.821886161783265345e-01
9.499999999999999556e-01 -5.518189438171736128e-02 -4.723784492172750094e-01
9.599999999999999645e-01 -5.036949240929110977e-02 -5.314928086633115001e-01
9.699999999999999734e-01 -4.455203820845113349e-02 -6.034656599326979620e-01
9.799999999999999822e-01 -3.830017921063715025e-02 -5.299586371180202704e-01
9.899999999999998801e-01 -3.395286546609072725e-02 -3.882373779836483241e-01
1.000000000000000000e+00 -3.053543165096418363e-02 -3.305723125873601953e-01
1.010000000000000009e+00 -2.734141921434352779e-02 -2.862874642810318004e-01
1.020000000000000018e+00 -2.480968236534354665e-02 -2.083074076080291270e-01
1.029999999999999805e+00 -2.317527106218294358e-02 -1.088043206789905404e-01
1.040000000000000036e+00 -2.263359595176373668e-02 -5.953536687421710771e-02
1.050000000000000044e+00 -2.198456372469860184e-02 -5.616487218215387295e-02
1.059999999999999831e+00 -2.151029850812065727e-02 -4.752029757352899120e-02
1.069999999999999840e+00 -2.103415777322802105e-02 -5.477006910726605476e-02
1.080000000000000071e+00 -2.041489712597533562e-02 -9.484759269954065597e-02
1.089999999999999858e+00 -1.913720591923721154e-02 -1.308716331426400536e-01
1.099999999999999867e+00 -1.779746446312253580e-02 -1.398869594694437668e-01
1.109999999999999876e+00 -1.633946672984833495e-02 -1.696511898558050457e-01
1.119999999999999885e+00 -1.440444066600643502e-02 -2.118219873433632716e-01
1.129999999999999893e+00 -1.210302698298106917e-02 -2.378112194450048567e-01
1.139999999999999902e+00 -9.648216277106339001e-03 -2.320504818371721956e-01
1.149999999999999911e+00 -7.462017346237625852e-03 -1.998611536129088762e-01
1.159999999999999920e+00 -5.650993204848160992e-03 -3.471694604109468729e-01
1.169999999999999929e+00 -5.186281380186884195e-04 -2.801453655594695058e-01
1.179999999999999938e+00 -4.808589365877161516e-05 -2.576035304549089203e-02
1.189999999999999947e+00 -3.421077108870624638e-06 -2.404294682938580650e-03
1.199999999999999956e+00 0.000000000000000000e+00 -3.421077108870624554e-04
