0.000000000000000000e+00 1.773694272089831827e+02 6.451597895399937670e+02
1.000000000000000021e-02 1.709178293135832405e+02 6.451597895399925164e+02
2.000000000000000042e-02 1.644662314181833267e+02 6.451597895399913796e+02
2.999999999999999889e-02 1.580146335227834129e+02 6.451597895399913796e+02
4.000000000000000083e-02 1.515630356273834991e+02 6.451597895399913796e+02
4.999999999999999584e-02 1.451114377319835853e+02 6.451597895399913796e+02
5.999999999999999778e-02 1.386598398365836715e+02 6.451597895399925164e+02
6.999999999999999278e-02 1.322082419411837293e+02 6.451597895399913796e+02
8.000000000000000167e-02 1.257566440457838439e+02 6.451597895399913796e+02
8.999999999999999667e-02 1.193050461503839159e+02 6.451597895399913796e+02
9.999999999999999167e-02 1.128534482549840163e+02 6.451597895399913796e+02
1.099999999999999867e-01 1.064018503595840883e+02 6.451597895399925164e+02
1.199999999999999956e-01 9.995025246418417453e+01 6.451597895399913796e+02
1.300000000000000044e-01 9.349865456878426073e+01 6.451597895399919480e+02
1.399999999999999856e-01 8.704705667338433273e+01 6.451597895399919480e+02
1.499999999999999944e-01 8.059545877798441893e+01 6.451597895399913796e+02
1.600000000000000033e-01 7.414386088258450513e+01 6.451597895399913796e+02
1.699999999999999845e-01 6.769226298718459134e+01 6.451597895399919480e+02
1.799999999999999933e-01 6.124066509178466333e+01 6.451597895399919480e+02
1.899999999999999745e-01 5.478906719638475664e+01 6.451597895399913796e+02
1.999999999999999833e-01 4.833746930098484285e+01 6.451597895399913796e+02
2.099999999999999922e-01 4.188587140558492905e+01 6.451597895399917206e+02
2.199999999999999734e-01 3.543427351018500815e+01 6.451597895399917206e+02
2.299999999999999822e-01 2.898267561478509435e+01 6.451597895399927438e+02
2.399999999999999911e-01 2.253107771938515569e+01 6.451597895399928575e+02
2.500000000000000000e-01 1.607947982398523834e+01 6.451597895399916069e+02
2.600000000000000089e-01 9.627881928585324545e+00 6.451597895399914933e+02
2.700000000000000178e-01 3.176284033185408973e+00 4.507210367879163755e+02
2.799999999999999711e-01 6.134611928269956271e-01 1.791072220116624578e+02
2.899999999999999800e-01 -4.058604070478403214e-01 5.769248094313968522e+01
2.999999999999999889e-01 -5.403884260357980640e-01 -5.439010513302399374e+00
3.099999999999999423e-01 -2.970801967817923717e-01 -1.730875190723851631e+01
3.200000000000000067e-01 -1.942133878910277112e-01 3.625905635881347067e+00
3.300000000000000155e-01 -3.695983094994192975e-01 2.603881594470457372e+01
3.399999999999999689e-01 -7.149897067851191945e-01 3.585668354133575519e+01
3.500000000000000333e-01 -1.086731980326134384e+00 3.640734668297242393e+01
3.599999999999999867e-01 -1.443136640444567576e+00 3.001310859491891136e+01
3.699999999999999956e-01 -1.686994152224512433e+00 1.655842627670728717e+01
3.799999999999999489e-01 -1.774305165978713239e+00 1.293409790538464055e+00
3.900000000000000133e-01 -1.712862348035281812e+00 -1.101023694147375309e+01
3.999999999999999667e-01 -1.554100427149238239e+00 -1.685308800020397157e+01
4.099999999999999756e-01 -1.375800588031202309e+00 -1.607092010100123147e+01
4.199999999999999845e-01 -1.232682025129213654e+00 -1.370916389658200174e+01
4.299999999999999933e-01 -1.101617310099562319e+00 -1.342045699290261140e+01
4.399999999999999467e-01 -9.642728852711615062e-01 -1.208776657245039843e+01
4.499999999999999556e-01 -8.598619786505544704e-01 -9.729992997415338962e+00
4.599999999999999645e-01 -7.696730253228547536e-01 -7.045917742563295505e+00
4.699999999999999734e-01 -7.189436237992885559e-01 -3.395395019936883862e+00
4.799999999999999822e-01 -7.017651249241170230e-01 -2.203254181231399933e+00
4.899999999999999911e-01 -6.748785401746605350e-01 -3.659584808993910698e+00
5.000000000000000000e-01 -6.285734287442388268e-01 -2.440790658868534635e+00
5.100000000000000089e-01 -6.260627269972898201e-01 9.975197736806419579e-02
5.200000000000000178e-01 -6.305684682916001815e-01 -7.237566344594249523e-01
5.299999999999999156e-01 -6.115875943081012789e-01 -1.933029779688866467e+00
5.400000000000000355e-01 -5.919078726978228566e-01 -1.147433664300615996e+00
5.499999999999999334e-01 -5.886389210220890345e-01 -1.011537419529105364e+00
5.599999999999999423e-01 -5.716771243072407138e-01 -2.191625390880305169e+00
5.699999999999999512e-01 -5.448064132044828645e-01 -3.163189128744752221e+00
5.799999999999999600e-01 -5.084133417323456472e-01 -5.017273206544251352e+00
5.899999999999999689e-01 -4.444609490735978996e-01 -6.230065407006332379e+00
5.999999999999999778e-01 -3.838120335922190485e-01 -5.150699575186279411e+00
6.099999999999999867e-01 -3.414469575698723114e-01 -3.494288930531950665e+00
6.199999999999998845e-01 -3.139262549815799996e-01 -3.511382146121081238e+00
6.300000000000000044e-01 -2.712193146474506933e-01 -3.916479196791677886e+00
6.400000000000000133e-01 -2.355966710457464697e-01 -3.344681706457263370e+00
6.499999999999999112e-01 -2.043256805183054359e-01 -2.884875026567670364e+00
6.600000000000000311e-01 -1.778991705143930513e-01 -2.421042991120630372e+00
6.700000000000000400e-01 -1.559048206958928151e-01 -2.985060779649109985e+00
6.799999999999999378e-01 -1.181979549214108721e-01 -3.951116332992569813e+00
6.899999999999999467e-01 -7.688249403604142940e-02 -3.006600016873977932e+00
7.000000000000000666e-01 -5.806595458393132292e-02 -5.180604093396777854e-01
7.099999999999999645e-01 -6.652128584924787980e-02 -4.952500266438107368e-01
7.199999999999999734e-01 -4.816095405105511040e-02 -1.897044716865683212e+00
7.299999999999998712e-01 -2.858039151193421390e-02 -1.331041876291525927e+00
7.399999999999999911e-01 -2.154011652522459450e-02 -6.387190093992187734e-01
7.500000000000000000e-01 -1.580601132394984093e-02 -2.407755451845341177e-01
7.599999999999998979e-01 -1.672460562153391117e-02 -8.376876457828939804e-02
7.699999999999999067e-01 -1.413063603238405401e-02 -9.674829941518493792e-02
7.800000000000000266e-01 -1.478963963323021158e-02 1.561006919280941152e-01
7.899999999999999245e-01 -1.725264987094593527e-02 3.399177884675403938e-01
7.999999999999999334e-01 -2.158799540258101932e-02 9.336071189040557119e-03
8.100000000000000533e-01 -1.743937129472674860e-02 -7.376114871788057581e-01
8.199999999999999512e-01 -6.835765659004905924e-03 -3.091222752451529554e-01
8.299999999999999600e-01 -1.125692578982368831e-02 3.236124170138796052e-01
8.399999999999999689e-01 -1.330801399928249751e-02 -1.692970547888899419e-02
8.499999999999999778e-01 -1.091833168024590808e-02 -1.521935874730324934e-01
8.599999999999999867e-01 -1.026414224982184764e-02 -4.388795274435560584e-02
8.699999999999999956e-01 -1.004057262535879708e-02 1.544489412449085164e-01
8.799999999999998934e-01 -1.335312107472001915e-02 1.272434252128459009e-01
8.900000000000000133e-01 -1.258544112961571503e-02 -4.018814569374462575e-02
8.999999999999999112e-01 -1.254935816084512545e-02 1.486038755718954718e-01
9.099999999999999201e-01 -1.555751864105362273e-02 -4.730233938427184232e-02
9.199999999999999289e-01 -1.160331137315968875e-02 -2.906868874506884914e-01
9.299999999999999378e-01 -9.743780892039853939e-03 -1.131420693264967164e-01
9.399999999999999467e-01 -9.340469986629755875e-03 1.075616307560206195e-02
9.499999999999999556e-01 -9.958904153551894484e-03 -2.810338791437475559e-01
9.599999999999999645e-01 -3.719792403754803873e-03 -4.396012396250412735e-01
9.699999999999999734e-01 -1.166879361051069907e-03 1.727395946013326189e-01
9.799999999999999822e-01 -7.174584295781456095e-03 1.551054364694695598e-01
9.899999999999998801e-01 -4.268988090440461146e-03 -5.851224212797095925e-01
1.000000000000000000e+00 4.527864129812733847e-03 -8.666569044605623162e-01
1.010000000000000009e+00 1.306414999877078542e-02 -2.408397150522512686e-01
1.020000000000000018e+00 9.344658430857759671e-03 4.138239947458786649e-01
1.029999999999999805e+00 4.787670103853212435e-03 2.763491909210061270e-01
1.040000000000000036e+00 3.817674612437636696e-03 -1.802823702873341816e-01
1.050000000000000044e+00 8.393317509599896101e-03 -3.526227637936723558e-01
1.059999999999999831e+00 1.087012988831108189e-02 -2.214665473410064866e-01
1.069999999999999840e+00 1.282264845642002576e-02 -1.381116567791303706e-01
1.080000000000000071e+00 1.363236302389369062e-02 -1.106757843839616118e-02
1.089999999999999858e+00 1.304400002518794899e-02 9.833936549843992625e-02
1.099999999999999867e+00 1.166557571392489237e-02 1.408996319060365487e-01
1.109999999999999876e+00 1.022600738706721732e-02 7.361986082005184118e-02
1.119999999999999885e+00 1.019317849752385437e-02 -2.635276954506888744e-02
1.129999999999999893e+00 1.075306277796859479e-02 -1.777241179503454352e-02
1.139999999999999902e+00 1.054862673342454524e-02 1.091953202734488870e-01
1.149999999999999911e+00 8.569156372499617605e-03 1.998267471006342222e-01
1.159999999999999920e+00 6.552091791411861731e-03 3.710901175811430197e-01
1.169999999999999929e+00 1.147354020876758173e-03 3.206972369339186058e-01
1.179999999999999938e+00 1.381470527334896438e-04 5.676824806247943167e-02
1.189999999999999947e+00 1.198905962716957546e-05 6.907352636674482516e-03
1.199999999999999956e+00 0.000000000000000000e+00 1.198905962716957695e-03
