0.000000000000000000e+00 1.397222911328587713e+02 4.698138763076491955e+02
1.000000000000000021e-02 1.350241523697822856e+02 4.698138763076480018e+02
2.000000000000000042e-02 1.303260136067057999e+02 4.698138763076480018e+02
2.999999999999999889e-02 1.256278748436293142e+02 4.698138763076491955e+02
4.000000000000000083e-02 1.209297360805528285e+02 4.698138763076491955e+02
4.999999999999999584e-02 1.162315973174763286e+02 4.698138763076491955e+02
5.999999999999999778e-02 1.115334585543998429e+02 4.698138763076491955e+02
6.999999999999999278e-02 1.068353197913233430e+02 4.698138763076498208e+02
8.000000000000000167e-02 1.021371810282468431e+02 4.698138763076486271e+02
8.999999999999999667e-02 9.743904226517037159e+01 4.698138763076486271e+02
9.999999999999999167e-02 9.274090350209387168e+01 4.698138763076491955e+02
1.099999999999999867e-01 8.804276473901738598e+01 4.698138763076491955e+02
1.199999999999999956e-01 8.334462597594088606e+01 4.698138763076498208e+02
1.300000000000000044e-01 7.864648721286440036e+01 4.698138763076491955e+02
1.399999999999999856e-01 7.394834844978790045e+01 4.698138763076486271e+02
1.499999999999999944e-01 6.925020968671142896e+01 4.698138763076486271e+02
1.600000000000000033e-01 6.455207092363492904e+01 4.698138763076491955e+02
1.699999999999999845e-01 5.985393216055844334e+01 4.698138763076486271e+02
1.799999999999999933e-01 5.515579339748196475e+01 4.698138763076488544e+02
1.899999999999999745e-01 5.045765463440546483e+01 4.698138763076491955e+02
1.999999999999999833e-01 4.575951587132897913e+01 4.698138763076488544e+02
2.099999999999999922e-01 4.106137710825248632e+01 4.698138763076488544e+02
2.199999999999999734e-01 3.636323834517600062e+01 4.698138763076488544e+02
2.299999999999999822e-01 3.166509958209951137e+01 4.698138763076498208e+02
2.399999999999999911e-01 2.696696081902300790e+01 4.698138763076498208e+02
2.500000000000000000e-01 2.226882205594651509e+01 4.698138763076488544e+02
2.600000000000000089e-01 1.757068329287002939e+01 4.698138763076487976e+02
2.700000000000000178e-01 1.287254452979354014e+01 4.698138763076489681e+02
2.799999999999999711e-01 8.174405766717050881e+00 3.522115997223993986e+02
2.899999999999999800e-01 5.828312535345551382e+00 1.942004074547660082e+02
2.999999999999999889e-01 4.290397617621730220e+00 1.334732747936848227e+02
3.099999999999999423e-01 3.158847039471855300e+00 1.014627902118821794e+02
3.200000000000000067e-01 2.261141813384087484e+00 8.208535685381541214e+01
3.300000000000000155e-01 1.517139902395547413e+00 6.844638616430626143e+01
3.399999999999999689e-01 8.922140900979621536e-01 5.786545869252212526e+01
3.500000000000000333e-01 3.598307285451050053e-01 4.951249872151480957e+01
3.599999999999999867e-01 -9.803588433233387245e-02 4.252083789222703558e+01
3.699999999999999956e-01 -4.905860292994355110e-01 3.567440215530425007e+01
3.799999999999999489e-01 -8.115239274384188350e-01 2.826001665268153928e+01
3.900000000000000133e-01 -1.055786362353066332e+00 2.041571936929560138e+01
3.999999999999999667e-01 -1.219838314824330805e+00 1.273924843268169660e+01
4.099999999999999756e-01 -1.310571331006700202e+00 5.797778416680928082e+00
4.199999999999999845e-01 -1.335793883157949447e+00 -2.504418659397619207e-01
4.299999999999999933e-01 -1.305562493687904890e+00 -5.379082548888078463e+00
4.399999999999999467e-01 -1.228212232180187824e+00 -9.384857443125703469e+00
4.499999999999999556e-01 -1.117865344825390794e+00 -1.180478027024118681e+01
4.599999999999999645e-01 -9.921166267753640522e-01 -1.203488214036209669e+01
4.699999999999999734e-01 -8.771677020181489759e-01 -9.827704208201993197e+00
4.799999999999999822e-01 -7.955625426113243082e-01 -5.520043155668880708e+00
4.899999999999999911e-01 -7.667668389047713751e-01 -3.723413450566278593e-01
5.000000000000000000e-01 -7.881157157101916777e-01 3.676376654952901557e+00
5.100000000000000089e-01 -8.402943720038293929e-01 5.456474725414446780e+00
5.200000000000000178e-01 -8.972452102184805822e-01 5.218291610749383302e+00
5.299999999999999156e-01 -9.446602042188170234e-01 4.164462011385031026e+00
5.400000000000000355e-01 -9.805344504461812605e-01 3.216340602145138838e+00
5.499999999999999334e-01 -1.008987016261719827e+00 2.433966466894177838e+00
5.599999999999999423e-01 -1.029213779784064808e+00 1.281485474498747612e+00
5.699999999999999512e-01 -1.034616725751694721e+00 -6.194407322701015461e-01
5.799999999999999600e-01 -1.016824965138662717e+00 -3.149690074725306932e+00
5.899999999999999689e-01 -9.716229242571886582e-01 -5.855022574852138284e+00
5.999999999999999778e-01 -8.997245136416199829e-01 -8.112069727513288697e+00
6.099999999999999867e-01 -8.093815297069227865e-01 -9.572837563703481933e+00
6.199999999999998845e-01 -7.082677623675504019e-01 -1.039192366370420295e+01
6.300000000000000044e-01 -6.015430564328387852e-01 -1.070180775832365683e+01
6.400000000000000133e-01 -4.942316072010772277e-01 -1.050035598218727806e+01
6.499999999999999112e-01 -3.915359367890932085e-01 -9.656435295153324105e+00
6.600000000000000311e-01 -3.011029012980107611e-01 -8.102792006694052418e+00
6.700000000000000400e-01 -2.294800966552121568e-01 -5.899174812824205638e+00
6.799999999999999378e-01 -1.831194050415266561e-01 -3.198051468398647401e+00
6.899999999999999467e-01 -1.655190672872392244e-01 -4.000691967150305506e-01
7.000000000000000666e-01 -1.751180211072260462e-01 1.877151070236299679e+00
7.099999999999999645e-01 -2.030620886919652091e-01 3.324215843586860064e+00
7.199999999999999734e-01 -2.416023379789632441e-01 4.052524370169425794e+00
7.299999999999998712e-01 -2.841125760953537305e-01 4.390085257603753455e+00
7.399999999999999911e-01 -3.294040431310382711e-01 4.523365109935583384e+00
7.500000000000000000e-01 -3.745798782940653604e-01 4.303962063328203413e+00
7.599999999999998979e-01 -4.154832843976023482e-01 3.634891526948277551e+00
7.699999999999999067e-01 -4.472777088330309181e-01 2.801714346407382372e+00
7.800000000000000266e-01 -4.715175713257500067e-01 2.115843540152955171e+00
7.899999999999999245e-01 -4.895945796360899882e-01 1.530360744795192129e+00
7.999999999999999334e-01 -5.021247862216537960e-01 9.204994829522645805e-01
8.100000000000000533e-01 -5.080045692951352665e-01 3.071732517855393918e-01
8.199999999999999512e-01 -5.082682512573646338e-01 -2.457856320834741759e-01
8.299999999999999600e-01 -5.030888566534658102e-01 -7.660633649195650596e-01
8.399999999999999689e-01 -4.929469839589733504e-01 -1.251472560942191281e+00
8.499999999999999778e-01 -4.780594054346219979e-01 -1.722569812029930425e+00
8.599999999999999867e-01 -4.584955877183747308e-01 -2.142413983623074447e+00
8.699999999999999956e-01 -4.352111257621604778e-01 -2.542575207095802980e+00
8.799999999999998934e-01 -4.076440835764586490e-01 -2.989701489645879118e+00
8.900000000000000133e-01 -3.754170959692429421e-01 -3.389861703922608882e+00
8.999999999999999112e-01 -3.398468494980064758e-01 -3.462809245850348994e+00
9.099999999999999201e-01 -3.061609110522359734e-01 -3.043700780627377700e+00
9.199999999999999289e-01 -2.789728338854589595e-01 -2.385084216698812210e+00
9.299999999999999378e-01 -2.584592267182597158e-01 -1.791211105331271147e+00
9.399999999999999467e-01 -2.431486117788335399e-01 -1.369015446158846405e+00
9.499999999999999556e-01 -2.310789177950827999e-01 -1.162130273102780498e+00
9.599999999999999645e-01 -2.199060063167779244e-01 -1.235669336010243091e+00
9.699999999999999734e-01 -2.063655310748779281e-01 -1.503137148150775593e+00
9.799999999999999822e-01 -1.898432633537624203e-01 -1.790171621952156178e+00
9.899999999999998801e-01 -1.705620986358347968e-01 -1.972784854187438430e+00
1.000000000000000000e+00 -1.503875662700136506e-01 -2.054505447346083979e+00
1.010000000000000009e+00 -1.294719896889131305e-01 -2.048159351453509469e+00
1.020000000000000018e+00 -1.094243792409434618e-01 -1.991023166226102870e+00
1.029999999999999805e+00 -8.965152636439106815e-02 -1.898284796633274762e+00
1.040000000000000036e+00 -7.145868330827796766e-02 -1.795041903355355961e+00
1.050000000000000044e+00 -5.375068829728395919e-02 -1.703396166560222191e+00
1.059999999999999831e+00 -3.739075997707352883e-02 -1.621878146900543216e+00
1.069999999999999840e+00 -2.131312535927309265e-02 -1.480697568742771919e+00
1.080000000000000071e+00 -7.776808602218094474e-03 -1.318323722777193119e+00
1.089999999999999858e+00 5.053349096270770384e-03 -1.223128306800222553e+00
1.099999999999999867e+00 1.668575753378635437e-02 -1.132117116918672783e+00
1.109999999999999876e+00 2.769569143464422137e-02 -9.880986560894987614e-01
1.119999999999999885e+00 3.644773065557632696e-02 -7.460758021694019471e-01
1.129999999999999893e+00 4.261720747803225684e-02 -3.932975665264058507e-01
1.139999999999999902e+00 4.431368198610444176e-02 6.612332307988039171e-02
1.149999999999999911e+00 4.129474101643464817e-02 5.036556920644118529e-01
1.159999999999999920e+00 3.424056814481620664e-02 1.529942096354959036e+00
1.169999999999999929e+00 1.069589908933546961e-02 1.642995887941495203e+00
1.179999999999999938e+00 1.380650385986303009e-03 5.288835324290513951e-01
1.189999999999999947e+00 1.182284407544409677e-04 6.903251929931515651e-02
1.199999999999999956e+00 0.000000000000000000e+00 1.182284407544409791e-02
