0.000000000000000000e+00 1.034607505015789002e+02 2.699086738707354698e+02
1.000000000000000021e-02 1.007616637628715495e+02 2.699086738707342761e+02
2.000000000000000042e-02 9.806257702416421296e+01 2.699086738707330824e+02
2.999999999999999889e-02 9.536349028545687645e+01 2.699086738707330824e+02
4.000000000000000083e-02 9.266440354674955415e+01 2.699086738707330824e+02
4.999999999999999584e-02 8.996531680804221764e+01 2.699086738707330824e+02
5.999999999999999778e-02 8.726623006933489535e+01 2.699086738707342761e+02
6.999999999999999278e-02 8.456714333062753042e+01 2.699086738707330824e+02
8.000000000000000167e-02 8.186805659192022233e+01 2.699086738707330824e+02
8.999999999999999667e-02 7.916896985321287161e+01 2.699086738707330824e+02
9.999999999999999167e-02 7.646988311450556353e+01 2.699086738707330824e+02
1.099999999999999867e-01 7.377079637579821281e+01 2.699086738707342761e+02
1.199999999999999956e-01 7.107170963709087630e+01 2.699086738707330824e+02
1.300000000000000044e-01 6.837262289838355400e+01 2.699086738707330824e+02
1.399999999999999856e-01 6.567353615967621749e+01 2.699086738707337076e+02
1.499999999999999944e-01 6.297444942096887388e+01 2.699086738707342761e+02
1.600000000000000033e-01 6.027536268226153027e+01 2.699086738707337076e+02
1.699999999999999845e-01 5.757627594355420086e+01 2.699086738707330824e+02
1.799999999999999933e-01 5.487718920484687146e+01 2.699086738707330824e+02
1.899999999999999745e-01 5.217810246613954206e+01 2.699086738707330824e+02
1.999999999999999833e-01 4.947901572743221266e+01 2.699086738707334234e+02
2.099999999999999922e-01 4.677992898872487615e+01 2.699086738707334234e+02
2.199999999999999734e-01 4.408084225001753964e+01 2.699086738707334234e+02
2.299999999999999822e-01 4.138175551131020313e+01 2.699086738707339919e+02
2.399999999999999911e-01 3.868266877260285952e+01 2.699086738707337076e+02
2.500000000000000000e-01 3.598358203389553012e+01 2.699086738707334234e+02
2.600000000000000089e-01 3.328449529518819361e+01 2.699086738707337076e+02
2.700000000000000178e-01 3.058540855648085710e+01 2.699086738707334234e+02
2.799999999999999711e-01 2.788632181777352770e+01 2.699086738707332529e+02
2.899999999999999800e-01 2.518723507906619474e+01 2.699086738707334234e+02
2.999999999999999889e-01 2.248814834035885823e+01 2.699086738707329687e+02
3.099999999999999423e-01 1.978906160165153594e+01 2.699086738707334234e+02
3.200000000000000067e-01 1.708997486294419232e+01 2.699086738707342761e+02
3.300000000000000155e-01 1.439088812423684871e+01 2.699086738707334234e+02
3.399999999999999689e-01 1.169180138552952464e+01 2.699086738707334234e+02
3.500000000000000333e-01 8.992714646822181024e+00 2.322263261134390007e+02
3.599999999999999867e-01 7.047274863260743594e+00 1.739679403301661580e+02
3.699999999999999956e-01 5.513355840218857828e+00 1.395848720830022387e+02
3.799999999999999489e-01 4.255577421600698962e+00 1.152698773290712353e+02
3.900000000000000133e-01 3.207958293637433567e+00 9.595137043514465347e+01
3.999999999999999667e-01 2.336550012897806283e+00 7.976599816874247040e+01
4.099999999999999756e-01 1.612638330262584407e+00 6.623863979709643957e+01
4.199999999999999845e-01 1.011777216955877634e+00 5.509339073185761038e+01
4.299999999999999933e-01 5.107705156254321865e-01 4.586912068476843274e+01
4.399999999999999467e-01 9.439480326050894710e-02 3.805789786840455236e+01
4.499999999999999556e-01 -2.503874417426588672e-01 3.129763481555619364e+01
4.599999999999999645e-01 -5.315578930506148492e-01 2.543722726926925759e+01
4.699999999999999734e-01 -7.591319871280439724e-01 2.035572270630093783e+01
4.799999999999999822e-01 -9.386723471766336147e-01 1.579665375997071841e+01
4.899999999999999911e-01 -1.075065062327458243e+00 1.158997071636188458e+01
5.000000000000000000e-01 -1.170471761503871333e+00 7.820376627708445660e+00
5.100000000000000089e-01 -1.231472594881627192e+00 4.668968320259844873e+00
5.200000000000000178e-01 -1.263851127909068062e+00 2.075925322256379602e+00
5.299999999999999156e-01 -1.272991101326754748e+00 -5.413912979075324178e-02
5.400000000000000355e-01 -1.262768345313252993e+00 -1.743829962658180577e+00
5.499999999999999334e-01 -1.238114502073591083e+00 -2.998914369580651496e+00
5.599999999999999423e-01 -1.202790057921639955e+00 -3.943295425646406116e+00
5.699999999999999512e-01 -1.159248593560663121e+00 -4.711623646742507887e+00
5.799999999999999600e-01 -1.108557584986789912e+00 -5.335041094439056053e+00
5.899999999999999689e-01 -1.052547771671881849e+00 -5.710498811358818649e+00
5.999999999999999778e-01 -9.943476087596134771e-01 -5.744626103218557489e+00
6.099999999999999867e-01 -9.376552496075107879e-01 -5.460524262470827672e+00
6.199999999999998845e-01 -8.851371235101970214e-01 -5.094931415345468118e+00
6.300000000000000044e-01 -8.357566213006014655e-01 -4.819240796168435814e+00
6.400000000000000133e-01 -7.887523075868282385e-01 -4.667574315513989269e+00
6.499999999999999112e-01 -7.424051349903216801e-01 -4.584847683866992263e+00
6.600000000000000311e-01 -6.970553539094883622e-01 -4.481637228334792944e+00
6.700000000000000400e-01 -6.527723904236257813e-01 -4.261262729261271254e+00
6.799999999999999378e-01 -6.118300993242630215e-01 -3.860982525859495862e+00
6.899999999999999467e-01 -5.755527399064359617e-01 -3.316276843477076408e+00
7.000000000000000666e-01 -5.455045624547214533e-01 -2.757944230957866338e+00
7.099999999999999645e-01 -5.203938552872785506e-01 -2.346317238953247397e+00
7.199999999999999734e-01 -4.985782176756565209e-01 -2.151022781519942750e+00
7.299999999999998712e-01 -4.773733996568797489e-01 -2.069317895158224729e+00
7.399999999999999911e-01 -4.571918597724920486e-01 -1.952549712480378785e+00
7.500000000000000000e-01 -4.383224054072721310e-01 -1.764164937289031787e+00
7.599999999999998979e-01 -4.219085610267114261e-01 -1.517709806291766883e+00
7.699999999999999067e-01 -4.079682092814368444e-01 -1.223437341882301244e+00
7.800000000000000266e-01 -3.974398141890653768e-01 -9.206006539936918420e-01
7.899999999999999245e-01 -3.895561962015629542e-01 -7.332231166490441598e-01
7.999999999999999334e-01 -3.827753518560845225e-01 -7.238217025130057047e-01
8.100000000000000533e-01 -3.750797621513028424e-01 -8.318335414204141021e-01
8.199999999999999512e-01 -3.661386810276762160e-01 -9.793527648525833795e-01
8.299999999999999600e-01 -3.554927068542512170e-01 -1.126755715781986522e+00
8.399999999999999689e-01 -3.436035667120365122e-01 -1.242294851145485879e+00
8.499999999999999778e-01 -3.306468098313414816e-01 -1.335205355697970386e+00
8.599999999999999867e-01 -3.168994595980770823e-01 -1.404310317864729818e+00
8.699999999999999956e-01 -3.025606034740468964e-01 -1.437531833775200552e+00
8.799999999999998934e-01 -2.881488229225730446e-01 -1.425756103400571240e+00
8.900000000000000133e-01 -2.740454814060354627e-01 -1.375318876541500535e+00
8.999999999999999112e-01 -2.606424453917430828e-01 -1.304128529612259335e+00
9.099999999999999201e-01 -2.479629108137902938e-01 -1.228840761025297601e+00
9.199999999999999289e-01 -2.360656301712371063e-01 -1.183095016745964623e+00
9.299999999999999378e-01 -2.243010104788709935e-01 -1.182172895975319271e+00
9.399999999999999467e-01 -2.124221722517307120e-01 -1.205538099489585679e+00
9.499999999999999556e-01 -2.001902484890792921e-01 -1.223013912360874755e+00
9.599999999999999645e-01 -1.879618940045132414e-01 -1.208302835418557875e+00
9.699999999999999734e-01 -1.760241917807081335e-01 -1.158305606973963897e+00
9.799999999999999822e-01 -1.647957818650339634e-01 -1.084361760309002554e+00
9.899999999999998801e-01 -1.543369565745280614e-01 -1.008584239737795762e+00
1.000000000000000000e+00 -1.446240970702780404e-01 -9.493437176972064906e-01
1.010000000000000009e+00 -1.353500822205839504e-01 -9.135896198168405036e-01
1.020000000000000018e+00 -1.263523046739412348e-01 -9.056779066457153471e-01
1.029999999999999805e+00 -1.172365240876696441e-01 -9.162396021599217288e-01
1.040000000000000036e+00 -1.080275126307427974e-01 -9.272240725953252438e-01
1.050000000000000044e+00 -9.869204263576314418e-02 -9.240038335336230313e-01
1.059999999999999831e+00 -8.954743596007033735e-02 -8.952198453426143399e-01
1.069999999999999840e+00 -8.078764572891085349e-02 -8.440463513950506869e-01
1.080000000000000071e+00 -7.266650893216933249e-02 -7.884294484523971525e-01
1.089999999999999858e+00 -6.501905675986291433e-02 -7.456462326562285359e-01
1.099999999999999867e+00 -5.775358427904476316e-02 -7.117464282822748567e-01
1.109999999999999876e+00 -5.078412819421741081e-02 -6.829781141036627146e-01
1.119999999999999885e+00 -4.409402199697150943e-02 -6.603181945371122685e-01
1.129999999999999893e+00 -3.757776430347516822e-02 -6.418107721045458458e-01
1.139999999999999902e+00 -3.125780655488059195e-02 -6.174115655994838470e-01
1.149999999999999911e+00 -2.522953299148548989e-02 -5.836325190930516937e-01
1.159999999999999920e+00 -1.958515617301955641e-02 -9.951851845909452932e-01
1.169999999999999929e+00 -5.325829299666583021e-03 -9.559446300458539492e-01
1.179999999999999938e+00 -4.662635721024784735e-04 -2.644882992805247524e-01
1.189999999999999947e+00 -3.606331405608798312e-05 -2.331317860512392703e-02
1.199999999999999956e+00 0.000000000000000000e+00 -3.606331405608798231e-03
