0.000000000000000000e+00 7.688000593676713379e+01 2.392439870869635001e+02
1.000000000000000021e-02 7.448756606589749651e+01 2.392439870869629317e+02
2.000000000000000042e-02 7.209512619502787345e+01 2.392439870869623348e+02
2.999999999999999889e-02 6.970268632415825039e+01 2.392439870869623348e+02
4.000000000000000083e-02 6.731024645328862732e+01 2.392439870869629317e+02
4.999999999999999584e-02 6.491780658241899005e+01 2.392439870869629317e+02
5.999999999999999778e-02 6.252536671154936698e+01 2.392439870869623348e+02
6.999999999999999278e-02 6.013292684067974392e+01 2.392439870869629317e+02
8.000000000000000167e-02 5.774048696981010664e+01 2.392439870869623348e+02
8.999999999999999667e-02 5.534804709894049779e+01 2.392439870869623348e+02
9.999999999999999167e-02 5.295560722807086051e+01 2.392439870869626475e+02
1.099999999999999867e-01 5.056316735720124456e+01 2.392439870869626475e+02
1.199999999999999956e-01 4.817072748633160728e+01 2.392439870869629317e+02
1.300000000000000044e-01 4.577828761546198422e+01 2.392439870869626475e+02
1.399999999999999856e-01 4.338584774459235405e+01 2.392439870869629317e+02
1.499999999999999944e-01 4.099340787372273098e+01 2.392439870869626475e+02
1.600000000000000033e-01 3.860096800285310792e+01 2.392439870869626475e+02
1.699999999999999845e-01 3.620852813198347775e+01 2.392439870869626475e+02
1.799999999999999933e-01 3.381608826111385468e+01 2.392439870869626475e+02
1.899999999999999745e-01 3.142364839024422452e+01 2.392439870869626475e+02
1.999999999999999833e-01 2.903120851937460145e+01 2.392439870869626475e+02
2.099999999999999922e-01 2.663876864850497128e+01 2.392439870869626475e+02
2.199999999999999734e-01 2.424632877763534822e+01 2.392439870869626475e+02
2.299999999999999822e-01 2.185388890676571805e+01 2.392439870869632443e+02
2.399999999999999911e-01 1.946144903589608433e+01 2.392439870869629317e+02
2.500000000000000000e-01 1.706900916502646126e+01 2.392439870869626475e+02
2.600000000000000089e-01 1.467656929415683109e+01 2.392439870869626759e+02
2.700000000000000178e-01 1.228412942328720803e+01 2.392439870869625622e+02
2.799999999999999711e-01 9.891689552417581410e+00 2.392439870869626475e+02
2.899999999999999800e-01 7.499249681547954793e+00 2.392439870869626475e+02
2.999999999999999889e-01 5.106809810678329065e+00 1.875293866565345979e+02
3.099999999999999423e-01 3.748661948417263190e+00 1.175784618854587080e+02
3.200000000000000067e-01 2.755240572969155366e+00 8.838642902044425398e+01
3.300000000000000155e-01 1.980933368008378270e+00 6.923437868983003796e+01
3.399999999999999689e-01 1.370552999172554243e+00 5.461179646397921772e+01
3.500000000000000333e-01 8.886974387287939203e-01 4.322354996514584258e+01
3.599999999999999867e-01 5.060819998696376443e-01 3.448024989589139722e+01
3.699999999999999956e-01 1.990924408109660815e-01 2.767328524811182078e+01
3.799999999999999489e-01 -4.738370509259874630e-02 2.216523541686635568e+01
3.900000000000000133e-01 -2.442122675263610487e-01 1.740724718559042472e+01
3.999999999999999667e-01 -3.955286488044071902e-01 1.301854260713945166e+01
4.099999999999999756e-01 -5.045831196691500375e-01 8.816007089620933712e+00
4.199999999999999845e-01 -5.718487905968258067e-01 4.766162202046170471e+00
4.299999999999999933e-01 -5.999063637100734425e-01 1.081039124948794949e+00
4.399999999999999467e-01 -5.934695730958017279e-01 -1.935053703925512680e+00
4.499999999999999556e-01 -5.612052896315632422e-01 -4.100771128577148872e+00
4.599999999999999645e-01 -5.114541505242587993e-01 -5.509503654492045932e+00
4.699999999999999734e-01 -4.510152165417223302e-01 -6.350287584532788188e+00
4.799999999999999822e-01 -3.844483988336030444e-01 -6.717392873213112736e+00
4.899999999999999911e-01 -3.166673590774600755e-01 -6.650159866396148090e+00
5.000000000000000000e-01 -2.514452015056800604e-01 -6.279875240212930976e+00
5.100000000000000089e-01 -1.910698542732014726e-01 -5.816885587778470423e+00
5.200000000000000178e-01 -1.351074897501106653e-01 -5.431131716914288532e+00
5.299999999999999156e-01 -8.244721993491570255e-02 -5.167396029239704980e+00
5.400000000000000355e-01 -3.175956916531657431e-02 -4.973524681143721260e+00
5.499999999999999334e-01 1.702327368795872320e-02 -4.688455361230289498e+00
5.599999999999999423e-01 6.200953805928921536e-02 -4.131100737114338450e+00
5.699999999999999512e-01 9.964528843024549054e-02 -3.245406553297388363e+00
5.799999999999999600e-01 1.269176691252369982e-01 -2.133724372798811775e+00
5.899999999999999689e-01 1.423197758862217166e-01 -1.000429133790577296e+00
5.999999999999999778e-01 1.469262518010485408e-01 -5.455537982660863677e-02
6.099999999999999867e-01 1.434108834827538814e-01 5.748202917169306092e-01
6.199999999999998845e-01 1.354298459667099275e-01 8.681895959100320859e-01
6.300000000000000044e-01 1.260470915645532375e-01 9.359807280217122827e-01
6.400000000000000133e-01 1.167102314062756774e-01 9.310991579368718130e-01
6.499999999999999112e-01 1.074251084058158168e-01 9.362090528268945944e-01
6.600000000000000311e-01 9.798605034973778549e-02 9.325638279999528546e-01
6.700000000000000400e-01 8.877383184581676134e-02 8.655231414973869608e-01
6.799999999999999378e-01 8.067558751979005127e-02 7.367893534746748907e-01
6.899999999999999467e-01 7.403804477632326686e-02 5.855576019262306309e-01
7.000000000000000666e-01 6.896443548126543477e-02 4.493849647721907536e-01
7.099999999999999645e-01 6.505034548087944291e-02 3.409169069431852717e-01
7.199999999999999734e-01 6.214609734240172934e-02 2.495848259088114807e-01
7.299999999999998712e-01 6.005864896270322190e-02 1.651130393836652277e-01
7.399999999999999911e-01 5.884383655472842645e-02 5.996407357725327264e-02
7.500000000000000000e-01 5.885936749115815159e-02 -9.302461286335672597e-02
7.599999999999998979e-01 6.070432881199556291e-02 -2.688044309736526971e-01
7.699999999999999067e-01 6.423545611063120886e-02 -4.032745114124181574e-01
7.800000000000000266e-01 6.876981904024392911e-02 -4.690437949400692585e-01
7.899999999999999245e-01 7.361633200943258626e-02 -4.819172263154538061e-01
7.999999999999999334e-01 7.840816356655300190e-02 -4.642204840783807906e-01
8.100000000000000533e-01 8.290074169100020152e-02 -4.328840442987350601e-01
8.199999999999999512e-01 8.706584445252769922e-02 -4.009388407304304014e-01
8.299999999999999600e-01 9.091951850560880954e-02 -3.776179618543472616e-01
8.399999999999999689e-01 9.461820368961464112e-02 -3.687908148450039225e-01
8.499999999999999778e-01 9.829533480250889077e-02 -3.565033562325298222e-01
8.599999999999999867e-01 1.017482708142652403e-01 -3.124551038148647986e-01
8.699999999999999956e-01 1.045444368788061851e-01 -2.281762712552574679e-01
8.799999999999998934e-01 1.063117962393703847e-01 -1.198369655655974197e-01
8.900000000000000133e-01 1.069411761901181285e-01 -9.031781677448388196e-03
8.999999999999999112e-01 1.064924318729193603e-01 8.993824000932680585e-02
9.099999999999999201e-01 1.051424113899315921e-01 1.684533999376863211e-01
9.199999999999999289e-01 1.031233638741656244e-01 2.153085582592773051e-01
9.299999999999999378e-01 1.008362402247460488e-01 2.399014630816786453e-01
9.399999999999999467e-01 9.832533461253205320e-02 2.624048674945909099e-01
9.499999999999999556e-01 9.558814287485423167e-02 2.834961414884260567e-01
9.599999999999999645e-01 9.265541178276354151e-02 2.973613727681667651e-01
9.699999999999999734e-01 8.964091541949090192e-02 3.032245109568476038e-01
9.799999999999999822e-01 8.659092156362657722e-02 3.084139501208776335e-01
9.899999999999998801e-01 8.347263641707335091e-02 3.206064020621385291e-01
1.000000000000000000e+00 8.017879352238381496e-02 3.413609031750050593e-01
1.010000000000000009e+00 7.664541835357324695e-02 3.611832569826005090e-01
1.020000000000000018e+00 7.295512838273179868e-02 3.712651259544161308e-01
1.029999999999999805e+00 6.922011583448492433e-02 3.778971548757137366e-01
1.040000000000000036e+00 6.539718528521752672e-02 3.894828065831457131e-01
1.050000000000000044e+00 6.143045970282200868e-02 4.076846521654860500e-01
1.059999999999999831e+00 5.724349224190780627e-02 4.278717650211503742e-01
1.069999999999999840e+00 5.287302440239900758e-02 4.414472549759079767e-01
1.080000000000000071e+00 4.841454714238965090e-02 4.447529340673085363e-01
1.089999999999999858e+00 4.397796572105283630e-02 4.352544903509272811e-01
1.099999999999999867e+00 3.970945733537110250e-02 4.175114806876146778e-01
1.109999999999999876e+00 3.562773610730054358e-02 4.032726287566245627e-01
1.119999999999999885e+00 3.164400476023861847e-02 3.992469453253926770e-01
1.129999999999999893e+00 2.764279720079268823e-02 4.036237397175114205e-01
1.139999999999999902e+00 2.357152996588838742e-02 4.100561124190298945e-01
1.149999999999999911e+00 1.944167495241208923e-02 4.123861713720935462e-01
1.159999999999999920e+00 1.532380653844651712e-02 7.390343444115723415e-01
1.169999999999999929e+00 4.660988064180643896e-03 7.396569019477942097e-01
1.179999999999999938e+00 5.306684994906323222e-04 2.308600850470640120e-01
1.189999999999999947e+00 4.378636323936353883e-05 2.653342497453161850e-02
1.199999999999999956e+00 0.000000000000000000e+00 4.378636323936354290e-03
