0.000000000000000000e+00 2.081145362881289884e+02 7.359743866813188333e+02
1.000000000000000021e-02 2.007547924213157842e+02 7.359743866813176965e+02
2.000000000000000042e-02 1.933950485545026368e+02 7.359743866813176965e+02
2.999999999999999889e-02 1.860353046876894325e+02 7.359743866813188333e+02
4.000000000000000083e-02 1.786755608208762567e+02 7.359743866813188333e+02
4.999999999999999584e-02 1.713158169540630524e+02 7.359743866813176965e+02
5.999999999999999778e-02 1.639560730872499050e+02 7.359743866813188333e+02
6.999999999999999278e-02 1.565963292204366724e+02 7.359743866813188333e+02
8.000000000000000167e-02 1.492365853536235250e+02 7.359743866813188333e+02
8.999999999999999667e-02 1.418768414868103207e+02 7.359743866813176965e+02
9.999999999999999167e-02 1.345170976199971733e+02 7.359743866813176965e+02
1.099999999999999867e-01 1.271573537531839548e+02 7.359743866813200839e+02
1.199999999999999956e-01 1.197976098863707648e+02 7.359743866813188333e+02
1.300000000000000044e-01 1.124378660195575890e+02 7.359743866813176965e+02
1.399999999999999856e-01 1.050781221527444131e+02 7.359743866813176965e+02
1.499999999999999944e-01 9.771837828593123731e+01 7.359743866813188333e+02
1.600000000000000033e-01 9.035863441911804728e+01 7.359743866813188333e+02
1.699999999999999845e-01 8.299889055230485724e+01 7.359743866813176965e+02
1.799999999999999933e-01 7.563914668549169562e+01 7.359743866813176965e+02
1.899999999999999745e-01 6.827940281867850558e+01 7.359743866813188333e+02
1.999999999999999833e-01 6.091965895186531554e+01 7.359743866813181512e+02
2.099999999999999922e-01 5.355991508505213972e+01 7.359743866813178101e+02
2.199999999999999734e-01 4.620017121823895678e+01 7.359743866813181512e+02
2.299999999999999822e-01 3.884042735142578096e+01 7.359743866813194018e+02
2.399999999999999911e-01 3.148068348461257315e+01 7.359743866813194018e+02
2.500000000000000000e-01 2.412093961779939022e+01 7.359743866813181512e+02
2.600000000000000089e-01 1.676119575098620729e+01 7.359743866813181512e+02
2.700000000000000178e-01 9.401451884173027906e+00 5.354324782157942764e+02
2.799999999999999711e-01 6.052546186670324069e+00 2.750225123448662998e+02
2.899999999999999800e-01 3.901001637275701484e+00 1.848382415846852496e+02
2.999999999999999889e-01 2.355781354976619113e+00 1.353180334744090203e+02
3.099999999999999423e-01 1.194640967787521380e+00 1.030695132884402199e+02
3.200000000000000067e-01 2.943910892078147601e-01 8.073418916316705918e+01
3.300000000000000155e-01 -4.200428154758196198e-01 6.434437924805445164e+01
3.399999999999999689e-01 -9.924964957532741439e-01 5.051929596185890858e+01
3.500000000000000333e-01 -1.430428734712997585e+00 3.637414532028041236e+01
3.599999999999999867e-01 -1.719979402158882342e+00 2.055978710522966324e+01
3.699999999999999956e-01 -1.841624476817590894e+00 3.741997348968500781e+00
3.799999999999999489e-01 -1.794819349138252251e+00 -1.232122870428106154e+01
3.900000000000000133e-01 -1.595199902731969654e+00 -2.554388215638418203e+01
3.999999999999999667e-01 -1.283941706010568673e+00 -3.331816849446003914e+01
4.099999999999999756e-01 -9.288365328427690137e-01 -3.287148188280170302e+01
4.199999999999999845e-01 -6.265120683545347680e-01 -2.431023705893576903e+01
4.299999999999999933e-01 -4.426317916640536976e-01 -1.249525403191721651e+01
4.399999999999999467e-01 -3.766069877161904444e-01 -3.650048041146177979e+00
4.499999999999999556e-01 -3.696308308411301313e-01 -4.840810178785824591e-02
4.599999999999999645e-01 -3.756388256804332748e-01 4.482523783652806459e-01
4.699999999999999734e-01 -3.785958784084357820e-01 2.873825951409885726e-01
4.799999999999999822e-01 -3.813864775832530585e-01 -8.021720565590896579e-02
4.899999999999999911e-01 -3.769915342953175652e-01 -1.110334836835276118e+00
5.000000000000000000e-01 -3.591797808465475028e-01 -2.676636988843633880e+00
5.100000000000000089e-01 -3.234587945184449476e-01 -4.397502832885987978e+00
5.200000000000000178e-01 -2.712297241888277366e-01 -5.881318103174220546e+00
5.299999999999999156e-01 -2.058324324549605233e-01 -6.879386078435717700e+00
5.400000000000000355e-01 -1.336420026201134148e-01 -7.230150114384143123e+00
5.499999999999999334e-01 -6.122943016727765142e-02 -7.004703721964608221e+00
5.599999999999999423e-01 6.452071819178744130e-03 -6.590961153556141205e+00
5.699999999999999512e-01 7.058979290384517769e-02 -6.458688125033497762e+00
5.799999999999999600e-01 1.356258343198487037e-01 -6.529934692014283115e+00
5.899999999999999689e-01 2.011884867441308400e-01 -6.384899381876721236e+00
5.999999999999999778e-01 2.633238219573831307e-01 -5.938151153741870303e+00
6.099999999999999867e-01 3.199515098189682494e-01 -5.225469962044209105e+00
6.199999999999998845e-01 3.678332211982672795e-01 -4.181366832808709688e+00
6.300000000000000044e-01 4.035788464751424165e-01 -2.716998955908167979e+00
6.400000000000000133e-01 4.221732003164306302e-01 -9.228314739532679223e-01
6.499999999999999112e-01 4.220354759542078171e-01 8.377780367705721654e-01
6.600000000000000311e-01 4.054176395810191735e-01 2.289508174743436708e+00
6.700000000000000400e-01 3.762453124593390652e-01 3.394116186934442059e+00
6.799999999999999378e-01 3.375353158423303745e-01 4.138830036158399395e+00
6.899999999999999467e-01 2.934687117361710618e-01 4.488063927247496032e+00
7.000000000000000666e-01 2.477740372973804284e-01 4.554897492883902110e+00
7.099999999999999645e-01 2.023707618784930384e-01 4.549281051649643359e+00
7.199999999999999734e-01 1.567884162643875812e-01 4.628686084989473315e+00
7.299999999999998712e-01 1.097970401787035782e-01 4.789237405569864769e+00
7.399999999999999911e-01 6.100366815299027023e-02 4.936847114354254273e+00
7.500000000000000000e-01 1.106009789161850436e-02 4.915404938987938621e+00
7.599999999999998979e-01 -3.730443062676849081e-02 4.656375639179512582e+00
7.699999999999999067e-01 -8.206741489197173778e-02 4.071505316098446237e+00
7.800000000000000266e-01 -1.187345369487374236e-01 3.161543644978883627e+00
7.899999999999999245e-01 -1.452982877915494075e-01 2.188545229886366350e+00
7.999999999999999334e-01 -1.625054415464647350e-01 1.536409474394940800e+00
8.100000000000000533e-01 -1.760264772794482291e-01 1.363974603705515154e+00
8.199999999999999512e-01 -1.897849336205750526e-01 1.523226113777337742e+00
8.299999999999999600e-01 -2.064909995549949751e-01 1.769761487487742757e+00
8.399999999999999689e-01 -2.251801633703298944e-01 1.900815596802948093e+00
8.499999999999999778e-01 -2.445073114910539247e-01 1.821438253959326348e+00
8.599999999999999867e-01 -2.616089284495164424e-01 1.543574458897250867e+00
8.699999999999999956e-01 -2.753788006689989465e-01 1.117643473286225042e+00
8.799999999999998934e-01 -2.839617979152408989e-01 5.263369746740585997e-01
8.900000000000000133e-01 -2.859055401624800985e-01 -2.021313638969953475e-01
8.999999999999999112e-01 -2.799191706373010402e-01 -1.042749086701117989e+00
9.099999999999999201e-01 -2.650505584284577609e-01 -1.950795368144689679e+00
9.199999999999999289e-01 -2.409032632744072255e-01 -2.800560892369353461e+00
9.299999999999999378e-01 -2.090393405810706817e-01 -3.418930384833661407e+00
9.399999999999999467e-01 -1.725246555777339985e-01 -3.704291619607896990e+00
9.499999999999999556e-01 -1.349535081889127464e-01 -3.697774982437971314e+00
9.599999999999999645e-01 -9.856915592897458334e-02 -3.529983308402801168e+00
9.699999999999999734e-01 -6.435384202085674132e-02 -3.298872983251030178e+00
9.799999999999999822e-01 -3.259169626395399394e-02 -3.062197675931506158e+00
9.899999999999998801e-01 -3.109888502226631699e-03 -2.854225084211688745e+00
1.000000000000000000e+00 2.449280542027977570e-02 -2.637618113053138647e+00
1.010000000000000009e+00 4.964247375883613922e-02 -2.350145284562203063e+00
1.020000000000000018e+00 7.149571111152382141e-02 -1.970881033127652504e+00
1.029999999999999805e+00 8.906009442138917986e-02 -1.480513492274275533e+00
1.040000000000000036e+00 1.011059809570093310e-01 -8.678164619990342832e-01
1.050000000000000044e+00 1.064164236613698716e-01 -1.988020338315314994e-01
1.059999999999999831e+00 1.050820216336399576e-01 4.369574618448125447e-01
1.069999999999999840e+00 9.767727442447361741e-02 9.326906084355994775e-01
1.080000000000000071e+00 8.642820946492797696e-02 1.165142759949596041e+00
1.089999999999999858e+00 7.437441922548169992e-02 1.136224429116436729e+00
1.099999999999999867e+00 6.370372088259923515e-02 9.880865865216603705e-01
1.109999999999999876e+00 5.461268749504848835e-02 8.713428085110505039e-01
1.119999999999999885e+00 4.627686471237823368e-02 8.552428435492838155e-01
1.129999999999999893e+00 3.750783062406281426e-02 9.142852171114399518e-01
1.139999999999999902e+00 2.799116037014943298e-02 9.626305065694183982e-01
1.149999999999999911e+00 1.825522049267444546e-02 9.239116484157554599e-01
1.159999999999999920e+00 9.512927401834325378e-03 8.963734192930901123e-01
1.169999999999999929e+00 3.277521068126471081e-04 4.800106575670795572e-01
1.179999999999999938e+00 -8.728574950726571537e-05 1.714939261800843204e-02
1.189999999999999947e+00 -1.523574554752151123e-05 -4.364287475363286609e-03
1.199999999999999956e+00 0.000000000000000000e+00 -1.523574554752151313e-03
