0.000000000000000000e+00 1.938250032748635761e+02 6.908554485450936227e+02
1.000000000000000021e-02 1.869164487894126410e+02 6.908554485450923721e+02
2.000000000000000042e-02 1.800078943039617343e+02 6.908554485450912352e+02
2.999999999999999889e-02 1.730993398185108276e+02 6.908554485450912352e+02
4.000000000000000083e-02 1.661907853330599210e+02 6.908554485450923721e+02
4.999999999999999584e-02 1.592822308476089859e+02 6.908554485450923721e+02
5.999999999999999778e-02 1.523736763621580508e+02 6.908554485450923721e+02
6.999999999999999278e-02 1.454651218767071157e+02 6.908554485450923721e+02
8.000000000000000167e-02 1.385565673912562090e+02 6.908554485450923721e+02
8.999999999999999667e-02 1.316480129058052739e+02 6.908554485450912352e+02
9.999999999999999167e-02 1.247394584203543957e+02 6.908554485450912352e+02
1.099999999999999867e-01 1.178309039349034606e+02 6.908554485450936227e+02
1.199999999999999956e-01 1.109223494494525255e+02 6.908554485450923721e+02
1.300000000000000044e-01 1.040137949640016046e+02 6.908554485450918037e+02
1.399999999999999856e-01 9.710524047855068375e+01 6.908554485450918037e+02
1.499999999999999944e-01 9.019668599309977708e+01 6.908554485450918037e+02
1.600000000000000033e-01 8.328813150764885620e+01 6.908554485450923721e+02
1.699999999999999845e-01 7.637957702219793532e+01 6.908554485450918037e+02
1.799999999999999933e-01 6.947102253674701444e+01 6.908554485450918037e+02
1.899999999999999745e-01 6.256246805129609356e+01 6.908554485450918037e+02
1.999999999999999833e-01 5.565391356584517979e+01 6.908554485450918037e+02
2.099999999999999922e-01 4.874535908039425891e+01 6.908554485450918037e+02
2.199999999999999734e-01 4.183680459494334514e+01 6.908554485450918037e+02
2.299999999999999822e-01 3.492825010949242426e+01 6.908554485450932816e+02
2.399999999999999911e-01 2.801969562404148206e+01 6.908554485450930542e+02
2.500000000000000000e-01 2.111114113859056474e+01 6.908554485450919174e+02
2.600000000000000089e-01 1.420258665313964563e+01 6.908554485450920311e+02
2.700000000000000178e-01 7.294032167688726531e+00 5.076370916640713631e+02
2.799999999999999711e-01 4.049844819858219758e+00 2.612351131000401665e+02
2.899999999999999800e-01 2.069329905687923077e+00 1.626366344507574411e+02
2.999999999999999889e-01 7.971121308430713093e-01 1.036815887879114229e+02
3.099999999999999423e-01 -4.301870070305718018e-03 6.542727025531809204e+01
3.200000000000000067e-01 -5.114332742632904383e-01 4.432563653501948409e+01
3.300000000000000155e-01 -8.908146007706954084e-01 3.729540373425427902e+01
3.399999999999999689e-01 -1.257341348948376014e+00 3.721468607103926729e+01
3.500000000000000333e-01 -1.635108322191480612e+00 3.565689016148997581e+01
3.599999999999999867e-01 -1.970479152178175264e+00 2.769790433711609978e+01
3.699999999999999956e-01 -2.189066408933802776e+00 1.333855327889042108e+01
3.799999999999999489e-01 -2.237250217755983872e+00 -4.463257817854516141e+00
3.900000000000000133e-01 -2.099801252576712240e+00 -2.165085440373107062e+01
3.999999999999999667e-01 -1.804233129681362291e+00 -3.365462171979348938e+01
4.099999999999999756e-01 -1.426708818180842497e+00 -3.642559909705218502e+01
4.199999999999999845e-01 -1.075721147740318795e+00 -2.959501043375658824e+01
4.299999999999999933e-01 -8.348086095057107858e-01 -1.844805776752086501e+01
4.399999999999999467e-01 -7.067599923899015035e-01 -1.001093985301384315e+01
4.499999999999999556e-01 -6.345898124454339984e-01 -6.499446946879998244e+00
4.599999999999999645e-01 -5.767710534523015076e-01 -4.632188304604349938e+00
4.699999999999999734e-01 -5.419460463533469774e-01 -1.323553050777936946e+00
4.799999999999999822e-01 -5.502999924367427687e-01 2.649428864382231463e+00
4.899999999999999911e-01 -5.949346236409915889e-01 5.307194779997609579e+00
5.000000000000000000e-01 -6.564438880366949558e-01 5.981711036280972671e+00
5.100000000000000089e-01 -7.145688443666110556e-01 4.838649874605461143e+00
5.200000000000000178e-01 -7.532168855288041698e-01 2.436150781003421528e+00
5.299999999999999156e-01 -7.632918599866794773e-01 -5.209113864188822385e-01
5.400000000000000355e-01 -7.427986578004265317e-01 -3.422708458757196315e+00
5.499999999999999334e-01 -6.948376908115355688e-01 -5.855274573217575274e+00
5.599999999999999423e-01 -6.256931663360750795e-01 -7.599405890765514648e+00
5.699999999999999512e-01 -5.428495729962252714e-01 -8.491378845416218013e+00
5.799999999999999600e-01 -4.558655894277506837e-01 -8.588948087127672437e+00
5.899999999999999689e-01 -3.710706112536718559e-01 -8.243955054091106405e+00
5.999999999999999778e-01 -2.909864883459285512e-01 -7.730660055847314638e+00
6.099999999999999867e-01 -2.164574101367255643e-01 -7.074059265999872004e+00
6.199999999999998845e-01 -1.495053030259311244e-01 -6.378920632292490289e+00
6.300000000000000044e-01 -8.887899749087575796e-02 -5.765297327281171391e+00
6.400000000000000133e-01 -3.419935648030771047e-02 -5.221543028864466862e+00
6.499999999999999112e-01 1.555186308641356638e-02 -4.739387495054214305e+00
6.600000000000000311e-01 6.058839342077656370e-02 -4.256177212938766274e+00
6.700000000000000400e-01 1.006754073451888859e-01 -3.638730267317241029e+00
6.799999999999999378e-01 1.333629987671213768e-01 -2.859832108949745599e+00
6.899999999999999467e-01 1.578720495241837940e-01 -1.876007877831111115e+00
7.000000000000000666e-01 1.708831563237435958e-01 -7.160916498336667990e-01
7.099999999999999645e-01 1.721938825208571278e-01 4.380559142680232609e-01
7.199999999999999734e-01 1.621220380383831261e-01 1.455300124918686544e+00
7.299999999999998712e-01 1.430878800224834047e-01 2.185088728662227364e+00
7.399999999999999911e-01 1.184202634651385921e-01 2.544557545198305348e+00
7.500000000000000000e-01 9.219672911851729824e-02 2.580211715607811929e+00
7.599999999999998979e-01 6.681602915298234802e-02 2.421422808500118151e+00
7.699999999999999067e-01 4.376827294851493022e-02 2.226213917600118108e+00
7.800000000000000266e-01 2.229175080097998626e-02 2.148489787819086949e+00
7.899999999999999245e-01 7.984771921331990183e-04 2.208521825926562876e+00
7.999999999999999334e-01 -2.187868571755126681e-02 2.262625172291021780e+00
8.100000000000000533e-01 -4.445402625368723853e-02 2.164857896744249999e+00
8.199999999999999512e-01 -6.517584365243626887e-02 1.891978661966920994e+00
8.299999999999999600e-01 -8.229359949302565702e-02 1.466982635200833274e+00
8.399999999999999689e-01 -9.451549635645292713e-02 8.654092662742897124e-01
8.499999999999999778e-01 -9.960178481851143795e-02 1.511613049029975619e-01
8.599999999999999867e-01 -9.753872245451288003e-02 -4.995940572385680900e-01
8.699999999999999956e-01 -8.960990367374008225e-02 -9.228619346028523740e-01
8.799999999999998934e-01 -7.908148376245584255e-02 -1.103230172125521324e+00
8.900000000000000133e-01 -6.754530023122966298e-02 -1.066112814317109692e+00
8.999999999999999112e-01 -5.775922747611364483e-02 -7.955151216540840009e-01
9.099999999999999201e-01 -5.163499779814798019e-02 -3.767389091043710780e-01
9.199999999999999289e-01 -5.022444929402622438e-02 -8.678925061762115048e-03
9.299999999999999378e-01 -5.146141929691273181e-02 1.611187813109146161e-01
9.399999999999999467e-01 -5.344682492024451642e-02 1.339120386969605558e-01
9.499999999999999556e-01 -5.413966007085194848e-02 6.001628112816143057e-02
9.599999999999999645e-01 -5.464715054280774170e-02 1.313024764047387993e-01
9.699999999999999734e-01 -5.676570959894672308e-02 3.356499846152042887e-01
9.799999999999999822e-01 -6.136015023511182803e-02 4.934944897036306344e-01
9.899999999999998801e-01 -6.663559939301932911e-02 4.691787991478209019e-01
1.000000000000000000e+00 -7.074372621806825079e-02 2.420901330897487769e-01
1.010000000000000009e+00 -7.147740205481431519e-02 -1.598573507161816509e-01
1.020000000000000018e+00 -6.754657920374461388e-02 -6.491045679824135606e-01
1.029999999999999805e+00 -5.849531069516603760e-02 -1.095881082403118212e+00
1.040000000000000036e+00 -4.562895755568225492e-02 -1.382708078932747053e+00
1.050000000000000044e+00 -3.084114911651110111e-02 -1.462301558959314907e+00
1.059999999999999831e+00 -1.638292637649595498e-02 -1.356410348453574333e+00
1.069999999999999840e+00 -3.712942147439616397e-03 -1.119405248511495587e+00
1.080000000000000071e+00 6.005178593733956870e-03 -8.153558582921013320e-01
1.089999999999999858e+00 1.259417501840240892e-02 -5.078202194774809053e-01
1.099999999999999867e+00 1.616158298328357334e-02 -2.445726623294587898e-01
1.109999999999999876e+00 1.748562826499158382e-02 -7.190119542868970981e-02
1.119999999999999885e+00 1.759960689185736601e-02 8.491898635121794894e-03
1.129999999999999893e+00 1.731579029228914879e-02 5.194352799884590505e-02
1.139999999999999902e+00 1.656073633188044972e-02 1.160363164763768135e-01
1.149999999999999911e+00 1.499506396276161294e-02 2.102818876266222270e-01
1.159999999999999920e+00 1.235509857934800546e-02 6.669929585177721831e-01
1.169999999999999929e+00 1.655204792406170158e-03 6.105447780409055669e-01
1.179999999999999938e+00 1.442030185298945799e-04 8.226163655557548748e-02
1.189999999999999947e+00 9.972061294660419925e-06 7.210150926494729266e-03
1.199999999999999956e+00 0.000000000000000000e+00 9.972061294660421009e-04
