0.000000000000000000e+00 6.417192029830520994e+01 1.673715496383821062e+02
1.000000000000000021e-02 6.249820480192138916e+01 1.673715496383827031e+02
2.000000000000000042e-02 6.082448930553755417e+01 1.673715496383832999e+02
2.999999999999999889e-02 5.915077380915372629e+01 1.673715496383832999e+02
4.000000000000000083e-02 5.747705831276989130e+01 1.673715496383832999e+02
4.999999999999999584e-02 5.580334281638605631e+01 1.673715496383832999e+02
5.999999999999999778e-02 5.412962732000222132e+01 1.673715496383835841e+02
6.999999999999999278e-02 5.245591182361838634e+01 1.673715496383832999e+02
8.000000000000000167e-02 5.078219632723455845e+01 1.673715496383832999e+02
8.999999999999999667e-02 4.910848083085072346e+01 1.673715496383832999e+02
9.999999999999999167e-02 4.743476533446689558e+01 1.673715496383829873e+02
1.099999999999999867e-01 4.576104983808306059e+01 1.673715496383832999e+02
1.199999999999999956e-01 4.408733434169922560e+01 1.673715496383832999e+02
1.300000000000000044e-01 4.241361884531539772e+01 1.673715496383832999e+02
1.399999999999999856e-01 4.073990334893156273e+01 1.673715496383832999e+02
1.499999999999999944e-01 3.906618785254772774e+01 1.673715496383832999e+02
1.600000000000000033e-01 3.739247235616389275e+01 1.673715496383832999e+02
1.699999999999999845e-01 3.571875685978006487e+01 1.673715496383832999e+02
1.799999999999999933e-01 3.404504136339622988e+01 1.673715496383832999e+02
1.899999999999999745e-01 3.237132586701239489e+01 1.673715496383832999e+02
1.999999999999999833e-01 3.069761037062856346e+01 1.673715496383832999e+02
2.099999999999999922e-01 2.902389487424473202e+01 1.673715496383832999e+02
2.199999999999999734e-01 2.735017937786089703e+01 1.673715496383831578e+02
2.299999999999999822e-01 2.567646388147706915e+01 1.673715496383834704e+02
2.399999999999999911e-01 2.400274838509323061e+01 1.673715496383835841e+02
2.500000000000000000e-01 2.232903288870939562e+01 1.673715496383832999e+02
2.600000000000000089e-01 2.065531739232556419e+01 1.673715496383832999e+02
2.700000000000000178e-01 1.898160189594172920e+01 1.673715496383831578e+02
2.799999999999999711e-01 1.730788639955790131e+01 1.673715496383831578e+02
2.899999999999999800e-01 1.563417090317406810e+01 1.673715496383832999e+02
2.999999999999999889e-01 1.396045540679023489e+01 1.673715496383830725e+02
3.099999999999999423e-01 1.228673991040640701e+01 1.673715496383832999e+02
3.200000000000000067e-01 1.061302441402257024e+01 1.673715496383838115e+02
3.300000000000000155e-01 8.939308917638729923e+00 1.673715496383832999e+02
3.399999999999999689e-01 7.265593421254903816e+00 2.127365805140497628e+02
3.500000000000000333e-01 4.684577307357735698e+00 2.344265566691347829e+02
3.599999999999999867e-01 2.577062287872208035e+00 1.863418914153650405e+02
3.699999999999999956e-01 9.577394790504353272e-01 1.401892228508054075e+02
3.799999999999999489e-01 -2.267221691439000042e-01 1.006639063693306042e+02
3.900000000000000133e-01 -1.055538648336176388e+00 6.852142726500588310e+01
3.999999999999999667e-01 -1.597150714444017572e+00 4.311247428941280901e+01
4.099999999999999756e-01 -1.917788134124432498e+00 2.407055106667977995e+01
4.199999999999999845e-01 -2.078561735777613162e+00 1.117318380237438191e+01
4.299999999999999933e-01 -2.141251810171920233e+00 3.637933468865962361e+00
4.399999999999999467e-01 -2.151320405154932391e+00 -5.064481338430601998e-01
4.499999999999999556e-01 -2.131122847495058981e+00 -3.483660586690329630e+00
4.599999999999999645e-01 -2.081647193421126030e+00 -6.341668356907436355e+00
4.699999999999999734e-01 -2.004289480356910236e+00 -8.765922383617843039e+00
4.799999999999999822e-01 -1.906328745748768982e+00 -1.024486012454965866e+01
4.899999999999999911e-01 -1.799392277865917045e+00 -1.073326654693572912e+01
5.000000000000000000e-01 -1.691663414810054444e+00 -1.065927843562111121e+01
5.100000000000000089e-01 -1.586206709153494820e+00 -1.031532626882529691e+01
5.200000000000000178e-01 -1.485356889433548488e+00 -9.444859460494917869e+00
5.299999999999999156e-01 -1.397309519943596534e+00 -7.634148818564121086e+00
5.400000000000000355e-01 -1.332673913062266013e+00 -5.190980085344870432e+00
5.499999999999999334e-01 -1.293489918236699010e+00 -2.756507143147416627e+00
5.599999999999999423e-01 -1.277543770199317752e+00 -7.616380383406164967e-01
5.699999999999999512e-01 -1.278257157469886662e+00 2.839332468316084768e-01
5.799999999999999600e-01 -1.283222435135949802e+00 -5.396770416833815420e-02
5.899999999999999689e-01 -1.277177803386519983e+00 -1.578688686372470729e+00
5.999999999999999778e-01 -1.251648661408500507e+00 -3.441416542792677724e+00
6.099999999999999867e-01 -1.208349472530666491e+00 -4.754360758607241166e+00
6.199999999999998845e-01 -1.156561446236355595e+00 -5.346496831664391713e+00
6.300000000000000044e-01 -1.101419535897378621e+00 -5.430637414353482129e+00
6.400000000000000133e-01 -1.047948697949286023e+00 -5.137657470177013685e+00
6.499999999999999112e-01 -9.986663864938383206e-01 -4.725394622293676683e+00
6.600000000000000311e-01 -9.534408055034124807e-01 -4.377886598634904480e+00
6.700000000000000400e-01 -9.111086545211403154e-01 -3.951631764104389433e+00
6.799999999999999378e-01 -8.744081702213246654e-01 -3.412867499931770077e+00
6.899999999999999467e-01 -8.428513045225048961e-01 -2.844646093237160667e+00
7.000000000000000666e-01 -8.175152483565815142e-01 -2.326256037194167181e+00
7.099999999999999645e-01 -7.963261837786215214e-01 -2.025097176216233752e+00
7.199999999999999734e-01 -7.770133048322568348e-01 -2.068937813503438417e+00
7.299999999999998712e-01 -7.549474275085528152e-01 -2.380089726597575339e+00
7.399999999999999911e-01 -7.294115103003052658e-01 -2.832344942325756065e+00
7.500000000000000000e-01 -6.983005286620376229e-01 -3.417427808871293493e+00
7.599999999999998979e-01 -6.610629541228794093e-01 -4.034048611451305888e+00
7.699999999999999067e-01 -6.176195564330115850e-01 -4.394183181747199463e+00
7.800000000000000266e-01 -5.731792904879354777e-01 -4.172893319306905546e+00
7.899999999999999245e-01 -5.341616900468734164e-01 -3.433111688985079457e+00
7.999999999999999334e-01 -5.045170567082338797e-01 -2.490954076646658244e+00
8.100000000000000533e-01 -4.843426085139402870e-01 -1.623562552114025559e+00
8.199999999999999512e-01 -4.720458056659533885e-01 -1.030518493653692857e+00
8.299999999999999600e-01 -4.637322386408664343e-01 -8.526608657535039715e-01
8.399999999999999689e-01 -4.549925883508832980e-01 -1.000576107012972615e+00
8.499999999999999778e-01 -4.437207165006069598e-01 -1.354787217601717497e+00
8.599999999999999867e-01 -4.278968439988489747e-01 -1.824821121312905969e+00
8.699999999999999956e-01 -4.072242940743488471e-01 -2.345952791712349494e+00
8.799999999999998934e-01 -3.809777881646019826e-01 -2.889753251120324329e+00
8.900000000000000133e-01 -3.494292290519424027e-01 -3.439722913312353469e+00
8.999999999999999112e-01 -3.121833298983548999e-01 -4.004902455905120284e+00
9.099999999999999201e-01 -2.693311799338399815e-01 -4.581893414336377646e+00
9.199999999999999289e-01 -2.205454616116273581e-01 -5.102599908398051554e+00
9.299999999999999378e-01 -1.672791817658789704e-01 -5.466936142387785580e+00
9.399999999999999467e-01 -1.112067387638716459e-01 -5.543299081237005765e+00
9.499999999999999556e-01 -5.641320014113884729e-02 -5.167282330734265905e+00
9.599999999999999645e-01 -7.861092149186338709e-03 -4.360990601810816436e+00
9.699999999999999734e-01 3.080661189507747158e-02 -3.305639590765968805e+00
9.799999999999999822e-01 5.825169966613303468e-02 -2.173776000124345575e+00
9.899999999999998801e-01 7.428213189756437129e-02 -1.078109406366963396e+00
1.000000000000000000e+00 7.981388779347230178e-02 -1.037920241996017207e-01
1.010000000000000009e+00 7.635797238155640765e-02 6.941215429555143146e-01
1.020000000000000018e+00 6.593145693436201771e-02 1.265176015989086578e+00
1.029999999999999805e+00 5.105445206177468276e-02 1.551078897288009406e+00
1.040000000000000036e+00 3.490987898860183763e-02 1.533584218660213327e+00
1.050000000000000044e+00 2.038276768857041205e-02 1.281774108324263084e+00
1.059999999999999831e+00 9.274396822116576927e-03 9.453462758128445831e-01
1.069999999999999840e+00 1.475842172313517834e-03 6.320670550377290864e-01
1.080000000000000071e+00 -3.366944278638005217e-03 3.601431613456472225e-01
1.089999999999999858e+00 -5.727021054599425350e-03 1.323408894063914376e-01
1.099999999999999867e+00 -6.013762066765833934e-03 -3.562874380481247105e-02
1.109999999999999876e+00 -5.014446178503176310e-03 -1.292648863282454819e-01
1.119999999999999885e+00 -3.428464340200924713e-03 -1.336368606462207398e-01
1.129999999999999893e+00 -2.341708965578761549e-03 -5.872842896717109934e-02
1.139999999999999902e+00 -2.253895760857502987e-03 4.699759448937827072e-02
1.149999999999999911e+00 -3.281660855366326859e-03 1.266843224524054623e-01
1.159999999999999920e+00 -4.787582209905612285e-03 -1.657594366540967867e-01
1.169999999999999929e+00 3.352787771560854002e-05 -2.387881982315134821e-01
1.179999999999999938e+00 -1.181824527534243488e-05 2.029751371557045759e-03
1.189999999999999947e+00 -7.067149715532370890e-06 -5.909122637671218288e-04
1.199999999999999956e+00 0.000000000000000000e+00 -7.067149715532371635e-04
