0.000000000000000000e+00 1.497953176582623485e+02 4.912457401437873727e+02
1.000000000000000021e-02 1.448828602568244719e+02 4.912457401437885665e+02
2.000000000000000042e-02 1.399704028553865669e+02 4.912457401437885665e+02
2.999999999999999889e-02 1.350579454539486903e+02 4.912457401437885665e+02
4.000000000000000083e-02 1.301454880525107853e+02 4.912457401437885665e+02
4.999999999999999584e-02 1.252330306510729230e+02 4.912457401437885665e+02
5.999999999999999778e-02 1.203205732496350180e+02 4.912457401437897602e+02
6.999999999999999278e-02 1.154081158481971272e+02 4.912457401437885665e+02
8.000000000000000167e-02 1.104956584467592506e+02 4.912457401437885665e+02
8.999999999999999667e-02 1.055832010453213599e+02 4.912457401437885665e+02
9.999999999999999167e-02 1.006707436438834833e+02 4.912457401437885665e+02
1.099999999999999867e-01 9.575828624244559251e+01 4.912457401437891917e+02
1.199999999999999956e-01 9.084582884100770173e+01 4.912457401437885665e+02
1.300000000000000044e-01 8.593337143956981095e+01 4.912457401437885665e+02
1.399999999999999856e-01 8.102091403813193438e+01 4.912457401437885665e+02
1.499999999999999944e-01 7.610845663669404360e+01 4.912457401437885665e+02
1.600000000000000033e-01 7.119599923525616703e+01 4.912457401437885665e+02
1.699999999999999845e-01 6.628354183381827625e+01 4.912457401437885665e+02
1.799999999999999933e-01 6.137108443238039257e+01 4.912457401437885665e+02
1.899999999999999745e-01 5.645862703094250179e+01 4.912457401437885665e+02
1.999999999999999833e-01 5.154616962950461811e+01 4.912457401437885665e+02
2.099999999999999922e-01 4.663371222806673444e+01 4.912457401437885665e+02
2.199999999999999734e-01 4.172125482662885076e+01 4.912457401437882254e+02
2.299999999999999822e-01 3.680879742519096709e+01 4.912457401437891917e+02
2.399999999999999911e-01 3.189634002375306565e+01 4.912457401437894191e+02
2.500000000000000000e-01 2.698388262231518198e+01 4.912457401437885665e+02
2.600000000000000089e-01 2.207142522087729475e+01 4.912457401437885665e+02
2.700000000000000178e-01 1.715896781943941107e+01 4.912457401437884528e+02
2.799999999999999711e-01 1.224651041800152740e+01 4.912457401437884528e+02
2.899999999999999800e-01 7.334053016563641947e+00 3.742760093587243659e+02
2.999999999999999889e-01 4.760990230827040648e+00 2.084773689438179360e+02
3.099999999999999423e-01 3.164505637687283546e+00 1.304790965184481308e+02
3.200000000000000067e-01 2.151408300458077960e+00 8.127512921451598515e+01
3.300000000000000155e-01 1.539003053396964082e+00 4.731818259385253356e+01
3.399999999999999689e-01 1.205044648581027333e+00 2.517117837825487214e+01
3.500000000000000333e-01 1.035579485831866542e+00 1.440705163234162711e+01
3.599999999999999867e-01 9.169036159341948933e-01 1.357119259801342359e+01
3.699999999999999956e-01 7.641556338715981278e-01 1.833307239760694785e+01
3.799999999999999489e-01 5.502421679820559408e-01 2.343059577822834072e+01
3.900000000000000133e-01 2.955437183070314111e-01 2.589925398798330392e+01
3.999999999999999667e-01 3.225708822238983892e-02 2.528915461261179232e+01
4.099999999999999756e-01 -2.102393739452044219e-01 2.192244112842886139e+01
4.199999999999999845e-01 -4.061917343461873275e-01 1.658602722120162909e+01
4.299999999999999933e-01 -5.419599183692369593e-01 1.063508978876022759e+01
4.399999999999999467e-01 -6.188935301213918105e-01 5.479233416321962480e+00
4.499999999999999556e-01 -6.515445866956762755e-01 2.402866259316269293e+00
4.599999999999999645e-01 -6.669508553077172497e-01 2.126309036927626295e+00
4.699999999999999734e-01 -6.940707674342287969e-01 4.413184562304893532e+00
4.799999999999999822e-01 -7.552145465538151470e-01 8.058945836402347851e+00
4.899999999999999911e-01 -8.552496841622757584e-01 1.135692185520693975e+01
5.000000000000000000e-01 -9.823529836579538710e-01 1.253551457636001309e+01
5.100000000000000089e-01 -1.105959975689476016e+00 1.062685135411943627e+01
5.200000000000000178e-01 -1.194890010740342623e+00 5.824548380697842198e+00
5.299999999999999156e-01 -1.222450943303432735e+00 -1.101561564323846554e+00
5.400000000000000355e-01 -1.172858779453865630e+00 -9.116532582438926724e+00
5.499999999999999334e-01 -1.040120291654654361e+00 -1.681073232301364939e+01
5.599999999999999423e-01 -8.366441329935926374e-01 -2.243248886233577011e+01
5.699999999999999512e-01 -5.914705144079388521e-01 -2.430396505092219073e+01
5.799999999999999600e-01 -3.505648319751488717e-01 -2.182428995852799147e+01
5.899999999999999689e-01 -1.549847152373790837e-01 -1.632774145468669502e+01
5.999999999999999778e-01 -2.401000288141500946e-02 -1.040259149924975723e+01
6.099999999999999867e-01 5.306711474761604402e-02 -6.098986747216667226e+00
6.199999999999998845e-01 9.796973206291834102e-02 -3.674016762769187316e+00
6.300000000000000044e-01 1.265474500029997729e-01 -2.436732702204000844e+00
6.400000000000000133e-01 1.467043861069983468e-01 -1.760233907492030347e+00
6.499999999999999112e-01 1.617521281528403743e-01 -1.217055639133836964e+00
6.600000000000000311e-01 1.710454988896751016e-01 -4.994776134288448355e-01
6.700000000000000400e-01 1.717416804214172699e-01 4.177539337509559858e-01
6.799999999999999378e-01 1.626904202146559619e-01 1.396965765323084252e+00
6.899999999999999467e-01 1.438023651149556159e-01 2.314860976801508929e+00
7.000000000000000666e-01 1.163932006786257967e-01 3.143064649220127293e+00
7.099999999999999645e-01 8.094107213055305727e-02 3.865761968760490497e+00
7.199999999999999734e-01 3.907796130341599505e-02 4.416729819455470718e+00
7.299999999999998712e-01 -7.393524258556349350e-03 4.625207506343094188e+00
7.399999999999999911e-01 -5.342618882344588732e-02 4.298221127786685969e+00
7.500000000000000000e-01 -9.335794681429006314e-02 3.394747537432944551e+00
7.599999999999998979e-01 -1.213211395721047747e-01 2.061017996526866458e+00
7.699999999999999067e-01 -1.345783067448274029e-01 5.178392629278788517e-01
7.800000000000000266e-01 -1.316779248306623462e-01 -1.041548457932840455e+00
7.899999999999999245e-01 -1.137473375861705743e-01 -2.426480781890848260e+00
7.999999999999999334e-01 -8.314830919284539601e-02 -3.411229138679948036e+00
8.100000000000000533e-01 -4.552275481257161971e-02 -3.882376696242805014e+00
8.199999999999999512e-01 -5.500775267989298570e-03 -3.932209487376785439e+00
8.299999999999999600e-01 3.312143493496407659e-02 -3.694878876685981695e+00
8.399999999999999689e-01 6.839680226573031929e-02 -3.195774996854026551e+00
8.499999999999999778e-01 9.703693487204459456e-02 -2.448621995853832001e+00
8.599999999999999867e-01 1.173692421828069626e-01 -1.555441205068820443e+00
8.699999999999999956e-01 1.281457589734210090e-01 -6.276605530249065312e-01
8.799999999999998934e-01 1.299224532433050916e-01 1.879173952015283644e-01
8.900000000000000133e-01 1.243874110693904411e-01 7.444239974027129225e-01
8.999999999999999112e-01 1.150339732952508354e-01 1.023618928873425205e+00
9.099999999999999201e-01 1.039150324919219381e-01 1.155435918431219733e+00
9.199999999999999289e-01 9.192525492662644016e-02 1.212800730359193002e+00
9.299999999999999378e-01 7.965901788473807310e-02 1.197112949162506546e+00
9.399999999999999467e-01 6.798299594337631202e-02 1.096224101732038880e+00
9.499999999999999556e-01 5.773453585009729466e-02 8.971910815910376646e-01
9.599999999999999645e-01 5.003917431155556483e-02 5.908394597497789169e-01
9.699999999999999734e-01 4.591774665510171827e-02 2.353850714311880032e-01
9.799999999999999822e-01 4.533147288293180865e-02 -7.519790199402941189e-02
9.899999999999998801e-01 4.742170469498230984e-02 -2.894235953085039781e-01
1.000000000000000000e+00 5.111994478910188849e-02 -4.189866001009554530e-01
1.010000000000000009e+00 5.580143669700141779e-02 -4.919523799334443726e-01
1.020000000000000018e+00 6.095899238777077733e-02 -5.291555223809221165e-01
1.029999999999999805e+00 6.638454714461985984e-02 -5.276125494627130763e-01
1.040000000000000036e+00 7.151124337702503830e-02 -4.253267578543317162e-01
1.050000000000000044e+00 7.489108230170649083e-02 -1.739594966981972968e-01
1.059999999999999831e+00 7.499043331098897980e-02 1.872192419421951637e-01
1.069999999999999840e+00 7.114669746286259033e-02 5.650723828292402162e-01
1.080000000000000071e+00 6.368898565440417325e-02 8.959627690239011510e-01
1.089999999999999858e+00 5.322744208238456426e-02 1.142857543477450388e+00
1.099999999999999867e+00 4.083183478485517132e-02 1.274134948316545612e+00
1.109999999999999876e+00 2.774474311605365506e-02 1.277331137369205782e+00
1.119999999999999885e+00 1.528521203747105865e-02 1.166142865834844500e+00
1.129999999999999893e+00 4.421885799356770411e-03 9.664417088781610543e-01
1.139999999999999902e+00 -4.043622140092160283e-03 7.013379655353209063e-01
1.149999999999999911e+00 -9.604873511349650006e-03 3.972127769886708570e-01
1.159999999999999920e+00 -1.198787767986557798e-02 -1.481708011323839835e-01
1.169999999999999929e+00 -6.641457488701970301e-03 -5.310518094678808865e-01
1.179999999999999938e+00 -1.366841490507960137e-03 -3.257781902561819320e-01
1.189999999999999947e+00 -1.258936835783320911e-04 -6.834207452539800554e-02
1.199999999999999956e+00 0.000000000000000000e+00 -1.258936835783321107e-02
