0.000000000000000000e+00 1.198606639705193265e+04 1.865970771343198430e+05
1.000000000000000021e-02 1.012009562570873459e+04 1.721705319964005321e+05
2.000000000000000042e-02 8.542655757123922740e+03 1.455404566025180393e+05
2.999999999999999889e-02 7.209286493658373729e+03 1.230144758053984697e+05
4.000000000000000083e-02 6.082366241015953165e+03 1.039612654789683438e+05
4.999999999999999584e-02 5.130061184079007035e+03 8.784652287980659457e+04
5.999999999999999778e-02 4.325435783419821746e+03 7.421806396899979154e+04
6.999999999999999278e-02 3.645699904699011313e+03 6.269320921690756950e+04
8.000000000000000167e-02 3.071571599081670229e+03 5.294810651495878119e+04
8.999999999999999667e-02 2.586737774399835871e+03 4.470869376537358767e+04
9.999999999999999167e-02 2.177397723774198766e+03 3.774304938432647759e+04
1.099999999999999867e-01 1.831876786713306501e+03 3.185491760803203579e+04
1.199999999999999956e-01 1.540299371613557923e+03 2.687822821082611335e+04
1.300000000000000044e-01 1.294312222496784216e+03 2.267245794059618856e+04
1.399999999999999856e-01 1.086850212801634143e+03 1.911870442106632981e+04
1.499999999999999944e-01 9.119381340754575831e+02 1.611636311527927683e+04
1.600000000000000033e-01 7.645229504960486793e+02 1.358031474269851788e+04
1.699999999999999845e-01 6.403318392214872574e+02 1.143854476144228283e+04
1.799999999999999933e-01 5.357520552672029908e+02 9.630128563186959582e+03
1.899999999999999745e-01 4.477292679577481067e+02 8.103526216398771794e+03
1.999999999999999833e-01 3.736815309392275708e+02 6.815139217465186448e+03
2.099999999999999922e-01 3.114264836084444141e+02 5.728089009148689001e+03
2.199999999999999734e-01 2.591197507562537794e+02 4.811183204855496115e+03
2.299999999999999822e-01 2.152028195113344964e+02 4.038040687568828162e+03
2.399999999999999911e-01 1.783589370048772196e+02 3.386351179593954839e+03
2.500000000000000000e-01 1.474757959194554076e+02 2.837248626794088068e+03
2.600000000000000089e-01 1.216139644689954622e+02 2.374780913126251562e+03
2.700000000000000178e-01 9.998017765693037973e+01 1.985461106355046013e+03
2.799999999999999711e-01 8.190474234189453284e+01 1.657887708610617210e+03
2.899999999999999800e-01 6.682242348471802984e+01 1.382423309262340126e+03
2.999999999999999889e-01 5.425627615664773629e+01 1.150922665983168599e+03
3.099999999999999423e-01 4.380397016505466468e+01 1.317414143960076444e+03
3.200000000000000067e-01 2.790799327744620939e+01 1.422456599831500625e+03
3.300000000000000155e-01 1.535483816842465288e+01 1.021415563691091165e+03
3.399999999999999689e-01 7.479682003624388287e+00 4.281036950697313159e+02
3.500000000000000333e-01 6.792764267030027447e+00 1.398094797218926431e+02
3.599999999999999867e-01 4.683492409186535532e+00 1.137992581022692065e+02
3.699999999999999956e-01 4.516779104984643745e+00 3.347782907818027098e+01
3.799999999999999489e-01 4.013935827622930219e+00 5.370316992991381966e+01
3.900000000000000133e-01 3.442715706386366925e+00 5.627023007412132216e+01
3.999999999999999667e-01 2.888531226140503616e+00 5.355575377208221965e+01
4.099999999999999756e-01 2.371600630944722621e+00 4.939559994483104077e+01
4.199999999999999845e-01 1.900619227243883103e+00 4.502278490973115765e+01
4.299999999999999933e-01 1.471144932750099610e+00 4.153434092112513554e+01
4.399999999999999467e-01 1.069932408821380632e+00 3.871958228813443981e+01
4.499999999999999556e-01 6.967532869874107915e-01 3.553350111095561203e+01
4.599999999999999645e-01 3.592623866022683354e-01 3.185356869933760038e+01
4.699999999999999734e-01 5.968191300065882332e-02 2.826613547367649204e+01
4.799999999999999822e-01 -2.060603228712615254e-01 2.521915338443412935e+01
4.899999999999999911e-01 -4.447011546880237365e-01 2.252901702886407165e+01
5.000000000000000000e-01 -6.566406634485428828e-01 1.961217339154664785e+01
5.100000000000000089e-01 -8.369446225189567379e-01 1.665655045133915380e+01
5.200000000000000178e-01 -9.897716724753259365e-01 1.442534194928892255e+01
5.299999999999999156e-01 -1.125451461504735073e+00 1.278800828618003216e+01
5.400000000000000355e-01 -1.245531838198926655e+00 1.093464394268137774e+01
5.499999999999999334e-01 -1.344144340358362610e+00 8.676036713398994848e+00
5.599999999999999423e-01 -1.419052572466906526e+00 6.502559052688505759e+00
5.699999999999999512e-01 -1.474195521412132726e+00 4.749015801622888944e+00
5.799999999999999600e-01 -1.514032888499364349e+00 3.352800646488359959e+00
5.899999999999999689e-01 -1.541251534341899987e+00 2.236119074941408602e+00
5.999999999999999778e-01 -1.558755269998192361e+00 1.279313644131925276e+00
6.099999999999999867e-01 -1.566837807224538359e+00 1.454730003287786344e-01
6.199999999999998845e-01 -1.561664730004767909e+00 -1.215156845453698731e+00
6.300000000000000044e-01 -1.542534670315464540e+00 -2.314537520242103241e+00
6.400000000000000133e-01 -1.515373979599925924e+00 -2.864191961314848101e+00
6.499999999999999112e-01 -1.485250831089167445e+00 -3.203086576942516306e+00
6.600000000000000311e-01 -1.451312248061075616e+00 -3.796790538447598617e+00
6.700000000000000400e-01 -1.409315020320215606e+00 -4.670367648466857702e+00
6.799999999999999378e-01 -1.357904895091738506e+00 -5.549396801536710555e+00
6.899999999999999467e-01 -1.298327084289481403e+00 -6.311383537468985061e+00
7.000000000000000666e-01 -1.231677224342358823e+00 -6.914681344221991210e+00
7.099999999999999645e-01 -1.160033457405041490e+00 -7.224129774352509692e+00
7.199999999999999734e-01 -1.087194628855308487e+00 -7.292992309840208520e+00
7.299999999999998712e-01 -1.014173611208237347e+00 -7.398151460519651224e+00
7.399999999999999911e-01 -9.392315996449155380e-01 -7.579171726753713756e+00
7.500000000000000000e-01 -8.625901766731630671e-01 -7.573664498461889494e+00
7.599999999999998979e-01 -7.877583096756777259e-01 -7.260685708493607393e+00
7.699999999999999067e-01 -7.173764625032910125e-01 -6.780938700541999431e+00
7.800000000000000266e-01 -6.521395356648377328e-01 -6.252910336332750951e+00
7.899999999999999245e-01 -5.923182557766359935e-01 -5.765933705270597009e+00
7.999999999999999334e-01 -5.368208615594258770e-01 -5.476522864612557662e+00
8.100000000000000533e-01 -4.827877984843848003e-01 -5.325355938412014822e+00
8.199999999999999512e-01 -4.303137427911855606e-01 -5.005620545462821092e+00
8.299999999999999600e-01 -3.826753875751284228e-01 -4.431037869854666411e+00
8.399999999999999689e-01 -3.416929853940922079e-01 -3.833915005411346222e+00
8.499999999999999778e-01 -3.059970874669015184e-01 -3.418322609206223106e+00
8.599999999999999867e-01 -2.733265332099677480e-01 -3.197954974672531758e+00
8.699999999999999956e-01 -2.420379879734508577e-01 -3.100109026269659118e+00
8.799999999999998934e-01 -2.113243526845745845e-01 -3.054825353441816382e+00
8.900000000000000133e-01 -1.809414809046145378e-01 -3.014454358314879734e+00
8.999999999999999112e-01 -1.510352655182769788e-01 -2.871621620622994975e+00
9.099999999999999201e-01 -1.235090484921546466e-01 -2.499265480797394190e+00
9.199999999999999289e-01 -1.010499559023291111e-01 -1.989847135532030187e+00
9.299999999999999378e-01 -8.371210578151404291e-02 -1.575825272805120525e+00
9.399999999999999467e-01 -6.953345044622669113e-02 -1.290086441791389316e+00
9.499999999999999556e-01 -5.791037694568625799e-02 -1.027113980172418950e+00
9.599999999999999645e-01 -4.899117084277831990e-02 -8.243329862591414203e-01
9.699999999999999734e-01 -4.142371722050342681e-02 -7.250181553868138007e-01
9.799999999999999822e-01 -3.449080773504204639e-02 -5.862123140077900585e-01
9.899999999999998801e-01 -2.969947094034762827e-02 -3.345964055841967877e-01
1.000000000000000000e+00 -2.779887962335810675e-02 -1.083165649914114848e-01
1.010000000000000009e+00 -2.753313964051939955e-02 1.595535567204216243e-02
1.020000000000000018e+00 -2.811798673679894930e-02 8.345436672918421506e-02
1.029999999999999805e+00 -2.920222697510308288e-02 9.653455390355966670e-02
1.040000000000000036e+00 -3.004867781487014292e-02 5.500415380028791934e-02
1.050000000000000044e+00 -3.030231005110884182e-02 1.536911924156753387e-02
1.059999999999999831e+00 -3.035606019970149561e-02 1.211380248667350001e-02
1.069999999999999840e+00 -3.054458610084231224e-02 1.461225470859690151e-02
1.080000000000000071e+00 -3.064830529387343322e-02 -1.629873208948165453e-02
1.089999999999999858e+00 -3.021861145905268067e-02 -7.877123367479199612e-02
1.099999999999999867e+00 -2.907288062037759191e-02 -1.373978918579410458e-01
1.109999999999999876e+00 -2.747065362189385698e-02 -1.689720851449389993e-01
1.119999999999999885e+00 -2.569343891747881414e-02 -1.904751253306763425e-01
1.129999999999999893e+00 -2.366115111528033221e-02 -2.255121542917831456e-01
1.139999999999999902e+00 -2.118319583164314859e-02 -2.693193132837091719e-01
1.149999999999999911e+00 -1.827476484960614822e-02 -3.119014157715450652e-01
1.159999999999999920e+00 -1.494516751621224881e-02 -8.435699783335736113e-01
1.169999999999999929e+00 -1.403365282934678675e-03 -7.329545683566539571e-01
1.179999999999999938e+00 -2.860761490791696531e-04 -6.677109751006639338e-02
1.189999999999999947e+00 -6.794333273335078315e-05 -1.430380745395848363e-02
1.199999999999999956e+00 0.000000000000000000e+00 -6.794333273335079887e-03
