0.000000000000000000e+00 2.903245274690850124e+02 7.431572002471331189e+02
1.000000000000000021e-02 2.828929554666136710e+02 7.431572002471283440e+02
2.000000000000000042e-02 2.754613834641424432e+02 7.431572002471283440e+02
2.999999999999999889e-02 2.680298114616711018e+02 7.431572002471283440e+02
4.000000000000000083e-02 2.605982394591998741e+02 7.431572002471283440e+02
4.999999999999999584e-02 2.531666674567285611e+02 7.431572002471331189e+02
5.999999999999999778e-02 2.457350954542572197e+02 7.431572002471283440e+02
6.999999999999999278e-02 2.383035234517859919e+02 7.431572002471283440e+02
8.000000000000000167e-02 2.308719514493146789e+02 7.431572002471307314e+02
8.999999999999999667e-02 2.234403794468433944e+02 7.431572002471283440e+02
9.999999999999999167e-02 2.160088074443721098e+02 7.431572002471283440e+02
1.099999999999999867e-01 2.085772354419008252e+02 7.431572002471283440e+02
1.199999999999999956e-01 2.011456634394295406e+02 7.431572002471295946e+02
1.300000000000000044e-01 1.937140914369582276e+02 7.431572002471295946e+02
1.399999999999999856e-01 1.862825194344869431e+02 7.431572002471283440e+02
1.499999999999999944e-01 1.788509474320156585e+02 7.431572002471283440e+02
1.600000000000000033e-01 1.714193754295443739e+02 7.431572002471283440e+02
1.699999999999999845e-01 1.639878034270730893e+02 7.431572002471295946e+02
1.799999999999999933e-01 1.565562314246017763e+02 7.431572002471295946e+02
1.899999999999999745e-01 1.491246594221304917e+02 7.431572002471283440e+02
1.999999999999999833e-01 1.416930874196592072e+02 7.431572002471283440e+02
2.099999999999999922e-01 1.342615154171879226e+02 7.431572002471283440e+02
2.199999999999999734e-01 1.268299434147166522e+02 7.431572002471283440e+02
2.299999999999999822e-01 1.193983714122453677e+02 7.431572002471307314e+02
2.399999999999999911e-01 1.119667994097740404e+02 7.431572002471307314e+02
2.500000000000000000e-01 1.045352274073027559e+02 7.431572002471283440e+02
2.600000000000000089e-01 9.710365540483147129e+01 7.431572002471290261e+02
2.700000000000000178e-01 8.967208340236017250e+01 7.431572002471290261e+02
2.799999999999999711e-01 8.224051139988888792e+01 7.431572002471290261e+02
2.899999999999999800e-01 7.480893939741760335e+01 7.431572002471290261e+02
2.999999999999999889e-01 6.737736739494631877e+01 7.431572002471272071e+02
3.099999999999999423e-01 5.994579539247505551e+01 7.431572002471290261e+02
3.200000000000000067e-01 5.251422339000373540e+01 7.431572002471314136e+02
3.300000000000000155e-01 4.508265138753242951e+01 7.431572002471286851e+02
3.399999999999999689e-01 3.765107938506115914e+01 7.431572002471290261e+02
3.500000000000000333e-01 3.021950738258984970e+01 6.475273286867241040e+02
3.599999999999999867e-01 2.470053281132668133e+01 5.051176316025386654e+02
3.699999999999999956e-01 2.011715475053907554e+01 4.116989216730160592e+02
3.799999999999999489e-01 1.646655437786635900e+01 3.310146339839603797e+02
3.900000000000000133e-01 1.349686207085986922e+01 2.699750079825599300e+02
3.999999999999999667e-01 1.106705421821516211e+01 2.232040703789444365e+02
4.099999999999999756e-01 9.032780663280981059e+00 1.875597678548758154e+02
4.199999999999999845e-01 7.315858861117646050e+00 1.579991573577878796e+02
4.299999999999999933e-01 5.872797516125223716e+00 1.332437857973892790e+02
4.399999999999999467e-01 4.650983145169860222e+00 1.131884664693037195e+02
4.499999999999999556e-01 3.609028186739149380e+00 9.629827282233959806e+01
4.599999999999999645e-01 2.725017688723069043e+00 8.166965226139662093e+01
4.699999999999999734e-01 1.975635141511217219e+00 6.897637878355364194e+01
4.799999999999999822e-01 1.345490113051996062e+00 5.795845015911651643e+01
4.899999999999999911e-01 8.164661383288868146e-01 4.864330105460989984e+01
5.000000000000000000e-01 3.726240919597980650e-01 4.101210882778871536e+01
5.100000000000000089e-01 -3.776038226887405355e-03 3.483357592860819096e+01
5.200000000000000178e-01 -3.240474266123656855e-01 2.960514405233224622e+01
5.299999999999999156e-01 -5.958789192735323148e-01 2.458311201532819723e+01
5.400000000000000355e-01 -8.157096669189295435e-01 1.988449623606730299e+01
5.499999999999999334e-01 -9.935688439948783257e-01 1.627904113556114396e+01
5.599999999999999423e-01 -1.141290489630152338e+00 1.364885657370516014e+01
5.699999999999999512e-01 -1.266545975468981400e+00 1.124880870788430798e+01
5.799999999999999600e-01 -1.366266663787838453e+00 8.735103003801468091e+00
5.899999999999999689e-01 -1.441248035545010797e+00 5.695812300036418918e+00
5.999999999999999778e-01 -1.480182909788566814e+00 2.258737756433003785e+00
6.099999999999999867e-01 -1.486422790673670891e+00 -6.528715207808208909e-01
6.199999999999998845e-01 -1.467125479372950458e+00 -2.526665237922602891e+00
6.300000000000000044e-01 -1.435889485915218922e+00 -3.350158045452427569e+00
6.400000000000000133e-01 -1.400122318463902005e+00 -3.524155297827197053e+00
6.499999999999999112e-01 -1.365406379958674865e+00 -4.134164205490683308e+00
6.600000000000000311e-01 -1.317439034354088268e+00 -5.746052609278544665e+00
6.700000000000000400e-01 -1.250485327773104061e+00 -7.649607390435118504e+00
6.799999999999999378e-01 -1.164446886545385862e+00 -8.729467758815918188e+00
6.899999999999999467e-01 -1.075895972596785821e+00 -8.503573130619528797e+00
7.000000000000000666e-01 -9.943754239329953837e-01 -7.640930533130481983e+00
7.099999999999999645e-01 -9.230773619341761105e-01 -7.162884031200859702e+00
7.199999999999999734e-01 -8.511177433089781585e-01 -7.376135259691170454e+00
7.299999999999998712e-01 -7.755546567403527325e-01 -7.887012654336898798e+00
7.399999999999999911e-01 -6.933774902222402670e-01 -8.105333650845777171e+00
7.500000000000000000e-01 -6.134479837234371180e-01 -7.615584517599759629e+00
7.599999999999998979e-01 -5.410657998702450566e-01 -6.641200685879668164e+00
7.699999999999999067e-01 -4.806239700058438369e-01 -5.680606800725920280e+00
7.800000000000000266e-01 -4.274536638557266399e-01 -5.133622563062444577e+00
7.899999999999999245e-01 -3.779515187445949276e-01 -5.150918426198836997e+00
7.999999999999999334e-01 -3.244352953317499177e-01 -5.276102526502275403e+00
8.100000000000000533e-01 -2.724294682145494417e-01 -4.698803649880330724e+00
8.199999999999999512e-01 -2.304592223341433155e-01 -3.317172963376824324e+00
8.299999999999999600e-01 -2.060860089470129553e-01 -1.673235001472368033e+00
8.399999999999999689e-01 -1.969945223046959681e-01 -4.190915049028349770e-01
8.499999999999999778e-01 -1.977041788489562468e-01 7.668575918637703104e-02
8.599999999999999867e-01 -1.985282374884234924e-01 -1.722502238199640490e-01
8.699999999999999956e-01 -1.942591743725569642e-01 -7.308576091470978531e-01
8.799999999999998934e-01 -1.839110853054815586e-01 -1.126481167423922791e+00
8.900000000000000133e-01 -1.717295510240785250e-01 -1.051739730054362720e+00
8.999999999999999112e-01 -1.628762907043942998e-01 -5.056531841039647590e-01
9.099999999999999201e-01 -1.616164873419992376e-01 2.551478128731006767e-01
9.199999999999999289e-01 -1.679792469618563155e-01 8.062740480861704251e-01
9.299999999999999378e-01 -1.777419683037226306e-01 8.166162204867943863e-01
9.399999999999999467e-01 -1.843115713715922088e-01 2.661981645424353893e-01
9.499999999999999556e-01 -1.830659315945713517e-01 -5.469887200401654104e-01
9.599999999999999645e-01 -1.733717969707888884e-01 -1.221287782302655334e+00
9.699999999999999734e-01 -1.586401759485182306e-01 -1.396687162922456427e+00
9.799999999999999822e-01 -1.454380537123397543e-01 -1.068540959252262112e+00
9.899999999999998801e-01 -1.372693567634729883e-01 -6.044812340659518890e-01
1.000000000000000000e+00 -1.333484290310207321e-01 -3.168461007910940985e-01
1.010000000000000009e+00 -1.309324347476511219e-01 -2.696591850876994823e-01
1.020000000000000018e+00 -1.279552453292667202e-01 -4.080611976089584814e-01
1.029999999999999805e+00 -1.227712107954719439e-01 -6.627737571016639739e-01
1.040000000000000036e+00 -1.146997701872334574e-01 -9.391920773979014481e-01
1.050000000000000044e+00 -1.039873692475139083e-01 -1.135461928855260760e+00
1.059999999999999831e+00 -9.199053161012823998e-02 -1.239326653583329607e+00
1.069999999999999840e+00 -7.920083617584731950e-02 -1.283825481249906142e+00
1.080000000000000071e+00 -6.631402198513011714e-02 -1.259323980632840900e+00
1.089999999999999858e+00 -5.401435656319050760e-02 -1.152836750423593237e+00
1.099999999999999867e+00 -4.325728697665826017e-02 -9.747558728679623918e-01
1.109999999999999876e+00 -3.451923910583126059e-02 -7.723669191995767846e-01
1.119999999999999885e+00 -2.780994859266672226e-02 -6.088297301592175970e-01
1.129999999999999893e+00 -2.234264450264690505e-02 -5.027159761505539670e-01
1.139999999999999902e+00 -1.775562906965564430e-02 -4.324968093074456621e-01
1.149999999999999911e+00 -1.369270831649799583e-02 -3.830654425882671354e-01
1.159999999999999920e+00 -1.009432021789030340e-02 -5.615043321044712599e-01
1.169999999999999929e+00 -2.462621674408571430e-03 -4.898401045439220725e-01
1.179999999999999938e+00 -2.975181270118624328e-04 -1.219518571959265496e-01
1.189999999999999947e+00 -2.358453049004062492e-05 -1.487590635059312001e-02
1.199999999999999956e+00 0.000000000000000000e+00 -2.358453049004062465e-03
