0.000000000000000000e+00 1.819672956738473601e+02 5.264030301496314905e+02
1.000000000000000021e-02 1.767032653723510407e+02 5.264030301496314905e+02
2.000000000000000042e-02 1.714392350708547497e+02 5.264030301496314905e+02
2.999999999999999889e-02 1.661752047693584302e+02 5.264030301496302400e+02
4.000000000000000083e-02 1.609111744678621392e+02 5.264030301496302400e+02
4.999999999999999584e-02 1.556471441663658197e+02 5.264030301496314905e+02
5.999999999999999778e-02 1.503831138648695003e+02 5.264030301496326274e+02
6.999999999999999278e-02 1.451190835633731808e+02 5.264030301496314905e+02
8.000000000000000167e-02 1.398550532618768898e+02 5.264030301496314905e+02
8.999999999999999667e-02 1.345910229603805419e+02 5.264030301496314905e+02
9.999999999999999167e-02 1.293269926588842509e+02 5.264030301496314905e+02
1.099999999999999867e-01 1.240629623573879030e+02 5.264030301496314905e+02
1.199999999999999956e-01 1.187989320558916120e+02 5.264030301496302400e+02
1.300000000000000044e-01 1.135349017543953067e+02 5.264030301496314905e+02
1.399999999999999856e-01 1.082708714528989873e+02 5.264030301496314905e+02
1.499999999999999944e-01 1.030068411514026820e+02 5.264030301496309221e+02
1.600000000000000033e-01 9.774281084990637680e+01 5.264030301496309221e+02
1.699999999999999845e-01 9.247878054841005735e+01 5.264030301496314905e+02
1.799999999999999933e-01 8.721475024691373790e+01 5.264030301496314905e+02
1.899999999999999745e-01 8.195071994541743265e+01 5.264030301496314905e+02
1.999999999999999833e-01 7.668668964392111320e+01 5.264030301496314905e+02
2.099999999999999922e-01 7.142265934242480796e+01 5.264030301496309221e+02
2.199999999999999734e-01 6.615862904092850272e+01 5.264030301496309221e+02
2.299999999999999822e-01 6.089459873943218327e+01 5.264030301496320590e+02
2.399999999999999911e-01 5.563056843793585671e+01 5.264030301496320590e+02
2.500000000000000000e-01 5.036653813643954436e+01 5.264030301496314905e+02
2.600000000000000089e-01 4.510250783494323201e+01 5.264030301496314905e+02
2.700000000000000178e-01 3.983847753344691256e+01 5.264030301496311495e+02
2.799999999999999711e-01 3.457444723195060732e+01 5.264030301496309221e+02
2.899999999999999800e-01 2.931041693045429852e+01 5.264030301496311495e+02
2.999999999999999889e-01 2.404638662895798262e+01 3.224374769760266304e+02
3.099999999999999423e-01 2.286166739093376776e+01 3.666529722851222459e+02
3.200000000000000067e-01 1.671332718325554012e+01 5.058094176468007959e+02
3.300000000000000155e-01 1.274547903799775206e+01 3.435422138711983848e+02
3.399999999999999689e-01 9.842482905831571927e+00 2.571990258181837703e+02
3.500000000000000333e-01 7.601498521634076688e+00 2.016106877527122663e+02
3.599999999999999867e-01 5.810269150777326530e+00 1.629971175769761658e+02
3.699999999999999956e-01 4.341556170094553302e+00 1.354240668100783012e+02
3.799999999999999489e-01 3.101787814575760915e+00 1.142061983025119929e+02
3.900000000000000133e-01 2.057432204044313817e+00 9.576896247057671019e+01
3.999999999999999667e-01 1.186408565164226658e+00 7.847829324891485214e+01
4.099999999999999756e-01 4.878663390660169519e-01 6.197644023244149025e+01
4.199999999999999845e-01 -5.312023948460298933e-02 4.656915289159484672e+01
4.299999999999999933e-01 -4.435167187658800581e-01 3.228478846860559059e+01
4.399999999999999467e-01 -6.988160088567147987e-01 1.941997645966737807e+01
4.499999999999999556e-01 -8.319162479592275838e-01 8.665092541889324096e+00
4.599999999999999645e-01 -8.721178596945012851e-01 8.962769326311623708e-01
4.699999999999999734e-01 -8.498417866118508357e-01 -3.722812705858578930e+00
4.799999999999999822e-01 -7.976616055773296798e-01 -5.770079202823948705e+00
4.899999999999999911e-01 -7.344402025553719016e-01 -6.393323795987780223e+00
5.000000000000000000e-01 -6.697951296575740399e-01 -6.627684505571473927e+00
5.100000000000000089e-01 -6.018865124439424230e-01 -6.870122050849303719e+00
5.200000000000000178e-01 -5.323926886405879744e-01 -6.966095139182058915e+00
5.299999999999999156e-01 -4.625646096603012181e-01 -6.790000952047869909e+00
5.400000000000000355e-01 -3.965926695996306317e-01 -6.389470311862496921e+00
5.499999999999999334e-01 -3.347752034230512819e-01 -5.892211802215360450e+00
5.599999999999999423e-01 -2.787484335553234160e-01 -5.276347498904787159e+00
5.699999999999999512e-01 -2.292482534449555576e-01 -4.547634495376148500e+00
5.799999999999999600e-01 -1.877957436478004671e-01 -3.614562384204117240e+00
5.899999999999999689e-01 -1.569570057608732083e-01 -2.338063980422042221e+00
5.999999999999999778e-01 -1.410344640393596249e-01 -1.191168993827423916e+00
6.099999999999999867e-01 -1.331336258843247300e-01 -9.661123248780396633e-01
6.199999999999998845e-01 -1.217122175417988394e-01 -1.598675674825413395e+00
6.300000000000000044e-01 -1.011601123878164699e-01 -2.018196387239206580e+00
6.400000000000000133e-01 -8.134828979701470841e-02 -1.284287591070933043e+00
6.499999999999999112e-01 -7.547436056639780788e-02 3.991660386174247233e-01
6.600000000000000311e-01 -8.933161056936320121e-02 2.205062169430793695e+00
6.700000000000000400e-01 -1.195756039550136818e-01 3.284223502887630541e+00
6.799999999999999378e-01 -1.550160806271158043e-01 3.228075031689255692e+00
6.899999999999999467e-01 -1.841371045887987834e-01 2.514111159329917466e+00
7.000000000000000666e-01 -2.052983038137141392e-01 2.177133957401548692e+00
7.099999999999999645e-01 -2.276797837368297606e-01 2.553235616627334004e+00
7.199999999999999734e-01 -2.563630161462608359e-01 3.266777430017944628e+00
7.299999999999998712e-01 -2.930153323371886276e-01 3.701414314588544752e+00
7.399999999999999911e-01 -3.303913024380317198e-01 3.296214355301377186e+00
7.500000000000000000e-01 -3.589396194432161735e-01 2.083434624322718864e+00
7.599999999999998979e-01 -3.720599949244861038e-01 7.502415478759729695e-01
7.699999999999999067e-01 -3.739444504007356507e-01 -7.680968418552129584e-02
7.800000000000000266e-01 -3.705238012407756631e-01 -3.551320983071726833e-01
7.899999999999999245e-01 -3.668418084345921870e-01 -4.668526949040286422e-01
7.999999999999999334e-01 -3.611867473426950692e-01 -8.042292425463054562e-01
8.100000000000000533e-01 -3.507572235836660668e-01 -1.503932570968552485e+00
8.199999999999999512e-01 -3.311080959233240195e-01 -2.427068379829596889e+00
8.299999999999999600e-01 -3.022158559870741223e-01 -3.168923574486441463e+00
8.399999999999999689e-01 -2.677296244335952147e-01 -3.386324624619885260e+00
8.499999999999999778e-01 -2.344893634946764172e-01 -3.145741859722336997e+00
8.599999999999999867e-01 -2.048147872391484769e-01 -2.887995628418450700e+00
8.699999999999999956e-01 -1.767294509263074298e-01 -2.904497565944726301e+00
8.799999999999998934e-01 -1.467248359202539543e-01 -3.172486551211981087e+00
8.900000000000000133e-01 -1.132797199020678103e-01 -3.406886884140501337e+00
8.999999999999999112e-01 -7.858709823744394751e-02 -3.221437678912532299e+00
9.099999999999999201e-01 -4.885096632381717013e-02 -2.642233495626316486e+00
9.199999999999999289e-01 -2.574242832491761140e-02 -2.083454091413847298e+00
9.299999999999999378e-01 -7.181884495540226399e-03 -1.714977007914324059e+00
9.399999999999999467e-01 8.557111833368871365e-03 -1.483178777325137698e+00
9.499999999999999556e-01 2.248169105096252743e-02 -1.300107972898720821e+00
9.599999999999999645e-01 3.455927129134328535e-02 -1.057521155842856109e+00
9.699999999999999734e-01 4.363211416781964669e-02 -6.961052663861604373e-01
9.799999999999999822e-01 4.848137661906649215e-02 -2.740688184365712154e-01
9.899999999999998801e-01 4.911349053655107016e-02 6.022194245963653075e-02
1.000000000000000000e+00 4.727693776987376695e-02 1.968095165640716959e-01
1.010000000000000009e+00 4.517730020526963819e-02 1.880773118109784481e-01
1.020000000000000018e+00 4.351539153365419771e-02 1.821556226611517892e-01
1.029999999999999805e+00 4.153418775204659880e-02 2.688042561576253209e-01
1.040000000000000036e+00 3.813930641050169296e-02 4.155108639772107093e-01
1.050000000000000044e+00 3.322397047250238988e-02 5.306002650737506876e-01
1.059999999999999831e+00 2.752730110902667712e-02 5.566501563285016774e-01
1.069999999999999840e+00 2.209096734593235523e-02 5.317350590773494146e-01
1.080000000000000071e+00 1.689259992747969147e-02 5.056646733947691708e-01
1.089999999999999858e+00 1.197767387803697070e-02 4.478718128582595548e-01
1.099999999999999867e+00 7.935163670314500373e-03 3.469303727249974378e-01
1.109999999999999876e+00 5.039066423537023193e-03 2.453869500765935296e-01
1.119999999999999885e+00 3.027424668782630317e-03 1.698079104074985135e-01
1.129999999999999893e+00 1.642908215387053027e-03 1.224595574769915540e-01
1.139999999999999902e+00 5.782335192427991936e-04 8.635753951957653163e-02
1.149999999999999911e+00 -8.424257500447748770e-05 4.746747856699367468e-02
1.159999999999999920e+00 -3.711160520970742697e-04 1.527727092314475343e-01
1.169999999999999929e+00 -3.139696759633427755e-03 1.150775380255194234e-02
1.179999999999999938e+00 -6.012711281481131166e-04 -1.542334840394000151e-01
1.189999999999999947e+00 -5.502707884542775227e-05 -3.006355640740565605e-02
1.199999999999999956e+00 0.000000000000000000e+00 -5.502707884542775742e-03
