0.000000000000000000e+00 2.706632306907200132e+02 6.891781683131183627e+02
1.000000000000000021e-02 2.637714490075888421e+02 6.891781683131183627e+02
2.000000000000000042e-02 2.568796673244576709e+02 6.891781683131207501e+02
2.999999999999999889e-02 2.499878856413264145e+02 6.891781683131183627e+02
4.000000000000000083e-02 2.430961039581953003e+02 6.891781683131183627e+02
4.999999999999999584e-02 2.362043222750640723e+02 6.891781683131183627e+02
5.999999999999999778e-02 2.293125405919329296e+02 6.891781683131183627e+02
6.999999999999999278e-02 2.224207589088017016e+02 6.891781683131207501e+02
8.000000000000000167e-02 2.155289772256705021e+02 6.891781683131183627e+02
8.999999999999999667e-02 2.086371955425393310e+02 6.891781683131183627e+02
9.999999999999999167e-02 2.017454138594081314e+02 6.891781683131196132e+02
1.099999999999999867e-01 1.948536321762769319e+02 6.891781683131196132e+02
1.199999999999999956e-01 1.879618504931457608e+02 6.891781683131196132e+02
1.300000000000000044e-01 1.810700688100145328e+02 6.891781683131196132e+02
1.399999999999999856e-01 1.741782871268833617e+02 6.891781683131183627e+02
1.499999999999999944e-01 1.672865054437521906e+02 6.891781683131196132e+02
1.600000000000000033e-01 1.603947237606209626e+02 6.891781683131196132e+02
1.699999999999999845e-01 1.535029420774897915e+02 6.891781683131183627e+02
1.799999999999999933e-01 1.466111603943585919e+02 6.891781683131196132e+02
1.899999999999999745e-01 1.397193787112273924e+02 6.891781683131196132e+02
1.999999999999999833e-01 1.328275970280962213e+02 6.891781683131196132e+02
2.099999999999999922e-01 1.259358153449650075e+02 6.891781683131196132e+02
2.199999999999999734e-01 1.190440336618338222e+02 6.891781683131183627e+02
2.299999999999999822e-01 1.121522519787026368e+02 6.891781683131207501e+02
2.399999999999999911e-01 1.052604702955714089e+02 6.891781683131207501e+02
2.500000000000000000e-01 9.836868861244022355e+01 6.891781683131183627e+02
2.600000000000000089e-01 9.147690692930903822e+01 6.891781683131196132e+02
2.700000000000000178e-01 8.458512524617783868e+01 6.891781683131196132e+02
2.799999999999999711e-01 7.769334356304665334e+01 6.891781683131183627e+02
2.899999999999999800e-01 7.080156187991546801e+01 6.891781683131190448e+02
2.999999999999999889e-01 6.390978019678426847e+01 6.891781683131183627e+02
3.099999999999999423e-01 5.701799851365309735e+01 6.891781683131192722e+02
3.200000000000000067e-01 5.012621683052188359e+01 6.891781683131214322e+02
3.300000000000000155e-01 4.323443514739067695e+01 6.891781683131192722e+02
3.399999999999999689e-01 3.634265346425949872e+01 6.891781683131192722e+02
3.500000000000000333e-01 2.945087178112828852e+01 5.022629082814780190e+02
3.599999999999999867e-01 2.629739529862994374e+01 3.953883507262199259e+02
3.699999999999999956e-01 2.154310476660389284e+01 4.265118410758340701e+02
3.799999999999999489e-01 1.776715847711325935e+01 3.419441320281483172e+02
3.900000000000000133e-01 1.470422212604092493e+01 2.792697133716192752e+02
3.999999999999999667e-01 1.218176420968087470e+01 2.368785310408901523e+02
4.099999999999999756e-01 9.966651505223122598e+00 2.088211198276692926e+02
4.199999999999999845e-01 8.005341813127490269e+00 1.851579660221375718e+02
4.299999999999999933e-01 6.263492184780370842e+00 1.627954262315932965e+02
4.399999999999999467e-01 4.749433288495624517e+00 1.415352636952601131e+02
4.499999999999999556e-01 3.432786910875168740e+00 1.222525627727512898e+02
4.599999999999999645e-01 2.304382033040598632e+00 1.045453079958899139e+02
4.699999999999999734e-01 1.341880750957370472e+00 8.887104953453626877e+01
4.799999999999999822e-01 5.269610423498732876e-01 7.538815988143751667e+01
4.899999999999999911e-01 -1.658824466713798018e-01 6.374130605032480190e+01
5.000000000000000000e-01 -7.478650786566225506e-01 5.322023222577870882e+01
5.100000000000000089e-01 -1.230287091186954118e+00 4.345910289176699592e+01
5.200000000000000178e-01 -1.617047136491962300e+00 3.413765872276552216e+01
5.299999999999999156e-01 -1.913040265642264481e+00 2.533989357457394931e+01
5.400000000000000355e-01 -2.123845007983441224e+00 1.746965199861344331e+01
5.499999999999999334e-01 -2.262433305614533374e+00 1.092722829407581564e+01
5.599999999999999423e-01 -2.342389573864957608e+00 5.439314308759469974e+00
5.699999999999999512e-01 -2.371219591789722525e+00 6.648019087442192943e-01
5.799999999999999600e-01 -2.355685612039842169e+00 -3.413231648028109522e+00
5.899999999999999689e-01 -2.302954958829160237e+00 -6.631244798754495129e+00
5.999999999999999778e-01 -2.223060716064752196e+00 -8.960449714202621152e+00
6.099999999999999867e-01 -2.123745964545108222e+00 -1.022258752378999525e+01
6.199999999999998845e-01 -2.018608965588952309e+00 -1.035911687830461858e+01
6.300000000000000044e-01 -1.916563626979015611e+00 -9.992716504762075402e+00
6.400000000000000133e-01 -1.818754635493710747e+00 -9.949037069907875619e+00
6.499999999999999112e-01 -1.717582885580858143e+00 -1.042680452807082858e+01
6.600000000000000311e-01 -1.610218544932294105e+00 -1.124156649348432602e+01
6.700000000000000400e-01 -1.492751555711171685e+00 -1.186397951225679925e+01
6.799999999999999378e-01 -1.372938954687158208e+00 -1.187435710171271808e+01
6.899999999999999467e-01 -1.255264413676917323e+00 -1.149363368445892242e+01
7.000000000000000666e-01 -1.143066280997979911e+00 -1.119290294937951735e+01
7.099999999999999645e-01 -1.031406354689327065e+00 -1.111916087554651789e+01
7.199999999999999734e-01 -9.206830634870495356e-01 -1.089555549258391842e+01
7.299999999999998712e-01 -8.134952448376485679e-01 -1.010264751918758463e+01
7.399999999999999911e-01 -7.186301131032978295e-01 -8.753119326391491484e+00
7.500000000000000000e-01 -6.384328583098187737e-01 -7.190970633038568316e+00
7.599999999999998979e-01 -5.748107004425264677e-01 -5.903049964523759741e+00
7.699999999999999067e-01 -5.203718590193435745e-01 -5.341995904313574961e+00
7.800000000000000266e-01 -4.679707823562549995e-01 -5.247537373306338182e+00
7.899999999999999245e-01 -4.154211115532168708e-01 -5.028488664854088519e+00
7.999999999999999334e-01 -3.674010090591732225e-01 -4.497893064867694690e+00
8.100000000000000533e-01 -3.254632502558629792e-01 -3.970926162950199956e+00
8.199999999999999512e-01 -2.879824858001692189e-01 -3.533238976765181505e+00
8.299999999999999600e-01 -2.547984707205593335e-01 -3.189097398879716661e+00
8.399999999999999689e-01 -2.242005378225749024e-01 -2.907454155237667592e+00
8.499999999999999778e-01 -1.966493876158059984e-01 -2.402444565795930576e+00
8.599999999999999867e-01 -1.761516465066562676e-01 -1.485004494311638945e+00
8.699999999999999956e-01 -1.669492977295732317e-01 -4.622850830532969080e-01
8.799999999999998934e-01 -1.669059448455903483e-01 2.638447817122380745e-01
8.900000000000000133e-01 -1.722261933638179754e-01 5.049038329527949509e-01
8.999999999999999112e-01 -1.770040215046462251e-01 2.959991278855229058e-01
9.099999999999999201e-01 -1.781461759215284268e-01 -7.670344067927099829e-02
9.199999999999999289e-01 -1.754699526910608043e-01 -2.166523824660537834e-01
9.299999999999999378e-01 -1.738131282722073512e-01 6.959936628141352721e-02
9.399999999999999467e-01 -1.768619400166890898e-01 4.705323022634842478e-01
9.499999999999999556e-01 -1.832237743174770506e-01 6.106421202249863178e-01
9.599999999999999645e-01 -1.890747824211888029e-01 4.300507547166586564e-01
9.699999999999999734e-01 -1.918247894118102204e-01 8.449029875775414256e-02
9.799999999999999822e-01 -1.907645883963438871e-01 -3.193700330531334397e-01
9.899999999999998801e-01 -1.854373887507475560e-01 -6.687536364544438561e-01
1.000000000000000000e+00 -1.773895156672550266e-01 -8.490196474497578860e-01
1.010000000000000009e+00 -1.684569958017523850e-01 -8.971569181504353008e-01
1.020000000000000018e+00 -1.594463773042463228e-01 -8.976359853603145256e-01
1.029999999999999805e+00 -1.505042760945461133e-01 -8.518997429280451561e-01
1.040000000000000036e+00 -1.424083824456854053e-01 -7.616133187039827446e-01
1.050000000000000044e+00 -1.352720097204664629e-01 -6.449531401720899337e-01
1.059999999999999831e+00 -1.295093196422436033e-01 -5.303378289274265356e-01
1.069999999999999840e+00 -1.246652531419179255e-01 -5.218287382870754332e-01
1.080000000000000071e+00 -1.190727448765021013e-01 -6.374192803736026258e-01
1.089999999999999858e+00 -1.119168675344458658e-01 -7.808815260233553657e-01
1.099999999999999867e+00 -1.034551143560349939e-01 -8.607839650983709623e-01
1.109999999999999876e+00 -9.470118823247845874e-02 -8.656386766405552713e-01
1.119999999999999885e+00 -8.614234082322388963e-02 -8.504553149438451864e-01
1.129999999999999893e+00 -7.769208193360155335e-02 -8.705633590577140923e-01
1.139999999999999902e+00 -6.873107364206960945e-02 -9.378107369989041597e-01
1.149999999999999911e+00 -5.893586719362346737e-02 -1.032864785936756125e+00
1.159999999999999920e+00 -4.807377792333449723e-02 -2.503404803493316066e+00
1.169999999999999929e+00 -8.867771123757145144e-03 -2.357553377663213379e+00
1.179999999999999938e+00 -9.227103700702292150e-04 -4.391542168487967412e-01
1.189999999999999947e+00 -8.468678678121128957e-05 -4.613551850351146205e-02
1.199999999999999956e+00 0.000000000000000000e+00 -8.468678678121129011e-03
