0.000000000000000000e+00 2.154183165079222420e+02 6.612319153796474893e+02
1.000000000000000021e-02 2.088059973541257648e+02 6.612319153796451019e+02
2.000000000000000042e-02 2.021936782003293445e+02 6.612319153796438513e+02
2.999999999999999889e-02 1.955813590465328957e+02 6.612319153796438513e+02
4.000000000000000083e-02 1.889690398927364470e+02 6.612319153796438513e+02
4.999999999999999584e-02 1.823567207389399982e+02 6.612319153796451019e+02
5.999999999999999778e-02 1.757444015851435495e+02 6.612319153796451019e+02
6.999999999999999278e-02 1.691320824313471007e+02 6.612319153796438513e+02
8.000000000000000167e-02 1.625197632775506804e+02 6.612319153796438513e+02
8.999999999999999667e-02 1.559074441237542317e+02 6.612319153796438513e+02
9.999999999999999167e-02 1.492951249699578113e+02 6.612319153796451019e+02
1.099999999999999867e-01 1.426828058161613342e+02 6.612319153796451019e+02
1.199999999999999956e-01 1.360704866623649139e+02 6.612319153796438513e+02
1.300000000000000044e-01 1.294581675085684367e+02 6.612319153796438513e+02
1.399999999999999856e-01 1.228458483547720164e+02 6.612319153796438513e+02
1.499999999999999944e-01 1.162335292009755676e+02 6.612319153796438513e+02
1.600000000000000033e-01 1.096212100471791473e+02 6.612319153796438513e+02
1.699999999999999845e-01 1.030088908933826986e+02 6.612319153796451019e+02
1.799999999999999933e-01 9.639657173958624981e+01 6.612319153796438513e+02
1.899999999999999745e-01 8.978425258578981527e+01 6.612319153796438513e+02
1.999999999999999833e-01 8.317193343199336653e+01 6.612319153796438513e+02
2.099999999999999922e-01 7.655961427819694620e+01 6.612319153796438513e+02
2.199999999999999734e-01 6.994729512440048325e+01 6.612319153796445335e+02
2.299999999999999822e-01 6.333497597060404871e+01 6.612319153796451019e+02
2.399999999999999911e-01 5.672265681680758576e+01 6.612319153796454430e+02
2.500000000000000000e-01 5.011033766301114412e+01 6.612319153796445335e+02
2.600000000000000089e-01 4.349801850921470248e+01 6.612319153796441924e+02
2.700000000000000178e-01 3.688569935541826084e+01 6.612319153796438513e+02
2.799999999999999711e-01 3.027338020162182275e+01 6.612319153796440787e+02
2.899999999999999800e-01 2.366106104782538111e+01 4.951569752666640056e+02
2.999999999999999889e-01 2.037024069628854406e+01 5.554822702154108356e+02
3.099999999999999423e-01 1.255141564351716355e+01 6.169893733651146022e+02
3.200000000000000067e-01 8.030453228986250025e+00 3.800977932845628970e+02
3.300000000000000155e-01 4.949459777825907736e+00 2.636370354295763718e+02
3.399999999999999689e-01 2.757712520394723921e+00 1.884339986961697377e+02
3.500000000000000333e-01 1.180779803902513025e+00 1.335151611686543731e+02
3.599999999999999867e-01 8.740929702163653670e-02 8.982835509689735431e+01
3.699999999999999956e-01 -6.157872980354339720e-01 5.461671936783918824e+01
3.799999999999999489e-01 -1.004925090335146987e+00 2.692431159379450634e+01
3.900000000000000133e-01 -1.154273529911324037e+00 6.081274530161683955e+00
3.999999999999999667e-01 -1.126550580938380675e+00 -8.416846809991330502e+00
4.099999999999999756e-01 -9.859365937114974443e-01 -1.691005781660147278e+01
4.199999999999999845e-01 -7.883494246063513788e-01 -2.063934181504777143e+01
4.299999999999999933e-01 -5.731497574105420822e-01 -2.124816972781769664e+01
4.399999999999999467e-01 -3.633860300499974771e-01 -1.998438664394021202e+01
4.499999999999999556e-01 -1.734620245317378684e-01 -1.840898429195156893e+01
4.599999999999999645e-01 4.793655789033924100e-03 -1.792272590562755497e+01
4.699999999999999734e-01 1.849924935808131554e-01 -1.806221273499455293e+01
4.799999999999999822e-01 3.660379104889248669e-01 -1.736497994223320518e+01
4.899999999999999911e-01 5.322920924254772590e-01 -1.555083503251903565e+01
5.000000000000000000e-01 6.770546111393056510e-01 -1.272893885552732840e+01
5.100000000000000089e-01 7.868708695360238092e-01 -9.039918211135553605e+00
5.200000000000000178e-01 8.578529753620166565e-01 -5.110559101798285653e+00
5.299999999999999156e-01 8.890820515719894956e-01 -1.662224806824955881e+00
5.400000000000000355e-01 8.910974714985158140e-01 1.129502894883978703e+00
5.499999999999999334e-01 8.664919936743099571e-01 3.275674806273925821e+00
5.599999999999999423e-01 8.255839753730372932e-01 5.000118048907142843e+00
5.699999999999999512e-01 7.664896326961671003e-01 6.450208911115902666e+00
5.799999999999999600e-01 6.965797971507192710e-01 7.445554439841621353e+00
5.899999999999999689e-01 6.175785438993346421e-01 7.737353483582978697e+00
5.999999999999999778e-01 5.418327274790596393e-01 7.349530263867539936e+00
6.099999999999999867e-01 4.705879386219838922e-01 6.989271822390848321e+00
6.199999999999998845e-01 4.020472910312427040e-01 7.094103608102214409e+00
6.300000000000000044e-01 3.287058664599395996e-01 7.533245018087051825e+00
6.400000000000000133e-01 2.513823906695016874e-01 7.972176297644501197e+00
6.499999999999999112e-01 1.692623405070496079e-01 8.017316527484329214e+00
6.600000000000000311e-01 9.103606011981509039e-02 7.218630160013569608e+00
6.700000000000000400e-01 2.488973730677822988e-02 5.943642478569834964e+00
6.799999999999999378e-01 -2.783678945158159571e-02 4.968565546887138140e+00
6.899999999999999467e-01 -7.448157363096452599e-02 4.459437134642639577e+00
7.000000000000000666e-01 -1.170255321444343688e-01 4.062261365111370814e+00
7.099999999999999645e-01 -1.557268009331919389e-01 3.408101130769096265e+00
7.199999999999999734e-01 -1.851875547598162974e-01 2.209464873194857848e+00
7.299999999999998712e-01 -1.999160983970890981e-01 5.358345371609843921e-01
7.399999999999999911e-01 -1.959042455030359786e-01 -1.184296373079621878e+00
7.500000000000000000e-01 -1.762301709354966717e-01 -2.381198107903876426e+00
7.599999999999998979e-01 -1.482802833449584634e-01 -2.821247679161483557e+00
7.699999999999999067e-01 -1.198052173522669989e-01 -2.823124457836899026e+00
7.800000000000000266e-01 -9.181779418822047512e-02 -2.651090700313347703e+00
7.899999999999999245e-01 -6.678340334600005312e-02 -2.348528474920656528e+00
7.999999999999999334e-01 -4.484722468980735510e-02 -1.972659711733966814e+00
8.100000000000000533e-01 -2.733020911132071767e-02 -1.472981684539615754e+00
8.199999999999999512e-01 -1.538759099901503349e-02 -8.397767233460595726e-01
8.299999999999999600e-01 -1.053467464439952934e-02 -3.387611084117166382e-01
8.399999999999999689e-01 -8.612368830780699896e-03 -2.015551527967059109e-01
8.499999999999999778e-01 -6.503571588465411474e-03 -3.255484962967157281e-01
8.599999999999999867e-01 -2.101398904846387035e-03 -4.871512540803386582e-01
8.699999999999999956e-01 3.239453493141361291e-03 -5.098957338070394529e-01
8.799999999999998934e-01 8.096515771294401920e-03 -3.044665818288299630e-01
8.900000000000000133e-01 9.328785129717961228e-03 7.237498876644204993e-02
8.999999999999999112e-01 6.649015995965561199e-03 4.032162471783771740e-01
9.099999999999999201e-01 1.264460186150417366e-03 5.834953985069371019e-01
9.199999999999999289e-01 -5.020891974173180040e-03 6.654918567545374808e-01
9.299999999999999378e-01 -1.204537694894033083e-02 7.130140700928843112e-01
9.399999999999999467e-01 -1.928117337603086484e-02 7.256482580842080754e-01
9.499999999999999556e-01 -2.655834211062449435e-02 7.470913696437493368e-01
9.599999999999999645e-01 -3.422300076890585213e-02 7.965754882929309000e-01
9.699999999999999734e-01 -4.248985187648311040e-02 8.293955882571014682e-01
9.799999999999999822e-01 -5.081091253404787511e-02 8.300223050333704888e-01
9.899999999999998801e-01 -5.909029797715052018e-02 8.117538914416100315e-01
1.000000000000000000e+00 -6.704599036288007297e-02 7.484656744035041998e-01
1.010000000000000009e+00 -7.405961146522060945e-02 6.107640827547213824e-01
1.020000000000000018e+00 -7.926127201797450450e-02 3.890902143649936917e-01
1.029999999999999805e+00 -8.184141575252047718e-02 9.269698012365017170e-02
1.040000000000000036e+00 -8.111521162044750544e-02 -2.253815546604707731e-01
1.050000000000000044e+00 -7.733378465931106671e-02 -4.839523541357494962e-01
1.059999999999999831e+00 -7.143616453773252162e-02 -6.357952995042510658e-01
1.069999999999999840e+00 -6.461787866922603929e-02 -7.184177696198035257e-01
1.080000000000000071e+00 -5.706780914533644139e-02 -7.686634715433356968e-01
1.089999999999999858e+00 -4.924460923835932702e-02 -7.807027964582087254e-01
1.099999999999999867e+00 -4.145375321617227049e-02 -7.824911263433885766e-01
1.109999999999999876e+00 -3.359478671149155465e-02 -8.058389001178311029e-01
1.119999999999999885e+00 -2.533697521381565038e-02 -8.102266172953522805e-01
1.129999999999999893e+00 -1.739025436558451140e-02 -7.495812741357191777e-01
1.139999999999999902e+00 -1.034534973110127001e-02 -6.301069985657548056e-01
1.149999999999999911e+00 -4.788114394269416159e-03 -4.682686542791618112e-01
1.159999999999999920e+00 -9.799766455180340154e-04 -1.286495897012155942e-01
1.169999999999999929e+00 -2.215122600245104413e-03 -2.703557609036699727e-02
1.179999999999999938e+00 -4.392651237106939680e-04 -1.089763369077344085e-01
1.189999999999999947e+00 -3.559586209041660501e-05 -2.196325618553470263e-02
1.199999999999999956e+00 0.000000000000000000e+00 -3.559586209041660284e-03
