0.000000000000000000e+00 3.670181148312423829e+03 6.146774935342096433e+04
1.000000200000000089e-02 3.099587903017055851e+03 5.265089970565264957e+04
1.999999800000000147e-02 2.617163154196024152e+03 4.451311058521485393e+04
2.999999999999999889e-02 2.209325691312480103e+03 3.762901147994365601e+04
4.000000199999999978e-02 1.864582924601055993e+03 3.180578700290991037e+04
4.999999799999999689e-02 1.573209951251631992e+03 2.688025052185833192e+04
5.999999999999999778e-02 1.326977914163192054e+03 2.271429335963573249e+04
7.000000199999999173e-02 1.118924084060311998e+03 1.919103280494638602e+04
7.999999800000000272e-02 9.431572580632879408e+02 1.621155163892468045e+04
8.999999999999999667e-02 7.946930512814000167e+02 1.369213835589022710e+04
1.000000019999999906e-01 6.693144909453440050e+02 1.156195120041650625e+04
1.099999979999999877e-01 5.634540272725120076e+02 9.761040945894106699e+03
1.199999999999999956e-01 4.740936720269040165e+02 8.238677331126773424e+03
1.300000020000000034e-01 3.986804806522079616e+02 6.951932528255080797e+03
1.399999979999999866e-01 3.350550214613840012e+02 5.864482174384520476e+03
1.499999999999999944e-01 2.813908371649359879e+02 4.945590558940200026e+03
1.600000020000000023e-01 2.361432102846719943e+02 4.169251688005640062e+03
1.699999979999999855e-01 1.980058034035679952e+02 3.513462289051413336e+03
1.799999999999999933e-01 1.658739645025279970e+02 2.959606494385106998e+03
1.900000019999999734e-01 1.388136735173999909e+02 2.491935053015946778e+03
1.999999979999999844e-01 1.160352634424880023e+02 2.097124553730213393e+03
2.099999999999999922e-01 9.687118244168000558e+01 1.763904371339026738e+03
2.200000019999999723e-01 8.075717601556799252e+01 1.482740934946466723e+03
2.299999980000000110e-01 6.721636374344799947e+01 1.245570514049053372e+03
2.399999999999999911e-01 5.584576573221599460e+01 1.045573070462733313e+03
2.500000019999999989e-01 4.630490233349599549e+01 8.769808680349067345e+02
2.599999980000000099e-01 3.830614837514399795e+01 9.227092928345999781e+02
2.700000000000000178e-01 2.785071647471199796e+01 1.324145691337613471e+03
2.800000019999999701e-01 1.182323454518399863e+01 9.621621643041867173e+02
2.899999979999999811e-01 8.607473189743998887e+00 2.198027160168533669e+02
2.999999999999999889e-01 7.427180224567999645e+00 1.180292963711600009e+02
3.100000019999999967e-01 6.246887263576000215e+00 9.964838960161333148e+01
3.199999980000000077e-01 5.434212433512000118e+00 8.126748283206666201e+01
3.300000000000000155e-01 4.621537607631999833e+00 4.900051932890666961e+01
3.400000020000000234e-01 4.454202046375999480e+00 2.315588985199999783e+01
3.499999979999999788e-01 4.158419810592000054e+00 3.048942307589333467e+01
3.599999999999999867e-01 3.844413585416000423e+00 3.049763925945333654e+01
3.700000019999999945e-01 3.548467023032000345e+00 2.895157414135999829e+01
3.799999980000000055e-01 3.265382101751999944e+00 2.820393715481333530e+01
3.900000000000000133e-01 2.984388280911999924e+00 2.818281478868000178e+01
4.000000020000000212e-01 2.701725809744000006e+00 2.799733264342666672e+01
4.099999979999999766e-01 2.424441627903999752e+00 2.704383766872000194e+01
4.199999999999999845e-01 2.160849054695999971e+00 2.544139179779999793e+01
4.300000019999999368e-01 1.915613794039999762e+00 2.358230303485333224e+01
4.399999980000000033e-01 1.689202993719999712e+00 2.177743003485333517e+01
4.499999999999999556e-01 1.480065193063999862e+00 2.015373045506666827e+01
4.600000019999999634e-01 1.286128383224000027e+00 1.872521066086666863e+01
4.699999980000000299e-01 1.105560976360000058e+00 1.748794755254666811e+01
4.799999999999999822e-01 9.363694345440000122e-01 1.642979568241333155e+01
4.900000019999999901e-01 7.769650636880000016e-01 1.538463313790666653e+01
4.999999979999999455e-01 6.286767691360000132e-01 1.415807093733333311e+01
5.100000000000000089e-01 4.938036463360000461e-01 1.275217219017333292e+01
5.200000019999999612e-01 3.736333254720000108e-01 1.130237312983999942e+01
5.299999979999999722e-01 2.677561845759999781e-01 9.878992236013333539e+00
5.400000000000000355e-01 1.760534817280000053e-01 8.534962624600000325e+00
5.500000019999999878e-01 9.705692999200001003e-02 7.290545957146667533e+00
5.599999979999999988e-01 3.024256286400000063e-02 6.130874110720000658e+00
5.699999999999999512e-01 -2.556054971199999901e-02 5.081485523986667197e+00
5.800000019999999035e-01 -7.138714859199998819e-02 4.232523723826666640e+00
5.899999980000000255e-01 -1.102110243280000068e-01 3.638279464413333386e+00
5.999999999999999778e-01 -1.441527369039999895e-01 3.284361040946666588e+00
6.100000019999999301e-01 -1.758982469599999765e-01 3.137848323026667163e+00
6.199999980000000521e-01 -2.069097035039999810e-01 3.092148060026666645e+00
6.300000000000000044e-01 -2.377412062079999888e-01 2.968400897533333360e+00
6.400000019999999568e-01 -2.662777221520000182e-01 2.717576610626666778e+00
6.499999980000000788e-01 -2.920927385600000092e-01 2.457905192960000207e+00
6.600000000000000311e-01 -3.154358226639999985e-01 2.276944863866666946e+00
6.700000019999999834e-01 -3.376316372320000148e-01 2.200630705213333371e+00
6.799999979999998834e-01 -3.594484399760000115e-01 2.230307182640000274e+00
6.899999999999999467e-01 -3.822377800479999643e-01 2.366950625573333244e+00
7.000000019999998990e-01 -4.067874502559999939e-01 2.545632536546666547e+00
7.099999979999999100e-01 -4.331504325919999787e-01 2.693610477320000030e+00
7.199999999999999734e-01 -4.606596593839999421e-01 2.758305486666666972e+00
7.300000019999999257e-01 -4.883165395359999605e-01 2.736949304666666638e+00
7.399999979999999367e-01 -5.153986468719999881e-01 2.620634571880000152e+00
7.500000000000000000e-01 -5.407292313920000204e-01 2.376278825680000040e+00
7.600000019999999523e-01 -5.629242217119999614e-01 1.983674636133333280e+00
7.699999979999999633e-01 -5.804027269039999659e-01 1.500391716373333351e+00
7.800000000000000266e-01 -5.929320579919999945e-01 1.014181398253333199e+00
7.900000019999999790e-01 -6.006863530559999331e-01 5.650387330266666286e-01
7.999999979999999900e-01 -6.042328327920000186e-01 1.242342079866666643e-01
8.100000000000000533e-01 -6.031710381920000197e-01 -3.350607379866666902e-01
8.200000020000000056e-01 -5.975316170559999973e-01 -8.103329085866667336e-01
8.299999979999999056e-01 -5.869643811359999130e-01 -1.282792524653333377e+00
8.399999999999999689e-01 -5.718757683759999599e-01 -1.726285220880000137e+00
8.500000019999999212e-01 -5.524386742079999690e-01 -2.122872968933333659e+00
8.599999979999999322e-01 -5.294183062080000113e-01 -2.447851333840000088e+00
8.699999999999999956e-01 -5.034816483680000232e-01 -2.688604921026666705e+00
8.800000019999999479e-01 -4.756462076479999745e-01 -2.858019578826667129e+00
8.899999979999999589e-01 -4.463212587440000267e-01 -2.973800830693333452e+00
8.999999999999999112e-01 -4.161701915919999717e-01 -3.024260568026666540e+00
9.100000019999999745e-01 -3.858360451519999845e-01 -2.994222488400000159e+00
9.199999979999999855e-01 -3.562857418239999685e-01 -2.896090059813333895e+00
9.299999999999999378e-01 -3.279142428399999809e-01 -2.774844476053333509e+00
9.400000020000000012e-01 -3.007888520240000196e-01 -2.649867329133333449e+00
9.499999980000000122e-01 -2.749168997439999651e-01 -2.510590908946666477e+00
9.599999999999999645e-01 -2.505770362160000264e-01 -2.344636760840000278e+00
9.700000020000000278e-01 -2.280241632720000078e-01 -2.157811293573333344e+00
9.799999979999999278e-01 -2.074208083920000001e-01 -1.959543423106666626e+00
9.899999999999998801e-01 -1.888332921599999992e-01 -1.754534215133333630e+00
1.000000001999999943e+00 -1.723301233919999897e-01 -1.547101411213333444e+00
1.009999997999999843e+00 -1.578912649120000067e-01 -1.349195958826666653e+00
1.020000000000000018e+00 -1.453462061679999806e-01 -1.175414774026666720e+00
1.030000001999999970e+00 -1.343829713839999884e-01 -1.036740291973333283e+00
1.039999997999999870e+00 -1.246113983759999932e-01 -9.420655698000000022e-01
1.050000000000000044e+00 -1.155416578959999885e-01 -8.906881836400000196e-01
1.060000001999999997e+00 -1.067976376319999948e-01 -8.640694292000000720e-01
1.069999997999999897e+00 -9.826026931200000647e-02 -8.389493835600000393e-01
1.080000000000000071e+00 -9.001864703200000706e-02 -8.058275983066666148e-01
1.090000002000000023e+00 -8.214371888000000788e-02 -7.653099375600000975e-01
1.099999997999999923e+00 -7.471244953600000849e-02 -7.269586195199999601e-01
1.110000000000000098e+00 -6.760454481599999232e-02 -6.991325439866665770e-01
1.120000002000000050e+00 -6.072979767999999584e-02 -6.801090117200000451e-01
1.129999997999999950e+00 -5.400236500000000356e-02 -6.670919670933334045e-01
1.139999999999999902e+00 -4.738795889600000422e-02 -6.660003893866667246e-01
1.150000001999999855e+00 -4.068235832799999702e-02 -6.877541838799999807e-01
1.159999997999999977e+00 -3.363287479999999691e-02 -1.774640943159999873e+00
1.169999999999999929e+00 -5.189540720000000024e-03 -1.655588500626666626e+00
1.180000001999999881e+00 -5.211046480000000028e-04 -2.570058819200000122e-01
1.189999998000000003e+00 -4.942140800000000277e-05 -2.605528818666666413e-02
1.199999999999999956e+00 0.000000000000000000e+00 1.617102750666666797e-02
