0.000000000000000000e+00 2.651949180430044066e+02 6.193649707289363278e+02
1.000000000000000021e-02 2.590012683357150536e+02 6.193649707289363278e+02
2.000000000000000042e-02 2.528076186284257005e+02 6.193649707289363278e+02
2.999999999999999889e-02 2.466139689211363475e+02 6.193649707289315529e+02
4.000000000000000083e-02 2.404203192138470797e+02 6.193649707289315529e+02
4.999999999999999584e-02 2.342266695065576982e+02 6.193649707289363278e+02
5.999999999999999778e-02 2.280330197992683452e+02 6.193649707289363278e+02
6.999999999999999278e-02 2.218393700919789921e+02 6.193649707289339403e+02
8.000000000000000167e-02 2.156457203846896675e+02 6.193649707289339403e+02
8.999999999999999667e-02 2.094520706774003145e+02 6.193649707289339403e+02
9.999999999999999167e-02 2.032584209701109899e+02 6.193649707289339403e+02
1.099999999999999867e-01 1.970647712628216368e+02 6.193649707289339403e+02
1.199999999999999956e-01 1.908711215555323122e+02 6.193649707289339403e+02
1.300000000000000044e-01 1.846774718482429591e+02 6.193649707289363278e+02
1.399999999999999856e-01 1.784838221409535777e+02 6.193649707289339403e+02
1.499999999999999944e-01 1.722901724336642815e+02 6.193649707289339403e+02
1.600000000000000033e-01 1.660965227263749000e+02 6.193649707289339403e+02
1.699999999999999845e-01 1.599028730190856038e+02 6.193649707289339403e+02
1.799999999999999933e-01 1.537092233117962223e+02 6.193649707289339403e+02
1.899999999999999745e-01 1.475155736045069261e+02 6.193649707289339403e+02
1.999999999999999833e-01 1.413219238972175447e+02 6.193649707289350772e+02
2.099999999999999922e-01 1.351282741899282200e+02 6.193649707289339403e+02
2.199999999999999734e-01 1.289346244826388670e+02 6.193649707289350772e+02
2.299999999999999822e-01 1.227409747753495139e+02 6.193649707289363278e+02
2.399999999999999911e-01 1.165473250680601609e+02 6.193649707289339403e+02
2.500000000000000000e-01 1.103536753607708363e+02 6.193649707289339403e+02
2.600000000000000089e-01 1.041600256534814832e+02 6.193649707289350772e+02
2.700000000000000178e-01 9.796637594619214440e+01 6.193649707289339403e+02
2.799999999999999711e-01 9.177272623890280556e+01 6.193649707289339403e+02
2.899999999999999800e-01 8.557907653161346673e+01 6.193649707289339403e+02
2.999999999999999889e-01 7.938542682432412789e+01 6.193649707289339403e+02
3.099999999999999423e-01 7.319177711703478906e+01 6.193649707289350772e+02
3.200000000000000067e-01 6.699812740974542180e+01 6.193649707289363278e+02
3.300000000000000155e-01 6.080447770245606165e+01 6.193649707289339403e+02
3.399999999999999689e-01 5.461082799516674413e+01 6.193649707289339403e+02
3.500000000000000333e-01 4.841717828787738398e+01 6.193649707289341677e+02
3.599999999999999867e-01 4.222352858058805936e+01 6.193649707289341677e+02
3.699999999999999956e-01 3.602987887329869920e+01 6.193649707289341677e+02
3.799999999999999489e-01 2.983622916600937813e+01 3.676685781401358781e+02
3.900000000000000133e-01 2.867650731049598178e+01 2.964028865958520100e+02
3.999999999999999667e-01 2.390817143409233836e+01 4.452732726292235270e+02
4.099999999999999756e-01 1.977104185791151281e+01 3.745544584684966480e+02
4.199999999999999845e-01 1.641708226472240639e+01 3.059339993925098042e+02
4.299999999999999933e-01 1.365236187006131807e+01 2.563110468313828960e+02
4.399999999999999467e-01 1.129086132809474918e+01 2.205343676646235167e+02
4.499999999999999556e-01 9.241674516768847880e+00 1.914493307459974858e+02
4.599999999999999645e-01 7.461874713174799112e+00 1.658986881566264913e+02
4.699999999999999734e-01 5.923700753636317984e+00 1.426579783971315010e+02
4.799999999999999822e-01 4.608715145232168631e+00 1.217144070492172858e+02
4.899999999999999911e-01 3.489412612651972001e+00 1.039397311171834133e+02
5.000000000000000000e-01 2.529920522888500667e+00 8.933316339105344639e+01
5.100000000000000089e-01 1.702749344830902789e+00 7.680566643300900864e+01
5.200000000000000178e-01 9.938071942283207560e-01 6.582081830689273261e+01
5.299999999999999156e-01 3.863329786930482235e-01 5.610046568288937863e+01
5.400000000000000355e-01 -1.282021194294667710e-01 4.702186994287983168e+01
5.499999999999999334e-01 -5.541044201645483058e-01 3.840057502721492000e+01
5.599999999999999423e-01 -8.962136199737650299e-01 3.069500613881469420e+01
5.699999999999999512e-01 -1.168004542940842105e+00 2.446834648050544914e+01
5.799999999999999600e-01 -1.385580549583873999e+00 1.990438643933424956e+01
5.899999999999999689e-01 -1.566092271727527185e+00 1.641062898109427337e+01
5.999999999999999778e-01 -1.713793129205759547e+00 1.307594984747762723e+01
6.099999999999999867e-01 -1.827611268677079570e+00 9.452095991892926818e+00
6.199999999999998845e-01 -1.902835049043617888e+00 5.619976232356992618e+00
6.300000000000000044e-01 -1.940010793324219440e+00 1.971280353126418250e+00
6.400000000000000133e-01 -1.942260656106146399e+00 -1.140443849006046229e+00
6.499999999999999112e-01 -1.917201916344098533e+00 -3.572782120646839754e+00
6.600000000000000311e-01 -1.870805013693209506e+00 -5.287277964828362542e+00
6.700000000000000400e-01 -1.811456357047531274e+00 -6.508472792769030235e+00
6.799999999999999378e-01 -1.740635557837828973e+00 -7.844869305639359247e+00
6.899999999999999467e-01 -1.654558970934744133e+00 -9.438192051878697697e+00
7.000000000000000666e-01 -1.551871716800255152e+00 -1.074321525451192194e+01
7.099999999999999645e-01 -1.439694665844505783e+00 -1.140756099250187994e+01
7.199999999999999734e-01 -1.323720496950217429e+00 -1.146963798091464071e+01
7.299999999999998712e-01 -1.210301906226212809e+00 -1.103765309657514138e+01
7.399999999999999911e-01 -1.102967435018714637e+00 -1.041741495204194301e+01
7.500000000000000000e-01 -1.001953607185374073e+00 -9.929270762558477514e+00
7.599999999999998979e-01 -9.043820197675451755e-01 -9.536475702664532150e+00
7.699999999999999067e-01 -8.112240931320834347e-01 -9.090962919747296311e+00
7.800000000000000266e-01 -7.225627613725992271e-01 -8.519397954156431751e+00
7.899999999999999245e-01 -6.408361340489548974e-01 -7.854559418961562400e+00
7.999999999999999334e-01 -5.654715729933680324e-01 -7.194246376009541422e+00
8.100000000000000533e-01 -4.969512065287640112e-01 -6.608431711534987762e+00
8.199999999999999512e-01 -4.333029387626682882e-01 -6.060781054820415292e+00
8.299999999999999600e-01 -3.757355854323557454e-01 -5.362086430202412934e+00
8.399999999999999689e-01 -3.260612101586199962e-01 -4.356388496439474345e+00
8.499999999999999778e-01 -2.886078155035662340e-01 -3.267362240691269459e+00
8.599999999999999867e-01 -2.607139653447946293e-01 -2.382449116719919768e+00
8.699999999999999956e-01 -2.409588331691678575e-01 -1.588839743197551169e+00
8.799999999999998934e-01 -2.289371704808436103e-01 -7.598385552577950897e-01
8.900000000000000133e-01 -2.257620620640119757e-01 -2.730300063776035929e-02
8.999999999999999112e-01 -2.283911104680884097e-01 4.594909576430240561e-01
9.099999999999999201e-01 -2.349518812168724380e-01 6.921854206230837470e-01
9.199999999999999289e-01 -2.422348188805500957e-01 6.431102687680652075e-01
9.299999999999999378e-01 -2.478140865922337510e-01 4.275082190335280918e-01
9.399999999999999467e-01 -2.507849832612206731e-01 2.330129041034906534e-01
9.499999999999999556e-01 -2.524743446743035746e-01 1.731231944338049722e-01
9.599999999999999645e-01 -2.542474471498967215e-01 1.794918239969647000e-01
9.699999999999999734e-01 -2.560641811542428425e-01 1.630440673840973798e-01
9.799999999999999822e-01 -2.575083284975787090e-01 4.954655703337147027e-02
9.899999999999998801e-01 -2.570551122949102929e-01 -1.854194801191514363e-01
1.000000000000000000e+00 -2.537999388951956425e-01 -5.401555894987229989e-01
1.010000000000000009e+00 -2.462520005049358141e-01 -9.112401862808697794e-01
1.020000000000000018e+00 -2.355751351695782592e-01 -1.209177491032410012e+00
1.029999999999999805e+00 -2.220684506842876271e-01 -1.421726984126612914e+00
1.040000000000000036e+00 -2.071405954870459976e-01 -1.530554967940863209e+00
1.050000000000000044e+00 -1.914573513254703707e-01 -1.552328115187617374e+00
1.059999999999999831e+00 -1.760940331832936689e-01 -1.559628980346011717e+00
1.069999999999999840e+00 -1.602647717185501364e-01 -1.632321231868048006e+00
1.080000000000000071e+00 -1.434476085459326922e-01 -1.760431549948318963e+00
1.089999999999999858e+00 -1.250561407195837638e-01 -1.875200208351869513e+00
1.099999999999999867e+00 -1.059436043788953147e-01 -1.870459411274143502e+00
1.109999999999999876e+00 -8.764695249410088540e-02 -1.692094935002636635e+00
1.119999999999999885e+00 -7.210170567884259529e-02 -1.388958235778002592e+00
1.129999999999999893e+00 -5.986778777854083466e-02 -1.102826760284599805e+00
1.139999999999999902e+00 -5.004517047315059503e-02 -9.518834030922189715e-01
1.149999999999999911e+00 -4.083011971669645718e-02 -9.456322322965160510e-01
1.159999999999999920e+00 -3.113252582722027609e-02 -1.683709533039633222e+00
1.169999999999999929e+00 -7.155929055903798193e-03 -1.514325605166497946e+00
1.179999999999999938e+00 -8.460137238903194922e-04 -3.546075625286456701e-01
1.189999999999999947e+00 -6.377780533088617514e-05 -4.230068619451597678e-02
1.199999999999999956e+00 0.000000000000000000e+00 -6.377780533088617948e-03
