0.000000000000000000e+00 2.601871839417682963e+02 7.373164846432068771e+02
1.000000000000000021e-02 2.528140190953362207e+02 7.373164846432044897e+02
2.000000000000000042e-02 2.454408542489042020e+02 7.373164846432022159e+02
2.999999999999999889e-02 2.380676894024721832e+02 7.373164846432044897e+02
4.000000000000000083e-02 2.306945245560401077e+02 7.373164846432068771e+02
4.999999999999999584e-02 2.233213597096080321e+02 7.373164846432044897e+02
5.999999999999999778e-02 2.159481948631760133e+02 7.373164846432068771e+02
6.999999999999999278e-02 2.085750300167439093e+02 7.373164846432068771e+02
8.000000000000000167e-02 2.012018651703118906e+02 7.373164846432044897e+02
8.999999999999999667e-02 1.938287003238798150e+02 7.373164846432058539e+02
9.999999999999999167e-02 1.864555354774477678e+02 7.373164846432058539e+02
1.099999999999999867e-01 1.790823706310156922e+02 7.373164846432058539e+02
1.199999999999999956e-01 1.717092057845836450e+02 7.373164846432058539e+02
1.300000000000000044e-01 1.643360409381515979e+02 7.373164846432058539e+02
1.399999999999999856e-01 1.569628760917195507e+02 7.373164846432044897e+02
1.499999999999999944e-01 1.495897112452875035e+02 7.373164846432058539e+02
1.600000000000000033e-01 1.422165463988554279e+02 7.373164846432058539e+02
1.699999999999999845e-01 1.348433815524233808e+02 7.373164846432044897e+02
1.799999999999999933e-01 1.274702167059913336e+02 7.373164846432044897e+02
1.899999999999999745e-01 1.200970518595593006e+02 7.373164846432058539e+02
1.999999999999999833e-01 1.127238870131272250e+02 7.373164846432058539e+02
2.099999999999999922e-01 1.053507221666951779e+02 7.373164846432044897e+02
2.199999999999999734e-01 9.797755732026313069e+01 7.373164846432051718e+02
2.299999999999999822e-01 9.060439247383108352e+01 7.373164846432068771e+02
2.399999999999999911e-01 8.323122762739899372e+01 7.373164846432068771e+02
2.500000000000000000e-01 7.585806278096694655e+01 7.373164846432051718e+02
2.600000000000000089e-01 6.848489793453489938e+01 7.373164846432051718e+02
2.700000000000000178e-01 6.111173308810283800e+01 7.373164846432058539e+02
2.799999999999999711e-01 5.373856824167078372e+01 7.373164846432051718e+02
2.899999999999999800e-01 4.636540339523873655e+01 7.373164846432051718e+02
2.999999999999999889e-01 3.899223854880668227e+01 7.373164846432042623e+02
3.099999999999999423e-01 3.161907370237465287e+01 7.373164846432052855e+02
3.200000000000000067e-01 2.424590885594257372e+01 4.734770770370868149e+02
3.300000000000000155e-01 2.214953216163291572e+01 3.513797538298111931e+02
3.399999999999999689e-01 1.721831377934635299e+01 4.282558643071108690e+02
3.500000000000000333e-01 1.358441487549069926e+01 3.200193631497396609e+02
3.599999999999999867e-01 1.081792651635155877e+01 2.457066663301271205e+02
3.699999999999999956e-01 8.670281548888157275e+00 1.934417256058871146e+02
3.799999999999999489e-01 6.949092004233816233e+00 1.541501905862542969e+02
3.900000000000000133e-01 5.587277737163072189e+00 1.230802539493090819e+02
3.999999999999999667e-01 4.487486925247634595e+00 9.892363050195241669e+01
4.099999999999999756e-01 3.608805127124024015e+00 7.968458268312507187e+01
4.199999999999999845e-01 2.893795271585133388e+00 6.447570636080760664e+01
4.299999999999999933e-01 2.319290999907872131e+00 5.250820789570469316e+01
4.399999999999999467e-01 1.843631113671039934e+00 4.401708292905407660e+01
4.499999999999999556e-01 1.438949341326790643e+00 3.840047674673886746e+01
4.599999999999999645e-01 1.075621578736262407e+00 3.458463374442821703e+01
4.699999999999999734e-01 7.472566664382263024e-01 3.130304136338487808e+01
4.799999999999999822e-01 4.495607514685650008e-01 2.759450703890872347e+01
4.899999999999999911e-01 1.953665256600518318e-01 2.300322165394445406e+01
5.000000000000000000e-01 -1.050368161032405774e-02 1.811537452515129942e+01
5.100000000000000089e-01 -1.669409648429741044e-01 1.336912487283484552e+01
5.200000000000000178e-01 -2.778861790670209553e-01 9.076789884782158424e+00
5.299999999999999156e-01 -3.484767625386172574e-01 5.559971900649996357e+00
5.400000000000000355e-01 -3.890856170800208735e-01 3.117511618568680198e+00
5.499999999999999334e-01 -4.108269949099908613e-01 1.476140176130923187e+00
5.599999999999999423e-01 -4.186084206026393639e-01 1.688277249085723131e-01
5.699999999999999512e-01 -4.142035494081622859e-01 -1.148957573573456736e+00
5.799999999999999600e-01 -3.956292691311702470e-01 -2.474029186170780381e+00
5.899999999999999689e-01 -3.647229656847467139e-01 -3.507176459859099538e+00
5.999999999999999778e-01 -3.254857399339882162e-01 -3.712377971475532501e+00
6.099999999999999867e-01 -2.904754062552360461e-01 -2.835292505052958045e+00
6.199999999999998845e-01 -2.687798898329290531e-01 -1.376154085219245093e+00
6.300000000000000044e-01 -2.629523245508511575e-01 -1.844990282329321274e-01
6.400000000000000133e-01 -2.650899092682704183e-01 3.995002232742724257e-01
6.499999999999999112e-01 -2.709423290163365805e-01 4.337578306068226031e-01
6.600000000000000311e-01 -2.737650658804068882e-01 -1.586207805417195679e-02
6.700000000000000400e-01 -2.706250874552531549e-01 -7.474527282336447254e-01
6.799999999999999378e-01 -2.588160113157340070e-01 -1.278812721654426499e+00
6.899999999999999467e-01 -2.450488330221646249e-01 -1.333417200197483776e+00
7.000000000000000666e-01 -2.321476673117843226e-01 -1.103577372522468902e+00
7.099999999999999645e-01 -2.229772855717152558e-01 -8.011132795128397266e-01
7.199999999999999734e-01 -2.161254017215275269e-01 -4.478943498610274965e-01
7.299999999999998712e-01 -2.140193985744947014e-01 -6.335784892820964243e-02
7.399999999999999911e-01 -2.148582447429633335e-01 3.803135519945000098e-01
7.500000000000000000e-01 -2.216256696143847071e-01 8.958958722442238454e-01
7.599999999999998979e-01 -2.327761621878478016e-01 1.321485199063508142e+00
7.699999999999999067e-01 -2.480553735956548544e-01 1.516600089393262296e+00
7.800000000000000266e-01 -2.631081639757130719e-01 1.494183118062045068e+00
7.899999999999999245e-01 -2.779390359568957858e-01 1.319359348070132665e+00
7.999999999999999334e-01 -2.894953509371157030e-01 1.064180491965877273e+00
8.100000000000000533e-01 -2.992226457962133268e-01 8.444450673920700368e-01
8.199999999999999512e-01 -3.063842522849570815e-01 6.330590172058779830e-01
8.299999999999999600e-01 -3.118838261403308887e-01 3.318877551619591193e-01
8.399999999999999689e-01 -3.130220073881962994e-01 -1.644603066302721128e-01
8.499999999999999778e-01 -3.085946200077254176e-01 -7.501566987827605892e-01
8.599999999999999867e-01 -2.980188734125410743e-01 -1.224044801145366623e+00
8.699999999999999956e-01 -2.841137239848181006e-01 -1.484217899213564618e+00
8.799999999999998934e-01 -2.683345154282698042e-01 -1.580409636946048524e+00
8.900000000000000133e-01 -2.525055312458971413e-01 -1.590530060904606025e+00
8.999999999999999112e-01 -2.365239142101776548e-01 -1.657497428810789319e+00
9.099999999999999201e-01 -2.193555826696813593e-01 -1.856521556244663973e+00
9.199999999999999289e-01 -1.993934830852843731e-01 -2.153925520587901765e+00
9.299999999999999378e-01 -1.762770722579233285e-01 -2.428046069787966221e+00
9.399999999999999467e-01 -1.508325616895250521e-01 -2.552763465046357982e+00
9.499999999999999556e-01 -1.252218029569961699e-01 -2.511183487494229816e+00
9.599999999999999645e-01 -1.006088919396404685e-01 -2.351484652593176961e+00
9.699999999999999734e-01 -7.819210990513263126e-02 -2.051227889174672470e+00
9.799999999999999822e-01 -5.958433415614701467e-02 -1.628904429164479639e+00
9.899999999999998801e-01 -4.561402132184303598e-02 -1.249221232755342248e+00
1.000000000000000000e+00 -3.459990950104017277e-02 -1.040790847197718971e+00
1.010000000000000009e+00 -2.479820437788865864e-02 -9.592289103028334152e-01
1.020000000000000018e+00 -1.541533129498350377e-02 -8.779257590713830384e-01
1.029999999999999805e+00 -7.239689196460998184e-03 -7.043531243382066265e-01
1.040000000000000036e+00 -1.328268808219372141e-03 -4.246391457829686300e-01
1.050000000000000044e+00 1.253093719198374511e-03 -1.203872383797125745e-01
1.059999999999999831e+00 1.079475959374879114e-03 8.266108396054934471e-02
1.069999999999999840e+00 -4.001279600126123330e-04 1.415198951101613867e-01
1.080000000000000071e+00 -1.750921942828348498e-03 1.152393416929516079e-01
1.089999999999999858e+00 -2.704914793871644307e-03 6.126928042494677457e-02
1.099999999999999867e+00 -2.976307551327283824e-03 5.086396027708247128e-03
1.109999999999999876e+00 -2.806642714425809128e-03 -2.645755916056754392e-02
1.119999999999999885e+00 -2.447156368115932946e-03 -1.527707444629313252e-02
1.129999999999999893e+00 -2.501101225499946339e-03 2.762281883853413833e-02
1.139999999999999902e+00 -2.999612744886615522e-03 7.364025879407612440e-02
1.149999999999999911e+00 -3.973906401381469000e-03 9.260108128111659009e-02
1.159999999999999920e+00 -4.851634370508947809e-03 -1.000112372018607254e-01
1.169999999999999929e+00 -1.973681657344254249e-03 -2.230743761834316496e-01
1.179999999999999938e+00 -3.901468468403152803e-04 -9.661935447033390134e-02
1.189999999999999947e+00 -4.129456793757648576e-05 -1.950734234201576683e-02
1.199999999999999956e+00 0.000000000000000000e+00 -4.129456793757649118e-03
