0.000000000000000000e+00 1.329980631999999969e+04 2.209507639999999956e+05
1.000000200000000089e-02 1.124818191999999908e+04 1.893755106666666688e+05
1.999999800000000147e-02 9.512324000000000524e+03 1.602269773333333433e+05
2.999999999999999889e-02 8.043656319999999141e+03 1.355595080000000016e+05
4.000000199999999978e-02 6.801133840000000419e+03 1.146848346666666766e+05
4.999999799999999689e-02 5.749945679999999811e+03 9.701928933333333407e+04
5.999999999999999778e-02 4.860720159999999851e+03 8.207125200000000768e+04
7.000000199999999173e-02 4.108537375999999313e+03 6.942169506666666712e+04
7.999999800000000272e-02 3.472297415999999885e+03 5.871825600000000122e+04
8.999999999999999667e-02 2.934172255999999834e+03 4.966163933333333262e+04
1.000000019999999906e-01 2.479061840000000302e+03 4.199878280000000086e+04
1.099999979999999877e-01 2.094196599999999762e+03 3.551546560000000318e+04
1.199999999999999956e-01 1.768752527999999984e+03 3.003024160000000120e+04
1.300000020000000034e-01 1.493587584000000106e+03 2.538976720000000205e+04
1.399999979999999866e-01 1.260957184000000098e+03 2.146412919999999940e+04
1.499999999999999944e-01 1.064305000000000064e+03 1.814335813333333499e+04
1.600000020000000023e-01 8.980914159999998674e+02 1.533442973333333248e+04
1.699999979999999855e-01 7.576177999999999884e+02 1.295861506666666537e+04
1.799999999999999933e-01 6.389177199999999175e+02 1.094931880000000092e+04
1.900000019999999734e-01 5.386314239999999245e+02 9.249987199999999575e+03
1.999999979999999844e-01 4.539179760000000101e+02 7.813062133333333804e+03
2.099999999999999922e-01 3.823703207999999449e+02 6.598070373333333919e+03
2.200000019999999723e-01 3.219558711999999900e+02 5.570842586666666648e+03
2.299999980000000110e-01 2.709533296000000178e+02 4.702453386666666120e+03
2.399999999999999911e-01 2.279066640000000064e+02 3.968433346666666694e+03
2.500000019999999989e-01 1.915845232000000067e+02 3.348071666666666715e+03
2.599999980000000099e-01 1.609455095999999799e+02 2.823830413333333127e+03
2.700000000000000178e-01 1.351080543999999861e+02 2.380891253333333680e+03
2.800000019999999701e-01 1.133278240000000068e+02 2.006702186666666648e+03
2.899999979999999811e-01 9.497387119999999072e+01 1.690656773333333376e+03
2.999999999999999889e-01 7.951440960000000757e+01 1.423766386666666676e+03
3.100000019999999967e-01 6.649882240000000877e+01 1.198437066666666624e+03
3.199999980000000077e-01 5.554594720000000052e+01 1.008239399999999932e+03
3.300000000000000155e-01 4.633403440000000018e+01 8.477341866666666874e+02
3.400000020000000234e-01 3.859104032000000473e+01 7.123329733333333706e+02
3.499999979999999788e-01 3.208726336000000146e+01 5.981341800000000148e+02
3.599999999999999867e-01 2.662831488000000135e+01 5.018554586666666637e+02
3.700000019999999945e-01 2.205014023999999750e+01 4.207137519999999995e+02
3.799999980000000055e-01 1.821403984000000165e+01 3.523562573333333603e+02
3.900000000000000133e-01 1.500302903999999948e+01 3.946279066666666608e+02
4.000000020000000212e-01 1.032150960000000062e+01 4.681512466666666796e+02
4.099999979999999766e-01 5.639990159999999975e+00 3.115545866666666370e+02
4.199999999999999845e-01 4.090408103999999767e+00 1.192621306666666783e+02
4.300000019999999368e-01 3.254746151999999615e+00 8.356633466666667687e+01
4.399999980000000033e-01 2.419084199999999907e+00 4.981065946666667088e+01
4.499999999999999556e-01 2.258531567999999989e+00 2.139341960000000142e+01
4.600000019999999634e-01 1.991215807999999976e+00 2.750394240000000323e+01
4.699999980000000299e-01 1.708452720000000147e+00 2.706455266666666759e+01
4.799999999999999822e-01 1.449923359999999883e+00 2.426203973333333508e+01
4.900000019999999901e-01 1.223213319999999937e+00 2.146461733333333299e+01
4.999999979999999455e-01 1.020632407999999991e+00 1.941222586666666672e+01
5.100000000000000089e-01 8.349674080000000220e-01 1.777690946666666605e+01
5.200000019999999612e-01 6.650928240000000269e-01 1.620958306666666715e+01
5.299999979999999722e-01 5.107785360000000052e-01 1.481658999999999970e+01
5.400000000000000355e-01 3.687610239999999928e-01 1.377944613333333379e+01
5.500000019999999878e-01 2.351880791999999831e-01 1.302039880000000061e+01
5.599999979999999988e-01 1.083526296000000000e-01 1.231260546666666755e+01
5.699999999999999512e-01 -1.106404407999999999e-02 1.142706186666666746e+01
5.800000019999999035e-01 -1.201879104000000004e-01 1.026760573333333326e+01
5.899999980000000255e-01 -2.164161448000000154e-01 8.939883066666666878e+00
5.999999999999999778e-01 -2.989857112000000039e-01 7.623317733333333734e+00
6.100000019999999301e-01 -3.688819415999999851e-01 6.445605413333334255e+00
6.199999980000000521e-01 -4.278976799999999470e-01 5.479394293333333721e+00
6.300000000000000044e-01 -4.784696880000000041e-01 4.739760719999999594e+00
6.400000019999999568e-01 -5.226945680000000261e-01 4.135751506666666799e+00
6.499999980000000788e-01 -5.611831840000000016e-01 3.538631946666666472e+00
6.600000000000000311e-01 -5.934669280000000047e-01 2.912461480000000158e+00
6.700000019999999834e-01 -6.194328319999999888e-01 2.282595146666666963e+00
6.799999979999998834e-01 -6.391185520000000064e-01 1.661403640000000070e+00
6.899999999999999467e-01 -6.526621599999999912e-01 1.046237093333333368e+00
7.000000019999998990e-01 -6.600427359999999632e-01 4.206698200000000276e-01
7.099999979999999100e-01 -6.610761839999999001e-01 -2.166035879999999858e-01
7.199999999999999734e-01 -6.557081120000000096e-01 -8.256914800000000332e-01
7.300000019999999257e-01 -6.445619360000000020e-01 -1.349946679999999954e+00
7.399999979999999367e-01 -6.287129439999999958e-01 -1.744867466666666811e+00
7.500000000000000000e-01 -6.096631919999999649e-01 -1.998487600000000031e+00
7.600000019999999523e-01 -5.887431920000000263e-01 -2.102857479999999946e+00
7.699999979999999633e-01 -5.676056240000000308e-01 -2.091930266666666594e+00
7.800000000000000266e-01 -5.469031919999999269e-01 -2.071442613333333238e+00
7.900000019999999790e-01 -5.261798400000000653e-01 -2.119363359999999918e+00
7.999999979999999900e-01 -5.045150880000000004e-01 -2.215190906666666848e+00
8.100000000000000533e-01 -4.818754639999999756e-01 -2.305153880000000211e+00
8.200000020000000056e-01 -4.584115920000000344e-01 -2.368869226666666883e+00
8.299999979999999056e-01 -4.344958480000000178e-01 -2.401783360000000034e+00
8.399999999999999689e-01 -4.103767616000000285e-01 -2.392432120000000051e+00
8.500000019999999212e-01 -3.866484608000000378e-01 -2.334588319999999939e+00
8.599999979999999322e-01 -3.636849951999999719e-01 -2.229214279999999881e+00
8.699999999999999956e-01 -3.420641751999999869e-01 -2.076972466666666683e+00
8.800000019999999479e-01 -3.221454064000000006e-01 -1.905051906666666683e+00
8.899999979999999589e-01 -3.039634159999999863e-01 -1.742517453333333410e+00
8.999999999999999112e-01 -2.872951967999999856e-01 -1.603497079999999908e+00
9.100000019999999745e-01 -2.718934744000000014e-01 -1.496867840000000172e+00
9.199999979999999855e-01 -2.573578400000000044e-01 -1.438368546666666470e+00
9.299999999999999378e-01 -2.431259639999999722e-01 -1.416953440000000120e+00
9.400000020000000012e-01 -2.290187711999999709e-01 -1.403048613333333527e+00
9.499999980000000122e-01 -2.150651311999999815e-01 -1.390817386666666655e+00
9.599999999999999645e-01 -2.012027023999999886e-01 -1.395133879999999937e+00
9.700000020000000278e-01 -1.871624536000000005e-01 -1.415872573333333273e+00
9.799999979999999278e-01 -1.728849719999999979e-01 -1.432238986666666714e+00
9.899999999999998801e-01 -1.585175343999999931e-01 -1.416569906666666823e+00
1.000000001999999943e+00 -1.445538527999999934e-01 -1.352994026666666683e+00
1.009999997999999843e+00 -1.314579328000000102e-01 -1.248930973333333361e+00
1.020000000000000018e+00 -1.195749544000000025e-01 -1.130990986666666753e+00
1.030000001999999970e+00 -1.088379735999999987e-01 -1.029612666666666732e+00
1.039999997999999870e+00 -9.898297999999999819e-02 -9.550049733333333402e-01
1.050000000000000044e+00 -8.973759520000000600e-02 -9.042042399999999924e-01
1.060000001999999997e+00 -8.089889520000000112e-02 -8.698605733333333312e-01
1.069999997999999897e+00 -7.234052319999999259e-02 -8.395126266666665948e-01
1.080000000000000071e+00 -6.410850319999999991e-02 -8.023726533333334077e-01
1.090000002000000023e+00 -5.629320959999999791e-02 -7.587056399999999590e-01
1.099999997999999923e+00 -4.893439039999999962e-02 -7.137206666666667809e-01
1.110000000000000098e+00 -4.201865679999999825e-02 -6.703304946666667208e-01
1.120000002000000050e+00 -3.552793391999999745e-02 -6.263169066666666174e-01
1.129999997999999950e+00 -2.949243023999999908e-02 -5.784819320000000875e-01
1.139999999999999902e+00 -2.395829527999999986e-02 -5.279531586666666998e-01
1.150000001999999855e+00 -1.893335311999999951e-02 -4.791551666666666875e-01
1.159999997999999977e+00 -1.437517799999999887e-02 -8.361933200000000177e-01
1.169999999999999929e+00 -2.209532743999999792e-03 -7.086161866666667031e-01
1.180000001999999881e+00 -2.028336256000000002e-04 -1.096201026666666772e-01
1.189999998000000003e+00 -1.712594879999999894e-05 -1.014166733333333320e-02
1.199999999999999956e+00 0.000000000000000000e+00 6.716400866666666358e-03
