0.000000000000000000e+00 2.326991031194430661e+02 5.325100300631504524e+02
1.000000000000000021e-02 2.273740028188115616e+02 5.325100300631504524e+02
2.000000000000000042e-02 2.220489025181800571e+02 5.325100300631504524e+02
2.999999999999999889e-02 2.167238022175485526e+02 5.325100300631515893e+02
4.000000000000000083e-02 2.113987019169170196e+02 5.325100300631528398e+02
4.999999999999999584e-02 2.060736016162854867e+02 5.325100300631504524e+02
5.999999999999999778e-02 2.007485013156540106e+02 5.325100300631504524e+02
6.999999999999999278e-02 1.954234010150224776e+02 5.325100300631515893e+02
8.000000000000000167e-02 1.900983007143909731e+02 5.325100300631515893e+02
8.999999999999999667e-02 1.847732004137594402e+02 5.325100300631515893e+02
9.999999999999999167e-02 1.794481001131279356e+02 5.325100300631504524e+02
1.099999999999999867e-01 1.741229998124964311e+02 5.325100300631515893e+02
1.199999999999999956e-01 1.687978995118649266e+02 5.325100300631515893e+02
1.300000000000000044e-01 1.634727992112334221e+02 5.325100300631504524e+02
1.399999999999999856e-01 1.581476989106019175e+02 5.325100300631504524e+02
1.499999999999999944e-01 1.528225986099704130e+02 5.325100300631515893e+02
1.600000000000000033e-01 1.474974983093388801e+02 5.325100300631515893e+02
1.699999999999999845e-01 1.421723980087073755e+02 5.325100300631504524e+02
1.799999999999999933e-01 1.368472977080758710e+02 5.325100300631504524e+02
1.899999999999999745e-01 1.315221974074443665e+02 5.325100300631504524e+02
1.999999999999999833e-01 1.261970971068128620e+02 5.325100300631515893e+02
2.099999999999999922e-01 1.208719968061813290e+02 5.325100300631515893e+02
2.199999999999999734e-01 1.155468965055498245e+02 5.325100300631504524e+02
2.299999999999999822e-01 1.102217962049183200e+02 5.325100300631515893e+02
2.399999999999999911e-01 1.048966959042867870e+02 5.325100300631515893e+02
2.500000000000000000e-01 9.957159560365529671e+01 5.325100300631515893e+02
2.600000000000000089e-01 9.424649530302376377e+01 5.325100300631515893e+02
2.700000000000000178e-01 8.892139500239225924e+01 5.325100300631504524e+02
2.799999999999999711e-01 8.359629470176075472e+01 5.325100300631510208e+02
2.899999999999999800e-01 7.827119440112923598e+01 5.325100300631515893e+02
2.999999999999999889e-01 7.294609410049771725e+01 5.325100300631498840e+02
3.099999999999999423e-01 6.762099379986624115e+01 5.325100300631504524e+02
3.200000000000000067e-01 6.229589349923471531e+01 5.325100300631528398e+02
3.300000000000000155e-01 5.697079319860318236e+01 5.325100300631513619e+02
3.399999999999999689e-01 5.164569289797168494e+01 5.325100300631513619e+02
3.500000000000000333e-01 4.632059259734015910e+01 5.325100300631510208e+02
3.599999999999999867e-01 4.099549229670866879e+01 5.325100300631510208e+02
3.699999999999999956e-01 3.567039199607714295e+01 5.325100300631510208e+02
3.799999999999999489e-01 3.034529169544564908e+01 4.005292858574397883e+02
3.900000000000000133e-01 2.765980627892834320e+01 2.992947967628402921e+02
3.999999999999999667e-01 2.435939576018884267e+01 3.615318707629396044e+02
4.099999999999999756e-01 2.042916886366955254e+01 3.738307381691628279e+02
4.199999999999999845e-01 1.688278099680558597e+01 3.339273168080791265e+02
4.299999999999999933e-01 1.375062252750796965e+01 2.883920680279719591e+02
4.399999999999999467e-01 1.111493963624614700e+01 2.431668582117107462e+02
4.499999999999999556e-01 8.887285363273756289e+00 2.075418660503476076e+02
4.599999999999999645e-01 6.964102315239195207e+00 1.805624692877814823e+02
4.699999999999999734e-01 5.276035977518126252e+00 1.583813436727181454e+02
4.799999999999999822e-01 3.796475441784832316e+00 1.393784355333321798e+02
4.899999999999999911e-01 2.488467266851483117e+00 1.230890549694982070e+02
5.000000000000000000e-01 1.334694342394868727e+00 1.085580095765484572e+02
5.100000000000000089e-01 3.173070753205140537e-01 9.510009828402324672e+01
5.200000000000000178e-01 -5.673076232855965850e-01 8.189727720569831604e+01
5.299999999999999156e-01 -1.320638468793452258e+00 6.819347434465770164e+01
5.400000000000000355e-01 -1.931177110178750489e+00 5.416657148907200536e+01
5.499999999999999334e-01 -2.403969898574892294e+00 4.105760735255922356e+01
5.599999999999999423e-01 -2.752329257229934711e+00 2.999368131397519477e+01
5.699999999999999512e-01 -3.003843524854396208e+00 2.127692430879994845e+01
5.799999999999999600e-01 -3.177867743405933698e+00 1.455284252934638012e+01
5.899999999999999689e-01 -3.294900375441323526e+00 9.160320202666197176e+00
5.999999999999999778e-01 -3.361074147459257588e+00 4.084578444197609848e+00
6.099999999999999867e-01 -3.376591944325275652e+00 -1.258242998059825757e+00
6.199999999999998845e-01 -3.335909287498060927e+00 -6.353386475551046964e+00
6.300000000000000044e-01 -3.249524214814254908e+00 -1.057136824184639678e+01
6.400000000000000133e-01 -3.124481922661133115e+00 -1.387241422134253455e+01
6.499999999999999112e-01 -2.972075930387404252e+00 -1.644369347196499476e+01
6.600000000000000311e-01 -2.795608053221833256e+00 -1.859199076543699647e+01
6.700000000000000400e-01 -2.600236115078664145e+00 -2.049455206822129583e+01
6.799999999999999378e-01 -2.385717011857407588e+00 -2.165743311431087292e+01
6.899999999999999467e-01 -2.167087452792447078e+00 -2.127385105368263041e+01
7.000000000000000666e-01 -1.960239990783754882e+00 -1.940223019991523401e+01
7.099999999999999645e-01 -1.779042848794142317e+00 -1.722546435344047211e+01
7.199999999999999734e-01 -1.615730703714945538e+00 -1.581572783570723217e+01
7.299999999999998712e-01 -1.462728292079997550e+00 -1.526002549739921044e+01
7.399999999999999911e-01 -1.310530193766961338e+00 -1.498338100122072980e+01
7.500000000000000000e-01 -1.163060672055582945e+00 -1.428223634813844178e+01
7.599999999999998979e-01 -1.024885466804192458e+00 -1.299620834731097041e+01
7.699999999999999067e-01 -9.031365051093636076e-01 -1.171704450011446319e+01
7.800000000000000266e-01 -7.905445768019031538e-01 -1.092315771684977754e+01
7.899999999999999245e-01 -6.846733507723681278e-01 -1.042182875790623697e+01
7.999999999999999334e-01 -5.821080016437784055e-01 -1.001201680756009793e+01
8.100000000000000533e-01 -4.844330146211661692e-01 -9.409746643843201142e+00
8.199999999999999512e-01 -3.939130687669144537e-01 -8.443230589619870941e+00
8.299999999999999600e-01 -3.155684028287687459e-01 -7.262223350175730729e+00
8.399999999999999689e-01 -2.486686017633998602e-01 -6.313403525535941085e+00
8.499999999999999778e-01 -1.893003323180499353e-01 -5.822637494445313422e+00
8.599999999999999867e-01 -1.322158518744936118e-01 -5.555910111630059767e+00
8.699999999999999956e-01 -7.818213008544874776e-02 -4.827514146665973449e+00
8.799999999999998934e-01 -3.566556894117414722e-02 -3.495196257128490913e+00
8.900000000000000133e-01 -8.278204942878940667e-03 -2.026204208390169015e+00
8.999999999999999112e-01 4.858515226629223950e-03 -8.188109712318736300e-01
9.099999999999999201e-01 8.098014481758529504e-03 4.170359298105368040e-02
9.199999999999999289e-01 4.024443367008150377e-03 4.270580962965089822e-01
9.299999999999999378e-01 -4.431474441716488607e-04 3.467714647754622237e-01
9.399999999999999467e-01 -2.910985928501093768e-03 7.206282324747247114e-02
9.499999999999999556e-01 -1.884403909121098271e-03 7.790615465789317573e-02
9.599999999999999645e-01 -4.469109021658957369e-03 5.927939387069797172e-01
9.699999999999999734e-01 -1.374028268326069231e-02 1.258461984835285374e+00
9.799999999999999822e-01 -2.963834871836466475e-02 1.640828999769236907e+00
9.899999999999998801e-01 -4.655686267864542899e-02 1.664875848810693171e+00
1.000000000000000000e+00 -6.293586569457852720e-02 1.537865086555413985e+00
1.010000000000000009e+00 -7.731416440975370785e-02 1.333064519623825550e+00
1.020000000000000018e+00 -8.959715608705504097e-02 9.801123295122978751e-01
1.029999999999999805e+00 -9.691641099999966091e-02 4.684946273327581512e-01
1.040000000000000036e+00 -9.896704863371019734e-02 -4.348583310419875531e-02
1.050000000000000044e+00 -9.604669433791568345e-02 -4.321724600563669472e-01
1.059999999999999831e+00 -9.032359943258286283e-02 -6.326201222900103005e-01
1.069999999999999840e+00 -8.339429189211547411e-02 -6.782146167886207166e-01
1.080000000000000071e+00 -7.675930709681044739e-02 -6.607702252688647526e-01
1.089999999999999858e+00 -7.017888738673819238e-02 -6.515092181314560138e-01
1.099999999999999867e+00 -6.372912273418132600e-02 -6.346398998427886795e-01
1.109999999999999876e+00 -5.748608938988241518e-02 -6.160550263886251932e-01
1.119999999999999885e+00 -5.140802220640882519e-02 -5.937168481329305747e-01
1.129999999999999893e+00 -4.561175242722380341e-02 -5.522759092898057443e-01
1.139999999999999902e+00 -4.036250402061271336e-02 -5.276736760726579156e-01
1.149999999999999911e+00 -3.505827890577064426e-02 -5.776651687023759418e-01
1.159999999999999920e+00 -2.880920064656519036e-02 -1.391801261070401363e+00
1.169999999999999929e+00 -7.222253684362617450e-03 -1.397657943365018918e+00
1.179999999999999938e+00 -8.560417792648165056e-04 -3.577137526718123794e-01
1.189999999999999947e+00 -6.797863092636968047e-05 -4.280208896324082940e-02
1.199999999999999956e+00 0.000000000000000000e+00 -6.797863092636968751e-03
