0.000000000000000000e+00 1.005457040000000052e+04 1.672763200000000070e+05
1.000000200000000089e-02 8.501385919999998805e+03 1.433556946666666772e+05
1.999999800000000147e-02 7.187442560000000412e+03 1.212746346666666650e+05
2.999999999999999889e-02 6.075921119999999974e+03 1.025888906666666735e+05
4.000000199999999978e-02 5.135650800000000345e+03 8.677685733333333337e+04
4.999999799999999689e-02 4.340356080000000475e+03 7.339782000000000698e+04
5.999999999999999778e-02 3.667711136000000351e+03 6.207710146666666697e+04
7.000000199999999173e-02 3.098825207999999748e+03 5.249853080000000045e+04
7.999999800000000272e-02 2.617740519999999833e+03 4.439433200000000215e+04
8.999999999999999667e-02 2.210938568000000032e+03 3.753787173333333340e+04
1.000000019999999906e-01 1.866984479999999849e+03 3.173724386666667124e+04
1.099999979999999877e-01 1.576196479999999838e+03 2.683017893333333632e+04
1.199999999999999956e-01 1.330382295999999997e+03 2.267923253333333196e+04
1.300000020000000034e-01 1.122609040000000050e+03 1.916808946666666816e+04
1.399999979999999866e-01 9.470191119999999501e+02 1.619828626666666787e+04
1.499999999999999944e-01 7.986461039999999230e+02 1.368663106666666681e+04
1.600000020000000023e-01 6.732892799999999625e+02 1.156248400000000038e+04
1.699999979999999855e-01 5.673964239999999108e+02 9.766362533333332976e+03
1.799999999999999933e-01 4.779592399999999657e+02 8.247570533333333515e+03
1.900000019999999734e-01 4.024430607999999552e+02 6.963549746666666579e+03
1.999999979999999844e-01 3.386901976000000332e+02 5.878066733333334014e+03
2.099999999999999922e-01 2.848818656000000260e+02 4.960543426666667074e+03
2.200000019999999723e-01 2.394791896000000122e+02 4.185087840000000142e+03
2.299999980000000110e-01 2.011801087999999993e+02 3.529789760000000115e+03
2.399999999999999911e-01 1.688833944000000145e+02 2.976114066666666986e+03
2.500000019999999989e-01 1.416576880000000074e+02 2.508384706666666716e+03
2.599999980000000099e-01 1.187159791999999925e+02 2.113324453333333167e+03
2.700000000000000178e-01 9.939133839999999509e+01 1.779706239999999980e+03
2.800000019999999701e-01 8.312185440000000369e+01 1.498046333333333450e+03
2.899999979999999811e-01 6.943055120000001068e+01 1.260297506666666777e+03
2.999999999999999889e-01 5.791576479999999805e+01 1.059667733333333217e+03
3.100000019999999967e-01 4.823691759999999817e+01 8.904109866666667585e+02
3.199999980000000077e-01 4.010740559999999988e+01 7.476668533333333926e+02
3.300000000000000155e-01 3.328376183999999682e+01 6.273196719999999686e+02
3.400000020000000234e-01 2.756101216000000065e+01 5.258925386666667237e+02
3.499999979999999788e-01 2.276589711999999821e+01 4.404454960000000483e+02
3.599999999999999867e-01 1.875210224000000281e+01 5.281498066666666773e+02
3.700000019999999945e-01 1.220288704000000024e+01 5.684333586666666633e+02
3.799999980000000055e-01 7.383421119999999505e+00 3.022361213333333012e+02
3.900000000000000133e-01 6.158178560000000523e+00 1.822410933333333105e+02
4.000000020000000212e-01 3.738604832000000044e+00 1.391598400000000026e+02
4.099999979999999766e-01 3.374985943999999627e+00 3.636188880000000268e+01
4.199999999999999845e-01 3.011367055999999653e+00 3.407345000000000113e+01
4.300000019999999368e-01 2.693516944000000191e+00 3.389423533333333438e+01
4.399999980000000033e-01 2.333483744000000026e+00 3.508500173333333549e+01
4.499999999999999556e-01 1.991818303999999928e+00 3.230278120000000541e+01
4.600000019999999634e-01 1.687428120000000087e+00 2.872901760000000237e+01
4.699999980000000299e-01 1.417237952000000023e+00 2.576346813333333685e+01
4.799999999999999822e-01 1.172160152000000011e+00 2.357014560000000358e+01
4.900000019999999901e-01 9.458350400000000713e-01 2.176147213333333497e+01
4.999999979999999455e-01 7.369321039999999767e-01 2.005705000000000027e+01
5.100000000000000089e-01 5.446940399999999904e-01 1.845102160000000069e+01
5.200000019999999612e-01 3.679091615999999787e-01 1.694338693333333268e+01
5.299999979999999722e-01 2.058268591999999897e-01 1.549872146666666772e+01
5.400000000000000355e-01 5.793459280000000378e-02 1.409185146666666810e+01
5.500000019999999878e-01 -7.601072799999999963e-02 1.271768640000000161e+01
5.599999979999999988e-01 -1.964187167999999761e-01 1.139777386666666636e+01
5.699999999999999512e-01 -3.039663447999999546e-01 1.015226679999999959e+01
5.800000019999999035e-01 -3.994640527999999691e-01 8.990509466666667393e+00
5.899999980000000255e-01 -4.837750000000000106e-01 7.897788133333333072e+00
5.999999999999999778e-01 -5.574217679999999842e-01 6.843141199999999813e+00
6.100000019999999301e-01 -6.206378240000000046e-01 5.812119920000000661e+00
6.199999980000000521e-01 -6.736616560000000531e-01 4.831599520000000147e+00
6.300000000000000044e-01 -7.172714880000000681e-01 3.935609866666666790e+00
6.400000019999999568e-01 -7.523752479999999965e-01 3.103349506666666979e+00
6.499999980000000788e-01 -7.793369439999999759e-01 2.293522360000000315e+00
6.600000000000000311e-01 -7.982444400000000551e-01 1.531553200000000059e+00
6.700000019999999834e-01 -8.099680080000000171e-01 8.797208666666667121e-01
6.799999979999998834e-01 -8.158381599999999789e-01 3.493172786666666751e-01
6.899999999999999467e-01 -8.169552879999999462e-01 -1.160118600000000083e-01
7.000000019999998990e-01 -8.135202240000000140e-01 -5.928267759999999997e-01
7.099999979999999100e-01 -8.050978320000000688e-01 -1.128543346666666780e+00
7.199999999999999734e-01 -7.909475440000000024e-01 -1.698899253333333359e+00
7.300000019999999257e-01 -7.711195680000000330e-01 -2.193190040000000174e+00
7.399999979999999367e-01 -7.470866720000000072e-01 -2.499730800000000031e+00
7.500000000000000000e-01 -7.211249520000000413e-01 -2.596681053333333544e+00
7.600000019999999523e-01 -6.951506800000000208e-01 -2.562344359999999988e+00
7.699999979999999633e-01 -6.698793200000000558e-01 -2.511704013333333485e+00
7.800000000000000266e-01 -6.449175759999999924e-01 -2.523321586666666505e+00
7.900000019999999790e-01 -6.194119120000000089e-01 -2.623005386666666716e+00
7.999999979999999900e-01 -5.924585839999999548e-01 -2.780853759999999841e+00
8.100000000000000533e-01 -5.637939999999999063e-01 -2.926812599999999875e+00
8.200000020000000056e-01 -5.339202400000000459e-01 -3.016259546666666846e+00
8.299999979999999056e-01 -5.034690880000000091e-01 -3.036928506666666916e+00
8.399999999999999689e-01 -4.731811120000000148e-01 -2.993003480000000049e+00
8.500000019999999212e-01 -4.436127839999999822e-01 -2.903988879999999995e+00
8.599999979999999322e-01 -4.151021712000000363e-01 -2.800002533333333155e+00
8.699999999999999956e-01 -3.876107807999999988e-01 -2.702759400000000145e+00
8.800000019999999479e-01 -3.610469832000000046e-01 -2.618263520000000177e+00
8.899999979999999589e-01 -3.352455104000000019e-01 -2.544959840000000195e+00
8.999999999999999112e-01 -3.101477864000000140e-01 -2.465394106666666918e+00
9.100000019999999745e-01 -2.859374887999999726e-01 -2.356205653333333316e+00
9.199999979999999855e-01 -2.630238128000000342e-01 -2.224897786666666821e+00
9.299999999999999378e-01 -2.414398120000000036e-01 -2.106030346666666553e+00
9.400000020000000012e-01 -2.209030663999999866e-01 -2.019428519999999949e+00
9.499999980000000122e-01 -2.010512416000000135e-01 -1.958718680000000267e+00
9.599999999999999645e-01 -1.817286928000000079e-01 -1.897771746666666814e+00
9.700000020000000278e-01 -1.630956671999999885e-01 -1.810563240000000240e+00
9.799999979999999278e-01 -1.455174280000000042e-01 -1.683411480000000182e+00
9.899999999999998801e-01 -1.294274376000000004e-01 -1.518917519999999799e+00
1.000000001999999943e+00 -1.151390776000000005e-01 -1.332520319999999980e+00
1.009999997999999843e+00 -1.027770311999999936e-01 -1.144038093333333395e+00
1.020000000000000018e+00 -9.225845520000000577e-02 -9.736446933333333664e-01
1.030000001999999970e+00 -8.330427679999999335e-02 -8.376437733333333968e-01
1.039999997999999870e+00 -7.550530080000000810e-02 -7.432527333333333042e-01
1.050000000000000044e+00 -6.843894319999999087e-02 -6.853078200000000120e-01
1.060000001999999997e+00 -6.179935360000000238e-02 -6.499913733333333443e-01
1.069999997999999897e+00 -5.543925520000000245e-02 -6.206315479999999773e-01
1.080000000000000071e+00 -4.938668079999999905e-02 -5.838172293333333540e-01
1.090000002000000023e+00 -4.376296639999999877e-02 -5.345931666666666748e-01
1.099999997999999923e+00 -3.869476168000000188e-02 -4.772849186666667243e-01
1.110000000000000098e+00 -3.421725408000000218e-02 -4.203504413333333800e-01
1.120000002000000050e+00 -3.028776679999999749e-02 -3.712742133333333250e-01
1.129999997999999950e+00 -2.679178376000000000e-02 -3.366439426666666956e-01
1.139999999999999902e+00 -2.355487399999999995e-02 -3.233834520000000157e-01
1.150000001999999855e+00 -2.032411472000000136e-02 -3.350596013333333456e-01
1.159999997999999977e+00 -1.685369591999999819e-02 -8.813177600000000611e-01
1.169999999999999929e+00 -2.697780439999999860e-03 -8.290247333333333746e-01
1.180000001999999881e+00 -2.732536927999999797e-04 -1.335567666666666597e-01
1.189999998000000003e+00 -2.664203840000000043e-05 -1.366264280000000116e-02
1.199999999999999956e+00 0.000000000000000000e+00 8.334388533333333959e-03
