0.000000000000000000e+00 1.772408744756038175e+02 4.617244508269042740e+02
1.000000000000000021e-02 1.726236299673347787e+02 4.617244508269018866e+02
2.000000000000000042e-02 1.680063854590657684e+02 4.617244508269018866e+02
2.999999999999999889e-02 1.633891409507967296e+02 4.617244508269018866e+02
4.000000000000000083e-02 1.587718964425277477e+02 4.617244508269018866e+02
4.999999999999999584e-02 1.541546519342586805e+02 4.617244508269018866e+02
5.999999999999999778e-02 1.495374074259896986e+02 4.617244508269018866e+02
6.999999999999999278e-02 1.449201629177206598e+02 4.617244508269018866e+02
8.000000000000000167e-02 1.403029184094516495e+02 4.617244508269018866e+02
8.999999999999999667e-02 1.356856739011826107e+02 4.617244508269030803e+02
9.999999999999999167e-02 1.310684293929136004e+02 4.617244508269018866e+02
1.099999999999999867e-01 1.264511848846445758e+02 4.617244508269030803e+02
1.199999999999999956e-01 1.218339403763755371e+02 4.617244508269018866e+02
1.300000000000000044e-01 1.172166958681065410e+02 4.617244508269018866e+02
1.399999999999999856e-01 1.125994513598375022e+02 4.617244508269030803e+02
1.499999999999999944e-01 1.079822068515684776e+02 4.617244508269018866e+02
1.600000000000000033e-01 1.033649623432994673e+02 4.617244508269018866e+02
1.699999999999999845e-01 9.874771783503044276e+01 4.617244508269018866e+02
1.799999999999999933e-01 9.413047332676143242e+01 4.617244508269018866e+02
1.899999999999999745e-01 8.951322881849240787e+01 4.617244508269018866e+02
1.999999999999999833e-01 8.489598431022338332e+01 4.617244508269018866e+02
2.099999999999999922e-01 8.027873980195437298e+01 4.617244508269018866e+02
2.199999999999999734e-01 7.566149529368534843e+01 4.617244508269018866e+02
2.299999999999999822e-01 7.104425078541633809e+01 4.617244508269030803e+02
2.399999999999999911e-01 6.642700627714728512e+01 4.617244508269030803e+02
2.500000000000000000e-01 6.180976176887826767e+01 4.617244508269018866e+02
2.600000000000000089e-01 5.719251726060925023e+01 4.617244508269016023e+02
2.700000000000000178e-01 5.257527275234023989e+01 4.617244508269016023e+02
2.799999999999999711e-01 4.795802824407122245e+01 4.617244508269018866e+02
2.899999999999999800e-01 4.334078373580219790e+01 4.617244508269018866e+02
2.999999999999999889e-01 3.872353922753318045e+01 4.617244508269013750e+02
3.099999999999999423e-01 3.410629471926417722e+01 4.617244508269018866e+02
3.200000000000000067e-01 2.948905021099514556e+01 4.617244508269034213e+02
3.300000000000000155e-01 2.487180570272610680e+01 4.617244508269020571e+02
3.399999999999999689e-01 2.025456119445710357e+01 4.356177678237887676e+02
3.500000000000000333e-01 1.615945034625033472e+01 3.689810421319189118e+02
3.599999999999999867e-01 1.287494035181872576e+01 3.508762782007545411e+02
3.699999999999999956e-01 9.141924782235243185e+00 3.259392595903046868e+02
3.799999999999999489e-01 6.356155160012632699e+00 2.157853179819042282e+02
3.900000000000000133e-01 4.826218422597158941e+00 1.420966023842942718e+02
3.999999999999999667e-01 3.514223112326746890e+00 1.402739601295542116e+02
4.099999999999999756e-01 2.020739220006074977e+00 1.178273002214835827e+02
4.199999999999999845e-01 1.157677107897075119e+00 8.019532213801602438e+01
4.299999999999999933e-01 4.168327772457541824e-01 6.816419226118784991e+01
4.399999999999999467e-01 -2.056067373266816656e-01 5.708910526994347379e+01
4.499999999999999556e-01 -7.249493281531151911e-01 4.725599041880367679e+01
4.599999999999999645e-01 -1.150726545702755121e+00 3.838101009891628479e+01
4.699999999999999734e-01 -1.492569530131441002e+00 3.027876278146753108e+01
4.799999999999999822e-01 -1.756301801332105672e+00 2.303836047692439237e+01
4.899999999999999911e-01 -1.953336739669928601e+00 1.699299255334141989e+01
5.000000000000000000e-01 -2.096161652398933928e+00 1.219917635181711901e+01
5.100000000000000089e-01 -2.197320266706270786e+00 8.391500617599287892e+00
5.200000000000000178e-01 -2.263991664750919952e+00 5.226982333031751971e+00
5.299999999999999156e-01 -2.301859913366905985e+00 2.509433432419922116e+00
5.400000000000000355e-01 -2.314180333399318279e+00 2.673707949370602299e-01
5.499999999999999334e-01 -2.307207329265647200e+00 -1.407182848790763829e+00
5.599999999999999423e-01 -2.286036676423502723e+00 -2.610023951080180371e+00
5.699999999999999512e-01 -2.255006850244043459e+00 -3.423089733535906287e+00
5.799999999999999600e-01 -2.217574881752784943e+00 -3.976534100508382519e+00
5.899999999999999689e-01 -2.175476168233875907e+00 -4.501096308712357441e+00
5.999999999999999778e-01 -2.127552955578537741e+00 -5.157719305363621665e+00
6.099999999999999867e-01 -2.072321782126603562e+00 -5.965206679850381555e+00
6.199999999999998845e-01 -2.008248821981529986e+00 -6.806453026927264283e+00
6.300000000000000044e-01 -1.936192721588058330e+00 -7.442722056095122163e+00
6.400000000000000133e-01 -1.859394380859627605e+00 -7.727825224561336803e+00
6.499999999999999112e-01 -1.781636217096831620e+00 -7.695457972103714184e+00
6.600000000000000311e-01 -1.705485221417553321e+00 -7.452217425800415462e+00
6.700000000000000400e-01 -1.632591868580823169e+00 -7.123891545070203613e+00
6.799999999999999378e-01 -1.563007390516149231e+00 -6.839187658228908617e+00
6.899999999999999467e-01 -1.495808115416245032e+00 -6.655985875758927861e+00
7.000000000000000666e-01 -1.429887673000970638e+00 -6.538484163055590770e+00
7.099999999999999645e-01 -1.365038432155133208e+00 -6.420473927472462705e+00
7.199999999999999734e-01 -1.301478194451521464e+00 -6.241013818514973721e+00
7.299999999999998712e-01 -1.240218155784833742e+00 -5.976476666057714660e+00
7.399999999999999911e-01 -1.181948661130367118e+00 -5.654518242212436263e+00
7.500000000000000000e-01 -1.127127790940585017e+00 -5.341376455806951640e+00
7.599999999999998979e-01 -1.075121132014228209e+00 -5.064408521758832826e+00
7.699999999999999067e-01 -1.025839620505408334e+00 -4.771851035697954657e+00
7.800000000000000266e-01 -9.796841113002691115e-01 -4.428302109261351482e+00
7.899999999999999245e-01 -9.372735783201814330e-01 -4.085739404295166466e+00
7.999999999999999334e-01 -8.979693232143657333e-01 -3.818676932573697336e+00
8.100000000000000533e-01 -8.609000396687074286e-01 -3.633068512427822139e+00
8.199999999999999512e-01 -8.253079529658092772e-01 -3.482390806720489618e+00
8.299999999999999600e-01 -7.912522235342976940e-01 -3.351401946826087386e+00
8.399999999999999689e-01 -7.582799140292875162e-01 -3.230464097728084738e+00
8.499999999999999778e-01 -7.266429415797359681e-01 -3.091220566886506482e+00
8.599999999999999867e-01 -6.964555026915574265e-01 -2.935130842868760581e+00
8.699999999999999956e-01 -6.679403247223607565e-01 -2.811797821747696879e+00
8.799999999999998934e-01 -6.402195462566034889e-01 -2.763729391725326057e+00
8.900000000000000133e-01 -6.126657368878541954e-01 -2.775030552795821226e+00
8.999999999999999112e-01 -5.847189352006870733e-01 -2.812508808369172719e+00
9.099999999999999201e-01 -5.564155607204708254e-01 -2.859297024918745045e+00
9.199999999999999289e-01 -5.275329947023121857e-01 -2.911742153233908059e+00
9.299999999999999378e-01 -4.981807176557926375e-01 -2.949864530415969188e+00
9.399999999999999467e-01 -4.685357040939928108e-01 -2.936366226388809508e+00
9.499999999999999556e-01 -4.394533931280164563e-01 -2.857195876271563240e+00
9.599999999999999645e-01 -4.113917865685615682e-01 -2.742359902850791897e+00
9.699999999999999734e-01 -3.846061950710006339e-01 -2.617521557993720549e+00
9.799999999999999822e-01 -3.590413554086871462e-01 -2.488477741128909404e+00
9.899999999999998801e-01 -3.348366402484224680e-01 -2.351482149989196024e+00
1.000000000000000000e+00 -3.120117124089032412e-01 -2.228011162091825703e+00
1.010000000000000009e+00 -2.902764170065859073e-01 -2.153892791190355371e+00
1.020000000000000018e+00 -2.689338565850961649e-01 -2.147096023767218753e+00
1.029999999999999805e+00 -2.473344965312415655e-01 -2.180761535546833496e+00
1.040000000000000036e+00 -2.253186258741594894e-01 -2.204358517724428257e+00
1.050000000000000044e+00 -2.032473261767529793e-01 -2.173708339821698310e+00
1.059999999999999831e+00 -1.818444590777255065e-01 -2.074700578368716908e+00
1.069999999999999840e+00 -1.617533146093786678e-01 -1.924964737439534224e+00
1.080000000000000071e+00 -1.433451643289348210e-01 -1.764463045472520530e+00
1.089999999999999858e+00 -1.264640536999282472e-01 -1.629088802677976178e+00
1.099999999999999867e+00 -1.107633882753753102e-01 -1.531129777055808328e+00
1.109999999999999876e+00 -9.584145815881207897e-02 -1.456847151034901922e+00
1.119999999999999885e+00 -8.162644525467727119e-02 -1.383696056868914948e+00
1.129999999999999893e+00 -6.816753702143378557e-02 -1.302366259126303660e+00
1.139999999999999902e+00 -5.557912007215119743e-02 -1.214058068328515594e+00
1.149999999999999911e+00 -4.388637565486347425e-02 -1.121983771900174176e+00
1.159999999999999920e+00 -3.313944463414771752e-02 -1.709245152529079936e+00
1.169999999999999929e+00 -9.701472604281880657e-03 -1.601227106256494448e+00
1.179999999999999938e+00 -1.114902509017829703e-03 -4.809358960201032818e-01
1.189999999999999947e+00 -8.275468387981696700e-05 -5.574512545089149035e-02
1.199999999999999956e+00 0.000000000000000000e+00 -8.275468387981696483e-03
