0.000000000000000000e+00 1.524795901316409186e+02 3.902837402622803893e+02
1.000000000000000021e-02 1.485767527290181249e+02 3.902837402622791956e+02
2.000000000000000042e-02 1.446739153263953597e+02 3.902837402622803893e+02
2.999999999999999889e-02 1.407710779237725092e+02 3.902837402622803893e+02
4.000000000000000083e-02 1.368682405211497439e+02 3.902837402622791956e+02
4.999999999999999584e-02 1.329654031185269503e+02 3.902837402622791956e+02
5.999999999999999778e-02 1.290625657159041566e+02 3.902837402622791956e+02
6.999999999999999278e-02 1.251597283132813487e+02 3.902837402622803893e+02
8.000000000000000167e-02 1.212568909106585551e+02 3.902837402622803893e+02
8.999999999999999667e-02 1.173540535080357472e+02 3.902837402622791956e+02
9.999999999999999167e-02 1.134512161054129677e+02 3.902837402622791956e+02
1.099999999999999867e-01 1.095483787027901599e+02 3.902837402622798209e+02
1.199999999999999956e-01 1.056455413001673662e+02 3.902837402622798209e+02
1.300000000000000044e-01 1.017427038975445726e+02 3.902837402622798209e+02
1.399999999999999856e-01 9.783986649492177889e+01 3.902837402622791956e+02
1.499999999999999944e-01 9.393702909229898523e+01 3.902837402622798209e+02
1.600000000000000033e-01 9.003419168967617736e+01 3.902837402622798209e+02
1.699999999999999845e-01 8.613135428705338370e+01 3.902837402622791956e+02
1.799999999999999933e-01 8.222851688443059004e+01 3.902837402622798209e+02
1.899999999999999745e-01 7.832567948180779638e+01 3.902837402622798209e+02
1.999999999999999833e-01 7.442284207918500272e+01 3.902837402622791956e+02
2.099999999999999922e-01 7.052000467656220906e+01 3.902837402622798209e+02
2.199999999999999734e-01 6.661716727393940118e+01 3.902837402622798209e+02
2.299999999999999822e-01 6.271432987131661463e+01 3.902837402622803893e+02
2.399999999999999911e-01 5.881149246869379965e+01 3.902837402622803893e+02
2.500000000000000000e-01 5.490865506607100599e+01 3.902837402622791956e+02
2.600000000000000089e-01 5.100581766344821233e+01 3.902837402622798209e+02
2.700000000000000178e-01 4.710298026082541156e+01 3.902837402622798209e+02
2.799999999999999711e-01 4.320014285820261790e+01 3.902837402622791956e+02
2.899999999999999800e-01 3.929730545557982424e+01 3.902837402622795366e+02
2.999999999999999889e-01 3.539446805295703058e+01 3.902837402622791956e+02
3.099999999999999423e-01 3.149163065033424047e+01 3.902837402622795366e+02
3.200000000000000067e-01 2.758879324771143970e+01 3.902837402622807303e+02
3.300000000000000155e-01 2.368595584508862828e+01 3.902837402622797072e+02
3.399999999999999689e-01 1.978311844246584528e+01 3.902837402622797072e+02
3.500000000000000333e-01 1.588028103984303563e+01 3.902837402622797072e+02
3.599999999999999867e-01 1.197744363722025263e+01 3.144636368531989774e+02
3.699999999999999956e-01 9.591008302779055583e+00 2.072999535131815492e+02
3.799999999999999489e-01 7.831444566956622388e+00 1.569445642287689680e+02
3.900000000000000133e-01 6.452117018203677112e+00 1.265185751371225109e+02
3.999999999999999667e-01 5.301073064214172348e+00 1.095660160430461474e+02
4.099999999999999756e-01 4.260796697342754236e+00 9.806871969844864623e+01
4.199999999999999845e-01 3.339698670245199175e+00 8.658871859072159793e+01
4.299999999999999933e-01 2.529022325528322401e+00 7.633561471016834332e+01
4.399999999999999467e-01 1.812986376041832548e+00 6.607533228746095233e+01
4.499999999999999556e-01 1.207515679779103568e+00 5.589067152939129102e+01
4.599999999999999645e-01 6.951729454540066522e-01 4.654792602539406232e+01
4.699999999999999734e-01 2.765571592712222637e-01 3.780672529716996166e+01
4.799999999999999822e-01 -6.096156048939262856e-02 2.994014260547444195e+01
4.899999999999999911e-01 -3.222456928382665398e-01 2.282429342975827424e+01
5.000000000000000000e-01 -5.174474290845580970e-01 1.707858810882396838e+01
5.100000000000000089e-01 -6.638174550147458719e-01 1.238364656773640071e+01
5.200000000000000178e-01 -7.651203604392861068e-01 7.993669515661380842e+00
5.299999999999999156e-01 -8.236908453279735420e-01 4.139611124673146847e+00
5.400000000000000355e-01 -8.479125829327490704e-01 8.245721734941262593e-01
5.499999999999999334e-01 -8.401822887978560583e-01 -1.933511730759447378e+00
5.599999999999999423e-01 -8.092423483175601451e-01 -3.901795574408112088e+00
5.699999999999999512e-01 -7.621463773096938121e-01 -5.210404723440796637e+00
5.799999999999999600e-01 -7.050342538487441857e-01 -6.027206323296392831e+00
5.899999999999999689e-01 -6.416022508437659866e-01 -6.654321071691215117e+00
5.999999999999999778e-01 -5.719478324149198656e-01 -6.811498286785389489e+00
6.099999999999999867e-01 -5.053722851080582057e-01 -6.294582815285926891e+00
6.199999999999998845e-01 -4.460561761092013966e-01 -5.650354497560572398e+00
6.300000000000000044e-01 -3.923651951568467022e-01 -4.824579326495826770e+00
6.400000000000000133e-01 -3.495645895792848790e-01 -3.597463265198275639e+00
6.499999999999999112e-01 -3.204159298528811983e-01 -2.671041239927768540e+00
6.600000000000000311e-01 -2.961437647807295126e-01 -2.131397280688126283e+00
6.700000000000000400e-01 -2.777879842391187126e-01 -2.003569615038996332e+00
6.799999999999999378e-01 -2.560723724799495726e-01 -2.327194173908614605e+00
6.899999999999999467e-01 -2.312441007609463972e-01 -2.995084178831072919e+00
7.000000000000000666e-01 -1.961706889033280887e-01 -3.795806864119506407e+00
7.099999999999999645e-01 -1.553279634785562913e-01 -4.114112558582876389e+00
7.199999999999999734e-01 -1.138884377316705804e-01 -3.945130185676437140e+00
7.299999999999998712e-01 -7.642535976502753958e-02 -3.184962543507122934e+00
7.399999999999999911e-01 -5.018918686152812336e-02 -1.941963044488543622e+00
7.500000000000000000e-01 -3.758609887525667798e-02 -8.888152673710543183e-01
7.599999999999998979e-01 -3.241288151410703228e-02 1.823664660610134752e-03
7.699999999999999067e-01 -3.762257216846887770e-02 5.811517750863508525e-01
7.800000000000000266e-01 -4.403591701583405016e-02 6.038710544493145482e-01
7.899999999999999245e-01 -4.969999325745516616e-02 2.470534320177832643e-01
7.999999999999999334e-01 -4.897698565618971434e-02 -2.564186156585295806e-01
8.100000000000000533e-01 -4.457162094428458038e-02 -4.585436549707431753e-01
8.199999999999999512e-01 -3.980611255677485305e-02 -4.844180260385322900e-01
8.299999999999999600e-01 -3.488326042351393153e-02 -2.921703920149892886e-01
8.399999999999999689e-01 -3.396270471647507005e-02 7.463808167113776537e-02
8.499999999999999778e-01 -3.637602205693669238e-02 4.439992581031780849e-01
8.599999999999999867e-01 -4.284268987853862704e-02 7.236834105942901996e-01
8.699999999999999956e-01 -5.084969026882249499e-02 6.120733370778755900e-01
8.799999999999998934e-01 -5.508415662009614328e-02 3.030778639855488121e-01
8.900000000000000133e-01 -5.691124754853346679e-02 3.737495115369596915e-02
8.999999999999999112e-01 -5.583165564317005974e-02 -1.641227223796497270e-01
9.099999999999999201e-01 -5.362879310094047225e-02 -3.670342281471917767e-01
9.199999999999999289e-01 -4.849097108022622921e-02 -7.160777233884900728e-01
9.299999999999999378e-01 -3.930723863317066996e-02 -9.922246526110504172e-01
9.399999999999999467e-01 -2.864647802800521920e-02 -1.133955075042272664e+00
9.499999999999999556e-01 -1.662813713232521792e-02 -1.190113362413500742e+00
9.599999999999999645e-01 -4.844210779735204191e-03 -1.210259799122181512e+00
9.699999999999999734e-01 7.577058850118409059e-03 -1.241761616323682649e+00
9.799999999999999822e-01 1.999102154673844736e-02 -1.164398923314476697e+00
9.899999999999998801e-01 3.086503731640794293e-02 -1.006724069273749578e+00
1.000000000000000000e+00 4.012550293221343878e-02 -8.224475896224738847e-01
1.010000000000000009e+00 4.731398910885742382e-02 -6.083147401806233701e-01
1.020000000000000018e+00 5.229179773582590118e-02 -3.877888034652724469e-01
1.029999999999999805e+00 5.506976517816287303e-02 -1.781115537914737257e-01
1.040000000000000036e+00 5.585402881165538180e-02 -8.762738785811147874e-03
1.050000000000000044e+00 5.524501995387909314e-02 1.311206004867079000e-01
1.059999999999999831e+00 5.323161680192121936e-02 2.429132540275723007e-01
1.069999999999999840e+00 5.038675487332764519e-02 3.183456746952530447e-01
1.080000000000000071e+00 4.686470330801616180e-02 3.802847376531107160e-01
1.089999999999999858e+00 4.278106012026543226e-02 4.231176490350375685e-01
1.099999999999999867e+00 3.840235032731541265e-02 4.641875846963822161e-01
1.109999999999999876e+00 3.349730842633778793e-02 4.968690760373255522e-01
1.119999999999999885e+00 2.846496880656889869e-02 4.914872760571141197e-01
1.129999999999999893e+00 2.366756290519550845e-02 4.560338936572068125e-01
1.139999999999999902e+00 1.934429093342476466e-02 4.110302057862458280e-01
1.149999999999999911e+00 1.544695878947059328e-02 3.691673027294217202e-01
1.159999999999999920e+00 1.196094487883632949e-02 5.654203171004291706e-01
1.169999999999999929e+00 4.138552447462009488e-03 5.703078050322429871e-01
1.179999999999999938e+00 5.547887781914696663e-04 2.045949235362242713e-01
1.189999999999999947e+00 4.665397673752401337e-05 2.773943890957348071e-02
1.199999999999999956e+00 0.000000000000000000e+00 4.665397673752401039e-03
