0.000000000000000000e+00 9.137788909651970926e+01 2.099590725032097112e+02
1.000000000000000021e-02 8.927829837148760816e+01 2.099590725032091143e+02
2.000000000000000042e-02 8.717870764645552129e+01 2.099590725032091143e+02
2.999999999999999889e-02 8.507911692142343441e+01 2.099590725032091143e+02
4.000000000000000083e-02 8.297952619639134753e+01 2.099590725032091143e+02
4.999999999999999584e-02 8.087993547135924643e+01 2.099590725032091143e+02
5.999999999999999778e-02 7.878034474632715956e+01 2.099590725032091143e+02
6.999999999999999278e-02 7.668075402129505846e+01 2.099590725032091143e+02
8.000000000000000167e-02 7.458116329626297158e+01 2.099590725032091143e+02
8.999999999999999667e-02 7.248157257123088471e+01 2.099590725032091143e+02
9.999999999999999167e-02 7.038198184619879783e+01 2.099590725032091143e+02
1.099999999999999867e-01 6.828239112116669673e+01 2.099590725032091143e+02
1.199999999999999956e-01 6.618280039613460985e+01 2.099590725032091143e+02
1.300000000000000044e-01 6.408320967110252298e+01 2.099590725032097112e+02
1.399999999999999856e-01 6.198361894607042188e+01 2.099590725032091143e+02
1.499999999999999944e-01 5.988402822103833500e+01 2.099590725032085174e+02
1.600000000000000033e-01 5.778443749600624813e+01 2.099590725032091143e+02
1.699999999999999845e-01 5.568484677097415414e+01 2.099590725032091143e+02
1.799999999999999933e-01 5.358525604594206726e+01 2.099590725032091143e+02
1.899999999999999745e-01 5.148566532090997327e+01 2.099590725032091143e+02
1.999999999999999833e-01 4.938607459587788640e+01 2.099590725032091143e+02
2.099999999999999922e-01 4.728648387084579241e+01 2.099590725032091143e+02
2.199999999999999734e-01 4.518689314581370553e+01 2.099590725032091143e+02
2.299999999999999822e-01 4.308730242078161154e+01 2.099590725032097112e+02
2.399999999999999911e-01 4.098771169574951045e+01 2.099590725032091143e+02
2.500000000000000000e-01 3.888812097071742357e+01 2.099590725032091143e+02
2.600000000000000089e-01 3.678853024568532959e+01 2.099590725032091143e+02
2.700000000000000178e-01 3.468893952065324271e+01 2.099590725032088301e+02
2.799999999999999711e-01 3.258934879562115583e+01 2.099590725032091143e+02
2.899999999999999800e-01 3.048975807058906184e+01 2.099590725032091143e+02
2.999999999999999889e-01 2.839016734555697141e+01 2.099590725032088301e+02
3.099999999999999423e-01 2.629057662052488809e+01 2.099590725032091143e+02
3.200000000000000067e-01 2.419098589549279055e+01 2.099590725032097112e+02
3.300000000000000155e-01 2.209139517046069301e+01 2.099590725032091143e+02
3.399999999999999689e-01 1.999180444542860968e+01 2.099590725032091143e+02
3.500000000000000333e-01 1.789221372039651214e+01 2.099590725032089438e+02
3.599999999999999867e-01 1.579262299536442882e+01 2.099590725032089438e+02
3.699999999999999956e-01 1.369303227033233306e+01 2.099590725032091143e+02
3.799999999999999489e-01 1.159344154530024795e+01 2.099590725032091143e+02
3.900000000000000133e-01 9.493850820268150414e+00 2.099590725032090290e+02
3.999999999999999667e-01 7.394260095236067087e+00 1.806253499155162956e+02
4.099999999999999756e-01 5.881343821957825568e+00 1.351592271245920358e+02
4.199999999999999845e-01 4.691075552744226940e+00 1.078604162248717273e+02
4.299999999999999933e-01 3.724135497460391075e+00 8.813383241318729233e+01
4.399999999999999467e-01 2.928398904480480791e+00 7.262094929818603362e+01
4.499999999999999556e-01 2.271716511496670421e+00 5.982237955069064128e+01
4.599999999999999645e-01 1.731951313466667974e+00 4.906309270192195982e+01
4.699999999999999734e-01 1.290454657458231180e+00 4.003573120190766588e+01
4.799999999999999822e-01 9.312366894285146746e-01 3.241973542176651080e+01
4.899999999999999911e-01 6.420599490229010886e-01 2.592083440531272487e+01
5.000000000000000000e-01 4.128200013222600440e-01 2.043973919983291410e+01
5.100000000000000089e-01 2.332651650262428100e-01 1.592403551813495355e+01
5.200000000000000178e-01 9.433929095956103406e-02 1.222274742176325724e+01
5.299999999999999156e-01 -1.118978340902231951e-02 9.156808927113347707e+00
5.400000000000000355e-01 -8.879688758270591620e-02 6.613894019644193989e+00
5.499999999999999334e-01 -1.434676638019062034e-01 4.505741324951510585e+00
5.599999999999999423e-01 -1.789117140817361173e-01 2.751645432084032006e+00
5.699999999999999512e-01 -1.985005724435868202e-01 1.286913184739394644e+00
5.799999999999999600e-01 -2.046499777765239947e-01 5.448439100715606748e-02
5.899999999999999689e-01 -1.995902602637299461e-01 -9.790365763348395367e-01
5.999999999999999778e-01 -1.850692462498272073e-01 -1.793771369220619860e+00
6.099999999999999867e-01 -1.637148328793175400e-01 -2.349595718946242418e+00
6.199999999999998845e-01 -1.380773318709023756e-01 -2.654046798437377674e+00
6.300000000000000044e-01 -1.106338969105700037e-01 -2.743055051668580546e+00
6.400000000000000133e-01 -8.321623083753076910e-02 -2.641023225792943574e+00
6.499999999999999112e-01 -5.781343239471112977e-02 -2.400242610334689441e+00
6.600000000000000311e-01 -3.521137863083698832e-02 -2.126016384289809658e+00
6.700000000000000400e-01 -1.529310470891494592e-02 -1.886433763658314389e+00
6.799999999999999378e-01 2.517296642329305226e-03 -1.665389040061042936e+00
6.899999999999999467e-01 1.801467609230590974e-02 -1.440715069723189634e+00
7.000000000000000666e-01 3.133159803679309852e-02 -1.235554061315901286e+00
7.099999999999999645e-01 4.272575731862393589e-02 -1.062666439905284754e+00
7.199999999999999734e-01 5.258492683489879305e-02 -9.223230881772045420e-01
7.299999999999998712e-01 6.117221908216802229e-02 -8.005450464248240472e-01
7.399999999999999911e-01 6.859582776339527566e-02 -6.884329627685519259e-01
7.500000000000000000e-01 7.494087833753906858e-02 -5.860804866332539609e-01
7.599999999999998979e-01 8.031743749606035099e-02 -5.005787715049735409e-01
7.699999999999999067e-01 8.495245376763853329e-02 -4.341491412432028074e-01
7.800000000000000266e-01 8.900042032092440880e-02 -3.822718520970252443e-01
7.899999999999999245e-01 9.259789080957903096e-02 -3.475158101224931073e-01
7.999999999999999334e-01 9.595073652337426928e-02 -3.262071854800571158e-01
8.100000000000000533e-01 9.912203451918018271e-02 -2.894325791981617879e-01
8.199999999999999512e-01 1.017393881073375000e-01 -2.211688348766905066e-01
8.299999999999999600e-01 1.035454112167139840e-01 -1.368758720716015675e-01
8.399999999999999689e-01 1.044769055487695247e-01 -7.383586502648960270e-02
8.499999999999999778e-01 1.050221285172437818e-01 -3.882898773721695646e-02
8.599999999999999867e-01 1.052534853035138745e-01 -1.105471953318660355e-02
8.699999999999999956e-01 1.052432229079075104e-01 1.685256689182297943e-02
8.799999999999998934e-01 1.049164339656774164e-01 4.203525037374434420e-02
8.900000000000000133e-01 1.044025179004326315e-01 6.495669431886313960e-02
8.999999999999999112e-01 1.036173000793001453e-01 9.141772464050289260e-02
9.099999999999999201e-01 1.025741634076225706e-01 1.183187999531510326e-01
9.199999999999999289e-01 1.012509240802371285e-01 1.382220104669980298e-01
9.299999999999999378e-01 9.980972319828260164e-02 1.536990041219554182e-01
9.399999999999999467e-01 9.817694399779801351e-02 1.708775610253482902e-01
9.499999999999999556e-01 9.639217197777563695e-02 1.922057851183698041e-01
9.599999999999999645e-01 9.433282829543061798e-02 2.145167073191935614e-01
9.699999999999999734e-01 9.210183783139176683e-02 2.310464429057269564e-01
9.799999999999999822e-01 8.971189943731608385e-02 2.437672405500084793e-01
9.899999999999998801e-01 8.722649302039159336e-02 2.559406379132965204e-01
1.000000000000000000e+00 8.459308667905014734e-02 2.673806148423754081e-01
1.010000000000000009e+00 8.187888072354408686e-02 2.739811436757167429e-01
1.020000000000000018e+00 7.911346380553581359e-02 2.820489536093898075e-01
1.029999999999999805e+00 7.623790165135629904e-02 3.004564078809753291e-01
1.040000000000000036e+00 7.310433564791631034e-02 3.252730601928233156e-01
1.050000000000000044e+00 6.973244044749983550e-02 3.475225027588073612e-01
1.059999999999999831e+00 6.615388559274017199e-02 3.676626344368894017e-01
1.069999999999999840e+00 6.237918775876204192e-02 3.882862998204533733e-01
1.080000000000000071e+00 5.838815959633109759e-02 4.085065991051611278e-01
1.089999999999999858e+00 5.420905577665881964e-02 4.260678271654976257e-01
1.099999999999999867e+00 4.986680305302114424e-02 4.425464747828476986e-01
1.109999999999999876e+00 4.535812628100186622e-02 4.596019650658202393e-01
1.119999999999999885e+00 4.067476375170474279e-02 4.774030227521764425e-01
1.129999999999999893e+00 3.581006582595833848e-02 4.940667796630533459e-01
1.139999999999999902e+00 3.079342815844367601e-02 5.069585100343974027e-01
1.149999999999999911e+00 2.567089562527039015e-02 5.157547499145953562e-01
1.159999999999999920e+00 2.047833316015176819e-02 9.597187516522824868e-01
1.169999999999999929e+00 6.476520592224742703e-03 9.850371472646112236e-01
1.179999999999999938e+00 7.775902148595472416e-04 3.205627793707869766e-01
1.189999999999999947e+00 6.526500480900301480e-05 3.887951074297736620e-02
1.199999999999999956e+00 0.000000000000000000e+00 6.526500480900303269e-03
