0.000000000000000000e+00 1.054965596765194107e+02 3.216614175921656056e+02
1.000000000000000021e-02 1.022799455005977478e+02 3.216614175921656056e+02
2.000000000000000042e-02 9.906333132467609914e+01 3.216614175921656056e+02
2.999999999999999889e-02 9.584671714875443627e+01 3.216614175921656056e+02
4.000000000000000083e-02 9.263010297283278760e+01 3.216614175921656056e+02
4.999999999999999584e-02 8.941348879691112472e+01 3.216614175921656056e+02
5.999999999999999778e-02 8.619687462098947606e+01 3.216614175921656056e+02
6.999999999999999278e-02 8.298026044506781318e+01 3.216614175921656056e+02
8.000000000000000167e-02 7.976364626914616451e+01 3.216614175921656056e+02
8.999999999999999667e-02 7.654703209322450164e+01 3.216614175921656056e+02
9.999999999999999167e-02 7.333041791730285297e+01 3.216614175921656056e+02
1.099999999999999867e-01 7.011380374138119009e+01 3.216614175921656056e+02
1.199999999999999956e-01 6.689718956545954143e+01 3.216614175921656056e+02
1.300000000000000044e-01 6.368057538953787855e+01 3.216614175921656056e+02
1.399999999999999856e-01 6.046396121361622278e+01 3.216614175921656056e+02
1.499999999999999944e-01 5.724734703769456701e+01 3.216614175921656056e+02
1.600000000000000033e-01 5.403073286177291124e+01 3.216614175921656056e+02
1.699999999999999845e-01 5.081411868585125546e+01 3.216614175921656056e+02
1.799999999999999933e-01 4.759750450992959969e+01 3.216614175921656056e+02
1.899999999999999745e-01 4.438089033400794392e+01 3.216614175921656056e+02
1.999999999999999833e-01 4.116427615808628815e+01 3.216614175921656056e+02
2.099999999999999922e-01 3.794766198216463238e+01 3.216614175921656056e+02
2.199999999999999734e-01 3.473104780624297661e+01 3.216614175921656056e+02
2.299999999999999822e-01 3.151443363032132083e+01 3.216614175921661740e+02
2.399999999999999911e-01 2.829781945439965440e+01 3.216614175921660603e+02
2.500000000000000000e-01 2.508120527847800219e+01 3.216614175921653214e+02
2.600000000000000089e-01 2.186459110255634641e+01 3.216614175921654351e+02
2.700000000000000178e-01 1.864797692663469064e+01 3.216614175921656056e+02
2.799999999999999711e-01 1.543136275071303665e+01 3.216614175921656056e+02
2.899999999999999800e-01 1.221474857479138088e+01 3.216614175921656056e+02
2.999999999999999889e-01 8.998134398869725104e+00 3.216614175921650371e+02
3.099999999999999423e-01 5.781520222948079990e+00 2.475184674342131643e+02
3.200000000000000067e-01 4.047765050185461178e+00 1.582643130581081721e+02
3.300000000000000155e-01 2.616233961785916051e+00 1.296054251606246055e+02
3.399999999999999689e-01 1.455656546972969201e+00 1.042744131278218447e+02
3.500000000000000333e-01 5.307456992294797837e-01 8.148161191631413658e+01
3.599999999999999867e-01 -1.739756913533134774e-01 6.077529855753467558e+01
3.699999999999999956e-01 -6.847602719212136924e-01 4.256189273025466946e+01
3.799999999999999489e-01 -1.025213545958406858e+00 2.741542208109122569e+01
3.900000000000000133e-01 -1.233068713543038264e+00 1.609592833866348727e+01
3.999999999999999667e-01 -1.347132112731676656e+00 8.586895286590932486e+00
4.099999999999999756e-01 -1.404806619274856727e+00 4.060358155464956376e+00
4.199999999999999845e-01 -1.428339275840975642e+00 9.826232031308481663e-01
4.299999999999999933e-01 -1.424459083337473730e+00 -2.119996038803692251e+00
4.399999999999999467e-01 -1.385939355064901957e+00 -6.034795785051856321e+00
4.499999999999999556e-01 -1.303763167636436737e+00 -1.022329227148315489e+01
4.599999999999999645e-01 -1.181473509635238894e+00 -1.356272398245054056e+01
4.699999999999999734e-01 -1.032508687987425899e+00 -1.529171376328263676e+01
4.799999999999999822e-01 -8.756392343695860170e-01 -1.548397924827426131e+01
4.899999999999999911e-01 -7.228291030219405888e-01 -1.465876689712117198e+01
5.000000000000000000e-01 -5.824638964271626751e-01 -1.333705856377903132e+01
5.100000000000000089e-01 -4.560879317463600313e-01 -1.162677673740458850e+01
5.200000000000000178e-01 -3.499283616790708762e-01 -9.449124833080732699e+00
5.299999999999999156e-01 -2.671054350847453795e-01 -6.820921331268888110e+00
5.400000000000000355e-01 -2.135099350536931173e-01 -4.234980410980507592e+00
5.499999999999999334e-01 -1.824058268651352344e-01 -2.331375049171042768e+00
5.599999999999999423e-01 -1.668824340702722842e-01 -1.173846139146904388e+00
5.699999999999999512e-01 -1.589289040821971755e-01 -3.852385283542668626e-01
5.799999999999999600e-01 -1.591776635031869336e-01 3.563208588363984686e-01
5.899999999999999689e-01 -1.660553212589251371e-01 9.120330655797896924e-01
5.999999999999999778e-01 -1.774183248147827296e-01 1.107310833001893924e+00
6.099999999999999867e-01 -1.882015379189630189e-01 1.008312822079820092e+00
6.199999999999998845e-01 -1.975845812563791215e-01 1.162113515187289670e+00
6.300000000000000044e-01 -2.114438082227088067e-01 1.934427507371174304e+00
6.400000000000000133e-01 -2.362731314038026276e-01 3.013514742084051345e+00
6.499999999999999112e-01 -2.717141030643898114e-01 3.663578093121143020e+00
6.600000000000000311e-01 -3.095446932662254680e-01 3.332223434886699032e+00
6.700000000000000400e-01 -3.383585717621238054e-01 1.816225901001343068e+00
6.799999999999999378e-01 -3.458692112862523094e-01 -3.893615308212753368e-01
6.899999999999999467e-01 -3.305713411456983053e-01 -2.316491228451363682e+00
7.000000000000000666e-01 -2.995393867172250757e-01 -3.040853309027048645e+00
7.099999999999999645e-01 -2.697542749651573035e-01 -2.248692623548231406e+00
7.199999999999999734e-01 -2.545655342462604387e-01 -6.271186713267452584e-01
7.299999999999998712e-01 -2.572119015386223895e-01 8.152682051982463873e-01
7.399999999999999911e-01 -2.708708983502253753e-01 1.522841339242726466e+00
7.500000000000000000e-01 -2.876687283234769521e-01 1.496591199840455078e+00
7.599999999999998979e-01 -3.008027223470344791e-01 1.074529156713325495e+00
7.699999999999999067e-01 -3.091593114577434465e-01 6.216832590453893470e-01
7.800000000000000266e-01 -3.132363875279422505e-01 2.725604702989884998e-01
7.899999999999999245e-01 -3.146105208637232087e-01 4.278305529708252564e-02
7.999999999999999334e-01 -3.140920486338839024e-01 -1.084813441958812213e-01
8.100000000000000533e-01 -3.124408939798056228e-01 -2.490352508996755143e-01
8.199999999999999512e-01 -3.091113436158903771e-01 -4.399096077451710718e-01
8.299999999999999600e-01 -3.036427018249021614e-01 -6.019866656790446857e-01
8.399999999999999689e-01 -2.970716103023094967e-01 -6.527857353581574262e-01
8.499999999999999778e-01 -2.905869871177390040e-01 -6.254354639239605440e-01
8.599999999999999867e-01 -2.845629010238303058e-01 -6.462468543410553323e-01
8.699999999999999956e-01 -2.776620500309179285e-01 -8.159228045230108028e-01
8.799999999999998934e-01 -2.682444449333700742e-01 -1.074813164460570514e+00
8.900000000000000133e-01 -2.561657867417065360e-01 -1.381652609589620440e+00
8.999999999999999112e-01 -2.406113927415776677e-01 -1.764824317995139058e+00
9.099999999999999201e-01 -2.208693003818037459e-01 -2.183592254610704053e+00
9.199999999999999289e-01 -1.969395476493635833e-01 -2.556693250612556589e+00
9.299999999999999378e-01 -1.697354353695526008e-01 -2.808909842004999824e+00
9.399999999999999467e-01 -1.407613508092635801e-01 -2.817417147492754737e+00
9.499999999999999556e-01 -1.133870924196975077e-01 -2.559619863874682988e+00
9.599999999999999645e-01 -8.956895353176992647e-02 -2.090333900831149005e+00
9.699999999999999734e-01 -7.158041440307452707e-02 -1.554147176178095835e+00
9.799999999999999822e-01 -5.848601000820800866e-02 -1.140041116050424685e+00
9.899999999999998801e-01 -4.877959208206604502e-02 -9.553296770219684708e-01
1.000000000000000000e+00 -3.937941646776864368e-02 -9.581347401945912168e-01
1.010000000000000009e+00 -2.961689727817421597e-02 -1.013432521349025617e+00
1.020000000000000018e+00 -1.911076604078812760e-02 -1.009513752808030906e+00
1.029999999999999805e+00 -9.426622222013602767e-03 -9.127225402215648487e-01
1.040000000000000036e+00 -8.563152363568319637e-04 -7.627135736681509570e-01
1.050000000000000044e+00 5.827649251349415957e-03 -5.954825197007059812e-01
1.059999999999999831e+00 1.105333515765728573e-02 -4.329640724243113414e-01
1.069999999999999840e+00 1.448693069983564286e-02 -2.552586792265507110e-01
1.080000000000000071e+00 1.615850874218829891e-02 -6.186993491357000580e-02
1.089999999999999858e+00 1.572432939810704255e-02 1.338529990569847505e-01
1.099999999999999867e+00 1.348144876104860612e-02 3.016621285945060293e-01
1.109999999999999876e+00 9.691086826216922800e-03 4.145183993922816335e-01
1.119999999999999885e+00 5.191080773202972828e-03 4.420308603524545354e-01
1.129999999999999893e+00 8.504696191678310117e-04 3.979965646592273920e-01
1.139999999999999902e+00 -2.768850519981574075e-03 3.192399186909576358e-01
1.149999999999999911e+00 -5.534328754651321285e-03 2.207139230261101481e-01
1.159999999999999920e+00 -7.183128980503777558e-03 -1.650783016858241581e-01
1.169999999999999929e+00 -2.232762720934838852e-03 -3.426215824342080940e-01
1.179999999999999938e+00 -3.306973318196149928e-04 -1.098694483378661463e-01
1.189999999999999947e+00 -3.537375417751607360e-05 -1.653486659098075268e-02
1.199999999999999956e+00 0.000000000000000000e+00 -3.537375417751607333e-03
