0.000000000000000000e+00 5.909596404613728373e+04 9.131688256008208264e+05
1.000000000000000021e-02 4.996427579012908245e+04 8.428373723921969067e+05
2.000000000000000042e-02 4.223921659829335113e+04 7.129906109504629858e+05
2.999999999999999889e-02 3.570446357111982070e+04 6.031141458554001292e+05
4.000000000000000083e-02 3.017693368118534636e+04 5.101392576370264287e+05
4.999999999999999584e-02 2.550167841837929518e+04 4.314685643374730134e+05
5.999999999999999778e-02 2.154756239443588856e+04 3.649036439601048478e+05
6.999999999999999278e-02 1.820360553917719517e+04 3.085837696848816704e+05
8.000000000000000167e-02 1.537588700073825385e+04 2.609340517182054173e+05
8.999999999999999667e-02 1.298492450481308879e+04 2.206215415773472050e+05
9.999999999999999167e-02 1.096345616919131135e+04 1.865180763294338831e+05
1.099999999999999867e-01 9.254562978224410472e+03 1.576688279860618350e+05
1.199999999999999956e-01 7.810079609470074502e+03 1.332656821225149615e+05
1.300000000000000044e-01 6.589249335774112296e+03 1.126247042688826768e+05
1.399999999999999856e-01 5.557585524092421110e+03 9.516706645312379987e+04
1.499999999999999944e-01 4.685908006711636517e+03 8.040290263308293652e+04
1.600000000000000033e-01 3.949527471430762489e+03 6.791764331831657910e+04
1.699999999999999845e-01 3.327555140345305063e+03 5.736044872453887365e+04
1.799999999999999933e-01 2.802318496939984925e+03 4.843441824582136178e+04
1.899999999999999745e-01 2.358866775428877645e+03 4.088830349968683004e+04
1.999999999999999833e-01 1.984552426946248261e+03 3.450949407536798390e+04
2.099999999999999922e-01 1.668676893921518058e+03 2.911808056172847500e+04
2.199999999999999734e-01 1.402190815711678852e+03 2.456182943564592279e+04
2.299999999999999822e-01 1.177440305208599739e+03 2.071192978948852033e+04
2.399999999999999911e-01 9.879522199219084087e+02 1.745939337488589081e+04
2.500000000000000000e-01 8.282524377108818499e+02 1.471200763792339239e+04
2.600000000000000089e-01 6.937120671634405653e+02 1.239175682489579958e+04
2.700000000000000178e-01 5.804173012129658673e+02 1.043263927678587243e+04
2.799999999999999711e-01 4.850592816277230668e+02 8.778820067765338536e+03
2.899999999999999800e-01 4.048408998576591671e+02 7.383067485587283954e+03
2.999999999999999889e-01 3.373979319159774377e+02 6.205429759911065958e+03
3.099999999999999423e-01 2.807323046594378297e+02 5.212115138593453594e+03
3.200000000000000067e-01 2.331556291441083886e+02 4.374544078199578507e+03
3.300000000000000155e-01 1.932414230954462653e+02 3.668547111226777815e+03
3.399999999999999689e-01 1.597846869195728061e+02 3.073686012360261429e+03
3.500000000000000333e-01 1.317677028482410435e+02 2.572679322553445672e+03
3.599999999999999867e-01 1.083311004685039052e+02 2.150916198551299658e+03
3.699999999999999956e-01 8.874937887721503671e+01 1.796045017661500879e+03
3.799999999999999489e-01 7.241020011527389499e+01 1.497625251700868148e+03
3.900000000000000133e-01 5.879687384319767318e+01 1.246832888148435813e+03
3.999999999999999667e-01 4.747354235230517361e+01 1.229473104252754183e+03
4.099999999999999756e-01 3.420741175814259094e+01 1.396248647926826607e+03
4.199999999999999845e-01 1.954856939376864844e+01 1.073567632426517321e+03
4.299999999999999933e-01 1.273605910961224907e+01 5.430814696587042363e+02
4.399999999999999467e-01 8.686940000594564282e+00 3.169701251893992549e+02
4.499999999999999556e-01 6.396656605824263764e+00 1.400930105244253525e+02
4.599999999999999645e-01 5.885079790106056308e+00 6.619491060709462715e+01
4.699999999999999734e-01 5.072758393682371469e+00 8.419744949290853242e+01
4.799999999999999822e-01 4.201130800247885766e+00 8.475566575257117563e+01
4.899999999999999911e-01 3.377645078630948206e+00 7.796067617188930399e+01
5.000000000000000000e-01 2.641917276810100024e+00 6.957409140059803576e+01
5.100000000000000089e-01 1.986163250618987686e+00 6.260378383743532993e+01
5.200000000000000178e-01 1.389841600061393567e+00 5.719192032810255455e+01
5.299999999999999156e-01 8.423248440569365281e-01 5.251989381717564243e+01
5.400000000000000355e-01 3.394437237178807854e-01 4.815571788164395173e+01
5.499999999999999334e-01 -1.207895135759424476e-01 4.388521312733895030e+01
5.599999999999999423e-01 -5.382605388288981274e-01 3.951791913019098246e+01
5.699999999999999512e-01 -9.111478961797619958e-01 3.497566654834189137e+01
5.799999999999999600e-01 -1.237773869795735893e+00 3.037676359322317765e+01
5.899999999999999689e-01 -1.518683168044225429e+00 2.606917240356217036e+01
5.999999999999999778e-01 -1.759157317866979264e+00 2.237802336792897506e+01
6.099999999999999867e-01 -1.966243635402805001e+00 1.919911889538888516e+01
6.199999999999998845e-01 -2.143139695774757048e+00 1.616103410608606694e+01
6.300000000000000044e-01 -2.289464317524526393e+00 1.310356002342327919e+01
6.400000000000000133e-01 -2.405210896243222596e+00 1.007614684410390282e+01
6.499999999999999112e-01 -2.490987254406604290e+00 7.125856589108980899e+00
6.600000000000000311e-01 -2.547728028025402214e+00 4.442068763184027880e+00
6.700000000000000400e-01 -2.579828629670284812e+00 2.286356878223257283e+00
6.799999999999999378e-01 -2.593455165589867217e+00 5.815909899354315682e-01
6.899999999999999467e-01 -2.591460449468993676e+00 -9.925431064024445860e-01
7.000000000000000666e-01 -2.573604303461818343e+00 -2.596105998298960937e+00
7.099999999999999645e-01 -2.539538329503014058e+00 -4.161857324321923457e+00
7.199999999999999734e-01 -2.490367156975379803e+00 -5.451401586468382909e+00
7.299999999999998712e-01 -2.430510297773646577e+00 -6.276366809922349965e+00
7.399999999999999911e-01 -2.364839820776932999e+00 -6.896263122087471942e+00
7.500000000000000000e-01 -2.292585035331897281e+00 -7.722199074332256608e+00
7.599999999999998979e-01 -2.210395839290287601e+00 -8.642051952334913523e+00
7.699999999999999067e-01 -2.119743996285198939e+00 -9.215792547468515394e+00
7.800000000000000266e-01 -2.026079988340917293e+00 -9.427360860078083604e+00
7.899999999999999245e-01 -1.931196779083637294e+00 -9.713164449686038537e+00
7.999999999999999334e-01 -1.831816699347196709e+00 -1.025697229255587217e+01
8.100000000000000533e-01 -1.726057333232519753e+00 -1.078304504029595812e+01
8.199999999999999512e-01 -1.616155798541277555e+00 -1.112547859896405278e+01
8.299999999999999600e-01 -1.503547761253238857e+00 -1.138270824023302907e+01
8.399999999999999689e-01 -1.388501633736616947e+00 -1.157152515334417231e+01
8.499999999999999778e-01 -1.272117258186355349e+00 -1.158376762037136665e+01
8.599999999999999867e-01 -1.156826281329189632e+00 -1.136093240901471191e+01
8.699999999999999956e-01 -1.044898610006061102e+00 -1.093863592464231971e+01
8.799999999999998934e-01 -9.380535628363432243e-01 -1.044783499277786554e+01
8.900000000000000133e-01 -8.359419101505038974e-01 -9.992676560613753978e+00
8.999999999999999112e-01 -7.382000316240682203e-01 -9.503686886854122662e+00
9.099999999999999201e-01 -6.458681724134214264e-01 -8.891870842896450355e+00
9.199999999999999289e-01 -5.603626147661392443e-01 -8.180684626863250486e+00
9.299999999999999378e-01 -4.822544798761563833e-01 -7.426524356335077570e+00
9.399999999999999467e-01 -4.118321276394376618e-01 -6.673387126690216498e+00
9.499999999999999556e-01 -3.487867373423521045e-01 -5.967457244067307265e+00
9.599999999999999645e-01 -2.924829827580915365e-01 -5.323881842048301394e+00
9.699999999999999734e-01 -2.423091005013860710e-01 -4.704285771283093887e+00
9.799999999999999822e-01 -1.983972673324296832e-01 -4.061381193872611206e+00
9.899999999999998801e-01 -1.610814766239338502e-01 -3.390849584905158309e+00
1.000000000000000000e+00 -1.305802756343265036e-01 -2.752761429205083932e+00
1.010000000000000009e+00 -1.060262480398321827e-01 -2.212021174341832985e+00
1.020000000000000018e+00 -8.633985214748986226e-02 -1.760167496233461693e+00
1.029999999999999805e+00 -7.082289811516295774e-02 -1.378653781968248726e+00
1.040000000000000036e+00 -5.876677650812488912e-02 -1.057773981686793929e+00
1.050000000000000044e+00 -4.966741848142707666e-02 -7.636231155168812235e-01
1.059999999999999831e+00 -4.349431419778726493e-02 -4.869767568993652596e-01
1.069999999999999840e+00 -3.992788334343977397e-02 -2.735814854168064914e-01
1.080000000000000071e+00 -3.802268448945113344e-02 -1.637244965424557996e-01
1.089999999999999858e+00 -3.665339341259065548e-02 -1.300521612467992472e-01
1.099999999999999867e+00 -3.542164126451514961e-02 -1.139245031259626534e-01
1.109999999999999876e+00 -3.437490335007140768e-02 -1.022699582474215219e-01
1.119999999999999885e+00 -3.337624209956671639e-02 -9.858904959366592002e-02
1.129999999999999893e+00 -3.240312235819808873e-02 -9.353719300038332296e-02
1.139999999999999902e+00 -3.150549823955905299e-02 -1.116857054377037306e-01
1.149999999999999911e+00 -3.016940824944401231e-02 -2.018700622744743489e-01
1.159999999999999920e+00 -2.746809699406956365e-02 -1.357005310877317017e+00
1.169999999999999929e+00 -3.029302031897674382e-03 -1.352912059964010094e+00
1.179999999999999938e+00 -4.098557947893635396e-04 -1.472574720683292038e-01
1.189999999999999947e+00 -8.415259053109044797e-05 -2.049278973946817850e-02
1.199999999999999956e+00 0.000000000000000000e+00 -8.415259053109046261e-03
