0.000000000000000000e+00 3.493709035999999628e+02 9.115024609333333956e+02
1.001999999999999939e-02 3.402558922399999801e+02 9.115024609333333956e+02
1.998000000000000123e-02 3.311408390400000030e+02 9.115024609333333956e+02
2.999999999999999889e-02 3.220258276800000203e+02 9.115024609333333956e+02
4.001999999999999308e-02 3.129108163200000376e+02 9.115024609333333956e+02
4.997999999999999665e-02 3.037957631200000037e+02 9.115024609333333956e+02
5.999999999999999778e-02 2.946807517600000210e+02 9.115024609333333956e+02
7.001999999999999891e-02 2.855657403999999815e+02 9.115024609333333956e+02
7.997999999999999554e-02 2.764506871999999476e+02 9.115024609333333956e+02
8.999999999999999667e-02 2.673356758399999649e+02 9.115024609333333956e+02
1.000199999999999839e-01 2.582206644799999822e+02 9.115024609333333956e+02
1.099799999999999944e-01 2.491056112800000051e+02 9.115024609333333956e+02
1.199999999999999956e-01 2.399905999200000224e+02 9.115024609333333956e+02
1.300199999999999967e-01 2.308755885599999829e+02 9.115024609333333956e+02
1.399799999999999933e-01 2.217605353600000058e+02 9.115024609333333956e+02
1.499999999999999944e-01 2.126455239999999947e+02 9.115024609333333956e+02
1.600199999999999956e-01 2.035305126399999835e+02 9.115024609333333956e+02
1.699799999999999922e-01 1.944155012800000009e+02 9.115024609333333956e+02
1.799999999999999933e-01 1.853004480799999953e+02 9.115024609333333956e+02
1.900199999999999945e-01 1.761854367199999842e+02 9.115024609333333956e+02
1.999799999999999911e-01 1.670704253600000015e+02 9.115024609333333956e+02
2.099999999999999922e-01 1.579553721599999960e+02 9.115024609333333956e+02
2.200200000000000211e-01 1.488403608000000133e+02 9.115024609333333956e+02
2.299799999999999622e-01 1.397253494400000022e+02 9.115024609333333956e+02
2.399999999999999911e-01 1.306102962399999967e+02 9.115024609333333956e+02
2.500200000000000200e-01 1.214952848799999998e+02 9.115024609333333956e+02
2.599799999999999889e-01 1.123802735200000029e+02 9.115024609333333956e+02
2.700000000000000178e-01 1.032652203199999974e+02 9.115024609333333956e+02
2.800199999999999911e-01 9.415020896000000050e+01 9.115024609333333956e+02
2.899800000000000155e-01 8.503519760000000360e+01 9.115024609333333956e+02
2.999999999999999889e-01 7.592014439999999809e+01 9.115024609333333956e+02
3.100200000000000178e-01 6.680513304000000119e+01 9.115024609333333956e+02
3.199799999999999867e-01 5.769012167999999718e+01 9.115024609333333956e+02
3.300000000000000155e-01 4.857506847999999877e+01 9.115024609333333956e+02
3.400199999999999889e-01 3.946005712000000187e+01 9.115024609333333956e+02
3.499800000000000133e-01 3.034504575999999787e+01 9.115024609333333956e+02
3.599999999999999867e-01 2.122999255999999946e+01 9.115024609333333956e+02
3.700200000000000156e-01 1.211498120000000078e+01 6.443580357333333950e+02
3.799799999999999844e-01 8.342854159999999908e+00 3.518735631999999782e+02
3.900000000000000133e-01 5.077493200000000151e+00 3.047520999999999844e+02
4.000199999999999867e-01 2.247812160000000059e+00 2.567385382666666942e+02
4.099800000000000111e-01 -5.723712000000000244e-02 2.029933846666666568e+02
4.199999999999999845e-01 -1.812048559999999808e+00 1.556200446666666721e+02
4.300200000000000133e-01 -3.169672880000000248e+00 1.198312243999999964e+02
4.399799999999999822e-01 -4.208685599999999916e+00 9.403344746666665799e+01
4.499999999999999556e-01 -5.050339039999999891e+00 7.667995879999999431e+01
4.600199999999999845e-01 -5.742288959999999776e+00 6.051110000000000610e+01
4.699799999999999534e-01 -6.260561039999999799e+00 4.578676720000000699e+01
4.799999999999999822e-01 -6.658041039999999633e+00 3.424081000000000330e+01
4.900199999999999556e-01 -6.945356319999999251e+00 2.695744226666666776e+01
4.999799999999999800e-01 -7.197149439999999565e+00 2.179257319999999964e+01
5.100000000000000089e-01 -7.381203600000000087e+00 1.286782226666666773e+01
5.200200000000000378e-01 -7.454507280000000513e+00 4.713345733333333953e+00
5.299800000000000066e-01 -7.475469120000000522e+00 -1.566071200000000108e+00
5.400000000000000355e-01 -7.423210960000000469e+00 -5.860807733333333935e+00
5.500199999999999534e-01 -7.358275279999999974e+00 -6.810715200000000635e+00
5.599800000000000333e-01 -7.286979919999999389e+00 -1.111144880000000157e+01
5.699999999999999512e-01 -7.136021199999999176e+00 -2.011186040000000119e+01
5.800199999999999800e-01 -6.884771999999999004e+00 -2.501767013333333267e+01
5.899799999999999489e-01 -6.635698480000000288e+00 -2.518461173333333392e+01
5.999999999999999778e-01 -6.381060239999999162e+00 -2.631526800000000321e+01
6.100199999999998957e-01 -6.109393120000000010e+00 -2.823251626666667136e+01
6.199800000000000866e-01 -5.816429440000000284e+00 -2.805727640000000278e+01
6.300000000000000044e-01 -5.548235039999999785e+00 -2.766195813333333220e+01
6.400199999999999223e-01 -5.263179120000000211e+00 -2.622280160000000038e+01
6.499799999999998912e-01 -5.023770639999999510e+00 -2.536431453333333508e+01
6.600000000000000311e-01 -4.755869119999999839e+00 -2.650187440000000194e+01
6.700199999999999489e-01 -4.493741519999999490e+00 -2.666637533333333110e+01
6.799799999999999178e-01 -4.222576479999999854e+00 -2.171684280000000200e+01
6.899999999999999467e-01 -4.059400479999999867e+00 -1.824942253333333397e+01
7.000199999999999756e-01 -3.857564319999999825e+00 -1.873413893333333391e+01
7.099799999999999445e-01 -3.684723279999999601e+00 -1.780159506666666758e+01
7.199999999999999734e-01 -3.501547759999999787e+00 -1.633077959999999962e+01
7.300199999999998912e-01 -3.358120239999999868e+00 -1.684032106666666806e+01
7.399799999999999711e-01 -3.164735760000000120e+00 -2.066868106666666804e+01
7.500000000000000000e-01 -2.944741039999999810e+00 -2.525155573333333336e+01
7.600199999999999179e-01 -2.659685119999999792e+00 -2.604114626666666510e+01
7.699799999999999978e-01 -2.423916720000000247e+00 -2.545196933333333433e+01
7.800000000000000266e-01 -2.150659679999999963e+00 -2.356031319999999951e+01
7.900199999999999445e-01 -1.952714639999999724e+00 -2.180679879999999926e+01
7.999799999999999134e-01 -1.714519520000000075e+00 -2.147772720000000035e+01
8.100000000000000533e-01 -1.523143359999999946e+00 -1.645915866666666716e+01
8.200199999999999712e-01 -1.385322399999999954e+00 -9.719292533333332429e+00
8.299799999999999400e-01 -1.328754720000000056e+00 -5.318282400000000187e+00
8.399999999999999689e-01 -1.278965120000000066e+00 -2.479647599999999841e+00
8.500199999999999978e-01 -1.279174320000000087e+00 3.794888000000000150e-01
8.599799999999999667e-01 -1.286580000000000057e+00 9.691538666666666968e-01
8.699999999999999956e-01 -1.298546240000000074e+00 1.245786000000000060e+00
8.800199999999999134e-01 -1.311474800000000052e+00 3.399848666666666741e+00
8.899799999999999933e-01 -1.366536239999999847e+00 4.924219333333333282e+00
8.999999999999999112e-01 -1.409966159999999968e+00 5.317654800000000570e+00
9.100199999999999401e-01 -1.472893519999999956e+00 6.686589866666667881e+00
9.199800000000000200e-01 -1.543686799999999915e+00 7.874357733333333442e+00
9.299999999999999378e-01 -1.630379280000000097e+00 8.865826266666667621e+00
9.400199999999999667e-01 -1.721004719999999821e+00 8.903621733333334731e+00
9.499799999999999356e-01 -1.808450320000000167e+00 6.553538666666666401e+00
9.599999999999999645e-01 -1.852089439999999865e+00 4.920244533333333337e+00
9.700199999999999934e-01 -1.906857999999999942e+00 4.192577199999999671e+00
9.799799999999999622e-01 -1.935936799999999902e+00 2.022336400000000367e+00
9.899999999999998801e-01 -1.947317280000000039e+00 -8.904946666666667399e-02
1.000019999999999909e+00 -1.934137680000000081e+00 -1.005206000000000044e+00
1.009979999999999878e+00 -1.927192239999999890e+00 -1.895073066666666861e+00
1.020000000000000018e+00 -1.896272479999999705e+00 -2.888633600000000357e+00
1.030019999999999936e+00 -1.869453039999999788e+00 -3.770202400000000065e+00
1.039979999999999905e+00 -1.820834959999999780e+00 -5.493382800000000010e+00
1.050000000000000044e+00 -1.759581199999999956e+00 -6.717411999999999495e+00
1.060019999999999962e+00 -1.686486719999999995e+00 -6.454029199999999911e+00
1.069979999999999931e+00 -1.630504799999999976e+00 -7.145714133333333606e+00
1.080000000000000071e+00 -1.543603119999999995e+00 -1.089123093333333259e+01
1.090019999999999989e+00 -1.412643920000000053e+00 -1.483492986666666802e+01
1.099979999999999958e+00 -1.246873840000000122e+00 -1.765592213333333405e+01
1.110000000000000098e+00 -1.059556160000000080e+00 -1.969394853333333373e+01
1.120020000000000016e+00 -8.529920799999999304e-01 -1.947247546666666551e+01
1.129979999999999984e+00 -6.701094399999999451e-01 -1.793283320000000103e+01
1.139999999999999902e+00 -4.943395999999999901e-01 -1.625497946666666493e+01
1.150020000000000042e+00 -3.450126399999999816e-01 -1.363112333333333304e+01
1.159980000000000011e+00 -2.217520000000000047e-01 -1.562242839999999866e+01
1.169999999999999929e+00 -3.255152000000000045e-02 -1.095747760000000071e+01
1.180019999999999847e+00 -2.594079999999999910e-03 -1.614187199999999933e+00
1.189980000000000038e+00 -2.510399999999999546e-04 -1.291461333333333295e-01
1.199999999999999956e+00 0.000000000000000000e+00 -2.608026666666667104e-02
