0.000000000000000000e+00 2.048565103715915541e+02 6.517511456970233894e+02
1.000000000000000021e-02 1.983389989146213281e+02 6.517511456970233894e+02
2.000000000000000042e-02 1.918214874576511022e+02 6.517511456970233894e+02
2.999999999999999889e-02 1.853039760006808478e+02 6.517511456970233894e+02
4.000000000000000083e-02 1.787864645437106219e+02 6.517511456970233894e+02
4.999999999999999584e-02 1.722689530867403960e+02 6.517511456970245263e+02
5.999999999999999778e-02 1.657514416297701416e+02 6.517511456970245263e+02
6.999999999999999278e-02 1.592339301727998873e+02 6.517511456970245263e+02
8.000000000000000167e-02 1.527164187158296329e+02 6.517511456970233894e+02
8.999999999999999667e-02 1.461989072588594354e+02 6.517511456970233894e+02
9.999999999999999167e-02 1.396813958018891810e+02 6.517511456970233894e+02
1.099999999999999867e-01 1.331638843449189551e+02 6.517511456970233894e+02
1.199999999999999956e-01 1.266463728879487149e+02 6.517511456970245263e+02
1.300000000000000044e-01 1.201288614309784748e+02 6.517511456970233894e+02
1.399999999999999856e-01 1.136113499740082347e+02 6.517511456970233894e+02
1.499999999999999944e-01 1.070938385170380087e+02 6.517511456970233894e+02
1.600000000000000033e-01 1.005763270600677686e+02 6.517511456970233894e+02
1.699999999999999845e-01 9.405881560309754263e+01 6.517511456970233894e+02
1.799999999999999933e-01 8.754130414612730249e+01 6.517511456970233894e+02
1.899999999999999745e-01 8.102379268915707655e+01 6.517511456970233894e+02
1.999999999999999833e-01 7.450628123218683641e+01 6.517511456970233894e+02
2.099999999999999922e-01 6.798876977521661047e+01 6.517511456970233894e+02
2.199999999999999734e-01 6.147125831824637743e+01 6.517511456970239578e+02
2.299999999999999822e-01 5.495374686127613018e+01 6.517511456970252084e+02
2.399999999999999911e-01 4.843623540430587582e+01 6.517511456970245263e+02
2.500000000000000000e-01 4.191872394733564278e+01 6.517511456970233894e+02
2.600000000000000089e-01 3.540121249036540974e+01 6.517511456970233894e+02
2.700000000000000178e-01 2.888370103339517314e+01 6.517511456970237305e+02
2.799999999999999711e-01 2.236618957642493299e+01 6.517511456970237305e+02
2.899999999999999800e-01 1.584867811945470173e+01 6.517511456970233894e+02
2.999999999999999889e-01 9.331166662484466912e+00 4.700166875921876795e+02
3.099999999999999423e-01 6.448344367610949313e+00 2.465550587727937284e+02
3.200000000000000067e-01 4.400065487028592237e+00 1.794889198527349095e+02
3.300000000000000155e-01 2.858565970556251390e+00 1.349411451975976490e+02
3.399999999999999689e-01 1.701242583076639558e+00 9.966506488992014567e+01
3.500000000000000333e-01 8.652646727578483521e-01 7.031196351974706715e+01
3.599999999999999867e-01 2.950033126816980489e-01 4.697242246135237309e+01
3.699999999999999956e-01 -7.418377646919906143e-02 3.009468429124457245e+01
3.799999999999999489e-01 -3.068903731431933402e-01 1.927575627080157616e+01
3.900000000000000133e-01 -4.596989018852305486e-01 1.358955304374650197e+01
3.999999999999999667e-01 -5.786814340181233307e-01 1.147700144295598790e+01
4.099999999999999756e-01 -6.892389307443502755e-01 1.086833628097410198e+01
4.199999999999999845e-01 -7.960481596376054458e-01 9.923215072623420951e+00
4.299999999999999933e-01 -8.877032321968186812e-01 7.612343284416886569e+00
4.399999999999999467e-01 -9.482950253259431195e-01 3.866566050085796125e+00
4.499999999999999556e-01 -9.650345531985345948e-01 -5.640092201175126441e-01
4.599999999999999645e-01 -9.370148409235928844e-01 -4.696802979234897535e+00
4.699999999999999734e-01 -8.710984936138366219e-01 -7.883997265762359596e+00
4.799999999999999822e-01 -7.793348956083456791e-01 -9.940230011462357851e+00
4.899999999999999911e-01 -6.722938933845895582e-01 -1.082343176579097666e+01
5.000000000000000000e-01 -5.628662602925261771e-01 -1.025534582916756676e+01
5.100000000000000089e-01 -4.671869768012382185e-01 -8.160709323193426457e+00
5.200000000000000178e-01 -3.996520738286576391e-01 -5.082836027913454124e+00
5.299999999999999156e-01 -3.655302562429691426e-01 -1.889019265596510344e+00
5.400000000000000355e-01 -3.618716885167274633e-01 6.210181425217033979e-01
5.499999999999999334e-01 -3.779506190934032173e-01 1.806248539349807780e+00
5.599999999999999423e-01 -3.979966593037236322e-01 1.627529219762393176e+00
5.699999999999999512e-01 -4.105012034886510452e-01 8.176681525480804513e-01
5.799999999999999600e-01 -4.143500223546852101e-01 2.681528589868288903e-01
5.899999999999999689e-01 -4.158642606683876641e-01 2.868350078712191831e-01
5.999999999999999778e-01 -4.200867225121096005e-01 6.911191313822895310e-01
6.099999999999999867e-01 -4.296866432960334548e-01 1.287097160516290861e+00
6.199999999999998845e-01 -4.458286657224354022e-01 2.038991034865301533e+00
6.300000000000000044e-01 -4.704664639933394676e-01 2.915434704893884454e+00
6.400000000000000133e-01 -5.041373598203131579e-01 3.631916701210593068e+00
6.499999999999999112e-01 -5.431047980175512935e-01 3.716742976888371519e+00
6.600000000000000311e-01 -5.784722193580805749e-01 2.586384138603038618e+00
6.700000000000000400e-01 -5.948324807896120392e-01 -1.234738092201629056e-01
6.799999999999999378e-01 -5.760027431736772785e-01 -4.045589330632714642e+00
6.899999999999999467e-01 -5.139206941769578485e-01 -7.961875874651432206e+00
7.000000000000000666e-01 -4.167652256806486655e-01 -1.046557801101266172e+01
7.099999999999999645e-01 -3.046091339567045253e-01 -1.061139763325655139e+01
7.199999999999999734e-01 -2.045372730155176622e-01 -8.490090094713616864e+00
7.299999999999998712e-01 -1.348073320624322002e-01 -5.138475928951157456e+00
7.399999999999999911e-01 -1.017677544364945230e-01 -1.773647980677839575e+00
7.500000000000000000e-01 -9.933437244887542705e-02 8.662956418254573743e-01
7.599999999999998979e-01 -1.190936672730036616e-01 2.669478035869512489e+00
7.699999999999999067e-01 -1.527239331662656741e-01 3.797997639489106181e+00
7.800000000000000266e-01 -1.950536200627857875e-01 4.346952059304380889e+00
7.899999999999999245e-01 -2.396629743523532863e-01 4.365333143390766502e+00
7.999999999999999334e-01 -2.823602829306011142e-01 3.920594371273485201e+00
8.100000000000000533e-01 -3.180748617778229592e-01 3.087799838522661489e+00
8.199999999999999512e-01 -3.441162797010543506e-01 2.097502343901952671e+00
8.299999999999999600e-01 -3.600249086558620082e-01 1.197031988562683447e+00
8.399999999999999689e-01 -3.680569194723080084e-01 4.473662513250413753e-01
8.499999999999999778e-01 -3.689722336823628712e-01 -1.917555491765358111e-01
8.599999999999999867e-01 -3.642218084887772767e-01 -7.459318496484084182e-01
8.699999999999999956e-01 -3.540535966893946784e-01 -1.285083791528907282e+00
8.799999999999998934e-01 -3.385201326581991355e-01 -1.824646070423939337e+00
8.900000000000000133e-01 -3.175606752809159161e-01 -2.314967319481785246e+00
8.999999999999999112e-01 -2.922207862685634594e-01 -2.711716447339262981e+00
9.099999999999999201e-01 -2.633263463341306565e-01 -2.945906963894106667e+00
9.199999999999999289e-01 -2.333026469906813172e-01 -2.966438854480798248e+00
9.299999999999999378e-01 -2.039975692445146760e-01 -2.800183149241891822e+00
9.399999999999999467e-01 -1.772989840058434852e-01 -2.516205317789118823e+00
9.499999999999999556e-01 -1.536734628887323206e-01 -2.220420319644325069e+00
9.599999999999999645e-01 -1.328905776129570004e-01 -1.981440205196908222e+00
9.699999999999999734e-01 -1.140446587847941534e-01 -1.822690144478795293e+00
9.799999999999999822e-01 -9.643677472338108014e-02 -1.755629033790577553e+00
9.899999999999998801e-01 -7.893207810898260346e-02 -1.680035205978242852e+00
1.000000000000000000e+00 -6.283607060381622700e-02 -1.455414228393844711e+00
1.010000000000000009e+00 -4.982379354110570702e-02 -1.084347036765490824e+00
1.020000000000000018e+00 -4.114912986850640525e-02 -6.713598656952637356e-01
1.029999999999999805e+00 -3.639659622720042842e-02 -3.344282701923332324e-01
1.040000000000000036e+00 -3.446056446465974032e-02 -1.472599579761777466e-01
1.050000000000000044e+00 -3.345139706767687876e-02 -1.055948135058566023e-01
1.059999999999999831e+00 -3.234866819454260828e-02 -1.493948166297361935e-01
1.069999999999999840e+00 -3.046350073508215239e-02 -2.222764639365049366e-01
1.080000000000000071e+00 -2.790313891581251357e-02 -2.809092764158715450e-01
1.089999999999999858e+00 -2.484531520676472316e-02 -3.171267409154088224e-01
1.099999999999999867e+00 -2.156060409750433504e-02 -3.456055796734245344e-01
1.109999999999999876e+00 -1.793320361329623150e-02 -3.836596252388834172e-01
1.119999999999999885e+00 -1.388741159272666864e-02 -4.192866976138692747e-01
1.129999999999999893e+00 -9.547469661018846698e-03 -4.241912354278189468e-01
1.139999999999999902e+00 -5.403586884170290087e-03 -3.760030099041782869e-01
1.149999999999999911e+00 -2.027409462935282104e-03 -2.874121909645376283e-01
1.159999999999999920e+00 3.446569351204615758e-04 -9.499404006528898436e-02
1.169999999999999929e+00 -1.275286616295025850e-04 1.507786079031882796e-02
1.179999999999999938e+00 4.309971931408503661e-05 -6.950439246876189726e-03
1.189999999999999947e+00 1.148012330802119345e-05 2.154985965704252129e-03
1.199999999999999956e+00 0.000000000000000000e+00 1.148012330802119325e-03
