0.000000000000000000e+00 3.181241832534601417e+04 4.475405466256501968e+05
1.000000000000000021e-02 2.733701285908951104e+04 4.162114433465930633e+05
2.000000000000000042e-02 2.348818945841415189e+04 3.579286695581654203e+05
2.999999999999999889e-02 2.017843946792620045e+04 3.077864646872483427e+05
4.000000000000000083e-02 1.733246016466918445e+04 2.646493051845110022e+05
4.999999999999999584e-02 1.488545336423598383e+04 2.275399530065862637e+05
5.999999999999999778e-02 1.278166110453745932e+04 1.956173993162868428e+05
6.999999999999999278e-02 1.097310537791024581e+04 1.681578810557642137e+05
8.000000000000000167e-02 9.418503483422175123e+03 1.445385423221434176e+05
8.999999999999999667e-02 8.082334531467377928e+03 1.242233721050756139e+05
9.999999999999999167e-02 6.934036041320662662e+03 1.067511012694380042e+05
1.099999999999999867e-01 5.947312506078617844e+03 9.172478584100115404e+04
1.199999999999999956e-01 5.099540324500640054e+03 7.880284167402908497e+04
1.300000000000000044e-01 4.371255672598036654e+03 6.769132830478897085e+04
1.399999999999999856e-01 3.745713758404860982e+03 5.813730796139487938e+04
1.499999999999999944e-01 3.208509513370139302e+03 4.992312994337385317e+04
1.600000000000000033e-01 2.747251159537383955e+03 4.286151145028349856e+04
1.699999999999999845e-01 2.351279284364469731e+03 3.679130389807437314e+04
1.799999999999999933e-01 2.011425081575896684e+03 3.157384921953117009e+04
1.899999999999999745e-01 1.719802299973846175e+03 2.708984394951509603e+04
1.999999999999999833e-01 1.469628202585594863e+03 2.323664034681872727e+04
2.099999999999999922e-01 1.255069493037471602e+03 1.992592366039916669e+04
2.199999999999999734e-01 1.071109729377611529e+03 1.708171313074427235e+04
2.299999999999999822e-01 9.134352304225861872e+02 1.463864161842724570e+04
2.399999999999999911e-01 7.783368970090665471e+02 1.254047503610781496e+04
2.500000000000000000e-01 6.626257297004299289e+02 1.073883816903192201e+04
2.600000000000000089e-01 5.635601336284281615e+02 9.192118124400289162e+03
2.700000000000000178e-01 4.787833672124241389e+02 7.864520656783466620e+03
2.799999999999999711e-01 4.062697204927588359e+02 6.725258065394718869e+03
2.899999999999999800e-01 3.442782059045297274e+02 5.747850327240941624e+03
2.999999999999999889e-01 2.913127139479399830e+02 4.909523684882863563e+03
3.099999999999999423e-01 2.460877322068724880e+02 4.190693106349002846e+03
3.200000000000000067e-01 2.074988518209599704e+02 3.574516927239092183e+03
3.300000000000000155e-01 1.745973936620906386e+02 3.046513613895459912e+03
3.399999999999999689e-01 1.465685795430507596e+02 2.594231988439794804e+03
3.500000000000000333e-01 1.227127538932947459e+02 2.206967463080595280e+03
3.599999999999999867e-01 1.024292302814388620e+02 1.875517869602549581e+03
3.699999999999999956e-01 8.520239650124375430e+01 1.591973363767124965e+03
3.799999999999999489e-01 7.058976300609637633e+01 1.349535653643428077e+03
3.900000000000000133e-01 5.821168342837518850e+01 1.142362462995769420e+03
3.999999999999999667e-01 4.774251374618098254e+01 1.493752601035385396e+03
4.099999999999999756e-01 2.833663140766748612e+01 1.521706073004209884e+03
4.199999999999999845e-01 1.730839228609678315e+01 7.194404088454105022e+02
4.299999999999999933e-01 1.394782323075927621e+01 5.125074512569123044e+02
4.399999999999999467e-01 7.058243260958538379e+00 3.462281957939108565e+02
4.499999999999999556e-01 7.023259314881059368e+00 6.326259473206697237e+01
4.599999999999999645e-01 5.792991366317199464e+00 1.254787622450828906e+02
4.699999999999999734e-01 4.513684069979401414e+00 1.183682610516421079e+02
4.799999999999999822e-01 3.425626145284357271e+00 9.747407400557770529e+01
4.899999999999999911e-01 2.564202589867847770e+00 7.644399219452020589e+01
5.000000000000000000e-01 1.896746301393953171e+00 6.007135221650926837e+01
5.100000000000000089e-01 1.362775545537662669e+00 4.942943551792904344e+01
5.200000000000000178e-01 9.081575910353723025e-01 4.295521517120412369e+01
5.299999999999999156e-01 5.036712421135802753e-01 3.855046453526957606e+01
5.400000000000000355e-01 1.371483003299807935e-01 3.552580142294961973e+01
5.499999999999999334e-01 -2.068447863454120905e-01 3.378786006772264727e+01
5.599999999999999423e-01 -5.386089010244721198e-01 3.270035906515315816e+01
5.699999999999999512e-01 -8.608519676484751582e-01 3.146553822073509110e+01
5.799999999999999600e-01 -1.167919665439173915e+00 2.953851475453519271e+01
5.899999999999999689e-01 -1.451622262739178826e+00 2.666671137448140882e+01
5.999999999999999778e-01 -1.701253892928801914e+00 2.281139670447252854e+01
6.099999999999999867e-01 -1.907850196828629441e+00 1.814873586569406783e+01
6.199999999999998845e-01 -2.064228610242683448e+00 1.332805727896745296e+01
6.300000000000000044e-01 -2.174411342407978509e+00 9.094643045169311435e+00
6.400000000000000133e-01 -2.246121471146069748e+00 5.702946963932332025e+00
6.499999999999999112e-01 -2.288470281686624919e+00 3.001122328263357009e+00
6.600000000000000311e-01 -2.306143917711336755e+00 8.709800754030115888e-01
6.700000000000000400e-01 -2.305889883194685464e+00 -8.366384860202498164e-01
6.799999999999999378e-01 -2.289411147990931816e+00 -2.078788920058872058e+00
6.899999999999999467e-01 -2.264314104793507809e+00 -2.659182617268441629e+00
7.000000000000000666e-01 -2.236227495645562779e+00 -2.613427796141445825e+00
7.099999999999999645e-01 -2.212045548870678946e+00 -2.254905714058953237e+00
7.199999999999999734e-01 -2.191129381364383732e+00 -1.739039583179235127e+00
7.299999999999998712e-01 -2.177264757207094448e+00 -1.122845828234327881e+00
7.399999999999999911e-01 -2.168672464799697330e+00 -6.969791449965977437e-01
7.500000000000000000e-01 -2.163325174307162424e+00 -8.972543616032884195e-01
7.599999999999998979e-01 -2.150727377567631660e+00 -1.859047367266037032e+00
7.699999999999999067e-01 -2.126144226961841799e+00 -3.401324890055097860e+00
7.800000000000000266e-01 -2.082700879766529400e+00 -5.280413309029536428e+00
7.899999999999999245e-01 -2.020535960781250751e+00 -7.068118288440914831e+00
7.999999999999999334e-01 -1.941338513997711290e+00 -8.402388737412195496e+00
8.100000000000000533e-01 -1.852488186033006912e+00 -9.197879000708574893e+00
8.199999999999999512e-01 -1.757380933983539784e+00 -9.439179181753395653e+00
8.299999999999999600e-01 -1.663704602397939158e+00 -9.170191305141543126e+00
8.399999999999999689e-01 -1.573977107880708992e+00 -8.734634295581102492e+00
8.499999999999999778e-01 -1.489011916486317144e+00 -8.507260774671875581e+00
8.599999999999999867e-01 -1.403831892387271463e+00 -8.587729449727730113e+00
8.699999999999999956e-01 -1.317257327491762497e+00 -8.902321973795038090e+00
8.799999999999998934e-01 -1.225785452911370754e+00 -9.332143076057093367e+00
8.900000000000000133e-01 -1.130614465970620541e+00 -9.598135242294551617e+00
8.999999999999999112e-01 -1.033822748065479802e+00 -9.393156182870551874e+00
9.099999999999999201e-01 -9.427513423132096726e-01 -8.702450087769770803e+00
9.199999999999999289e-01 -8.597737463100842970e-01 -7.826031605489915499e+00
9.299999999999999378e-01 -7.862307102034112871e-01 -6.990534290078094237e+00
9.399999999999999467e-01 -7.199630605085224344e-01 -6.227300616482592588e+00
9.499999999999999556e-01 -6.616846978737594975e-01 -5.517675584266428679e+00
9.599999999999999645e-01 -6.096095488231938475e-01 -4.927107437683472035e+00
9.699999999999999734e-01 -5.631425491200900968e-01 -4.536389643822785089e+00
9.799999999999999822e-01 -5.188817559467381324e-01 -4.440036018873297685e+00
9.899999999999998801e-01 -4.743418287426240942e-01 -4.593522753464577946e+00
1.000000000000000000e+00 -4.270113008774465979e-01 -4.804056248065000645e+00
1.010000000000000009e+00 -3.782607037813240924e-01 -4.912667832388939004e+00
1.020000000000000018e+00 -3.287579442296678089e-01 -4.890636737932033462e+00
1.029999999999999805e+00 -2.804479690226834299e-01 -4.753387162144582234e+00
1.040000000000000036e+00 -2.336902009867761754e-01 -4.570655979912952915e+00
1.050000000000000044e+00 -1.890348494244243616e-01 -4.370384921622636476e+00
1.059999999999999831e+00 -1.462825025543234569e-01 -4.114375924115938332e+00
1.069999999999999840e+00 -1.067473309421056032e-01 -3.756353732968846337e+00
1.080000000000000071e+00 -7.115542789494652687e-02 -3.313915935184033934e+00
1.089999999999999858e+00 -4.046901223842493123e-02 -2.809299584555664975e+00
1.099999999999999867e+00 -1.496943620383323417e-02 -2.260230173038956014e+00
1.109999999999999876e+00 4.735591222354188813e-03 -1.664360709554150830e+00
1.119999999999999885e+00 1.831777798724977882e-02 -1.054275783695888702e+00
1.129999999999999893e+00 2.582110689627196629e-02 -4.885626292948994642e-01
1.139999999999999902e+00 2.808903057314776977e-02 -3.440868734904630605e-02
1.149999999999999911e+00 2.650928064325289157e-02 2.790284671286151763e-01
1.159999999999999920e+00 2.250846123057546541e-02 1.026473497216906949e+00
1.169999999999999929e+00 5.979810698914755397e-03 1.088114212310397733e+00
1.179999999999999938e+00 7.461769843675123944e-04 2.950669241067129800e-01
1.189999999999999947e+00 7.847221678049537289e-05 3.730884921837562124e-02
1.199999999999999956e+00 0.000000000000000000e+00 7.847221678049538102e-03
