0.000000000000000000e+00 3.720750867200000016e+02 1.287208506533333320e+03
1.001999999999999939e-02 3.592030107200000089e+02 1.287208506533333320e+03
1.998000000000000123e-02 3.463309347200000161e+02 1.287208506533333320e+03
2.999999999999999889e-02 3.334588587200000234e+02 1.287208506533333320e+03
4.001999999999999308e-02 3.205867408799999794e+02 1.287208506533333320e+03
4.997999999999999665e-02 3.077146648799999866e+02 1.287208506533333320e+03
5.999999999999999778e-02 2.948425888799999939e+02 1.287208506533333320e+03
7.001999999999999891e-02 2.819705128800000011e+02 1.287208506533333320e+03
7.997999999999999554e-02 2.690983950400000140e+02 1.287208506533333320e+03
8.999999999999999667e-02 2.562263190399999644e+02 1.287208506533333320e+03
1.000199999999999839e-01 2.433542430399999716e+02 1.287208506533333320e+03
1.099799999999999944e-01 2.304821670399999789e+02 1.287208506533333320e+03
1.199999999999999956e-01 2.176100910399999862e+02 1.287208506533333320e+03
1.300199999999999967e-01 2.047379731999999990e+02 1.287208506533333320e+03
1.399799999999999933e-01 1.918658971999999778e+02 1.287208506533333320e+03
1.499999999999999944e-01 1.789938211999999851e+02 1.287208506533333320e+03
1.600199999999999956e-01 1.661217451999999923e+02 1.287208506533333320e+03
1.699799999999999922e-01 1.532496691999999996e+02 1.287208506533333320e+03
1.799999999999999933e-01 1.403775513600000124e+02 1.287208506533333320e+03
1.900199999999999945e-01 1.275054753600000055e+02 1.287208506533333320e+03
1.999799999999999911e-01 1.146333993599999843e+02 1.287208506533333320e+03
2.099999999999999922e-01 1.017613233599999916e+02 1.287208506533333320e+03
2.200200000000000211e-01 8.888920552000000441e+01 1.287208506533333320e+03
2.299799999999999622e-01 7.601712951999999746e+01 1.287208506533333320e+03
2.399999999999999911e-01 6.314505351999999760e+01 1.287208506533333320e+03
2.500200000000000200e-01 5.027297751999999775e+01 1.287208506533333320e+03
2.599799999999999889e-01 3.740090151999999790e+01 1.287208506533333320e+03
2.700000000000000178e-01 2.452878368000000009e+01 1.287208506533333320e+03
2.800199999999999911e-01 1.165670768000000024e+01 9.005136033333334353e+02
2.899800000000000155e-01 6.518546480000000365e+00 4.541689462666666941e+02
2.999999999999999889e-01 2.573327359999999953e+00 3.279243471999999997e+02
3.100200000000000178e-01 -3.995719999999999827e-02 2.267689646666666761e+02
3.199799999999999867e-01 -1.962044960000000060e+00 1.698160777333333442e+02
3.300000000000000155e-01 -3.436277359999999614e+00 1.342940571999999975e+02
3.400199999999999889e-01 -4.647921919999999929e+00 1.091367809333333412e+02
3.499800000000000133e-01 -5.619028319999999965e+00 8.777913453333333393e+01
3.599999999999999867e-01 -6.403486479999999759e+00 6.639526840000000618e+01
3.700200000000000156e-01 -6.946904400000000201e+00 4.071324880000000235e+01
3.799799999999999844e-01 -7.217776560000000785e+00 1.741603946666666758e+01
3.900000000000000133e-01 -7.295222400000000107e+00 -4.051227733333333525e+00
4.000199999999999867e-01 -7.136732480000000933e+00 -2.969203493333333554e+01
4.099800000000000111e-01 -6.701387279999999613e+00 -5.285263666666666893e+01
4.199999999999999845e-01 -6.079686719999999767e+00 -6.514780880000000707e+01
4.300200000000000133e-01 -5.398447839999999331e+00 -6.304555799999999977e+01
4.399799999999999822e-01 -4.818796480000000493e+00 -5.205056386666667123e+01
4.499999999999999556e-01 -4.357426799999999822e+00 -4.203650853333333259e+01
4.600199999999999845e-01 -3.978063519999999631e+00 -3.206478133333333602e+01
4.699799999999999534e-01 -3.716145120000000190e+00 -2.734453200000000095e+01
4.799999999999999822e-01 -3.431172879999999648e+00 -2.396044306666667012e+01
4.900199999999999556e-01 -3.236909759999999636e+00 -2.129153920000000255e+01
4.999799999999999800e-01 -3.005325360000000057e+00 -1.618106213333333443e+01
5.100000000000000089e-01 -2.913319200000000109e+00 -9.639517599999999575e+00
5.200200000000000378e-01 -2.812526640000000189e+00 -9.495588000000001472e+00
5.299800000000000066e-01 -2.723407439999999902e+00 -1.053398706666666662e+01
5.400000000000000355e-01 -2.601862239999999993e+00 -1.292932706666666753e+01
5.500199999999999534e-01 -2.464794400000000163e+00 -1.564997306666666610e+01
5.599800000000000333e-01 -2.288857200000000258e+00 -1.580833746666666606e+01
5.699999999999999512e-01 -2.148651359999999677e+00 -1.951745346666666947e+01
5.800199999999999800e-01 -1.898489999999999789e+00 -2.805532386666666866e+01
5.899799999999999489e-01 -1.587535119999999855e+00 -3.297570786666666720e+01
5.999999999999999778e-01 -1.239007919999999929e+00 -2.967857640000000075e+01
6.100199999999998957e-01 -9.939510400000000079e-01 -2.458853120000000203e+01
6.199800000000000866e-01 -7.472205600000000336e-01 -2.260677960000000297e+01
6.300000000000000044e-01 -5.418279999999999763e-01 -1.895456599999999980e+01
6.400199999999999223e-01 -3.681501600000000041e-01 -1.066069253333333400e+01
6.499799999999998912e-01 -3.286113599999999635e-01 -6.146295999999999982e-01
6.600000000000000311e-01 -3.558492000000000322e-01 4.127376533333333875e+00
6.700199999999999489e-01 -4.111616800000000294e-01 6.687635866666666651e+00
6.799799999999999178e-01 -4.896116799999999381e-01 1.170271773333333343e+01
6.899999999999999467e-01 -6.452146399999999504e-01 1.945009106666666554e+01
7.000199999999999756e-01 -8.785981599999999059e-01 2.370521906666666823e+01
7.099799999999999445e-01 -1.119303679999999801e+00 2.601367133333333115e+01
7.199999999999999734e-01 -1.398878559999999993e+00 2.934232226666666676e+01
7.300199999999998912e-01 -1.706151519999999921e+00 2.992870986666666511e+01
7.399799999999999711e-01 -1.997441599999999928e+00 3.043016226666667023e+01
7.500000000000000000e-01 -2.314756159999999952e+00 3.017814600000000169e+01
7.600199999999999179e-01 -2.601025439999999911e+00 2.515120946666666768e+01
7.699799999999999978e-01 -2.817798479999999994e+00 1.984073720000000307e+01
7.800000000000000266e-01 -2.997835999999999945e+00 1.637115520000000046e+01
7.900199999999999445e-01 -3.145196480000000072e+00 1.131109533333333417e+01
7.999799999999999134e-01 -3.224064880000000244e+00 7.322627599999999681e+00
8.100000000000000533e-01 -3.291678319999999935e+00 4.135465599999999853e+00
8.200199999999999712e-01 -3.306740720000000078e+00 -6.973333333333333987e-03
8.299799999999999400e-01 -3.291510960000000097e+00 -3.359542800000000273e+00
8.399999999999999689e-01 -3.239545679999999983e+00 -6.258706133333332922e+00
8.500199999999999978e-01 -3.166367520000000102e+00 -7.153315066666667832e+00
8.599799999999999667e-01 -3.096494719999999923e+00 -9.828773866666667303e+00
8.699999999999999956e-01 -2.969761360000000128e+00 -1.368293520000000107e+01
8.800199999999999134e-01 -2.822819280000000042e+00 -1.549070213333333434e+01
8.899799999999999933e-01 -2.659977999999999732e+00 -1.590498786666666753e+01
8.999999999999999112e-01 -2.504751600000000078e+00 -1.437671213333333498e+01
9.100199999999999401e-01 -2.372411679999999912e+00 -1.586719240000000219e+01
9.199800000000000200e-01 -2.187395199999999651e+00 -1.882207266666666712e+01
9.299999999999999378e-01 -1.995977200000000007e+00 -1.847577693333333571e+01
9.400199999999999667e-01 -1.817864319999999978e+00 -1.966431186666666875e+01
9.499799999999999356e-01 -1.602723039999999877e+00 -1.957205466666666638e+01
9.599999999999999645e-01 -1.426451120000000072e+00 -1.913189786666666947e+01
9.700199999999999934e-01 -1.220054399999999983e+00 -2.007817920000000100e+01
9.799799999999999622e-01 -1.024870799999999971e+00 -1.923489400000000060e+01
9.899999999999998801e-01 -8.353774399999999156e-01 -1.547194386666666688e+01
1.000019999999999909e+00 -7.154221600000000292e-01 -1.215577519999999900e+01
1.009979999999999878e+00 -5.922452000000000272e-01 -1.457705600000000068e+01
1.020000000000000018e+00 -4.238810399999999312e-01 -1.488667199999999902e+01
1.030019999999999936e+00 -2.945117599999999558e-01 -1.132797080000000101e+01
1.039979999999999905e+00 -1.973174400000000106e-01 -9.785469466666667060e+00
1.050000000000000044e+00 -9.882607999999999671e-02 -7.394801600000000086e+00
1.060019999999999962e+00 -4.945487999999999967e-02 -5.004482399999999664e+00
1.069979999999999931e+00 1.297039999999999955e-03 -3.446500266666666867e+00
1.080000000000000071e+00 1.949744000000000130e-02 -2.257895599999999892e+00
1.090019999999999989e+00 4.644240000000000174e-02 -1.060992666666666695e+00
1.099979999999999958e+00 4.071032000000000123e-02 6.513093333333333512e-02
1.110000000000000098e+00 4.514535999999999549e-02 -1.273330666666666833e+00
1.120020000000000016e+00 6.619088000000000749e-02 -2.060619999999999952e-01
1.129979999999999984e+00 4.924568000000000001e-02 1.450453333333333372e+00
1.139999999999999902e+00 3.715392000000000000e-02 1.381138399999999988e+00
1.150020000000000042e+00 2.163127999999999926e-02 1.068454133333333278e+00
1.159980000000000011e+00 1.581551999999999958e-02 4.819968000000000585e-01
1.169999999999999929e+00 1.200807999999999910e-02 6.762041333333334014e-01
1.180019999999999847e+00 2.259360000000000188e-03 5.905018666666667082e-01
1.189980000000000038e+00 1.673599999999999968e-04 1.138048000000000115e-01
1.199999999999999956e+00 0.000000000000000000e+00 1.827013333333333406e-02
