0.000000000000000000e+00 6.931993029375208607e+03 1.278142899322961021e+05
1.000000200000000089e-02 5.753334133470143570e+03 1.079174892483610747e+05
1.999999800000000147e-02 4.773643244406592203e+03 8.969384661232045619e+04
2.999999999999999889e-02 3.959457201223456195e+03 7.453566286854252394e+04
4.000000199999999978e-02 3.282929987036160128e+03 6.192832128977090179e+04
4.999999799999999689e-02 2.720890775430687881e+03 5.144350669723220199e+04
5.999999999999999778e-02 2.254059853093608126e+03 4.272474052082945855e+04
7.000000199999999173e-02 1.866395965011728094e+03 3.547533962755133689e+04
7.999999800000000272e-02 1.544553060539792114e+03 2.944839284812918777e+04
8.999999999999999667e-02 1.277428108052351945e+03 2.443841715812333132e+04
1.000000019999999906e-01 1.055784717378719961e+03 2.027441210053445684e+04
1.099999979999999877e-01 8.719398660413841071e+02 1.681407818112051973e+04
1.199999999999999956e-01 7.195031537567280111e+02 1.393900421421708234e+04
1.300000020000000034e-01 5.931597817566239428e+02 1.155066126894761328e+04
1.399999979999999866e-01 4.884899283787519835e+02 9.567068064520959524e+03
1.499999999999999944e-01 4.018184204653679785e+02 7.920015305774946683e+03
1.600000020000000023e-01 3.300896222614400131e+02 6.552755299491639562e+03
1.699999979999999855e-01 2.707633144742799800e+02 5.418078883522866818e+03
1.799999999999999933e-01 2.217280445916800034e+02 4.476714763875106655e+03
1.900000019999999734e-01 1.812290191983120167e+02 3.695997229153733315e+03
1.999999979999999844e-01 1.478081000100000040e+02 3.048757264659479915e+03
2.099999999999999922e-01 1.202538739047039940e+02 2.512399624567133287e+03
2.200000019999999723e-01 9.756010751795999170e+01 2.068134694008426777e+03
2.299999980000000110e-01 7.889118002648800143e+01 1.700339195768306809e+03
2.399999999999999911e-01 6.355332360412800341e+01 1.396024143396066620e+03
2.500000019999999989e-01 5.097069715508000343e+01 1.144392062327413441e+03
2.599999980000000099e-01 4.066548235646399689e+01 1.475042492258853372e+03
2.700000000000000178e-01 2.146984731380799971e+01 1.409227574253680132e+03
2.800000019999999701e-01 1.248093086887999981e+01 8.320318130724266439e+02
2.899999979999999811e-01 4.829211050128000338e+00 4.210474377500666492e+02
2.999999999999999889e-01 4.059982114576000001e+00 8.107087896629333557e+01
3.100000019999999967e-01 3.207793471360000037e+00 8.521886444014666040e+01
3.199999980000000077e-01 2.355604828144000074e+00 5.111393327102666717e+01
3.300000000000000155e-01 2.185514805800000016e+00 2.642290973313333069e+01
3.400000020000000234e-01 1.827146632784000024e+00 3.764579131893333397e+01
3.499999979999999788e-01 1.432598980815999790e+00 3.723377320202666851e+01
3.599999999999999867e-01 1.082471166511999927e+00 3.249832633944000548e+01
3.700000019999999945e-01 7.826324506799999803e-01 2.881968881993333298e+01
3.799999980000000055e-01 5.060773894160000008e-01 2.678793330150666918e+01
3.900000000000000133e-01 2.468737861839999936e-01 2.462513832698666505e+01
4.000000020000000212e-01 1.357462399200000044e-02 2.215182342018666617e+01
4.099999979999999766e-01 -1.961626811040000085e-01 2.051239103110667017e+01
4.199999999999999845e-01 -3.966731950960000197e-01 1.992170160966666614e+01
4.300000019999999368e-01 -5.945967126000000214e-01 1.926310729776000130e+01
4.399999980000000033e-01 -7.819353418880000683e-01 1.738580512954666801e+01
4.499999999999999556e-01 -9.423128149120000296e-01 1.428785854062666694e+01
4.600000019999999634e-01 -1.067692512839999885e+00 1.133234739649333278e+01
4.699999980000000299e-01 -1.168959764375999910e+00 9.791843002680000296e+00
4.799999999999999822e-01 -1.263529373312000104e+00 9.118791945693333290e+00
4.900000019999999901e-01 -1.351335604823999947e+00 7.810004368506667127e+00
4.999999979999999455e-01 -1.419729461239999990e+00 5.679412770320000803e+00
5.100000000000000089e-01 -1.464923857720000111e+00 3.749640933933333198e+00
5.200000019999999612e-01 -1.494722280615999876e+00 2.451249592586666637e+00
5.299999979999999722e-01 -1.513948852640000009e+00 1.372634329346666737e+00
5.400000000000000355e-01 -1.522174964831999988e+00 3.229436647866666954e-01
5.500000019999999878e-01 -1.520407722727999955e+00 -4.653097597733333313e-01
5.599999979999999988e-01 -1.512868769775999933e+00 -1.008692499306666823e+00
5.699999999999999512e-01 -1.500233872183999839e+00 -1.647239495986666746e+00
5.800000019999999035e-01 -1.479923978879999824e+00 -2.471825033213333356e+00
5.899999980000000255e-01 -1.450797372495999937e+00 -3.209931439573333378e+00
5.999999999999999778e-01 -1.415725352319999963e+00 -3.724070132026666702e+00
6.100000019999999301e-01 -1.376315971808000027e+00 -4.206293955866667211e+00
6.199999980000000521e-01 -1.331599471807999979e+00 -4.682750372800000171e+00
6.300000000000000044e-01 -1.282660964351999944e+00 -4.802796710586666684e+00
6.400000019999999568e-01 -1.235543538711999956e+00 -4.470788109946666644e+00
6.499999980000000788e-01 -1.193245202431999941e+00 -4.177764549933333349e+00
6.600000000000000311e-01 -1.151988247016000111e+00 -4.381330912480000173e+00
6.700000019999999834e-01 -1.105618581671999889e+00 -4.972491257066666392e+00
6.799999979999998834e-01 -1.052538420479999903e+00 -5.416039537733333908e+00
6.899999999999999467e-01 -9.972977923119998866e-01 -5.386918765240000795e+00
7.000000019999998990e-01 -9.448000481040000897e-01 -5.161666228613333907e+00
7.099999979999999100e-01 -8.940644666239999649e-01 -5.148205003573333549e+00
7.199999999999999734e-01 -8.418359460799998972e-01 -5.263718946653333397e+00
7.300000019999999257e-01 -7.887900895039999805e-01 -5.090547035933333575e+00
7.399999979999999367e-01 -7.400250046640000079e-01 -4.594351824960000386e+00
7.500000000000000000e-01 -6.969030521680000811e-01 -4.355836914866666909e+00
7.600000019999999523e-01 -6.529082670639999586e-01 -4.702212674173333440e+00
7.699999979999999633e-01 -6.028587988239999529e-01 -5.179037631773333317e+00
7.800000000000000266e-01 -5.493275145679999971e-01 -5.250859513306666670e+00
7.900000019999999790e-01 -4.978416079999999910e-01 -4.883550978853334001e+00
7.999999979999999900e-01 -4.516564947119999784e-01 -4.342203497306666549e+00
8.100000000000000533e-01 -4.109975374959999872e-01 -3.880540846653333098e+00
8.200000020000000056e-01 -3.740456795920000244e-01 -3.607740064880000208e+00
8.299999979999999056e-01 -3.388427378719999772e-01 -3.492756039346666785e+00
8.399999999999999689e-01 -3.041905569919999830e-01 -3.390879565333333012e+00
8.500000019999999212e-01 -2.710251479599999902e-01 -3.119549557186666711e+00
8.599999979999999322e-01 -2.417995648719999946e-01 -2.675015205346666480e+00
8.699999999999999956e-01 -2.175248420399999716e-01 -2.253127304399999975e+00
8.800000019999999479e-01 -1.967370187839999895e-01 -2.013075625053333262e+00
8.899999979999999589e-01 -1.772633313520000087e-01 -1.929635284573333553e+00
8.999999999999999112e-01 -1.581443132319999834e-01 -1.846993167613333320e+00
9.100000019999999745e-01 -1.403234647920000022e-01 -1.644030514426666922e+00
9.199999979999999855e-01 -1.252637048959999999e-01 -1.334571526000000175e+00
9.299999999999999378e-01 -1.136320342719999849e-01 -9.895349744400001590e-01
9.400000020000000012e-01 -1.054730041519999911e-01 -6.539393608666667079e-01
9.499999980000000122e-01 -1.005532477520000023e-01 -3.997059298400000293e-01
9.599999999999999645e-01 -9.747888639200000260e-02 -2.953615443466666712e-01
9.700000020000000278e-01 -9.464601714400000532e-02 -2.885289886666666526e-01
9.799999979999999278e-01 -9.170830522399998908e-02 -2.987568533733333531e-01
9.899999999999998801e-01 -8.867088021600000314e-02 -3.111607955599999809e-01
1.000000001999999943e+00 -8.548509056799999395e-02 -2.855743245733333158e-01
1.009999997999999843e+00 -8.295939386400000282e-02 -1.930337771199999997e-01
1.020000000000000018e+00 -8.162441335199999148e-02 -1.128126620266666630e-01
1.030000001999999970e+00 -8.070314257600000318e-02 -1.265517953199999934e-01
1.039999997999999870e+00 -7.909337786400000292e-02 -2.164827680266666887e-01
1.050000000000000044e+00 -7.637348498399999797e-02 -3.071753054400000460e-01
1.060000001999999997e+00 -7.294987259200000351e-02 -3.564703845333332954e-01
1.069999997999999897e+00 -6.924407868800000476e-02 -3.860449955066666550e-01
1.080000000000000071e+00 -6.522897421599999079e-02 -4.214541944800000439e-01
1.090000002000000023e+00 -6.081499228800000406e-02 -4.569981252266666627e-01
1.099999997999999923e+00 -5.608900948000000025e-02 -4.775286506133333830e-01
1.110000000000000098e+00 -5.126442234399999909e-02 -4.776647979733333327e-01
1.120000002000000050e+00 -4.653571575200000227e-02 -4.770374071733333721e-01
1.129999997999999950e+00 -4.172367224799999885e-02 -5.028452466266666310e-01
1.139999999999999902e+00 -3.647881068000000115e-02 -5.453614577333333324e-01
1.150000001999999855e+00 -3.081644448799999991e-02 -5.796162562400000162e-01
1.159999997999999977e+00 -2.488648639199999776e-02 -1.329148657546666668e+00
1.169999999999999929e+00 -4.233471616000000076e-03 -1.212903944000000012e+00
1.180000001999999881e+00 -6.284075120000000032e-04 -2.067942557866666586e-01
1.189999998000000003e+00 -9.758343199999999903e-05 -3.142028494666666838e-02
1.199999999999999956e+00 0.000000000000000000e+00 1.190324290666666673e-02
