0.000000000000000000e+00 6.119961078637637542e+01 2.105698105710112316e+02
1.000000000000000021e-02 5.909391268066626424e+01 2.105698105710112316e+02
2.000000000000000042e-02 5.698821457495615306e+01 2.105698105710112316e+02
2.999999999999999889e-02 5.488251646924604188e+01 2.105698105710106347e+02
4.000000000000000083e-02 5.277681836353593781e+01 2.105698105710106347e+02
4.999999999999999584e-02 5.067112025782582663e+01 2.105698105710112316e+02
5.999999999999999778e-02 4.856542215211571545e+01 2.105698105710109473e+02
6.999999999999999278e-02 4.645972404640561138e+01 2.105698105710112316e+02
8.000000000000000167e-02 4.435402594069549309e+01 2.105698105710109473e+02
8.999999999999999667e-02 4.224832783498538902e+01 2.105698105710109473e+02
9.999999999999999167e-02 4.014262972927527073e+01 2.105698105710109473e+02
1.099999999999999867e-01 3.803693162356517377e+01 2.105698105710109473e+02
1.199999999999999956e-01 3.593123351785505548e+01 2.105698105710115442e+02
1.300000000000000044e-01 3.382553541214494430e+01 2.105698105710109473e+02
1.399999999999999856e-01 3.171983730643483668e+01 2.105698105710109473e+02
1.499999999999999944e-01 2.961413920072472550e+01 2.105698105710112316e+02
1.600000000000000033e-01 2.750844109501461077e+01 2.105698105710109473e+02
1.699999999999999845e-01 2.540274298930450669e+01 2.105698105710109473e+02
1.799999999999999933e-01 2.329704488359439196e+01 2.105698105710109473e+02
1.899999999999999745e-01 2.119134677788428789e+01 2.105698105710109473e+02
1.999999999999999833e-01 1.908564867217417316e+01 2.105698105710110895e+02
2.099999999999999922e-01 1.697995056646406553e+01 2.105698105710109473e+02
2.199999999999999734e-01 1.487425246075395613e+01 2.105698105710110042e+02
2.299999999999999822e-01 1.276855435504384495e+01 2.105698105710114021e+02
2.399999999999999911e-01 1.066285624933372844e+01 2.105698105710113168e+02
2.500000000000000000e-01 8.557158143623619040e+00 2.105698105710110042e+02
2.600000000000000089e-01 6.451460037913508749e+00 2.105698105710110042e+02
2.700000000000000178e-01 4.345761932203399347e+00 2.105698105710109473e+02
2.799999999999999711e-01 2.240063826493289501e+00 1.576024832613354079e+02
2.899999999999999800e-01 1.193712266976691749e+00 8.703401698045320245e+01
2.999999999999999889e-01 4.993834868842253472e-01 5.933604363564413120e+01
3.099999999999999423e-01 6.991394263809215526e-03 4.208019187929868110e+01
3.200000000000000067e-01 -3.422203507017481661e-01 2.941425427576648133e+01
3.300000000000000155e-01 -5.812936912515204169e-01 1.957527741888917205e+01
3.399999999999999689e-01 -7.337258990795315627e-01 1.181983339431583424e+01
3.500000000000000333e-01 -8.176903591378370528e-01 5.726116630783025130e+00
3.599999999999999867e-01 -8.482482316951921453e-01 9.606852781800047092e-01
3.699999999999999956e-01 -8.369040647014371892e-01 -2.724877045587600577e+00
3.799999999999999489e-01 -7.937506907834400716e-01 -5.402158582925332020e+00
3.900000000000000133e-01 -7.288608930429305577e-01 -6.948371871613552742e+00
3.999999999999999667e-01 -6.547832533511690478e-01 -7.455707456277305134e+00
4.099999999999999756e-01 -5.797467439173844550e-01 -7.353884430008408302e+00
4.199999999999999845e-01 -5.077055647510009262e-01 -7.042243920294906978e+00
4.299999999999999933e-01 -4.389018655114862999e-01 -6.658192156843633747e+00
4.399999999999999467e-01 -3.745417216141282424e-01 -6.242214224777704601e+00
4.499999999999999556e-01 -3.140575810159321746e-01 -5.969109351748014269e+00
4.599999999999999645e-01 -2.551595345791679570e-01 -5.864246636522440603e+00
4.699999999999999734e-01 -1.967726482854833814e-01 -5.706360636432979305e+00
4.799999999999999822e-01 -1.410323218505084020e-01 -5.341062672386509114e+00
4.899999999999999911e-01 -8.995139483775323186e-02 -4.872759286763584718e+00
5.000000000000000000e-01 -4.357713611523669761e-02 -4.447445990162581353e+00
5.100000000000000089e-01 -1.002475034501612355e-03 -4.013414423034766365e+00
5.200000000000000178e-01 3.669115234545861776e-02 -3.458594467925557581e+00
5.299999999999999156e-01 6.816941432400953904e-02 -2.804841763706333868e+00
5.400000000000000355e-01 9.278798761958530206e-02 -2.163752628824517021e+00
5.499999999999999334e-01 1.114444669004998750e-01 -1.615629137392508907e+00
5.599999999999999423e-01 1.251005703674354652e-01 -1.116446739508906605e+00
5.699999999999999512e-01 1.337734016906780010e-01 -6.708006218667738052e-01
5.799999999999999600e-01 1.385165828047709435e-01 -3.230617504743186208e-01
5.899999999999999689e-01 1.402346367001643668e-01 -7.989930636457800994e-02
5.999999999999999778e-01 1.401145689320625054e-01 6.022324532792180940e-02
6.099999999999999867e-01 1.390301717936059389e-01 1.053863116330021332e-01
6.199999999999998845e-01 1.380068426994024711e-01 6.056305088634436617e-02
6.300000000000000044e-01 1.378189107758790444e-01 -3.473790909788568998e-02
6.400000000000000133e-01 1.387016008813601875e-01 -1.430599267506390826e-01
6.499999999999999112e-01 1.406801093108918377e-01 -2.230112372609864002e-01
6.600000000000000311e-01 1.431618256265799194e-01 -2.477326118739668348e-01
6.700000000000000400e-01 1.456347615483711833e-01 -2.330605853908113145e-01
6.799999999999999378e-01 1.478230373343961401e-01 -1.930886843318854462e-01
6.899999999999999467e-01 1.494965352350088872e-01 -1.061975138079931102e-01
7.000000000000000666e-01 1.499469876105559984e-01 7.333994015523694066e-02
7.099999999999999645e-01 1.480297364319041464e-01 3.452000136878247694e-01
7.199999999999999734e-01 1.430429873367995153e-01 6.367418472389158035e-01
7.299999999999998712e-01 1.352948994871258359e-01 8.609486732002038512e-01
7.399999999999999911e-01 1.258240138727954316e-01 9.404912136111882592e-01
7.500000000000000000e-01 1.164850752149020618e-01 8.821594254011543290e-01
7.599999999999998979e-01 1.081808253647723456e-01 7.510825526139149888e-01
7.699999999999999067e-01 1.014634241626237582e-01 5.949634551217977130e-01
7.800000000000000266e-01 9.628155626233639297e-02 4.247951142585122963e-01
7.899999999999999245e-01 9.296752187745352392e-02 2.700608682537737892e-01
7.999999999999999334e-01 9.088033889726090941e-02 1.561553213985330535e-01
8.100000000000000533e-01 8.984441544948286451e-02 5.228132315103705546e-02
8.199999999999999512e-01 8.983471243424016872e-02 -6.584161123523377124e-02
8.299999999999999600e-01 9.116124767418753994e-02 -1.630290835481002787e-01
8.399999999999999689e-01 9.309529410520217541e-02 -2.056747894268097787e-01
8.499999999999999778e-01 9.527474346272372940e-02 -2.044943589968913622e-01
8.599999999999999867e-01 9.718518128514000431e-02 -1.805598569278742682e-01
8.699999999999999956e-01 9.888594060128121088e-02 -1.256959550886051213e-01
8.799999999999998934e-01 9.969910038691211229e-02 -4.428612583085531768e-02
8.900000000000000133e-01 9.977166311789832653e-02 2.943321061692283358e-02
8.999999999999999112e-01 9.911043617457365729e-02 6.917941562806058375e-02
9.099999999999999201e-01 9.838807480533710847e-02 6.138094767568681720e-02
9.199999999999999289e-01 9.788281722105991733e-02 2.752154170737784039e-02
9.299999999999999378e-01 9.783764397118954736e-02 -2.960535624500959442e-03
9.399999999999999467e-01 9.794202793354993275e-02 -1.408864649772908345e-02
9.499999999999999556e-01 9.811941690114413250e-02 -7.949713728224849091e-03
9.599999999999999645e-01 9.810102220811443841e-02 1.846108537412650963e-02
9.699999999999999734e-01 9.775019519366159870e-02 5.789046232732439345e-02
9.799999999999999822e-01 9.694321296156795109e-02 9.409626338335567997e-02
9.899999999999998801e-01 9.586826992599449537e-02 1.246573537229873768e-01
1.000000000000000000e+00 9.445006588710819218e-02 1.650432534875444501e-01
1.010000000000000009e+00 9.256740485624360970e-02 2.144369074455902413e-01
1.020000000000000018e+00 9.016132773819639235e-02 2.590686871976061179e-01
1.029999999999999805e+00 8.738603111229148457e-02 2.903617797467576422e-01
1.040000000000000036e+00 8.435409214326124172e-02 3.159320440637858884e-01
1.050000000000000044e+00 8.106739023101576513e-02 3.408825191927885578e-01
1.059999999999999831e+00 7.753644175940546668e-02 3.672093321170202262e-01
1.069999999999999840e+00 7.372320358867535950e-02 3.983096576132122424e-01
1.080000000000000071e+00 6.957024860714122738e-02 4.378511557027141565e-01
1.089999999999999858e+00 6.496618047462107692e-02 4.853262893254025601e-01
1.099999999999999867e+00 5.986372282063317368e-02 5.330082810116235636e-01
1.109999999999999876e+00 5.430601485438860815e-02 5.719195632966828091e-01
1.119999999999999885e+00 4.842533155469951750e-02 5.983065809497045695e-01
1.129999999999999893e+00 4.233988323539451815e-02 6.149710440365369069e-01
1.139999999999999902e+00 3.612591067396878769e-02 6.243713579613650033e-01
1.149999999999999911e+00 2.985245607616721780e-02 6.270181816409786668e-01
1.159999999999999920e+00 2.358554704114921435e-02 1.145081508294326644e+00
1.169999999999999929e+00 6.950825910280684049e-03 1.140706669629499181e+00
1.179999999999999938e+00 7.714136485592325591e-04 3.443613422292637338e-01
1.189999999999999947e+00 6.359906569540977716e-05 3.857068242796163338e-02
1.199999999999999956e+00 0.000000000000000000e+00 6.359906569540978855e-03
