0.000000000000000000e+00 7.562688457346723681e+02 2.873174355881712472e+03
1.000000000000000021e-02 7.275371021758552388e+02 2.873174355881712472e+03
2.000000000000000042e-02 6.988053586170381095e+02 2.873174355881707925e+03
2.999999999999999889e-02 6.700736150582210939e+02 2.873174355881707925e+03
4.000000000000000083e-02 6.413418714994039647e+02 2.873174355881712472e+03
4.999999999999999584e-02 6.126101279405868354e+02 2.873174355881717474e+03
5.999999999999999778e-02 5.838783843817695924e+02 2.873174355881712472e+03
6.999999999999999278e-02 5.551466408229525769e+02 2.873174355881712472e+03
8.000000000000000167e-02 5.264148972641354476e+02 2.873174355881712472e+03
8.999999999999999667e-02 4.976831537053183752e+02 2.873174355881712472e+03
9.999999999999999167e-02 4.689514101465011322e+02 2.873174355881717474e+03
1.099999999999999867e-01 4.402196665876840598e+02 2.873174355881712472e+03
1.199999999999999956e-01 4.114879230288669305e+02 2.873174355881712472e+03
1.300000000000000044e-01 3.827561794700498012e+02 2.873174355881709744e+03
1.399999999999999856e-01 3.540244359112327288e+02 2.873174355881709744e+03
1.499999999999999944e-01 3.252926923524155995e+02 2.873174355881712472e+03
1.600000000000000033e-01 2.965609487935984703e+02 2.873174355881712472e+03
1.699999999999999845e-01 2.678292052347813410e+02 2.873174355881712472e+03
1.799999999999999933e-01 2.390974616759642117e+02 2.873174355881712472e+03
1.899999999999999745e-01 2.103657181171471109e+02 2.873174355881711108e+03
1.999999999999999833e-01 1.816339745583300100e+02 2.873174355881711108e+03
2.099999999999999922e-01 1.529022309995128808e+02 2.873174355881712472e+03
2.199999999999999734e-01 1.241704874406957515e+02 2.873174355881712472e+03
2.299999999999999822e-01 9.543874388187863644e+01 2.873174355881717020e+03
2.399999999999999911e-01 6.670700032306142191e+01 2.873174355881716110e+03
2.500000000000000000e-01 3.797525676424430685e+01 2.873174355881712017e+03
2.600000000000000089e-01 9.243513205427188240e+00 1.718024249125265897e+03
2.700000000000000178e-01 3.614771781738990164e+00 4.214907805397014613e+02
2.799999999999999711e-01 8.136975946331607146e-01 2.183380802333290660e+02
2.899999999999999800e-01 -7.519898229275903123e-01 1.187962162895689175e+02
2.999999999999999889e-01 -1.562226731158217419e+00 5.337762804710822451e+01
3.099999999999999423e-01 -1.819542383869754643e+00 5.341888070773535446e+00
3.200000000000000067e-01 -1.669064492573688163e+00 -2.667797823978225580e+01
3.300000000000000155e-01 -1.285982819074109607e+00 -3.627354615808143734e+01
3.399999999999999689e-01 -9.435935694120592965e-01 -2.211339889536697001e+01
3.500000000000000333e-01 -8.437148411667703130e-01 -1.117823913955328763e+00
3.599999999999999867e-01 -9.212370911329528234e-01 6.495968927375073143e+00
3.699999999999999956e-01 -9.736342197142717758e-01 2.625550185070540277e+00
3.799999999999999489e-01 -9.737480948343635312e-01 7.662142055711690380e-01
3.900000000000000133e-01 -9.889585038256950567e-01 3.896864093359267756e+00
3.999999999999999667e-01 -1.051685376701548824e+00 7.568795908228366898e+00
4.099999999999999756e-01 -1.140334421990262470e+00 9.361342652893849703e+00
4.199999999999999845e-01 -1.238912229759425943e+00 9.631653966336983785e+00
4.299999999999999933e-01 -1.332967501317002146e+00 8.583471217117379481e+00
4.399999999999999467e-01 -1.410581654101773497e+00 5.732490957934112785e+00
4.499999999999999556e-01 -1.447617320475684366e+00 6.723416493332751154e-01
4.599999999999999645e-01 -1.424028487088438988e+00 -5.660039593948794412e+00
4.699999999999999734e-01 -1.334416528596708451e+00 -1.130556418753446835e+01
4.799999999999999822e-01 -1.197917203337749648e+00 -1.469058389961689137e+01
4.899999999999999911e-01 -1.040604850604370579e+00 -1.565675836133466348e+01
5.000000000000000000e-01 -8.847820361110563248e-01 -1.492741078606553451e+01
5.100000000000000089e-01 -7.420566348830600623e-01 -1.331809843396908377e+01
5.200000000000000178e-01 -6.184200674316746582e-01 -1.144272614129229382e+01
5.299999999999999156e-01 -5.132021120572141104e-01 -9.736370426716456805e+00
5.400000000000000355e-01 -4.236926588973455310e-01 -8.462458112304735991e+00
5.499999999999999334e-01 -3.439529498111194572e-01 -7.420595445945685320e+00
5.599999999999999423e-01 -2.752807499784318268e-01 -6.245628233183477818e+00
5.699999999999999512e-01 -2.190403851474498897e-01 -4.873893585940413331e+00
5.799999999999999600e-01 -1.778028782596235979e-01 -3.501212205647478815e+00
5.899999999999999689e-01 -1.490161410345003101e-01 -2.467544867338605563e+00
5.999999999999999778e-01 -1.284519809128514822e-01 -2.116829018206521695e+00
6.099999999999999867e-01 -1.066795606703698912e-01 -2.457353029485649820e+00
6.199999999999998845e-01 -7.930492032313848916e-02 -3.215264670481264631e+00
6.300000000000000044e-01 -4.237426726074460664e-02 -3.987360391889475331e+00
6.400000000000000133e-01 4.422875146510065738e-04 -4.272631210584596495e+00
6.499999999999999112e-01 4.307835695094730522e-02 -3.763630469339390938e+00
6.600000000000000311e-01 7.571489690143883011e-02 -2.559622810934411241e+00
6.700000000000000400e-01 9.427081316963552282e-02 -1.064130378796224408e+00
6.799999999999999378e-01 9.699750447736331382e-02 2.657598967085498809e-01
6.899999999999999467e-01 8.895561523546452465e-02 1.104834999238759163e+00
7.000000000000000666e-01 7.490080449258812445e-02 1.409595579222910233e+00
7.099999999999999645e-01 6.076370365100632054e-02 1.271276766814283921e+00
7.199999999999999734e-01 4.947526915630245242e-02 8.731351956321409258e-01
7.299999999999998712e-01 4.330099973836350202e-02 4.659702780184039606e-01
7.399999999999999911e-01 4.015586359593437821e-02 1.577626743342511462e-01
7.500000000000000000e-01 4.014574625167847965e-02 -4.909377059035400365e-02
7.599999999999998979e-01 4.113773900774145981e-02 -4.374631080843097847e-02
7.699999999999999067e-01 4.102067246784710242e-02 2.141933323859364358e-01
7.800000000000000266e-01 3.685387236002272970e-02 5.653255160560509696e-01
7.899999999999999245e-01 2.971416214672608150e-02 8.131993914803861134e-01
7.999999999999999334e-01 2.058988453041500633e-02 9.489431644818785427e-01
8.100000000000000533e-01 1.073529885708851203e-02 1.062138306345185468e+00
8.199999999999999512e-01 -6.528815964887033866e-04 1.163864831229997288e+00
8.299999999999999600e-01 -1.254199776751143552e-02 1.169845827524157444e+00
8.399999999999999689e-01 -2.404979814697184859e-02 1.057354196934770396e+00
8.499999999999999778e-01 -3.368908170620683873e-02 9.045351476876511976e-01
8.599999999999999867e-01 -4.214050110072486977e-02 8.008642033178602349e-01
8.699999999999999956e-01 -4.970636577256404287e-02 7.821501340760131926e-01
8.799999999999998934e-01 -5.778350378224513667e-02 8.663060199004447570e-01
8.900000000000000133e-01 -6.703248617057293302e-02 1.017096922610317700e+00
8.999999999999999112e-01 -7.812544223445148928e-02 1.120550104633609045e+00
9.099999999999999201e-01 -8.944348826324512169e-02 1.036877199257475235e+00
9.199999999999999289e-01 -9.886298621960099009e-02 7.144137008426424407e-01
9.299999999999999378e-01 -1.037317622800979638e-01 2.206055336478870144e-01
9.399999999999999467e-01 -1.032750968925587320e-01 -2.845527036295519840e-01
9.499999999999999556e-01 -9.804070820750691861e-02 -6.499747670198627869e-01
9.599999999999999645e-01 -9.027560155216148019e-02 -8.005775477889889302e-01
9.699999999999999734e-01 -8.202915725172714445e-02 -7.792752317564443088e-01
9.799999999999999822e-01 -7.469009691703260012e-02 -6.882082799930647754e-01
9.899999999999998801e-01 -6.826499165186585005e-02 -6.226129673398124176e-01
1.000000000000000000e+00 -6.223783757023634844e-02 -6.022083770593978924e-01
1.010000000000000009e+00 -5.622082411067789304e-02 -6.130070114703671802e-01
1.020000000000000018e+00 -4.997769734082900539e-02 -6.412839978237815375e-01
1.029999999999999805e+00 -4.339514415420226562e-02 -6.803791118751251199e-01
1.040000000000000036e+00 -3.637011510332650854e-02 -6.963098777682782403e-01
1.050000000000000044e+00 -2.946894659883670178e-02 -6.709622996848819687e-01
1.059999999999999831e+00 -2.295086910962886723e-02 -5.787164538265551217e-01
1.069999999999999840e+00 -1.789461752230559963e-02 -4.172243723622784395e-01
1.080000000000000071e+00 -1.460638166238329913e-02 -2.326456964140311279e-01
1.089999999999999858e+00 -1.324170359402497901e-02 -7.518515169926930086e-02
1.099999999999999867e+00 -1.310267862839791485e-02 3.109660775971218385e-02
1.109999999999999876e+00 -1.386363574921922227e-02 8.300625042076990867e-02
1.119999999999999885e+00 -1.476280363681331184e-02 1.034120943528667041e-01
1.129999999999999893e+00 -1.593187763627655629e-02 1.249769821460115643e-01
1.139999999999999902e+00 -1.726234327973354479e-02 1.307512893700907564e-01
1.149999999999999911e+00 -1.854690342367837017e-02 6.748691285772112636e-02
1.159999999999999920e+00 -1.861208153688796718e-02 -7.011305177609095107e-01
1.169999999999999929e+00 -4.524293068460179777e-03 -9.014888062550923120e-01
1.179999999999999938e+00 -5.823054117861189592e-04 -2.238409876088456318e-01
1.189999999999999947e+00 -4.747331628326750472e-05 -2.911527058930594644e-02
1.199999999999999956e+00 0.000000000000000000e+00 -4.747331628326750472e-03
