0.000000000000000000e+00 1.725376266757963549e+03 6.600420986659767550e+03
1.000000000000000021e-02 1.659372056891365901e+03 6.600420986659767550e+03
2.000000000000000042e-02 1.593367847024768025e+03 6.600420986659777554e+03
2.999999999999999889e-02 1.527363637158170377e+03 6.600420986659777554e+03
4.000000000000000083e-02 1.461359427291572501e+03 6.600420986659767550e+03
4.999999999999999584e-02 1.395355217424974853e+03 6.600420986659777554e+03
5.999999999999999778e-02 1.329351007558376978e+03 6.600420986659767550e+03
6.999999999999999278e-02 1.263346797691779557e+03 6.600420986659777554e+03
8.000000000000000167e-02 1.197342587825181454e+03 6.600420986659777554e+03
8.999999999999999667e-02 1.131338377958584033e+03 6.600420986659767550e+03
9.999999999999999167e-02 1.065334168091986157e+03 6.600420986659777554e+03
1.099999999999999867e-01 9.993299582253885092e+02 6.600420986659767550e+03
1.199999999999999956e-01 9.333257483587908609e+02 6.600420986659767550e+03
1.300000000000000044e-01 8.673215384921930990e+02 6.600420986659777554e+03
1.399999999999999856e-01 8.013173286255952235e+02 6.600420986659777554e+03
1.499999999999999944e-01 7.353131187589975752e+02 6.600420986659767550e+03
1.600000000000000033e-01 6.693089088923999270e+02 6.600420986659773007e+03
1.699999999999999845e-01 6.033046990258021651e+02 6.600420986659773007e+03
1.799999999999999933e-01 5.373004891592045169e+02 6.600420986659767550e+03
1.899999999999999745e-01 4.712962792926068119e+02 6.600420986659773007e+03
1.999999999999999833e-01 4.052920694260090499e+02 6.600420986659773007e+03
2.099999999999999922e-01 3.392878595594113449e+02 6.600420986659770278e+03
2.199999999999999734e-01 2.732836496928136398e+02 6.600420986659773007e+03
2.299999999999999822e-01 2.072794398262159064e+02 6.600420986659782102e+03
2.399999999999999911e-01 1.412752299596180023e+02 6.600420986659782102e+03
2.500000000000000000e-01 7.527102009302028307e+01 6.600420986659772097e+03
2.600000000000000089e-01 9.266810226422574459e+00 3.582870987586125011e+03
2.700000000000000178e-01 3.613600341297791729e+00 4.185065468476299202e+02
2.799999999999999711e-01 8.966792894699784355e-01 2.106272620805017368e+02
2.899999999999999800e-01 -5.989449003122429005e-01 1.124147311843391464e+02
2.999999999999999889e-01 -1.351615334216804465e+00 4.810462119325301700e+01
3.099999999999999423e-01 -1.561037324177303010e+00 9.480955494709517595e-01
3.200000000000000067e-01 -1.370577245206223482e+00 -3.045893087185778825e+01
3.300000000000000155e-01 -9.518587067401473867e-01 -4.062092419589260572e+01
3.399999999999999689e-01 -5.581587612883714966e-01 -2.758710490326745912e+01
3.500000000000000333e-01 -4.001166086747981465e-01 -5.368868710790507315e+00
3.599999999999999867e-01 -4.507813870725613792e-01 6.969778509457050575e+00
3.699999999999999956e-01 -5.395121788639392069e-01 8.305247325526204705e+00
3.799999999999999489e-01 -6.168863335830854222e-01 9.404964230871939890e+00
3.900000000000000133e-01 -7.276114634813779514e-01 1.306119401240106193e+01
3.999999999999999667e-01 -8.781102138311066563e-01 1.541190676497852330e+01
4.099999999999999756e-01 -1.035849598780948400e+00 1.480208563181935943e+01
4.199999999999999845e-01 -1.174151926467493778e+00 1.268086170281616099e+01
4.299999999999999933e-01 -1.289466832837271593e+00 1.054480404026024587e+01
4.399999999999999467e-01 -1.385048007272698722e+00 8.497939340556747823e+00
4.499999999999999556e-01 -1.459425619648406558e+00 5.759196350598130287e+00
4.599999999999999645e-01 -1.500231934284661284e+00 2.010657119382088354e+00
4.699999999999999734e-01 -1.499638762036048290e+00 -2.184916626767504866e+00
4.799999999999999822e-01 -1.456533601749311124e+00 -5.960556567226118041e+00
4.899999999999999911e-01 -1.380427630691525964e+00 -8.681866433840779607e+00
5.000000000000000000e-01 -1.282896273072495541e+00 -1.046685423816908411e+01
5.100000000000000089e-01 -1.171090545928144211e+00 -1.198072381447307500e+01
5.200000000000000178e-01 -1.043281796783034121e+00 -1.377209665598349630e+01
5.299999999999999156e-01 -8.956486128084742981e-01 -1.565027088107967579e+01
5.400000000000000355e-01 -7.302763791614406141e-01 -1.687293073363795415e+01
5.499999999999999334e-01 -5.581899981357152374e-01 -1.671709572776442698e+01
5.599999999999999423e-01 -3.959344646061521700e-01 -1.501874549731242148e+01
5.699999999999999512e-01 -2.578150881894668567e-01 -1.230748036130887790e+01
5.799999999999999600e-01 -1.497848573799746008e-01 -9.781696815117477684e+00
5.899999999999999689e-01 -6.218115188711732799e-02 -8.406110152593598173e+00
5.999999999999999778e-01 1.833734567189734127e-02 -8.298651489665337166e+00
6.099999999999999867e-01 1.037918779061893920e-01 -8.851053782522136260e+00
6.199999999999998845e-01 1.953584213223400201e-01 -9.383222495590876733e+00
6.300000000000000044e-01 2.914563278180068995e-01 -9.377879761011174153e+00
6.400000000000000133e-01 3.829160165425635198e-01 -8.503464840243527334e+00
6.499999999999999112e-01 4.615256246228774395e-01 -6.801401901399532157e+00
6.600000000000000311e-01 5.189440545705541474e-01 -4.620056008613721232e+00
6.700000000000000400e-01 5.539267447951519152e-01 -2.342010729033801475e+00
6.799999999999999378e-01 5.657842691512301458e-01 -2.203153642042023352e-01
6.899999999999999467e-01 5.583330520792358920e-01 1.524049471415087398e+00
7.000000000000000666e-01 5.353032797229283490e-01 2.731975157938507426e+00
7.099999999999999645e-01 5.036935489204658056e-01 3.354413429845396699e+00
7.199999999999999734e-01 4.682150111260204861e-01 3.576161122772492540e+00
7.299999999999998712e-01 4.321703264650159637e-01 3.672377055434177251e+00
7.399999999999999911e-01 3.947674700173369189e-01 3.980455753031011401e+00
7.500000000000000000e-01 3.525612114043957246e-01 4.731813299242201509e+00
7.599999999999998979e-01 3.001312040324929376e-01 5.844801446220828645e+00
7.699999999999999067e-01 2.356651824799791684e-01 6.956339334417733333e+00
7.800000000000000266e-01 1.610044173441382565e-01 7.739252938925618608e+00
7.899999999999999245e-01 8.088012370146677177e-02 8.000199648696648680e+00
7.999999999999999334e-01 1.000424370205284588e-03 7.702383879975949199e+00
8.100000000000000533e-01 -7.316755389805219834e-02 7.022833230642037350e+00
8.199999999999999512e-01 -1.394562402426354486e-01 6.118547783945210483e+00
8.299999999999999600e-01 -1.955385095769563986e-01 4.922982999269233773e+00
8.399999999999999689e-01 -2.379159002280201163e-01 3.320668003509922528e+00
8.499999999999999778e-01 -2.619518696471548336e-01 1.457884587622242600e+00
8.599999999999999867e-01 -2.670735919804649861e-01 -2.744355309262744846e-01
8.699999999999999956e-01 -2.564631590286293727e-01 -1.465874752176843598e+00
8.799999999999998934e-01 -2.377560969369280908e-01 -1.920802754023812176e+00
8.900000000000000133e-01 -2.180471039481531315e-01 -1.691579640487857583e+00
8.999999999999999112e-01 -2.039245041271709469e-01 -1.130448847312689242e+00
9.099999999999999201e-01 -1.954381270018993311e-01 -7.249759172877874303e-01
9.199999999999999289e-01 -1.894249857814152005e-01 -7.480350044662303910e-01
9.299999999999999378e-01 -1.804774269125747344e-01 -1.181522996726075858e+00
9.399999999999999467e-01 -1.657945258468936922e-01 -1.808283283133557573e+00
9.499999999999999556e-01 -1.443117612499035807e-01 -2.390546927032601854e+00
9.599999999999999645e-01 -1.179835873062416579e-01 -2.796499737115988093e+00
9.699999999999999734e-01 -8.838176650758380881e-02 -3.043387825730419660e+00
9.799999999999999822e-01 -5.711583079163326526e-02 -3.148332900850610017e+00
9.899999999999998801e-01 -2.541510849057162028e-02 -3.032620787054073563e+00
1.000000000000000000e+00 3.536584949448197315e-03 -2.611406476248113062e+00
1.010000000000000009e+00 2.681302103439064249e-02 -1.968018732422671002e+00
1.020000000000000018e+00 4.289695959790161550e-02 -1.269227414401170817e+00
1.029999999999999805e+00 5.219756932241405301e-02 -6.218587569570015461e-01
1.040000000000000036e+00 5.533413473704164309e-02 -1.213967747968410990e-02
1.050000000000000044e+00 5.244036287200774110e-02 5.396605889902710285e-01
1.059999999999999831e+00 4.454092295723622447e-02 9.440941859252586221e-01
1.069999999999999840e+00 3.355847915350256699e-02 1.150852872057926524e+00
1.080000000000000071e+00 2.152386551607769413e-02 1.184532689879732370e+00
1.089999999999999858e+00 9.867825355907923132e-03 1.097438507912467776e+00
1.099999999999999867e+00 -4.249046421716583342e-04 9.415183013524579536e-01
1.109999999999999876e+00 -8.962540671141232609e-03 7.338705378582172090e-01
1.119999999999999885e+00 -1.510231539933599987e-02 4.917824565998220043e-01
1.129999999999999893e+00 -1.879818980313767429e-02 2.755089352073031850e-01
1.139999999999999902e+00 -2.061249410348206176e-02 1.067275869856309789e-01
1.149999999999999911e+00 -2.093274154285029373e-02 -4.723727228780881526e-02
1.159999999999999920e+00 -1.966774865772588643e-02 -7.829573201331314625e-01
1.169999999999999929e+00 -5.273595140187664274e-03 -9.495823107055411105e-01
1.179999999999999938e+00 -6.761024436150637768e-04 -2.607208769107589030e-01
1.189999999999999947e+00 -5.917760197248618742e-05 -3.380512218075319014e-02
1.199999999999999956e+00 0.000000000000000000e+00 -5.917760197248619555e-03
