0.000000000000000000e+00 7.635404740761852338e+01 2.293409836257081622e+02
1.000000000000000021e-02 7.406063757136143977e+01 2.293409836257075654e+02
2.000000000000000042e-02 7.176722773510437037e+01 2.293409836257075654e+02
2.999999999999999889e-02 6.947381789884728676e+01 2.293409836257081622e+02
4.000000000000000083e-02 6.718040806259020314e+01 2.293409836257075654e+02
4.999999999999999584e-02 6.488699822633313374e+01 2.293409836257075654e+02
5.999999999999999778e-02 6.259358839007605724e+01 2.293409836257081622e+02
6.999999999999999278e-02 6.030017855381897363e+01 2.293409836257075654e+02
8.000000000000000167e-02 5.800676871756190423e+01 2.293409836257075654e+02
8.999999999999999667e-02 5.571335888130482772e+01 2.293409836257075654e+02
9.999999999999999167e-02 5.341994904504775832e+01 2.293409836257078780e+02
1.099999999999999867e-01 5.112653920879066760e+01 2.293409836257081622e+02
1.199999999999999956e-01 4.883312937253359109e+01 2.293409836257075654e+02
1.300000000000000044e-01 4.653971953627651459e+01 2.293409836257078780e+02
1.399999999999999856e-01 4.424630970001943808e+01 2.293409836257078780e+02
1.499999999999999944e-01 4.195289986376236158e+01 2.293409836257075654e+02
1.600000000000000033e-01 3.965949002750528507e+01 2.293409836257078780e+02
1.699999999999999845e-01 3.736608019124820146e+01 2.293409836257078780e+02
1.799999999999999933e-01 3.507267035499112495e+01 2.293409836257078780e+02
1.899999999999999745e-01 3.277926051873404845e+01 2.293409836257078780e+02
1.999999999999999833e-01 3.048585068247696839e+01 2.293409836257075654e+02
2.099999999999999922e-01 2.819244084621989543e+01 2.293409836257075654e+02
2.199999999999999734e-01 2.589903100996281893e+01 2.293409836257078780e+02
2.299999999999999822e-01 2.360562117370573887e+01 2.293409836257081622e+02
2.399999999999999911e-01 2.131221133744865526e+01 2.293409836257081622e+02
2.500000000000000000e-01 1.901880150119157520e+01 2.293409836257078780e+02
2.600000000000000089e-01 1.672539166493449869e+01 2.293409836257075654e+02
2.700000000000000178e-01 1.443198182867742219e+01 2.293409836257077359e+02
2.799999999999999711e-01 1.213857199242034390e+01 2.293409836257078780e+02
2.899999999999999800e-01 9.845162156163265621e+00 2.293409836257078211e+02
2.999999999999999889e-01 7.551752319906189115e+00 2.293409836257073380e+02
3.099999999999999423e-01 5.258342483649118826e+00 1.893303751116502553e+02
3.200000000000000067e-01 3.765144817673184541e+00 1.312529716249282785e+02
3.300000000000000155e-01 2.633283051150554055e+00 1.015085730546934144e+02
3.399999999999999689e-01 1.734973356579316617e+00 8.143948551406090530e+01
3.500000000000000333e-01 1.004493340869336171e+00 6.643626856177225193e+01
3.599999999999999867e-01 4.062479853438714095e-01 5.430512091403008412e+01
3.699999999999999956e-01 -8.160907741126519066e-02 4.402757373053841405e+01
3.799999999999999489e-01 -4.743034892668968050e-01 3.542311779115765091e+01
3.900000000000000133e-01 -7.900714332344181967e-01 2.854778273620009799e+01
3.999999999999999667e-01 -1.045259143990898698e+00 2.306286473214832711e+01
4.099999999999999756e-01 -1.251328727877384583e+00 1.828464940767971569e+01
4.199999999999999845e-01 -1.410952132144493110e+00 1.390941666070299298e+01
4.299999999999999933e-01 -1.529517061091444363e+00 1.002924362898456501e+01
4.399999999999999467e-01 -1.611537004724184374e+00 6.713934387937126935e+00
4.499999999999999556e-01 -1.663795748850186884e+00 3.928541664069095773e+00
4.599999999999999645e-01 -1.690107838005566299e+00 1.580644408714861893e+00
4.699999999999999734e-01 -1.695408637024484078e+00 -4.623502105541451579e-01
4.799999999999999822e-01 -1.680860833794483256e+00 -2.390068070493531760e+00
4.899999999999999911e-01 -1.647607275614613620e+00 -4.329014329134902361e+00
5.000000000000000000e-01 -1.594280547211785359e+00 -6.128898116825519438e+00
5.100000000000000089e-01 -1.525029313278103205e+00 -7.354362706895870794e+00
5.200000000000000178e-01 -1.447193293073867792e+00 -7.641832953073729229e+00
5.299999999999999156e-01 -1.372192654216628505e+00 -7.130081816978671050e+00
5.400000000000000355e-01 -1.304591656734294558e+00 -6.378952372501098367e+00
5.499999999999999334e-01 -1.244613606766606706e+00 -5.909059817877571064e+00
5.599999999999999423e-01 -1.186410460376743137e+00 -5.874089594550011562e+00
5.699999999999999512e-01 -1.127131814875606430e+00 -6.120758210352383877e+00
5.799999999999999600e-01 -1.063995296169695459e+00 -6.482408080834265007e+00
5.899999999999999689e-01 -9.974836532589211879e-01 -6.707727037327471997e+00
5.999999999999999778e-01 -9.298407554231459260e-01 -6.575804951051445357e+00
6.099999999999999867e-01 -8.659675542378922897e-01 -6.076690788082951045e+00
6.199999999999998845e-01 -8.083069396614869229e-01 -5.364528195669845623e+00
6.300000000000000044e-01 -7.586769903244953150e-01 -4.560309373072548134e+00
6.400000000000000133e-01 -7.171007522000359957e-01 -3.794632299173057000e+00
6.499999999999999112e-01 -6.827843443410341884e-01 -3.238048638697264003e+00
6.600000000000000311e-01 -6.523397794260907823e-01 -2.998434328696704121e+00
6.700000000000000400e-01 -6.228156577671001282e-01 -2.998040133977478039e+00
6.799999999999999378e-01 -5.923789767465411638e-01 -3.015327505569519229e+00
6.899999999999999467e-01 -5.625091076557097169e-01 -2.871606301135828154e+00
7.000000000000000666e-01 -5.349468507238246406e-01 -2.608935273165340796e+00
7.099999999999999645e-01 -5.103304021924029987e-01 -2.338880993743265524e+00
7.199999999999999734e-01 -4.881692308489593013e-01 -2.095062264182659284e+00
7.299999999999998712e-01 -4.684291569087497553e-01 -1.875440491943892951e+00
7.399999999999999911e-01 -4.506604210100814689e-01 -1.732010894219703223e+00
7.500000000000000000e-01 -4.337889390243557242e-01 -1.676399578247696365e+00
7.599999999999998979e-01 -4.171324294451275172e-01 -1.611810318608122961e+00
7.699999999999999067e-01 -4.015527326521932672e-01 -1.469651312470484417e+00
7.800000000000000266e-01 -3.877394031957178133e-01 -1.284735188443807408e+00
7.899999999999999245e-01 -3.758580288833170968e-01 -1.100656877040018022e+00
7.999999999999999334e-01 -3.657262656549175039e-01 -9.299740001103397047e-01
8.100000000000000533e-01 -3.572585488811103049e-01 -7.995316191357348945e-01
8.199999999999999512e-01 -3.497356332722028061e-01 -7.627661695232854644e-01
8.299999999999999600e-01 -3.420032254906446023e-01 -8.199900685747788520e-01
8.399999999999999689e-01 -3.333358319007072024e-01 -9.147189606636371151e-01
8.499999999999999778e-01 -3.237088462773718422e-01 -9.846937580617464159e-01
8.599999999999999867e-01 -3.136419567394722607e-01 -9.930544697591533465e-01
8.699999999999999956e-01 -3.038477568821887909e-01 -9.544064475447994189e-01
8.799999999999998934e-01 -2.945538277885763057e-01 -9.158233819327543657e-01
8.900000000000000133e-01 -2.855312892435337147e-01 -9.087204517616181976e-01
8.999999999999999112e-01 -2.763794187533439306e-01 -9.245940165574525471e-01
9.099999999999999201e-01 -2.670394089123846459e-01 -9.571600758072322801e-01
9.199999999999999289e-01 -2.572362172371993050e-01 -1.005847328918755057e+00
9.299999999999999378e-01 -2.469224623340095515e-01 -1.053140139255549279e+00
9.399999999999999467e-01 -2.361734144520883094e-01 -1.091341940205736938e+00
9.499999999999999556e-01 -2.250956235298948171e-01 -1.121664067258683950e+00
9.599999999999999645e-01 -2.137401331069146149e-01 -1.131845957813597314e+00
9.699999999999999734e-01 -2.024587043736228720e-01 -1.116573706449299319e+00
9.799999999999999822e-01 -1.914086589779286363e-01 -1.095425927644968489e+00
9.899999999999998801e-01 -1.805501858207235188e-01 -1.091723414740749520e+00
1.000000000000000000e+00 -1.695741906831136347e-01 -1.102608498562282158e+00
1.010000000000000009e+00 -1.584980158494778690e-01 -1.114242414370331780e+00
1.020000000000000018e+00 -1.472893423957070125e-01 -1.122770481184780289e+00
1.029999999999999805e+00 -1.360426062257822644e-01 -1.123397273461078871e+00
1.040000000000000036e+00 -1.248213969264854312e-01 -1.108887841842813859e+00
1.050000000000000044e+00 -1.138648493889259927e-01 -1.078860422776539041e+00
1.059999999999999831e+00 -1.032441884709546509e-01 -1.040434605602485796e+00
1.069999999999999840e+00 -9.305615727687627237e-02 -9.966304078497082442e-01
1.080000000000000071e+00 -8.331158031396049268e-02 -9.508286173448419198e-01
1.089999999999999858e+00 -7.403958492997944618e-02 -9.031552873294227402e-01
1.099999999999999867e+00 -6.524847456737203899e-02 -8.541124957644897764e-01
1.109999999999999876e+00 -5.695733501468964316e-02 -8.054794048062161593e-01
1.119999999999999885e+00 -4.913888647124771414e-02 -7.598965539211950393e-01
1.129999999999999893e+00 -4.175940393626574598e-02 -7.179133584940335933e-01
1.139999999999999902e+00 -3.478061930136704810e-02 -6.791589442503671581e-01
1.149999999999999911e+00 -2.817622505125840643e-02 -6.437267068634895395e-01
1.159999999999999920e+00 -2.190608516409725537e-02 -1.113201799737292275e+00
1.169999999999999929e+00 -5.912189056512562844e-03 -1.070840480016742813e+00
1.179999999999999938e+00 -4.892755637624001059e-04 -2.939274946235214681e-01
1.189999999999999947e+00 -3.363916404213325136e-05 -2.446377818812000768e-02
1.199999999999999956e+00 0.000000000000000000e+00 -3.363916404213325353e-03
