0.000000000000000000e+00 7.466364274866077722e+01 2.580643174697092377e+02
1.000000000000000021e-02 7.208299957396368995e+01 2.580643174697098630e+02
2.000000000000000042e-02 6.950235639926657427e+01 2.580643174697098630e+02
2.999999999999999889e-02 6.692171322456948701e+01 2.580643174697092377e+02
4.000000000000000083e-02 6.434107004987239975e+01 2.580643174697098630e+02
4.999999999999999584e-02 6.176042687517529117e+01 2.580643174697104314e+02
5.999999999999999778e-02 5.917978370047818970e+01 2.580643174697092377e+02
6.999999999999999278e-02 5.659914052578110955e+01 2.580643174697092377e+02
8.000000000000000167e-02 5.401849735108400097e+01 2.580643174697098630e+02
8.999999999999999667e-02 5.143785417638691371e+01 2.580643174697098630e+02
9.999999999999999167e-02 4.885721100168980513e+01 2.580643174697098630e+02
1.099999999999999867e-01 4.627656782699271076e+01 2.580643174697098630e+02
1.199999999999999956e-01 4.369592465229560929e+01 2.580643174697098630e+02
1.300000000000000044e-01 4.111528147759851493e+01 2.580643174697092377e+02
1.399999999999999856e-01 3.853463830290142766e+01 2.580643174697098630e+02
1.499999999999999944e-01 3.595399512820431909e+01 2.580643174697098630e+02
1.600000000000000033e-01 3.337335195350722472e+01 2.580643174697092377e+02
1.699999999999999845e-01 3.079270877881013391e+01 2.580643174697098630e+02
1.799999999999999933e-01 2.821206560411303244e+01 2.580643174697098630e+02
1.899999999999999745e-01 2.563142242941593807e+01 2.580643174697094082e+02
1.999999999999999833e-01 2.305077925471884370e+01 2.580643174697095787e+02
2.099999999999999922e-01 2.047013608002174934e+01 2.580643174697096924e+02
2.199999999999999734e-01 1.788949290532464786e+01 2.580643174697096924e+02
2.299999999999999822e-01 1.530884973062755350e+01 2.580643174697100335e+02
2.399999999999999911e-01 1.272820655593045025e+01 2.580643174697100903e+02
2.500000000000000000e-01 1.014756338123335233e+01 2.580643174697096924e+02
2.600000000000000089e-01 7.566920206536256188e+00 2.580643174697096356e+02
2.700000000000000178e-01 4.986277031839160934e+00 2.580643174697096356e+02
2.799999999999999711e-01 2.405633857142064791e+00 1.844240074026440368e+02
2.899999999999999800e-01 1.297796883786280331e+00 9.157002458950752555e+01
2.999999999999999889e-01 5.742333653519146042e-01 6.197609429993863017e+01
3.099999999999999423e-01 5.827499778750779014e-02 4.434788704823365890e+01
3.200000000000000067e-01 -3.127243756127586205e-01 3.140356769542955107e+01
3.300000000000000155e-01 -5.697963561210831474e-01 2.100755876821992629e+01
3.399999999999999689e-01 -7.328755509771571752e-01 1.242905899845456297e+01
3.500000000000000333e-01 -8.183775360901743845e-01 5.434274637758840676e+00
3.599999999999999867e-01 -8.415610437323339799e-01 -4.968256875745872408e-02
3.699999999999999956e-01 -8.173838847150252107e-01 -4.052098127146598117e+00
3.799999999999999489e-01 -7.605190811894019243e-01 -6.650348336836681362e+00
3.900000000000000133e-01 -6.843769179782915879e-01 -8.020204287399625542e+00
3.999999999999999667e-01 -6.001149954414094490e-01 -8.343195032100959807e+00
4.099999999999999756e-01 -5.175130173362724184e-01 -7.956515947546648704e+00
4.199999999999999845e-01 -4.409846764904765126e-01 -7.376105341850679231e+00
4.299999999999999933e-01 -3.699909104992588627e-01 -6.950545529728023197e+00
4.399999999999999467e-01 -3.019737658959160687e-01 -6.742834799455032169e+00
4.499999999999999556e-01 -2.351342145101582015e-01 -6.616451498282699184e+00
4.599999999999999645e-01 -1.696447359302620805e-01 -6.361246491291655758e+00
4.699999999999999734e-01 -1.079092846843251047e-01 -5.908761438316084913e+00
4.799999999999999822e-01 -5.146950716394040060e-02 -5.281354878986373791e+00
4.899999999999999911e-01 -2.282187104597649310e-03 -4.542446568699281428e+00
5.000000000000000000e-01 3.937942421004521354e-02 -3.733939710680334034e+00
5.100000000000000089e-01 7.239660710900902574e-02 -2.901350125011734615e+00
5.200000000000000178e-01 9.740642671027989474e-02 -2.107969529200699910e+00
5.299999999999999156e-01 1.145559976930230206e-01 -1.372090219405146305e+00
5.400000000000000355e-01 1.248482310983828197e-01 -7.225687854859698112e-01
5.499999999999999334e-01 1.290073734027424313e-01 -2.231843109791262769e-01
5.599999999999999423e-01 1.293119173179653469e-01 7.769634135428189758e-02
5.699999999999999512e-01 1.274534465756567703e-01 2.366324757310238058e-01
5.799999999999999600e-01 1.245792678033448703e-01 3.704794742633167326e-01
5.899999999999999689e-01 1.200438570903904489e-01 5.275206525055676776e-01
5.999999999999999778e-01 1.140288547532335162e-01 6.679399208727497816e-01
6.099999999999999867e-01 1.066850586729354566e-01 7.097621764797266142e-01
6.199999999999998845e-01 9.983361122363898499e-02 5.910108556176310035e-01
6.300000000000000044e-01 9.486484156058283546e-02 3.607753229345280754e-01
6.400000000000000133e-01 9.261810476494843070e-02 8.399887145665768662e-02
6.499999999999999112e-01 9.318486413144967673e-02 -1.958206319120830152e-01
6.600000000000000311e-01 9.653451740319009267e-02 -4.236261314566192593e-01
6.700000000000000400e-01 1.016573867605820719e-01 -5.296964885548129942e-01
6.799999999999999378e-01 1.071284471742863509e-01 -5.068262062686920144e-01
6.899999999999999467e-01 1.117939108859559022e-01 -4.215978458622438585e-01
7.000000000000000666e-01 1.155604040915312325e-01 -3.544043313848632137e-01
7.099999999999999645e-01 1.188819975136531648e-01 -3.228463481281811376e-01
7.199999999999999734e-01 1.220173310540948464e-01 -3.095195368442679174e-01
7.299999999999998712e-01 1.250723882505385409e-01 -3.050069524041057467e-01
7.399999999999999911e-01 1.281174701021769724e-01 -3.030571545535016287e-01
7.500000000000000000e-01 1.311335313416085724e-01 -2.972394746565704682e-01
7.599999999999998979e-01 1.340622595953083751e-01 -2.745475605536612518e-01
7.699999999999999067e-01 1.366244825526817808e-01 -2.254147171736237409e-01
7.800000000000000266e-01 1.385705539387808438e-01 -1.653218275274627447e-01
7.899999999999999245e-01 1.399309191032310495e-01 -1.156748905312637438e-01
7.999999999999999334e-01 1.408840517494061306e-01 -8.192360689919465921e-02
8.100000000000000533e-01 1.415693912412149258e-01 -4.883033761758131391e-02
8.199999999999999512e-01 1.418606585017577471e-01 -7.937507655758374581e-03
8.299999999999999600e-01 1.417281413943300983e-01 3.536253117880983760e-02
8.399999999999999689e-01 1.411534078781815638e-01 8.745337999253607886e-02
8.499999999999999778e-01 1.399790737944793806e-01 1.566881376042053020e-01
8.599999999999999867e-01 1.380196451260974344e-01 2.293232911351843761e-01
8.699999999999999956e-01 1.353926079717756858e-01 2.766655726185128228e-01
8.799999999999998934e-01 1.324863336737271968e-01 2.919044025282127031e-01
8.900000000000000133e-01 1.295545199212114473e-01 2.903333182314590255e-01
8.999999999999999112e-01 1.266796673090980208e-01 2.819022739066083805e-01
9.099999999999999201e-01 1.239164744430792664e-01 2.836347014986845827e-01
9.199999999999999289e-01 1.210069732791243108e-01 3.090056870163662706e-01
9.299999999999999378e-01 1.177363607027519521e-01 3.531580065647522693e-01
9.399999999999999467e-01 1.139438131478292676e-01 4.063245805499824947e-01
9.499999999999999556e-01 1.096098690917522989e-01 4.529091958866902634e-01
9.599999999999999645e-01 1.048856292300954646e-01 4.813381839531912787e-01
9.699999999999999734e-01 9.998310541268846940e-02 4.836807445092061730e-01
9.799999999999999822e-01 9.521201433991134666e-02 4.642826814009205494e-01
9.899999999999998801e-01 9.069745178467006341e-02 4.369671524982496891e-01
1.000000000000000000e+00 8.647267128994634566e-02 4.099987665012652660e-01
1.010000000000000009e+00 8.249747645464475254e-02 3.933686991224797924e-01
1.020000000000000018e+00 7.860529730749675481e-02 3.983787492653549367e-01
1.029999999999999805e+00 7.452990146933766158e-02 4.237393313901798853e-01
1.040000000000000036e+00 7.013051067969315600e-02 4.537958050030201362e-01
1.050000000000000044e+00 6.545398536927725386e-02 4.743939329870518473e-01
1.059999999999999831e+00 6.064263201995212516e-02 4.821193824010544526e-01
1.069999999999999840e+00 5.581159772125617036e-02 4.758360276637629838e-01
1.080000000000000071e+00 5.112591146667686687e-02 4.574953978758763973e-01
1.089999999999999858e+00 4.666168976373864102e-02 4.361708299639668884e-01
1.099999999999999867e+00 4.240249486739752771e-02 4.190842076989393927e-01
1.109999999999999876e+00 3.828000560975985955e-02 4.111645839005600989e-01
1.119999999999999885e+00 3.417920318938632435e-02 4.132551529271806245e-01
1.129999999999999893e+00 3.001490255121624581e-02 4.221397807643658129e-01
1.139999999999999902e+00 2.573640757409901073e-02 4.307171392048873559e-01
1.149999999999999911e+00 2.140055976711850022e-02 4.337907177684235949e-01
1.159999999999999920e+00 1.706059321873053952e-02 8.144705178699541692e-01
1.169999999999999929e+00 5.111149409719415240e-03 8.242175456026331615e-01
1.179999999999999938e+00 5.762423066778732308e-04 2.530947762162632508e-01
1.189999999999999947e+00 4.925388539414998887e-05 2.881211533389366197e-02
1.199999999999999956e+00 0.000000000000000000e+00 4.925388539414998941e-03
