0.000000000000000000e+00 5.648789530400000558e+02 1.913600934400000142e+03
1.001999999999999939e-02 5.457429687999999715e+02 1.913600934400000142e+03
1.998000000000000123e-02 5.266069427200000064e+02 1.913600934400000142e+03
2.999999999999999889e-02 5.074709166400000413e+02 1.913600934400000142e+03
4.001999999999999308e-02 4.883349324000000138e+02 1.913600934400000142e+03
4.997999999999999665e-02 4.691989063199999919e+02 1.913600934400000142e+03
5.999999999999999778e-02 4.500629220800000212e+02 1.913600934400000142e+03
7.001999999999999891e-02 4.309268959999999993e+02 1.913600934400000142e+03
7.997999999999999554e-02 4.117908699199999774e+02 1.913600934400000142e+03
8.999999999999999667e-02 3.926548856800000067e+02 1.913600934400000142e+03
1.000199999999999839e-01 3.735188595999999848e+02 1.913600934400000142e+03
1.099799999999999944e-01 3.543828753600000141e+02 1.913600934400000142e+03
1.199999999999999956e-01 3.352468492799999922e+02 1.913600934400000142e+03
1.300199999999999967e-01 3.161108232000000271e+02 1.913600934400000142e+03
1.399799999999999933e-01 2.969748389599999996e+02 1.913600934400000142e+03
1.499999999999999944e-01 2.778388128799999777e+02 1.913600934400000142e+03
1.600199999999999956e-01 2.587028286400000070e+02 1.913600934400000142e+03
1.699799999999999922e-01 2.395668025599999851e+02 1.913600934400000142e+03
1.799999999999999933e-01 2.204307764800000200e+02 1.913600934400000142e+03
1.900199999999999945e-01 2.012947922400000209e+02 1.913600934400000142e+03
1.999799999999999911e-01 1.821587661599999990e+02 1.913600934400000142e+03
2.099999999999999922e-01 1.630227819199999999e+02 1.913600934400000142e+03
2.200200000000000211e-01 1.438867558400000064e+02 1.913600934400000142e+03
2.299799999999999622e-01 1.247507715999999931e+02 1.913600934400000142e+03
2.399999999999999911e-01 1.056147455199999996e+02 1.913600934400000142e+03
2.500200000000000200e-01 8.647871943999999189e+01 1.913600934400000142e+03
2.599799999999999889e-01 6.734273520000000701e+01 1.913600934400000142e+03
2.700000000000000178e-01 4.820670911999999930e+01 1.913600934400000142e+03
2.800199999999999911e-01 2.907072488000000021e+01 1.913600934400000142e+03
2.899800000000000155e-01 9.934698799999999608e+00 1.173498334666666779e+03
2.999999999999999889e-01 5.600744240000000040e+00 3.829525941333333208e+02
3.100200000000000178e-01 2.275635760000000118e+00 2.948713050666666504e+02
3.199799999999999867e-01 -2.966874399999999690e-01 2.300124711999999931e+02
3.300000000000000155e-01 -2.324588560000000026e+00 1.810594620000000248e+02
3.400199999999999889e-01 -3.917855759999999687e+00 1.411893589333333523e+02
3.499800000000000133e-01 -5.148411999999999544e+00 1.071394787999999920e+02
3.599999999999999867e-01 -6.060649520000000123e+00 7.735567480000000273e+01
3.700200000000000156e-01 -6.695487840000000190e+00 4.978750800000000254e+01
3.799799999999999844e-01 -7.056399680000000174e+00 2.568083413333333098e+01
3.900000000000000133e-01 -7.209115680000000026e+00 3.447964666666666567e+00
4.000199999999999867e-01 -7.125393840000000090e+00 -1.810542320000000061e+01
4.099800000000000111e-01 -6.847032319999999395e+00 -3.399506973333333804e+01
4.199999999999999845e-01 -6.445451999999999515e+00 -4.574471800000000599e+01
4.300200000000000133e-01 -5.932117040000000507e+00 -4.895698400000000561e+01
4.399799999999999822e-01 -5.466312320000000113e+00 -4.224006013333333698e+01
4.499999999999999556e-01 -5.087325599999999781e+00 -3.025799066666666803e+01
4.600199999999999845e-01 -4.861180399999999402e+00 -1.888859826666666564e+01
4.699799999999999534e-01 -4.709552239999999834e+00 -1.612931999999999988e+01
4.799999999999999822e-01 -4.538593999999999795e+00 -1.485013173333333469e+01
4.900199999999999556e-01 -4.412530079999999799e+00 -7.299685333333333581e+00
4.999799999999999800e-01 -4.392572399999999710e+00 -3.283045333333333371e+00
5.100000000000000089e-01 -4.346883120000000211e+00 -5.396523200000000742e+00
5.200200000000000378e-01 -4.284667040000000426e+00 -9.697466000000000363e+00
5.299800000000000066e-01 -4.152912880000000584e+00 -7.761389733333333929e+00
5.400000000000000355e-01 -4.129440640000000329e+00 -4.280231999999999815e+00
5.500199999999999534e-01 -4.067308240000000019e+00 -6.489941866666667281e+00
5.599800000000000333e-01 -3.999652960000000146e+00 -9.208426133333333041e+00
5.699999999999999512e-01 -3.883170400000000022e+00 -1.751080706666666842e+01
5.800199999999999800e-01 -3.649410320000000318e+00 -2.096232813333333311e+01
5.899799999999999489e-01 -3.463891760000000097e+00 -1.913908040000000099e+01
5.999999999999999778e-01 -3.266616159999999880e+00 -2.330906400000000289e+01
6.100199999999998957e-01 -2.997710479999999844e+00 -2.729425426666666965e+01
6.199800000000000866e-01 -2.720771519999999999e+00 -2.504375040000000396e+01
6.300000000000000044e-01 -2.496843839999999926e+00 -1.885861293333333322e+01
6.400199999999999223e-01 -2.343583919999999932e+00 -1.412699706666666799e+01
6.499799999999998912e-01 -2.214298320000000153e+00 -1.000910426666666808e+01
6.600000000000000311e-01 -2.143379519999999872e+00 -3.552216000000000484e+00
6.700199999999999489e-01 -2.143253999999999770e+00 4.089162666666666945e-01
6.799799999999999178e-01 -2.151580159999999964e+00 3.064222133333333264e+00
6.899999999999999467e-01 -2.204549599999999998e+00 5.163892800000000172e+00
7.000199999999999756e-01 -2.254841279999999948e+00 4.055132799999999982e+00
7.099799999999999445e-01 -2.285677360000000213e+00 5.715483466666666068e+00
7.199999999999999734e-01 -2.369148159999999947e+00 7.673107333333334168e+00
7.300199999999998912e-01 -2.439104640000000046e+00 6.491545733333333956e+00
7.399799999999999711e-01 -2.498977679999999868e+00 5.543730266666667461e+00
7.500000000000000000e-01 -2.549980639999999799e+00 5.819107199999999480e+00
7.600199999999999179e-01 -2.615376559999999628e+00 5.009782133333333221e+00
7.699799999999999978e-01 -2.650187440000000283e+00 3.113872266666666722e+00
7.800000000000000266e-01 -2.677634480000000039e+00 1.764950666666666779e+00
7.900199999999999445e-01 -2.685500400000000010e+00 -4.815086666666666959e-01
7.999799999999999134e-01 -2.668011279999999985e+00 -2.804465466666666629e+00
8.100000000000000533e-01 -2.629392959999999668e+00 -2.732012533333333604e+00
8.200199999999999712e-01 -2.613368240000000231e+00 -2.086839733333333502e+00
8.299799999999999400e-01 -2.587678480000000114e+00 -3.078168800000000260e+00
8.399999999999999689e-01 -2.551821600000000245e+00 -3.741890666666666476e+00
8.500199999999999978e-01 -2.512826720000000069e+00 -1.463214533333333511e+00
8.599799999999999667e-01 -2.522575439999999780e+00 -5.685358666666666672e-01
8.699999999999999956e-01 -2.501446239999999932e+00 -1.342018000000000155e+00
8.800199999999999134e-01 -2.495714159999999904e+00 -1.666766133333333455e+00
8.899799999999999933e-01 -2.468141600000000047e+00 -3.066314133333333469e+00
8.999999999999999112e-01 -2.434376719999999938e+00 -4.018941200000000435e+00
9.100199999999999401e-01 -2.387725120000000256e+00 -4.719621733333332791e+00
9.199800000000000200e-01 -2.339985679999999846e+00 -5.627410266666667660e+00
9.299999999999999378e-01 -2.275175519999999896e+00 -7.137555333333333252e+00
9.400199999999999667e-01 -2.197227600000000169e+00 -6.450682000000000471e+00
9.499799999999999356e-01 -2.146182800000000057e+00 -5.901253066666667380e+00
9.599999999999999645e-01 -2.079238800000000165e+00 -8.564996666666667480e+00
9.700199999999999934e-01 -1.974889840000000119e+00 -1.009383026666666616e+01
9.799799999999999622e-01 -1.877360799999999941e+00 -1.041690480000000107e+01
9.899999999999998801e-01 -1.766526640000000148e+00 -1.161666680000000085e+01
1.000019999999999909e+00 -1.645023279999999977e+00 -1.186889226666666630e+01
1.009979999999999878e+00 -1.529168319999999914e+00 -1.124568546666666613e+01
1.020000000000000018e+00 -1.420091439999999983e+00 -1.136632413333333425e+01
1.030019999999999936e+00 -1.301851599999999998e+00 -1.067568520000000021e+01
1.039979999999999905e+00 -1.206581919999999863e+00 -8.515764933333333175e+00
1.050000000000000044e+00 -1.131520960000000020e+00 -9.082906133333333187e+00
1.060019999999999962e+00 -1.024912640000000152e+00 -1.024410560000000103e+01
1.069979999999999931e+00 -9.266304800000000341e-01 -9.794255866666667032e+00
1.080000000000000071e+00 -8.290596000000000076e-01 -1.047234279999999984e+01
1.090019999999999989e+00 -7.171794400000000014e-01 -1.129108186666666747e+01
1.099979999999999958e+00 -6.032072800000000123e-01 -1.032576333333333274e+01
1.110000000000000098e+00 -5.106990399999999930e-01 -9.629476000000000369e+00
1.120020000000000016e+00 -4.106177599999999983e-01 -9.713853333333332785e+00
1.129979999999999984e+00 -3.163940799999999665e-01 -9.031582399999999566e+00
1.139999999999999902e+00 -2.299944799999999734e-01 -8.776497866666668202e+00
1.150020000000000042e+00 -1.408752799999999916e-01 -8.261656666666667093e+00
1.159980000000000011e+00 -6.476831999999999034e-02 -7.239366000000001300e+00
1.169999999999999929e+00 3.932960000000000102e-03 -3.316517333333333539e+00
1.180019999999999847e+00 1.548080000000000072e-03 1.891865333333333232e-01
1.189980000000000038e+00 1.255199999999999773e-04 7.824079999999999924e-02
1.199999999999999956e+00 0.000000000000000000e+00 1.324933333333333345e-02
