0.000000000000000000e+00 1.662478171480767924e+04 2.564538834677813866e+05
1.000000000000000021e-02 1.406024288012986472e+04 2.367194031972996600e+05
2.000000000000000042e-02 1.189039365086168618e+04 2.002839879461742239e+05
2.999999999999999889e-02 1.005456312120638177e+04 1.694496434559604677e+05
4.000000000000000083e-02 8.501400781742477193e+03 1.433558978481442027e+05
4.999999999999999584e-02 7.187445164243497857e+03 1.212744257884242834e+05
5.999999999999999778e-02 6.075912265973991452e+03 1.025887577084837249e+05
6.999999999999999278e-02 5.135670010073823505e+03 8.677710434235370485e+04
8.000000000000000167e-02 4.340370179126917719e+03 7.339781829492704128e+04
8.999999999999999667e-02 3.667713644175282752e+03 6.207708778722930583e+04
9.999999999999999167e-02 3.098828423382331493e+03 5.249851987759224721e+04
1.099999999999999867e-01 2.617743246623437699e+03 4.439432307038747967e+04
1.199999999999999956e-01 2.210941961974581773e+03 3.753784375937410368e+04
1.300000000000000044e-01 1.866986371435955562e+03 3.173724865100699390e+04
1.399999999999999856e-01 1.576196988954442077e+03 2.683017722383471482e+04
1.499999999999999944e-01 1.330382826959261365e+03 2.267921529192051821e+04
1.600000000000000033e-01 1.122612683116031803e+03 1.916806360511106323e+04
1.699999999999999845e-01 9.470215548570399733e+02 1.619829477361668069e+04
1.799999999999999933e-01 7.986467876436980760e+02 1.368660818761998235e+04
1.899999999999999745e-01 6.732893911046404583e+02 1.156250647068413309e+04
1.999999999999999833e-01 5.673966582300154187e+02 9.766328744722088231e+03
2.099999999999999922e-01 4.779628162101986391e+02 8.247585921059517204e+03
2.199999999999999734e-01 4.024449398088250973e+02 6.963551643365884956e+03
2.299999999999999822e-01 3.386917833428809672e+02 5.878069628133018341e+03
2.399999999999999911e-01 2.848835472461647669e+02 4.960544175203712257e+03
2.500000000000000000e-01 2.394808998388067494e+02 4.185085722402464853e+03
2.600000000000000089e-01 2.011818327981154653e+02 3.529787636646686678e+03
2.700000000000000178e-01 1.688851471058730169e+02 2.976114089262700872e+03
2.799999999999999711e-01 1.416595510128614421e+02 2.508381957379926916e+03
2.899999999999999800e-01 1.187175079582744672e+02 2.113322312384173529e+03
2.999999999999999889e-01 9.939310476517796644e+01 1.779709273407696401e+03
3.099999999999999423e-01 8.312332249012054319e+01 1.498045880453674044e+03
3.200000000000000067e-01 6.943218715610449010e+01 1.260298230252221401e+03
3.300000000000000155e-01 5.791735788507611460e+01 1.059670462557043948e+03
3.399999999999999689e-01 4.823877790496361229e+01 8.904143227602643265e+02
3.500000000000000333e-01 4.010907142987083063e+01 1.252489015548362659e+03
3.599999999999999867e-01 2.318899759399635840e+01 1.234644257875492031e+03
3.699999999999999956e-01 1.541618627236098504e+01 6.272759593038850880e+02
3.799999999999999489e-01 1.064347840791865885e+01 2.725931712561819609e+02
3.900000000000000133e-01 9.964322847237346181e+00 1.645917375820482960e+02
3.999999999999999667e-01 7.351643656277692784e+00 1.408105095169626964e+02
4.099999999999999756e-01 7.148112656898092609e+00 4.090055842829678312e+01
4.199999999999999845e-01 6.533632487711757086e+00 6.646163170122837016e+01
4.299999999999999933e-01 5.818880022873525348e+00 7.039418767961917922e+01
4.399999999999999467e-01 5.125748734119373928e+00 6.632509598707196119e+01
4.499999999999999556e-01 4.492378103132086409e+00 6.035306464714368957e+01
4.599999999999999645e-01 3.918687441176500474e+00 5.509007818427645020e+01
4.699999999999999734e-01 3.390576539446557014e+00 5.091158578299246074e+01
4.799999999999999822e-01 2.900455725516651206e+00 4.716091618585431888e+01
4.899999999999999911e-01 2.447358215729470654e+00 4.336885709413856915e+01
5.000000000000000000e-01 2.033078583633880054e+00 3.958079746525041998e+01
5.100000000000000089e-01 1.655742266424462317e+00 3.592910638349042785e+01
5.200000000000000178e-01 1.314496455964071497e+00 3.243121831579916403e+01
5.299999999999999156e-01 1.007117900108479125e+00 2.914877147207711516e+01
5.400000000000000355e-01 7.315210265225291497e-01 2.609594502302881480e+01
5.499999999999999334e-01 4.851989996479028067e-01 2.322339870595455835e+01
5.599999999999999423e-01 2.670530524034380182e-01 2.049066720316223567e+01
5.699999999999999512e-01 7.538565558465813721e-02 1.792315936779959173e+01
5.799999999999999600e-01 -9.141013495255384536e-02 1.557829659195155791e+01
5.899999999999999689e-01 -2.361802762543729894e-01 1.348394594444195782e+01
5.999999999999999778e-01 -3.610890538413930040e-01 1.160614646946922157e+01
6.099999999999999867e-01 -4.683032056437573809e-01 9.906055949231683755e+00
6.199999999999998845e-01 -5.592101728260266968e-01 8.345565119497912576e+00
6.300000000000000044e-01 -6.352145080337155969e-01 6.923491387045580758e+00
6.400000000000000133e-01 -6.976800005669382410e-01 5.671252871683629238e+00
6.499999999999999112e-01 -7.486395654673881905e-01 4.577427549437634191e+00
6.600000000000000311e-01 -7.892285515556909381e-01 3.592874995586829989e+00
6.700000000000000400e-01 -8.204970653791248125e-01 2.724746113700537542e+00
6.799999999999999378e-01 -8.437234738297016978e-01 1.975746165344989924e+00
6.899999999999999467e-01 -8.600119886860245755e-01 1.288723949023710569e+00
7.000000000000000666e-01 -8.694979528101759447e-01 6.190198930827085499e-01
7.099999999999999645e-01 -8.723923865476788109e-01 -3.294114328515082568e-02
7.199999999999999734e-01 -8.688391299444728766e-01 -6.427645841809591643e-01
7.299999999999998712e-01 -8.595370948640596032e-01 -1.162307568693430326e+00
7.399999999999999911e-01 -8.455929785706042257e-01 -1.551738840859792523e+00
7.500000000000000000e-01 -8.285023180468636950e-01 -1.824360125728821558e+00
7.599999999999998979e-01 -8.091057760560278478e-01 -2.041613466308586311e+00
7.699999999999999067e-01 -7.876700487206920176e-01 -2.243420044045707051e+00
7.800000000000000266e-01 -7.642373751751136979e-01 -2.433052922811219876e+00
7.899999999999999245e-01 -7.390089902644676467e-01 -2.611536996941502764e+00
7.999999999999999334e-01 -7.120066352362836026e-01 -2.753268079839492621e+00
8.100000000000000533e-01 -6.839436286676777721e-01 -2.785277978288765777e+00
8.199999999999999512e-01 -6.563010756705083271e-01 -2.685280708956613971e+00
8.299999999999999600e-01 -6.302380144885455504e-01 -2.524590505084411074e+00
8.399999999999999689e-01 -6.058092655688200878e-01 -2.380432210080634547e+00
8.499999999999999778e-01 -5.826293702869328461e-01 -2.286027660404994499e+00
8.599999999999999867e-01 -5.600887123607202200e-01 -2.246372894721131441e+00
8.699999999999999956e-01 -5.377019123925101951e-01 -2.236258666983858667e+00
8.799999999999998934e-01 -5.153635390210430378e-01 -2.226126163010663461e+00
8.900000000000000133e-01 -4.931793891322969192e-01 -2.209783609149965411e+00
8.999999999999999112e-01 -4.711678668380437918e-01 -2.188784304723173868e+00
9.099999999999999201e-01 -4.494037030378334463e-01 -2.158404801480525048e+00
9.199999999999999289e-01 -4.279997708084332664e-01 -2.131222422335312672e+00
9.299999999999999378e-01 -4.067792545911271818e-01 -2.138472591122671851e+00
9.399999999999999467e-01 -3.852303189859798138e-01 -2.187814770853366397e+00
9.499999999999999556e-01 -3.630229591740598560e-01 -2.249699566353565494e+00
9.599999999999999645e-01 -3.402363276589085439e-01 -2.290256565500878860e+00
9.699999999999999734e-01 -3.172178278640422899e-01 -2.284787568576514882e+00
9.799999999999999822e-01 -2.945405762873782307e-01 -2.218035037258844877e+00
9.899999999999998801e-01 -2.728571271188653946e-01 -2.095440656659133705e+00
1.000000000000000000e+00 -2.526317631541955544e-01 -1.950783819927472518e+00
1.010000000000000009e+00 -2.338414507203159520e-01 -1.821241286095316214e+00
1.020000000000000018e+00 -2.162069374322892479e-01 -1.721390054953543691e+00
1.029999999999999805e+00 -1.994136496212450538e-01 -1.646597112226032333e+00
1.040000000000000036e+00 -1.832749951877686023e-01 -1.583148167827844510e+00
1.050000000000000044e+00 -1.677506862646881702e-01 -1.516424290092132532e+00
1.059999999999999831e+00 -1.529465093859259384e-01 -1.441914719130660494e+00
1.069999999999999840e+00 -1.389123918820749648e-01 -1.365742897534918621e+00
1.080000000000000071e+00 -1.256316514352275870e-01 -1.294797643936513643e+00
1.089999999999999858e+00 -1.130164390033446958e-01 -1.231038041877695388e+00
1.099999999999999867e+00 -1.010108905976736665e-01 -1.172234082426509172e+00
1.109999999999999876e+00 -8.957175735481452683e-02 -1.113402475251014101e+00
1.119999999999999885e+00 -7.874284109265339282e-02 -1.049083634320792546e+00
1.129999999999999893e+00 -6.859008466839867924e-02 -9.846414588800513901e-01
1.139999999999999902e+00 -5.905001191505236668e-02 -9.375492509552020293e-01
1.149999999999999911e+00 -4.983909964929462977e-02 -9.241266509921970407e-01
1.159999999999999920e+00 -4.056747889520842532e-02 -2.175760280478580722e+00
1.169999999999999929e+00 -6.323894039723024392e-03 -1.996519232959279133e+00
1.179999999999999938e+00 -6.370942360228510530e-04 -3.132313973059299705e-01
1.189999999999999947e+00 -5.926609360442560700e-05 -3.185471180114255590e-02
1.199999999999999956e+00 0.000000000000000000e+00 -5.926609360442561432e-03
