0.000000000000000000e+00 1.853951773925700479e+02 4.173427707531154738e+02
1.000000000000000021e-02 1.812217496850389011e+02 4.173427707531142801e+02
2.000000000000000042e-02 1.770483219775077544e+02 4.173427707531142801e+02
2.999999999999999889e-02 1.728748942699766076e+02 4.173427707531142801e+02
4.000000000000000083e-02 1.687014665624454608e+02 4.173427707531142801e+02
4.999999999999999584e-02 1.645280388549143140e+02 4.173427707531142801e+02
5.999999999999999778e-02 1.603546111473831957e+02 4.173427707531142801e+02
6.999999999999999278e-02 1.561811834398520205e+02 4.173427707531142801e+02
8.000000000000000167e-02 1.520077557323209021e+02 4.173427707531142801e+02
8.999999999999999667e-02 1.478343280247897553e+02 4.173427707531142801e+02
9.999999999999999167e-02 1.436609003172586085e+02 4.173427707531142801e+02
1.099999999999999867e-01 1.394874726097274618e+02 4.173427707531142801e+02
1.199999999999999956e-01 1.353140449021963434e+02 4.173427707531142801e+02
1.300000000000000044e-01 1.311406171946651682e+02 4.173427707531154738e+02
1.399999999999999856e-01 1.269671894871340214e+02 4.173427707531142801e+02
1.499999999999999944e-01 1.227937617796028889e+02 4.173427707531130864e+02
1.600000000000000033e-01 1.186203340720717563e+02 4.173427707531142801e+02
1.699999999999999845e-01 1.144469063645406095e+02 4.173427707531142801e+02
1.799999999999999933e-01 1.102734786570094769e+02 4.173427707531137116e+02
1.899999999999999745e-01 1.061000509494783302e+02 4.173427707531142801e+02
1.999999999999999833e-01 1.019266232419471834e+02 4.173427707531142801e+02
2.099999999999999922e-01 9.775319553441605080e+01 4.173427707531142801e+02
2.199999999999999734e-01 9.357976782688490403e+01 4.173427707531142801e+02
2.299999999999999822e-01 8.940634011935375725e+01 4.173427707531149053e+02
2.399999999999999911e-01 8.523291241182261047e+01 4.173427707531149053e+02
2.500000000000000000e-01 8.105948470429146369e+01 4.173427707531142801e+02
2.600000000000000089e-01 7.688605699676031691e+01 4.173427707531142801e+02
2.700000000000000178e-01 7.271262928922918434e+01 4.173427707531142801e+02
2.799999999999999711e-01 6.853920158169803756e+01 4.173427707531142801e+02
2.899999999999999800e-01 6.436577387416689078e+01 4.173427707531142801e+02
2.999999999999999889e-01 6.019234616663575110e+01 4.173427707531137116e+02
3.099999999999999423e-01 5.601891845910461853e+01 4.173427707531142801e+02
3.200000000000000067e-01 5.184549075157346465e+01 4.173427707531154738e+02
3.300000000000000155e-01 4.767206304404231076e+01 4.173427707531139959e+02
3.399999999999999689e-01 4.349863533651118530e+01 4.173427707531139959e+02
3.500000000000000333e-01 3.932520762898003142e+01 4.173427707531142801e+02
3.599999999999999867e-01 3.515177992144889885e+01 4.173427707531142801e+02
3.699999999999999956e-01 3.097835221391774496e+01 4.173427707531139959e+02
3.799999999999999489e-01 2.680492450638662305e+01 3.376765382152095754e+02
3.900000000000000133e-01 2.422482144961355388e+01 3.642666334623227158e+02
3.999999999999999667e-01 1.951959183714016888e+01 4.345815769683661642e+02
4.099999999999999756e-01 1.553318991024623230e+01 3.592488463048557037e+02
4.199999999999999845e-01 1.233461491104305452e+01 2.899396139977315556e+02
4.299999999999999933e-01 9.734397630291601544e+00 2.362761574330249630e+02
4.399999999999999467e-01 7.609091762382555579e+00 1.930891189228038627e+02
4.499999999999999556e-01 5.872615251835524575e+00 1.572077869631861802e+02
4.599999999999999645e-01 4.464936023118831976e+00 1.272345903422581443e+02
4.699999999999999734e-01 3.327923444990362078e+00 1.025910792350086780e+02
4.799999999999999822e-01 2.413114438418658914e+00 8.284838615311298327e+01
4.899999999999999911e-01 1.670955721928102600e+00 6.761075557450875806e+01
5.000000000000000000e-01 1.060899326928483655e+00 5.606666192355812939e+01
5.100000000000000089e-01 5.496224834569403139e-01 4.688691680652578242e+01
5.200000000000000178e-01 1.231609907979678981e-01 3.908444632579314515e+01
5.299999999999999156e-01 -2.320664430589224891e-01 3.222792121528917875e+01
5.400000000000000355e-01 -5.213974335078156441e-01 2.603312237091132531e+01
5.499999999999999334e-01 -7.527288904771489708e-01 2.070176849292543508e+01
5.599999999999999423e-01 -9.354328033663242836e-01 1.640302270257975437e+01
5.699999999999999512e-01 -1.080789344528743978e+00 1.286824286604470124e+01
5.799999999999999600e-01 -1.192797660687218375e+00 9.544102676002806263e+00
5.899999999999999689e-01 -1.271671398048800139e+00 5.965511369879888726e+00
5.999999999999999778e-01 -1.312107888084816043e+00 2.219767771246084820e+00
6.099999999999999867e-01 -1.316066753473721818e+00 -1.094217461413334647e+00
6.199999999999998845e-01 -1.290223538856549279e+00 -3.558870376363728383e+00
6.300000000000000044e-01 -1.244889345946447179e+00 -4.975379036452645565e+00
6.400000000000000133e-01 -1.190715958127496421e+00 -5.469079628004269722e+00
6.499999999999999112e-01 -1.135507753386361784e+00 -5.530498496476059067e+00
6.600000000000000311e-01 -1.080105988197975320e+00 -5.701612146491407351e+00
6.700000000000000400e-01 -1.021475510456533842e+00 -6.114444498790856386e+00
6.799999999999999378e-01 -9.578170982221581031e-01 -6.654684484860814209e+00
6.899999999999999467e-01 -8.883818207593174865e-01 -7.057917555533675724e+00
7.000000000000000666e-01 -8.166587471114846730e-01 -7.044466985690917227e+00
7.099999999999999645e-01 -7.474924810454991464e-01 -6.611972463008405576e+00
7.199999999999999734e-01 -6.844192978513166103e-01 -6.077901320019724274e+00
7.299999999999998712e-01 -6.259344546451046654e-01 -5.630845042310439474e+00
7.399999999999999911e-01 -5.718023970051078209e-01 -5.234231097549696621e+00
7.500000000000000000e-01 -5.212498326941107374e-01 -4.783203675461721538e+00
7.599999999999998979e-01 -4.761383234958733723e-01 -4.360666803386805235e+00
7.699999999999999067e-01 -4.340364966263746682e-01 -4.078584442919066966e+00
7.800000000000000266e-01 -3.945666346374920308e-01 -3.906618012841774235e+00
7.899999999999999245e-01 -3.559041363695391591e-01 -3.783109837925237695e+00
7.999999999999999334e-01 -3.189044378789873124e-01 -3.668711299506858925e+00
8.100000000000000533e-01 -2.825299103794020050e-01 -3.469657059162702506e+00
8.199999999999999512e-01 -2.495112966957332423e-01 -3.096477375973419210e+00
8.299999999999999600e-01 -2.206003628599336186e-01 -2.567348831337116000e+00
8.399999999999999689e-01 -1.981643200689909290e-01 -1.965945009578392355e+00
8.499999999999999778e-01 -1.812814626683657837e-01 -1.382649854504724996e+00
8.599999999999999867e-01 -1.705113229788964291e-01 -8.923210561458847501e-01
8.699999999999999956e-01 -1.634350415454480787e-01 -5.179287885321981477e-01
8.799999999999998934e-01 -1.601527472082524828e-01 -2.107329107987103711e-01
8.900000000000000133e-01 -1.592203833294738857e-01 -2.094004132784603456e-02
8.999999999999999112e-01 -1.597339463816955518e-01 -8.251584218751184877e-03
9.099999999999999201e-01 -1.590553516450988469e-01 -1.354771304694618872e-01
9.199999999999999289e-01 -1.570244037723063091e-01 -3.050463265689934977e-01
9.299999999999999378e-01 -1.529544251137189836e-01 -4.729052575345774612e-01
9.399999999999999467e-01 -1.475662986216147721e-01 -6.174863238124428388e-01
9.499999999999999556e-01 -1.406046986374701324e-01 -7.583884900856937561e-01
9.599999999999999645e-01 -1.323985288199008847e-01 -8.990990590957219641e-01
9.699999999999999734e-01 -1.226227174555556826e-01 -1.006019664315608519e+00
9.799999999999999822e-01 -1.122781355335887160e-01 -1.034665498678059237e+00
9.899999999999998801e-01 -1.019294074819944995e-01 -9.693925585237475051e-01
1.000000000000000000e+00 -9.289028436311377868e-02 -8.458817644254470469e-01
1.010000000000000009e+00 -8.501177219348556025e-02 -7.750544029176966720e-01
1.020000000000000018e+00 -7.738919630475983580e-02 -8.066760113943437505e-01
1.029999999999999805e+00 -6.887825196559869967e-02 -8.817289222721151898e-01
1.040000000000000036e+00 -5.975461785931753672e-02 -8.927616582569051218e-01
1.050000000000000044e+00 -5.102301880046059002e-02 -8.080701959342415641e-01
1.059999999999999831e+00 -4.359321394063270239e-02 -6.835913380602459677e-01
1.069999999999999840e+00 -3.735119203925567344e-02 -5.748889269044833439e-01
1.080000000000000071e+00 -3.209543540254303912e-02 -4.832973212082600223e-01
1.089999999999999858e+00 -2.768524561509047577e-02 -4.099265654346943011e-01
1.099999999999999867e+00 -2.389690409384915420e-02 -3.571497272415720126e-01
1.109999999999999876e+00 -2.054225107025903566e-02 -3.102059270398331292e-01
1.119999999999999885e+00 -1.769278555305249176e-02 -2.540829978686232060e-01
1.129999999999999893e+00 -1.546059111288657084e-02 -2.025340250556005028e-01
1.139999999999999902e+00 -1.364210505194048129e-02 -1.681536132063145006e-01
1.149999999999999911e+00 -1.209751884876028062e-02 -1.575109205092669329e-01
1.159999999999999920e+00 -1.049188664175514270e-02 -5.285035067746570725e-01
1.169999999999999929e+00 -1.527448713267140273e-03 -5.160498575199441440e-01
1.179999999999999938e+00 -1.708894913562615287e-04 -7.551718202398599589e-02
1.189999999999999947e+00 -1.710507278742030664e-05 -8.544474567813077626e-03
1.199999999999999956e+00 0.000000000000000000e+00 -1.710507278742030976e-03
