0.000000000000000000e+00 2.771258567133983206e+02 7.851009732889087900e+02
1.000000000000000021e-02 2.692748469805092100e+02 7.851009732889087900e+02
2.000000000000000042e-02 2.614238372476201562e+02 7.851009732889087900e+02
2.999999999999999889e-02 2.535728275147310455e+02 7.851009732889087900e+02
4.000000000000000083e-02 2.457218177818419633e+02 7.851009732889087900e+02
4.999999999999999584e-02 2.378708080489528811e+02 7.851009732889111774e+02
5.999999999999999778e-02 2.300197983160637420e+02 7.851009732889111774e+02
6.999999999999999278e-02 2.221687885831746598e+02 7.851009732889087900e+02
8.000000000000000167e-02 2.143177788502855776e+02 7.851009732889087900e+02
8.999999999999999667e-02 2.064667691173964670e+02 7.851009732889076531e+02
9.999999999999999167e-02 1.986157593845074132e+02 7.851009732889087900e+02
1.099999999999999867e-01 1.907647496516183026e+02 7.851009732889100405e+02
1.199999999999999956e-01 1.829137399187292203e+02 7.851009732889087900e+02
1.300000000000000044e-01 1.750627301858401381e+02 7.851009732889100405e+02
1.399999999999999856e-01 1.672117204529510275e+02 7.851009732889100405e+02
1.499999999999999944e-01 1.593607107200619168e+02 7.851009732889087900e+02
1.600000000000000033e-01 1.515097009871728346e+02 7.851009732889087900e+02
1.699999999999999845e-01 1.436586912542837524e+02 7.851009732889087900e+02
1.799999999999999933e-01 1.358076815213946702e+02 7.851009732889100405e+02
1.899999999999999745e-01 1.279566717885055596e+02 7.851009732889100405e+02
1.999999999999999833e-01 1.201056620556164631e+02 7.851009732889087900e+02
2.099999999999999922e-01 1.122546523227273809e+02 7.851009732889087900e+02
2.199999999999999734e-01 1.044036425898382845e+02 7.851009732889087900e+02
2.299999999999999822e-01 9.655263285694920228e+01 7.851009732889100405e+02
2.399999999999999911e-01 8.870162312406009164e+01 7.851009732889100405e+02
2.500000000000000000e-01 8.085061339117100943e+01 7.851009732889094721e+02
2.600000000000000089e-01 7.299960365828189879e+01 7.851009732889094721e+02
2.700000000000000178e-01 6.514859392539281657e+01 7.851009732889094721e+02
2.799999999999999711e-01 5.729758419250371304e+01 7.851009732889094721e+02
2.899999999999999800e-01 4.944657445961463083e+01 7.851009732889087900e+02
2.999999999999999889e-01 4.159556472672554150e+01 7.851009732889076531e+02
3.099999999999999423e-01 3.374455499383648061e+01 7.851009732889091310e+02
3.200000000000000067e-01 2.589354526094735931e+01 6.610102633097149010e+02
3.300000000000000155e-01 2.052434972764218202e+01 4.871596944941246647e+02
3.399999999999999689e-01 1.615035137106486829e+01 3.984392326299785054e+02
3.500000000000000333e-01 1.255556507504261177e+01 3.260077099568907784e+02
3.599999999999999867e-01 9.630197171927051158e+00 2.654864210257571244e+02
3.699999999999999956e-01 7.245836654527470166e+00 2.165540265535791775e+02
3.799999999999999489e-01 5.299116640855467963e+00 1.773903548962703383e+02
3.900000000000000133e-01 3.698029556602063117e+00 1.449767302232750694e+02
3.999999999999999667e-01 2.399582036389966699e+00 1.168605428793412102e+02
4.099999999999999756e-01 1.360818699015239108e+00 9.211080824326113259e+01
4.199999999999999845e-01 5.573658715247440387e-01 7.023586795510192360e+01
4.299999999999999933e-01 -4.389866008679933068e-02 5.138167454477380858e+01
4.399999999999999467e-01 -4.702676193707319707e-01 3.570957264845220891e+01
4.499999999999999556e-01 -7.580901130558435064e-01 2.319920842414769169e+01
4.599999999999999645e-01 -9.342517878536857889e-01 1.335821513882369516e+01
4.699999999999999734e-01 -1.025254415832317356e+00 5.737248369965881167e+00
4.799999999999999822e-01 -1.048996755253003288e+00 -1.040937041766336890e-01
4.899999999999999911e-01 -1.023172541748784692e+00 -4.632708920456644286e+00
5.000000000000000000e-01 -9.563425768438704733e-01 -8.267170755546972671e+00
5.100000000000000089e-01 -8.578291266378451629e-01 -1.082636570361259309e+01
5.200000000000000178e-01 -7.398152627716185759e-01 -1.196861427529419153e+01
5.299999999999999156e-01 -6.184568411319614212e-01 -1.189225639192259010e+01
5.400000000000000355e-01 -5.019701349331667783e-01 -1.129312416821253073e+01
5.499999999999999334e-01 -3.925943577677107332e-01 -1.058926552084616546e+01
5.599999999999999423e-01 -2.901848245162435558e-01 -9.767193556991163206e+00
5.699999999999999512e-01 -1.972504866278874947e-01 -8.576898345050086192e+00
5.799999999999999600e-01 -1.186468576152418103e-01 -6.863971249746605885e+00
5.899999999999999689e-01 -5.997106163295539555e-02 -4.579438114867659948e+00
5.999999999999999778e-01 -2.705809531788862590e-02 -1.872800434555027538e+00
6.099999999999999867e-01 -2.251505294185483785e-02 8.384668632552105816e-01
6.199999999999998845e-01 -4.382743258299284100e-02 3.073346257212241195e+00
6.300000000000000044e-01 -8.398197808609965398e-02 4.428490587697596403e+00
6.400000000000000133e-01 -1.323972443369447749e-01 4.772954932556888963e+00
6.499999999999999112e-01 -1.794410767372374149e-01 4.260981124204075599e+00
6.600000000000000311e-01 -2.176168668210262669e-01 3.291757258148853449e+00
6.700000000000000400e-01 -2.452762219002144750e-01 2.312725472534474580e+00
6.799999999999999378e-01 -2.638713762717157518e-01 1.592579268124231229e+00
6.899999999999999467e-01 -2.771278072626990885e-01 1.233825491498482307e+00
7.000000000000000666e-01 -2.885478861016854135e-01 1.180120632650668577e+00
7.099999999999999645e-01 -3.007302199157124711e-01 1.228522079703793679e+00
7.199999999999999734e-01 -3.131183276957612560e-01 1.177389544511666886e+00
7.299999999999998712e-01 -3.242780108059458155e-01 9.135886779657127477e-01
7.399999999999999911e-01 -3.313901012550755087e-01 4.532305660558841875e-01
7.500000000000000000e-01 -3.333426221270635037e-01 -5.117850384743358877e-03
7.599999999999998979e-01 -3.312877442473806666e-01 -2.754498022685884506e-01
7.699999999999999067e-01 -3.278336260816916981e-01 -3.476068541524321986e-01
7.800000000000000266e-01 -3.243356071643320182e-01 -3.822607642810514350e-01
7.899999999999999245e-01 -3.201884107960706882e-01 -4.979427219109880398e-01
7.999999999999999334e-01 -3.143767527261122630e-01 -7.520209286587402620e-01
8.100000000000000533e-01 -3.051479922228959030e-01 -1.098488870500034853e+00
8.199999999999999512e-01 -2.924069753161115393e-01 -1.409898652034987432e+00
8.299999999999999600e-01 -2.769500191821961388e-01 -1.626217617448799224e+00
8.399999999999999689e-01 -2.598826229671355459e-01 -1.800866313333267632e+00
8.499999999999999778e-01 -2.409326929155307939e-01 -1.982240228987171005e+00
8.599999999999999867e-01 -2.202378183873921480e-01 -2.155226294433984169e+00
8.699999999999999956e-01 -1.978281670268511039e-01 -2.253785421679697532e+00
8.799999999999998934e-01 -1.751621099537982174e-01 -2.230192485038619221e+00
8.900000000000000133e-01 -1.532243173260787183e-01 -2.097512431404803923e+00
8.999999999999999112e-01 -1.332118613257021189e-01 -1.926165513435128318e+00
9.099999999999999201e-01 -1.147010070573761670e-01 -1.803489220618187838e+00
9.199999999999999289e-01 -9.714207691333837102e-02 -1.724696513266205988e+00
9.299999999999999378e-01 -8.020707679205205110e-02 -1.613963609896337692e+00
9.399999999999999467e-01 -6.486280471541161496e-02 -1.393514575142370759e+00
9.499999999999999556e-01 -5.233678528920462925e-02 -1.077087887429649005e+00
9.599999999999999645e-01 -4.332104696681864098e-02 -7.510763405300179274e-01
9.699999999999999734e-01 -3.731525847860427125e-02 -5.344789231375034477e-01
9.799999999999999822e-01 -3.263146850406856841e-02 -4.791599229769684110e-01
9.899999999999998801e-01 -2.773206001906490525e-02 -5.423198611637558564e-01
1.000000000000000000e+00 -2.178507128079345406e-02 -6.371921506205943109e-01
1.010000000000000009e+00 -1.498821700665302001e-02 -6.691751517228469170e-01
1.020000000000000018e+00 -8.401568246336518775e-03 -5.847217016721394378e-01
1.029999999999999805e+00 -3.293782973210231460e-03 -4.134498834680581658e-01
1.040000000000000036e+00 -1.325705769753557708e-04 -2.205560362872991953e-01
1.050000000000000044e+00 1.117337752535751743e-03 -4.446860749920104883e-02
1.059999999999999831e+00 7.568015730086653445e-04 6.843646578044478013e-02
1.069999999999999840e+00 -2.513915630731437811e-04 1.022841774556084160e-01
1.080000000000000071e+00 -1.288881976103502898e-03 9.037632864778848141e-02
1.089999999999999858e+00 -2.058918136028913687e-03 6.678663672138776541e-02
1.099999999999999867e+00 -2.624614710531257902e-03 4.174606707458713289e-02
1.109999999999999876e+00 -2.893839477520655876e-03 2.281572445206530783e-02
1.119999999999999885e+00 -3.080929199572564250e-03 9.332734852051764729e-03
1.129999999999999893e+00 -3.080494174561691518e-03 -4.558193016329281123e-03
1.139999999999999902e+00 -2.989765339245978662e-03 -1.561449621549635888e-02
1.149999999999999911e+00 -2.768204250251763993e-03 -2.578211379430395481e-02
1.159999999999999920e+00 -2.474123063359899306e-03 1.252732527700803691e-02
1.169999999999999929e+00 -3.018750755791924870e-03 -9.447657509012892529e-02
1.179999999999999938e+00 -5.845915615573210166e-04 -1.482665727331965999e-01
1.189999999999999947e+00 -5.341930112799353052e-05 -2.922957807786605647e-02
1.199999999999999956e+00 0.000000000000000000e+00 -5.341930112799353134e-03
