0.000000000000000000e+00 3.492162508539283294e+02 8.506950293186300769e+02
1.000000000000000021e-02 3.407093005607420650e+02 8.506950293186276895e+02
2.000000000000000042e-02 3.322023502675558007e+02 8.506950293186276895e+02
2.999999999999999889e-02 3.236953999743694794e+02 8.506950293186276895e+02
4.000000000000000083e-02 3.151884496811832719e+02 8.506950293186276895e+02
4.999999999999999584e-02 3.066814993879969506e+02 8.506950293186276895e+02
5.999999999999999778e-02 2.981745490948106863e+02 8.506950293186276895e+02
6.999999999999999278e-02 2.896675988016243650e+02 8.506950293186276895e+02
8.000000000000000167e-02 2.811606485084381575e+02 8.506950293186276895e+02
8.999999999999999667e-02 2.726536982152518362e+02 8.506950293186276895e+02
9.999999999999999167e-02 2.641467479220655719e+02 8.506950293186276895e+02
1.099999999999999867e-01 2.556397976288792790e+02 8.506950293186300769e+02
1.199999999999999956e-01 2.471328473356929862e+02 8.506950293186276895e+02
1.300000000000000044e-01 2.386258970425067218e+02 8.506950293186276895e+02
1.399999999999999856e-01 2.301189467493204290e+02 8.506950293186276895e+02
1.499999999999999944e-01 2.216119964561341931e+02 8.506950293186266663e+02
1.600000000000000033e-01 2.131050461629479003e+02 8.506950293186276895e+02
1.699999999999999845e-01 2.045980958697616359e+02 8.506950293186276895e+02
1.799999999999999933e-01 1.960911455765753431e+02 8.506950293186276895e+02
1.899999999999999745e-01 1.875841952833890787e+02 8.506950293186276895e+02
1.999999999999999833e-01 1.790772449902027859e+02 8.506950293186276895e+02
2.099999999999999922e-01 1.705702946970165215e+02 8.506950293186276895e+02
2.199999999999999734e-01 1.620633444038302287e+02 8.506950293186276895e+02
2.299999999999999822e-01 1.535563941106439643e+02 8.506950293186289400e+02
2.399999999999999911e-01 1.450494438174576715e+02 8.506950293186289400e+02
2.500000000000000000e-01 1.365424935242713786e+02 8.506950293186289400e+02
2.600000000000000089e-01 1.280355432310850858e+02 8.506950293186289400e+02
2.700000000000000178e-01 1.195285929378988072e+02 8.506950293186276895e+02
2.799999999999999711e-01 1.110216426447125286e+02 8.506950293186271210e+02
2.899999999999999800e-01 1.025146923515262642e+02 8.506950293186271210e+02
2.999999999999999889e-01 9.400774205833998565e+01 8.506950293186266663e+02
3.099999999999999423e-01 8.550079176515373547e+01 8.506950293186283716e+02
3.200000000000000067e-01 7.699384147196742845e+01 8.506950293186307590e+02
3.300000000000000155e-01 6.848689117878112143e+01 8.506950293186276895e+02
3.399999999999999689e-01 5.997994088559487125e+01 8.506950293186276895e+02
3.500000000000000333e-01 5.147299059240857133e+01 8.506950293186276895e+02
3.599999999999999867e-01 4.296604029922232115e+01 8.506950293186280305e+02
3.699999999999999956e-01 3.445909000603601413e+01 8.506950293186279168e+02
3.799999999999999489e-01 2.595213971284976395e+01 7.403699876007378862e+02
3.900000000000000133e-01 1.965169025402125769e+01 5.692251950495553956e+02
3.999999999999999667e-01 1.456763581185865419e+01 4.429275243933499837e+02
4.099999999999999756e-01 1.079313976615425652e+01 3.366327545909256855e+02
4.199999999999999845e-01 7.834980720040142010e+00 2.656419553978594763e+02
4.299999999999999933e-01 5.480300658197068131e+00 2.113729525834236256e+02
4.399999999999999467e-01 3.607521668371669321e+00 1.671058192208323874e+02
4.499999999999999556e-01 2.138184273780419975e+00 1.307747229304405039e+02
4.599999999999999645e-01 9.920272097628596297e-01 1.014571648021244812e+02
4.699999999999999734e-01 1.090409777379306999e-01 7.785561487919454748e+01
4.799999999999999822e-01 -5.650850878210312844e-01 5.901132050728571699e+01
4.899999999999999911e-01 -1.071185432407783855e+00 4.405245217448950257e+01
5.000000000000000000e-01 -1.446134131310821136e+00 3.191819985354151967e+01
5.100000000000000089e-01 -1.709549429478614213e+00 2.158603719791152642e+01
5.200000000000000178e-01 -1.877854875269051815e+00 1.267925385728903898e+01
5.299999999999999156e-01 -1.963134506624394815e+00 5.359429993422925698e+00
5.400000000000000355e-01 -1.985043475137510338e+00 -2.924300351056723923e-01
5.499999999999999334e-01 -1.957285905922281355e+00 -4.456681149366199080e+00
5.599999999999999423e-01 -1.895909852150186259e+00 -7.389202308539737807e+00
5.699999999999999512e-01 -1.809501859751486696e+00 -9.510326807800296933e+00
5.799999999999999600e-01 -1.705703315994180347e+00 -1.114306217798230492e+01
5.899999999999999689e-01 -1.586640616191840714e+00 -1.243808197313602903e+01
5.999999999999999778e-01 -1.456941676531459784e+00 -1.343739106128947647e+01
6.099999999999999867e-01 -1.317892794966051051e+00 -1.402661186147007477e+01
6.199999999999998845e-01 -1.176409439302058324e+00 -1.388447287622063797e+01
6.300000000000000044e-01 -1.040203337441638398e+00 -1.287845985231072277e+01
6.400000000000000133e-01 -9.188402422558438198e-01 -1.120041842748484484e+01
6.499999999999999112e-01 -8.161949688919414303e-01 -9.340599156152107341e+00
6.600000000000000311e-01 -7.320282591328016730e-01 -7.588199406672666569e+00
6.700000000000000400e-01 -6.644309807584881655e-01 -6.017294594329317903e+00
6.799999999999999378e-01 -6.116823672462153860e-01 -4.710622245104838512e+00
6.899999999999999467e-01 -5.702185358563913731e-01 -3.848494851371486725e+00
7.000000000000000666e-01 -5.347124702187856515e-01 -3.307797126772847207e+00
7.099999999999999645e-01 -5.040625933209345044e-01 -2.850733440714041222e+00
7.199999999999999734e-01 -4.776978014045047960e-01 -2.518310803054116587e+00
7.299999999999998712e-01 -4.536963772598521238e-01 -2.547669585287390071e+00
7.399999999999999911e-01 -4.267444096987569879e-01 -2.895875381033327756e+00
7.500000000000000000e-01 -3.957788696391855709e-01 -3.246604564749809629e+00
7.599999999999998979e-01 -3.618123184037607687e-01 -3.358551046742114465e+00
7.699999999999999067e-01 -3.286078487043432861e-01 -3.221144045048871973e+00
7.800000000000000266e-01 -2.973894375027833492e-01 -2.955798003054629586e+00
7.899999999999999245e-01 -2.694918886432506877e-01 -2.690722579163422612e+00
7.999999999999999334e-01 -2.435749859195149025e-01 -2.510810856791311885e+00
8.100000000000000533e-01 -2.192756715074244689e-01 -2.336734050429217113e+00
8.199999999999999512e-01 -1.968403049109305747e-01 -2.109192339930813009e+00
8.299999999999999600e-01 -1.770918247088082154e-01 -1.842104809044349700e+00
8.399999999999999689e-01 -1.599982087300435840e-01 -1.559539242204974085e+00
8.499999999999999778e-01 -1.459010398647087314e-01 -1.249394926160547037e+00
8.599999999999999867e-01 -1.350103102068326288e-01 -9.727508419864709932e-01
8.699999999999999956e-01 -1.264460230249793149e-01 -7.650736842483962796e-01
8.799999999999998934e-01 -1.197088365218647171e-01 -6.202107943446897309e-01
8.900000000000000133e-01 -1.140418071380855103e-01 -5.265021920989313431e-01
8.999999999999999112e-01 -1.091787926798860886e-01 -5.177073653793613506e-01
9.099999999999999201e-01 -1.036876598304982966e-01 -5.754850924489435249e-01
9.199999999999999289e-01 -9.766909083090721810e-02 -6.583542166937724760e-01
9.299999999999999378e-01 -9.052057549662284597e-02 -7.475345441850624884e-01
9.399999999999999467e-01 -8.271839994720596445e-02 -8.458408235780038309e-01
9.499999999999999556e-01 -7.360375902506276213e-02 -9.330042320078404394e-01
9.599999999999999645e-01 -6.405831530704916843e-02 -1.010205114832929629e+00
9.699999999999999734e-01 -5.339965672840417399e-02 -1.094546165619983746e+00
9.799999999999999822e-01 -4.216739199464948629e-02 -1.131388676254937220e+00
9.899999999999998801e-01 -3.077188320330543139e-02 -1.032434499896658586e+00
1.000000000000000000e+00 -2.151870199671631831e-02 -7.951414518703863177e-01
1.010000000000000009e+00 -1.486905416589770663e-02 -5.413223885572998606e-01
1.020000000000000018e+00 -1.069225422557032110e-02 -3.753430283411091084e-01
1.029999999999999805e+00 -7.362193599075525681e-03 -3.126375257918652117e-01
1.040000000000000036e+00 -4.439503709733018041e-03 -3.019964098813630038e-01
1.050000000000000044e+00 -1.322265401448266325e-03 -2.836393907628227407e-01
1.059999999999999831e+00 1.233284105523437500e-03 -2.222933653028578704e-01
1.069999999999999840e+00 3.123601904608890555e-03 -1.512130296774664151e-01
1.080000000000000071e+00 4.257544699072765212e-03 -8.434646429180800431e-02
1.089999999999999858e+00 4.810531190445051057e-03 -2.395772768409638181e-02
1.099999999999999867e+00 4.736699252754693508e-03 1.728158800393582439e-02
1.109999999999999876e+00 4.464899430366334188e-03 2.564043494133627643e-02
1.119999999999999885e+00 4.223890553927967841e-03 3.022678057411525704e-02
1.129999999999999893e+00 3.860363818884029064e-03 5.197365349519834227e-02
1.139999999999999902e+00 3.184417484024000718e-03 8.019332531923341334e-02
1.149999999999999911e+00 2.256497312499361127e-03 9.351583731891587037e-02
1.159999999999999920e+00 1.314100737645683805e-03 2.047037198829818883e-01
1.169999999999999929e+00 -1.837577085160276361e-03 8.644139762533871452e-02
1.179999999999999938e+00 -4.147272148610903339e-04 -8.988895430318073754e-02
1.189999999999999947e+00 -3.979799909666171745e-05 -2.073636074305451951e-02
1.199999999999999956e+00 0.000000000000000000e+00 -3.979799909666172260e-03
