0.000000000000000000e+00 2.632386808866383490e+02 6.188086876540805861e+02
1.000000000000000021e-02 2.570505940100975408e+02 6.188086876540781986e+02
2.000000000000000042e-02 2.508625071335567895e+02 6.188086876540758112e+02
2.999999999999999889e-02 2.446744202570160382e+02 6.188086876540758112e+02
4.000000000000000083e-02 2.384863333804752870e+02 6.188086876540781986e+02
4.999999999999999584e-02 2.322982465039344788e+02 6.188086876540781986e+02
5.999999999999999778e-02 2.261101596273937275e+02 6.188086876540781986e+02
6.999999999999999278e-02 2.199220727508529194e+02 6.188086876540781986e+02
8.000000000000000167e-02 2.137339858743121681e+02 6.188086876540781986e+02
8.999999999999999667e-02 2.075458989977713600e+02 6.188086876540758112e+02
9.999999999999999167e-02 2.013578121212306371e+02 6.188086876540758112e+02
1.099999999999999867e-01 1.951697252446898290e+02 6.188086876540781986e+02
1.199999999999999956e-01 1.889816383681490777e+02 6.188086876540781986e+02
1.300000000000000044e-01 1.827935514916082695e+02 6.188086876540781986e+02
1.399999999999999856e-01 1.766054646150675183e+02 6.188086876540758112e+02
1.499999999999999944e-01 1.704173777385267670e+02 6.188086876540781986e+02
1.600000000000000033e-01 1.642292908619859588e+02 6.188086876540781986e+02
1.699999999999999845e-01 1.580412039854451791e+02 6.188086876540758112e+02
1.799999999999999933e-01 1.518531171089044278e+02 6.188086876540781986e+02
1.899999999999999745e-01 1.456650302323636197e+02 6.188086876540781986e+02
1.999999999999999833e-01 1.394769433558228684e+02 6.188086876540758112e+02
2.099999999999999922e-01 1.332888564792821171e+02 6.188086876540781986e+02
2.199999999999999734e-01 1.271007696027413090e+02 6.188086876540781986e+02
2.299999999999999822e-01 1.209126827262005435e+02 6.188086876540781986e+02
2.399999999999999911e-01 1.147245958496597353e+02 6.188086876540781986e+02
2.500000000000000000e-01 1.085365089731189840e+02 6.188086876540770618e+02
2.600000000000000089e-01 1.023484220965782043e+02 6.188086876540776302e+02
2.700000000000000178e-01 9.616033522003743883e+01 6.188086876540770618e+02
2.799999999999999711e-01 8.997224834349665912e+01 6.188086876540770618e+02
2.899999999999999800e-01 8.378416146695589362e+01 6.188086876540770618e+02
2.999999999999999889e-01 7.759607459041512811e+01 6.188086876540764933e+02
3.099999999999999423e-01 7.140798771387436261e+01 6.188086876540781986e+02
3.200000000000000067e-01 6.521990083733355448e+01 6.188086876540794492e+02
3.300000000000000155e-01 5.903181396079277476e+01 6.188086876540770618e+02
3.399999999999999689e-01 5.284372708425201637e+01 6.188086876540776302e+02
3.500000000000000333e-01 4.665564020771122244e+01 6.188086876540772892e+02
3.599999999999999867e-01 4.046755333117047115e+01 6.188086876540772892e+02
3.699999999999999956e-01 3.427946645462967723e+01 6.188086876540772892e+02
3.799999999999999489e-01 2.809137957808892594e+01 5.109448295130540032e+02
3.900000000000000133e-01 2.406056986436859901e+01 4.128374423302872742e+02
3.999999999999999667e-01 1.983463073148318401e+01 3.988287304659757524e+02
4.099999999999999756e-01 1.608399525504908567e+01 3.432739113806512705e+02
4.199999999999999845e-01 1.296915250387015739e+01 2.882296328231605003e+02
4.299999999999999933e-01 1.031940259858587616e+01 2.443941910635021202e+02
4.399999999999999467e-01 8.081268682600114772e+00 2.072426682194225691e+02
4.499999999999999556e-01 6.174549234197424852e+00 1.756178301953562766e+02
4.599999999999999645e-01 4.568912078692989098e+00 1.485300006489790690e+02
4.699999999999999734e-01 3.203949221217843757e+00 1.259075708789997918e+02
4.799999999999999822e-01 2.050760661112994043e+00 1.062263816550553059e+02
4.899999999999999911e-01 1.079421588116737940e+00 8.867005873187440557e+01
5.000000000000000000e-01 2.773594864755059564e-01 7.300983282685861298e+01
5.100000000000000089e-01 -3.807750684204342928e-01 5.930865517507974971e+01
5.200000000000000178e-01 -9.088136170260889823e-01 4.722048969129234308e+01
5.299999999999999156e-01 -1.325184862246280959e+00 3.670807860750949914e+01
5.400000000000000355e-01 -1.642975189176278938e+00 2.762836896525524111e+01
5.499999999999999334e-01 -1.877752241551385648e+00 1.981193659908125326e+01
5.599999999999999423e-01 -2.039213921157903897e+00 1.288210402822619294e+01
5.699999999999999512e-01 -2.135394322115909294e+00 6.562223515772247495e+00
5.799999999999999600e-01 -2.170458391473348847e+00 6.593251626590195258e-01
5.899999999999999689e-01 -2.148580825369089897e+00 -4.757441237439163473e+00
5.999999999999999778e-01 -2.075309566724565791e+00 -9.395096200544676535e+00
6.099999999999999867e-01 -1.960678901358196446e+00 -1.270402938973437479e+01
6.199999999999998845e-01 -1.821228978929878339e+00 -1.445285357720648634e+01
6.300000000000000044e-01 -1.671621829814066595e+00 -1.476691443389270830e+01
6.400000000000000133e-01 -1.525890690252024173e+00 -1.397242628571251721e+01
6.499999999999999112e-01 -1.392173304099816322e+00 -1.264359538636875868e+01
6.600000000000000311e-01 -1.273018782524649062e+00 -1.141224826958100635e+01
6.700000000000000400e-01 -1.163928338708196231e+00 -1.050296316575778199e+01
6.799999999999999378e-01 -1.062959519209493386e+00 -9.658680499861723945e+00
6.899999999999999467e-01 -9.707547287109616896e-01 -8.678686219923276823e+00
7.000000000000000666e-01 -8.893857948110278633e-01 -7.515885467477857240e+00
7.099999999999999645e-01 -8.204370193614045625e-01 -6.228465216870602283e+00
7.199999999999999734e-01 -7.648164904736157732e-01 -5.041564154963587896e+00
7.299999999999998712e-01 -7.196057362621328668e-01 -4.304282045404817403e+00
7.399999999999999911e-01 -6.787308495655194340e-01 -4.118971641335198441e+00
7.500000000000000000e-01 -6.372263034354288536e-01 -4.303730864833037906e+00
7.599999999999998979e-01 -5.926562322688586626e-01 -4.573993037769768399e+00
7.699999999999999067e-01 -5.457464426800334723e-01 -4.703440811255297227e+00
7.800000000000000266e-01 -4.985874160437527292e-01 -4.584321113008487103e+00
7.899999999999999245e-01 -4.540600204198637635e-01 -4.337602255406624252e+00
7.999999999999999334e-01 -4.118353709356202819e-01 -4.100940594371813575e+00
8.100000000000000533e-01 -3.720412085324275031e-01 -3.844682529023777828e+00
8.199999999999999512e-01 -3.349417203551446898e-01 -3.641212390751512817e+00
8.299999999999999600e-01 -2.992169607173972290e-01 -3.555612055760658752e+00
8.399999999999999689e-01 -2.638294792399315525e-01 -3.448880611860905887e+00
8.499999999999999778e-01 -2.302393484801791290e-01 -3.190813791864576032e+00
8.599999999999999867e-01 -2.000132034026400329e-01 -2.838792015138399627e+00
8.699999999999999956e-01 -1.734635081774111298e-01 -2.497593784354787960e+00
8.799999999999998934e-01 -1.500613277155442571e-01 -2.169333793172615099e+00
8.900000000000000133e-01 -1.300768323139588345e-01 -1.844326874675370265e+00
8.999999999999999112e-01 -1.131747902220368585e-01 -1.537491200927652235e+00
9.099999999999999201e-01 -9.932700829540579146e-02 -1.249795015716542945e+00
9.199999999999999289e-01 -8.817888990770600399e-02 -1.003715583545483847e+00
9.299999999999999378e-01 -7.925269662449611896e-02 -8.369484609940551767e-01
9.399999999999999467e-01 -7.143992068782489824e-02 -7.164934482078543221e-01
9.499999999999999556e-01 -6.492282766033903585e-02 -6.216960535007938216e-01
9.599999999999999645e-01 -5.900599961780902264e-02 -6.118714710531520939e-01
9.699999999999999734e-01 -5.268539823927598925e-02 -6.927758356069814161e-01
9.799999999999999822e-01 -4.515048290566939931e-02 -7.460677738700753903e-01
9.899999999999998801e-01 -3.776404276187448478e-02 -6.814351067655998184e-01
1.000000000000000000e+00 -3.152178077035740211e-02 -5.542287428909660196e-01
1.010000000000000009e+00 -2.667946790405516244e-02 -4.404818481143206177e-01
1.020000000000000018e+00 -2.271214380807098920e-02 -3.863404722466612928e-01
1.029999999999999805e+00 -1.895265845912193908e-02 -3.595137208826494346e-01
1.040000000000000036e+00 -1.552186939041800065e-02 -3.012332569529410642e-01
1.050000000000000044e+00 -1.292799332006311711e-02 -2.155910756080940960e-01
1.059999999999999831e+00 -1.121004787825611790e-02 -1.476520715704368325e-01
1.069999999999999840e+00 -9.974951888654380247e-03 -1.012011192535992171e-01
1.080000000000000071e+00 -9.186025493184134597e-03 -7.397180589530687189e-02
1.089999999999999858e+00 -8.495515770748241630e-03 -7.392204396810196643e-02
1.099999999999999867e+00 -7.707584613822095546e-03 -6.925228318065436428e-02
1.109999999999999876e+00 -7.110470107135154726e-03 -2.180456593623163880e-02
1.119999999999999885e+00 -7.271493295097462492e-03 5.725062814666475458e-02
1.129999999999999893e+00 -8.255482670068450129e-03 1.159979605746254278e-01
1.139999999999999902e+00 -9.591452506589971672e-03 1.116013232335531929e-01
1.149999999999999911e+00 -1.048750913473951371e-02 3.525658184679440754e-02
1.159999999999999920e+00 -1.029658414352585885e-02 -4.159450795488315866e-01
1.169999999999999929e+00 -2.168607543762881857e-03 -5.003963713919318268e-01
1.179999999999999938e+00 -2.886567156872226294e-04 -1.068562312839591161e-01
1.189999999999999947e+00 -3.148291808369970871e-05 -1.443283578436113483e-02
1.199999999999999956e+00 0.000000000000000000e+00 -3.148291808369970898e-03
