0.000000000000000000e+00 9.436946793476532491e+01 2.380673859507980126e+02
1.000000000000000021e-02 9.198879407525734564e+01 2.380673859507974157e+02
2.000000000000000042e-02 8.960812021574938058e+01 2.380673859507980126e+02
2.999999999999999889e-02 8.722744635624138709e+01 2.380673859507980126e+02
4.000000000000000083e-02 8.484677249673340782e+01 2.380673859507974157e+02
4.999999999999999584e-02 8.246609863722542855e+01 2.380673859507974157e+02
5.999999999999999778e-02 8.008542477771746348e+01 2.380673859507974157e+02
6.999999999999999278e-02 7.770475091820948421e+01 2.380673859507974157e+02
8.000000000000000167e-02 7.532407705870151915e+01 2.380673859507980126e+02
8.999999999999999667e-02 7.294340319919352567e+01 2.380673859507980126e+02
9.999999999999999167e-02 7.056272933968556060e+01 2.380673859507974157e+02
1.099999999999999867e-01 6.818205548017758133e+01 2.380673859507980126e+02
1.199999999999999956e-01 6.580138162066960206e+01 2.380673859507980126e+02
1.300000000000000044e-01 6.342070776116161568e+01 2.380673859507974157e+02
1.399999999999999856e-01 6.104003390165365062e+01 2.380673859507974157e+02
1.499999999999999944e-01 5.865936004214567134e+01 2.380673859507980126e+02
1.600000000000000033e-01 5.627868618263769207e+01 2.380673859507974157e+02
1.699999999999999845e-01 5.389801232312971990e+01 2.380673859507974157e+02
1.799999999999999933e-01 5.151733846362174063e+01 2.380673859507980126e+02
1.899999999999999745e-01 4.913666460411376136e+01 2.380673859507980126e+02
1.999999999999999833e-01 4.675599074460578208e+01 2.380673859507974157e+02
2.099999999999999922e-01 4.437531688509780992e+01 2.380673859507974157e+02
2.199999999999999734e-01 4.199464302558983064e+01 2.380673859507980126e+02
2.299999999999999822e-01 3.961396916608185137e+01 2.380673859507980126e+02
2.399999999999999911e-01 3.723329530657387210e+01 2.380673859507980126e+02
2.500000000000000000e-01 3.485262144706589282e+01 2.380673859507977284e+02
2.600000000000000089e-01 3.247194758755792066e+01 2.380673859507974157e+02
2.700000000000000178e-01 3.009127372804994494e+01 2.380673859507977284e+02
2.799999999999999711e-01 2.771059986854196566e+01 2.380673859507978705e+02
2.899999999999999800e-01 2.532992600903398639e+01 2.380673859507977284e+02
2.999999999999999889e-01 2.294925214952601067e+01 2.380673859507972736e+02
3.099999999999999423e-01 2.056857829001804205e+01 2.380673859507977284e+02
3.200000000000000067e-01 1.818790443051005568e+01 2.380673859507984389e+02
3.300000000000000155e-01 1.580723057100207285e+01 2.380673859507975862e+02
3.399999999999999689e-01 1.342655671149410423e+01 2.380673859507977284e+02
3.500000000000000333e-01 1.104588285198611963e+01 2.380673859507977284e+02
3.599999999999999867e-01 8.665208992478151018e+00 2.380673859507976715e+02
3.699999999999999956e-01 6.284535132970166416e+00 1.978578819822422190e+02
3.799999999999999489e-01 4.708051352833307668e+00 1.396400687643393610e+02
3.900000000000000133e-01 3.491733757683379125e+00 1.094172554977481298e+02
3.999999999999999667e-01 2.519706242878345215e+00 8.783654169991598337e+01
4.099999999999999756e-01 1.735002923685059706e+00 7.099615476694401650e+01
4.199999999999999845e-01 1.099783147539465267e+00 5.735878961014876154e+01
4.299999999999999933e-01 5.878271314820846527e-01 4.607244677026766055e+01
4.399999999999999467e-01 1.783342121341119080e-01 3.664238250252944340e+01
4.499999999999999556e-01 -1.450205185685042031e-01 2.875744237011608107e+01
4.599999999999999645e-01 -3.968146352682096478e-01 2.217920699978033028e+01
4.699999999999999734e-01 -5.886046585641108164e-01 1.667179955991265317e+01
4.799999999999999822e-01 -7.302506264664626601e-01 1.204329217825893750e+01
4.899999999999999911e-01 -8.294705021292895220e-01 8.156301786703640033e+00
5.000000000000000000e-01 -8.933766622005354652e-01 4.904316158678581949e+00
5.100000000000000089e-01 -9.275568253028610988e-01 2.196513007825227071e+00
5.200000000000000178e-01 -9.373069223570400510e-01 -2.552655438819426831e-02
5.299999999999999156e-01 -9.270462942150972108e-01 -1.800663317195761115e+00
5.400000000000000355e-01 -9.012936560131248331e-01 -3.162515516171010788e+00
5.499999999999999334e-01 -8.637959838916769995e-01 -4.134383922461013050e+00
5.599999999999999423e-01 -8.186059775639045188e-01 -4.724441239033291495e+00
5.699999999999999512e-01 -7.693071591110112184e-01 -4.951917500559360086e+00
5.799999999999999600e-01 -7.195676275527173038e-01 -4.851932482349782028e+00
5.899999999999999689e-01 -6.722685094640156178e-01 -4.497024762527130903e+00
5.999999999999999778e-01 -6.296271323021747079e-01 -3.995331586423629400e+00
6.099999999999999867e-01 -5.923618777355430520e-01 -3.465826588211487813e+00
6.199999999999998845e-01 -5.603106005379450139e-01 -2.993188005642053895e+00
6.300000000000000044e-01 -5.324981176227019386e-01 -2.620038607592673596e+00
6.400000000000000133e-01 -5.079098283860915553e-01 -2.356292047305179160e+00
6.499999999999999112e-01 -4.853722766765983798e-01 -2.192802986265784959e+00
6.600000000000000311e-01 -4.640537686607758006e-01 -2.104252327364422470e+00
6.700000000000000400e-01 -4.432872301293099282e-01 -2.073406875184565124e+00
6.799999999999999378e-01 -4.225856311570845292e-01 -2.084562044358986732e+00
6.899999999999999467e-01 -4.015959892421301913e-01 -2.123252380937397987e+00
7.000000000000000666e-01 -3.801205835383365539e-01 -2.172497555800711133e+00
7.099999999999999645e-01 -3.581460381261159509e-01 -2.201892370407516175e+00
7.199999999999999734e-01 -3.360827361301862437e-01 -2.174185920053110177e+00
7.299999999999998712e-01 -3.146623197250537629e-01 -2.067589674514375808e+00
7.399999999999999911e-01 -2.947309426398987409e-01 -1.880716326188241361e+00
7.500000000000000000e-01 -2.770479932012889224e-01 -1.640885385829218057e+00
7.599999999999998979e-01 -2.619132349233143642e-01 -1.402691059435928755e+00
7.699999999999999067e-01 -2.489941720125703750e-01 -1.221134783048239525e+00
7.800000000000000266e-01 -2.374905392623495592e-01 -1.111443725471005450e+00
7.899999999999999245e-01 -2.267652975031502482e-01 -1.051570766959381897e+00
7.999999999999999334e-01 -2.164591239231619391e-01 -1.011641331445191971e+00
8.100000000000000533e-01 -2.065324708742464210e-01 -9.709888156985525542e-01
8.199999999999999512e-01 -1.970393476091908680e-01 -9.251426130545223891e-01
8.299999999999999600e-01 -1.880296186131559799e-01 -8.839269125974678065e-01
8.399999999999999689e-01 -1.793608093572415241e-01 -8.598862832428418868e-01
8.499999999999999778e-01 -1.708318929482991466e-01 -8.626637812409320150e-01
8.599999999999999867e-01 -1.621075337324228982e-01 -8.928497890449673680e-01
8.699999999999999956e-01 -1.529748971673997870e-01 -9.363153740194374297e-01
8.799999999999998934e-01 -1.433812262520341441e-01 -9.717501148252796206e-01
8.900000000000000133e-01 -1.335398948708942102e-01 -9.812325275317930195e-01
8.999999999999999112e-01 -1.237565757013982803e-01 -9.600748318159418870e-01
9.099999999999999201e-01 -1.143383982345753669e-01 -9.151523824621605741e-01
9.199999999999999289e-01 -1.054535280521550766e-01 -8.558536009117871934e-01
9.299999999999999378e-01 -9.722132621633962357e-02 -7.902519170711987950e-01
9.399999999999999467e-01 -8.964848971073109685e-02 -7.304815043049265322e-01
9.499999999999999556e-01 -8.261169613024109404e-02 -6.833456900012628843e-01
9.599999999999999645e-01 -7.598157591070583972e-02 -6.469827799711068694e-01
9.699999999999999734e-01 -6.967204053081894888e-02 -6.185318543698075100e-01
9.799999999999999822e-01 -6.361093882330969007e-02 -5.977965996660504766e-01
9.899999999999998801e-01 -5.771610853749794406e-02 -5.817662278787006924e-01
1.000000000000000000e+00 -5.197561426573567983e-02 -5.627508238273840613e-01
1.010000000000000009e+00 -4.646109206095026117e-02 -5.311624761919168103e-01
1.020000000000000018e+00 -4.135236474189734474e-02 -4.810610799092637779e-01
1.029999999999999805e+00 -3.683987046276498978e-02 -4.178201842315437675e-01
1.040000000000000036e+00 -3.299596105726646661e-02 -3.549505254578754210e-01
1.050000000000000044e+00 -2.974085995360748261e-02 -3.051903591112026248e-01
1.059999999999999831e+00 -2.689215387504241550e-02 -2.734092414467691468e-01
1.069999999999999840e+00 -2.427267512467209953e-02 -2.555735010130352758e-01
1.080000000000000071e+00 -2.178068385478170929e-02 -2.444601685760333099e-01
1.089999999999999858e+00 -1.938347175315143292e-02 -2.340782980077419084e-01
1.099999999999999867e+00 -1.709911789462687307e-02 -2.211469631399708424e-01
1.109999999999999876e+00 -1.496053249035201628e-02 -2.073428785188357049e-01
1.119999999999999885e+00 -1.295226032425015814e-02 -1.955406086721153680e-01
1.129999999999999893e+00 -1.104972031690970927e-02 -1.850675970275427462e-01
1.139999999999999902e+00 -9.250908383699303628e-03 -1.743987121855199995e-01
1.149999999999999911e+00 -7.561746073199308860e-03 -1.638402595662725447e-01
1.159999999999999920e+00 -5.974103192373852664e-03 -2.968857414258462279e-01
1.169999999999999929e+00 -1.624031244682384986e-03 -2.885868732872126641e-01
1.179999999999999938e+00 -2.023657266295993769e-04 -8.026920036921715573e-02
1.189999999999999947e+00 -1.864723729804194713e-05 -1.011828633147996911e-02
1.199999999999999956e+00 0.000000000000000000e+00 -1.864723729804194713e-03
