0.000000000000000000e+00 1.494673542793086654e+02 3.810366449835701133e+02
1.000000000000000021e-02 1.456569878294729676e+02 3.810366449835677258e+02
2.000000000000000042e-02 1.418466213796373268e+02 3.810366449835677258e+02
2.999999999999999889e-02 1.380362549298016290e+02 3.810366449835689195e+02
4.000000000000000083e-02 1.342258884799659313e+02 3.810366449835689195e+02
4.999999999999999584e-02 1.304155220301302336e+02 3.810366449835689195e+02
5.999999999999999778e-02 1.266051555802945643e+02 3.810366449835689195e+02
6.999999999999999278e-02 1.227947891304588666e+02 3.810366449835689195e+02
8.000000000000000167e-02 1.189844226806231831e+02 3.810366449835689195e+02
8.999999999999999667e-02 1.151740562307874853e+02 3.810366449835677258e+02
9.999999999999999167e-02 1.113636897809518302e+02 3.810366449835677258e+02
1.099999999999999867e-01 1.075533233311161325e+02 3.810366449835695448e+02
1.199999999999999956e-01 1.037429568812804490e+02 3.810366449835683511e+02
1.300000000000000044e-01 9.993259043144476550e+01 3.810366449835683511e+02
1.399999999999999856e-01 9.612222398160908199e+01 3.810366449835689195e+02
1.499999999999999944e-01 9.231185753177338427e+01 3.810366449835683511e+02
1.600000000000000033e-01 8.850149108193771497e+01 3.810366449835683511e+02
1.699999999999999845e-01 8.469112463210203146e+01 3.810366449835689195e+02
1.799999999999999933e-01 8.088075818226633373e+01 3.810366449835683511e+02
1.899999999999999745e-01 7.707039173243066443e+01 3.810366449835683511e+02
1.999999999999999833e-01 7.326002528259496671e+01 3.810366449835689195e+02
2.099999999999999922e-01 6.944965883275928320e+01 3.810366449835689195e+02
2.199999999999999734e-01 6.563929238292358548e+01 3.810366449835683511e+02
2.299999999999999822e-01 6.182892593308791618e+01 3.810366449835689195e+02
2.399999999999999911e-01 5.801855948325221135e+01 3.810366449835695448e+02
2.500000000000000000e-01 5.420819303341652784e+01 3.810366449835683511e+02
2.600000000000000089e-01 5.039782658358085143e+01 3.810366449835683511e+02
2.700000000000000178e-01 4.658746013374516082e+01 3.810366449835685785e+02
2.799999999999999711e-01 4.277709368390947731e+01 3.810366449835683511e+02
2.899999999999999800e-01 3.896672723407379380e+01 3.810366449835685785e+02
2.999999999999999889e-01 3.515636078423810318e+01 3.810366449835680100e+02
3.099999999999999423e-01 3.134599433440243388e+01 3.810366449835683511e+02
3.200000000000000067e-01 2.753562788456673971e+01 3.810366449835697722e+02
3.300000000000000155e-01 2.372526143473103843e+01 3.810366449835685785e+02
3.399999999999999689e-01 1.991489498489536913e+01 3.810366449835684080e+02
3.500000000000000333e-01 1.610452853505967141e+01 3.810366449835685216e+02
3.599999999999999867e-01 1.229416208522399856e+01 3.231669301795010938e+02
3.699999999999999956e-01 9.641189931469648755e+00 2.406122162202652817e+02
3.799999999999999489e-01 7.481917760818692642e+00 1.972080379366217073e+02
3.900000000000000133e-01 5.697029172737215319e+00 1.632545504672552568e+02
3.999999999999999667e-01 4.216826751473587542e+00 1.353614384617248732e+02
4.099999999999999756e-01 2.989800403502717696e+00 1.120591425612360865e+02
4.199999999999999845e-01 1.975643900248865936e+00 9.238267040068753033e+01
4.299999999999999933e-01 1.142146995488966921e+00 7.562905038808665381e+01
4.399999999999999467e-01 4.630628924871330598e-01 6.132208463087871309e+01
4.499999999999999556e-01 -8.429469712860725161e-02 4.908688420260693164e+01
4.599999999999999645e-01 -5.186747915650056218e-01 3.865952657329226838e+01
4.699999999999999734e-01 -8.574852285944526420e-01 2.988174966244616115e+01
4.799999999999999822e-01 -1.116309784813928729e+00 2.259588228442587265e+01
4.899999999999999911e-01 -1.309402874282969975e+00 1.658381039058203754e+01
5.000000000000000000e-01 -1.447985992625569596e+00 1.158929208144594902e+01
5.100000000000000089e-01 -1.541188715911888885e+00 7.385537245700547260e+00
5.200000000000000178e-01 -1.595696737539580523e+00 3.809962910332197250e+00
5.299999999999999156e-01 -1.617387974118532856e+00 7.573379106381725734e-01
5.400000000000000355e-01 -1.610843495752343868e+00 -1.843968534086047217e+00
5.499999999999999334e-01 -1.580508603436811876e+00 -4.010520598656464486e+00
5.599999999999999423e-01 -1.530633083779214587e+00 -5.755037482436798690e+00
5.699999999999999512e-01 -1.465407853788075920e+00 -7.070376661658257511e+00
5.799999999999999600e-01 -1.389225550546049570e+00 -7.948560195234644077e+00
5.899999999999999689e-01 -1.306436649883383039e+00 -8.447770509254414861e+00
5.999999999999999778e-01 -1.220270140360961264e+00 -8.691376150477667650e+00
6.099999999999999867e-01 -1.132609126873829863e+00 -8.735406221183517061e+00
6.199999999999998845e-01 -1.045562015937290923e+00 -8.621587229805919961e+00
6.300000000000000044e-01 -9.601773822777114331e-01 -8.427099778801292018e+00
6.400000000000000133e-01 -8.770200203612651402e-01 -8.193636965148993312e+00
6.499999999999999112e-01 -7.963046429747315802e-01 -7.885930151763260731e+00
6.600000000000000311e-01 -7.193014173259999477e-01 -7.459987601457439332e+00
6.700000000000000400e-01 -6.471048909455827669e-01 -6.923054071926260988e+00
6.799999999999999378e-01 -5.808403358874747457e-01 -6.328187023998948391e+00
6.899999999999999467e-01 -5.205411504656037858e-01 -5.751961109550779661e+00
7.000000000000000666e-01 -4.658011136964591015e-01 -5.245140069984747910e+00
7.099999999999999645e-01 -4.156383490659088520e-01 -4.809143247818283839e+00
7.199999999999999734e-01 -3.696182487400934691e-01 -4.410811649584917227e+00
7.299999999999998712e-01 -3.274221160742105119e-01 -4.037709493787269288e+00
7.399999999999999911e-01 -2.888640588643480722e-01 -3.684917243856062452e+00
7.500000000000000000e-01 -2.537237711970892762e-01 -3.352338950965297659e+00
7.599999999999998979e-01 -2.218172798450421257e-01 -3.042541932992214093e+00
7.699999999999999067e-01 -1.928729325372449954e-01 -2.737387247932416834e+00
7.800000000000000266e-01 -1.670695348863937835e-01 -2.385013690619977922e+00
7.899999999999999245e-01 -1.451726587248454436e-01 -1.952431584596277414e+00
7.999999999999999334e-01 -1.280209031944682385e-01 -1.476715550707388580e+00
8.100000000000000533e-01 -1.156383477106976837e-01 -1.045600072226550825e+00
8.199999999999999512e-01 -1.071089017499372298e-01 -7.410580008272633634e-01
8.299999999999999600e-01 -1.008171876941524187e-01 -5.799624686951544428e-01
8.399999999999999689e-01 -9.550965237603414870e-02 -5.168016248386037015e-01
8.499999999999999778e-01 -9.048115519738034185e-02 -4.921285090527116601e-01
8.599999999999999867e-01 -8.566708219497991272e-02 -4.713794130482685807e-01
8.699999999999999956e-01 -8.105356693641496690e-02 -4.326995976772659014e-01
8.799999999999998934e-01 -7.701309024143460080e-02 -3.660596137231498237e-01
8.900000000000000133e-01 -7.373237466195196876e-02 -2.848927781760663969e-01
8.999999999999999112e-01 -7.131523467791327231e-02 -2.219787708098878709e-01
9.099999999999999201e-01 -6.929279924575422467e-02 -1.975866685601793682e-01
9.199999999999999289e-01 -6.736350130670967773e-02 -2.212285728500751614e-01
9.299999999999999378e-01 -6.486822778875271645e-02 -2.953582118688142244e-01
9.399999999999999467e-01 -6.145633706933339990e-02 -3.972057708119623443e-01
9.499999999999999556e-01 -5.692411237251347039e-02 -4.868893181978095619e-01
9.599999999999999645e-01 -5.171855070537721005e-02 -5.342939911316525459e-01
9.699999999999999734e-01 -4.623823254988042308e-02 -5.348604296088761423e-01
9.799999999999999822e-01 -4.102134211319968804e-02 -5.012041018420838601e-01
9.899999999999998801e-01 -3.621415051303874394e-02 -4.593807706596056972e-01
1.000000000000000000e+00 -3.183372670000757243e-02 -4.283196668234962035e-01
1.010000000000000009e+00 -2.764775717656882056e-02 -4.098402804515627884e-01
1.020000000000000018e+00 -2.363692109097631847e-02 -3.944765791380264730e-01
1.029999999999999805e+00 -1.975822559380829499e-02 -3.798356748375036895e-01
1.040000000000000036e+00 -1.604020759422624537e-02 -3.641183591186890056e-01
1.050000000000000044e+00 -1.247585841143451432e-02 -3.437525415271378004e-01
1.059999999999999831e+00 -9.165156763683490401e-03 -3.127436114119238608e-01
1.069999999999999840e+00 -6.220986183196037730e-03 -2.704572608741787620e-01
1.080000000000000071e+00 -3.756011546199915230e-03 -2.195306577544966775e-01
1.089999999999999858e+00 -1.830373028106104839e-03 -1.674781021029332628e-01
1.099999999999999867e+00 -4.064495041412498214e-04 -1.212536075963041443e-01
1.109999999999999876e+00 5.946991238199779992e-04 -8.272045318139098491e-02
1.119999999999999885e+00 1.247959559486569794e-03 -5.031896264381992973e-02
1.129999999999999893e+00 1.601078376696376485e-03 -2.464835724466527683e-02
1.139999999999999902e+00 1.740926704379875452e-03 -7.293564064205038631e-03
1.149999999999999911e+00 1.746949657980477206e-03 3.707423456941270467e-03
1.159999999999999920e+00 1.666778235241050000e-03 1.661121090734896458e-02
1.169999999999999929e+00 1.414725439833497888e-03 6.901014775224528774e-02
1.179999999999999938e+00 2.865752801961444032e-04 6.938254628223770870e-02
1.189999999999999947e+00 2.707451418874402097e-05 1.432876400980722179e-02
1.199999999999999956e+00 0.000000000000000000e+00 2.707451418874402219e-03
