0.000000000000000000e+00 1.860375465089015279e+02 6.436042427225449956e+02
1.000000000000000021e-02 1.796015040816760973e+02 6.436042427225449956e+02
2.000000000000000042e-02 1.731654616544506382e+02 6.436042427225461324e+02
2.999999999999999889e-02 1.667294192272251507e+02 6.436042427225461324e+02
4.000000000000000083e-02 1.602933767999997201e+02 6.436042427225449956e+02
4.999999999999999584e-02 1.538573343727742611e+02 6.436042427225461324e+02
5.999999999999999778e-02 1.474212919455488020e+02 6.436042427225461324e+02
6.999999999999999278e-02 1.409852495183233430e+02 6.436042427225461324e+02
8.000000000000000167e-02 1.345492070910978555e+02 6.436042427225449956e+02
8.999999999999999667e-02 1.281131646638724533e+02 6.436042427225449956e+02
9.999999999999999167e-02 1.216771222366469658e+02 6.436042427225461324e+02
1.099999999999999867e-01 1.152410798094215210e+02 6.436042427225461324e+02
1.199999999999999956e-01 1.088050373821960477e+02 6.436042427225461324e+02
1.300000000000000044e-01 1.023689949549705887e+02 6.436042427225449956e+02
1.399999999999999856e-01 9.593295252774514381e+01 6.436042427225456777e+02
1.499999999999999944e-01 8.949691010051968476e+01 6.436042427225456777e+02
1.600000000000000033e-01 8.306086767329423992e+01 6.436042427225456777e+02
1.699999999999999845e-01 7.662482524606876666e+01 6.436042427225456777e+02
1.799999999999999933e-01 7.018878281884332182e+01 6.436042427225456777e+02
1.899999999999999745e-01 6.375274039161786277e+01 6.436042427225461324e+02
1.999999999999999833e-01 5.731669796439239661e+01 6.436042427225459051e+02
2.099999999999999922e-01 5.088065553716694467e+01 6.436042427225456777e+02
2.199999999999999734e-01 4.444461310994148562e+01 6.436042427225456777e+02
2.299999999999999822e-01 3.800857068271603367e+01 6.436042427225464735e+02
2.399999999999999911e-01 3.157252825549056041e+01 6.436042427225467009e+02
2.500000000000000000e-01 2.513648582826510136e+01 6.436042427225456777e+02
2.600000000000000089e-01 1.870044340103964586e+01 6.436042427225456777e+02
2.700000000000000178e-01 1.226440097381418859e+01 6.436042427225456777e+02
2.799999999999999711e-01 5.828358546588732203e+00 4.502568095056268476e+02
2.899999999999999800e-01 3.259264783701652846e+00 2.270844588805711055e+02
2.999999999999999889e-01 1.286669368977310768e+00 1.639621635710544183e+02
3.099999999999999423e-01 -1.997848771943523671e-02 1.133844872597893385e+02
3.200000000000000067e-01 -9.810203762184760423e-01 8.490803960935356542e+01
3.300000000000000155e-01 -1.718139279906506500e+00 6.714702028284986568e+01
3.399999999999999689e-01 -2.323960781875473280e+00 5.456839319149686673e+01
3.500000000000000333e-01 -2.809507143736443613e+00 4.388955639246442075e+01
3.599999999999999867e-01 -3.201751909724761536e+00 3.319762806841614378e+01
3.699999999999999956e-01 -3.473459705104766648e+00 2.035663255327130372e+01
3.799999999999999489e-01 -3.608884560790187823e+00 8.708010669961897321e+00
3.900000000000000133e-01 -3.647619918504004577e+00 -2.025600852873139512e+00
3.999999999999999667e-01 -3.568372543732725166e+00 -1.484602772702391782e+01
4.099999999999999756e-01 -3.350699363963526078e+00 -2.642633196672874263e+01
4.199999999999999845e-01 -3.039845904398150278e+00 -3.257391256396986989e+01
4.299999999999999933e-01 -2.699221112684128787e+00 -3.152279370481264564e+01
4.399999999999999467e-01 -2.409390030301897134e+00 -2.602526577872272640e+01
4.499999999999999556e-01 -2.178715797109674224e+00 -2.101823843384413593e+01
4.599999999999999645e-01 -1.989025261625014585e+00 -1.603239045250717965e+01
4.699999999999999734e-01 -1.858067988059530773e+00 -1.367227577546959161e+01
4.799999999999999822e-01 -1.715579746115622806e+00 -1.198023063672027355e+01
4.899999999999999911e-01 -1.618463375325125408e+00 -1.064576729588767812e+01
5.000000000000000000e-01 -1.502664400197869288e+00 -8.090547477921175457e+00
5.100000000000000089e-01 -1.456652425766701953e+00 -4.819770775913863936e+00
5.200000000000000178e-01 -1.406268984679591938e+00 -4.747783914950105100e+00
5.299999999999999156e-01 -1.361696747467699753e+00 -5.266987733714146636e+00
5.400000000000000355e-01 -1.300929230005309023e+00 -6.464656079149812662e+00
5.499999999999999334e-01 -1.232403625884703535e+00 -7.824979950480573265e+00
5.599999999999999423e-01 -1.144429630995697611e+00 -7.904173790940886235e+00
5.699999999999999512e-01 -1.074320150065885882e+00 -9.758714428612959679e+00
5.799999999999999600e-01 -9.492553424234384529e-01 -1.402764871098111499e+01
5.899999999999999689e-01 -7.937671758462635507e-01 -1.648786679420688372e+01
5.999999999999999778e-01 -6.194980065393007607e-01 -1.483930012371855689e+01
6.099999999999999867e-01 -4.969811733718924596e-01 -1.229425802796789746e+01
6.199999999999998845e-01 -3.736128459799428758e-01 -1.130338157360699824e+01
6.300000000000000044e-01 -2.709135418997524747e-01 -9.477277805731224802e+00
6.400000000000000133e-01 -1.840672898653183398e-01 -5.330351237608615733e+00
6.499999999999999112e-01 -1.643065171475801833e-01 -3.073186434796012501e-01
6.600000000000000311e-01 -1.779209169957263192e-01 2.063670911702151223e+00
6.700000000000000400e-01 -2.055799353816231967e-01 3.343821796233085397e+00
6.799999999999999378e-01 -2.447973529203880394e-01 5.851348205347488118e+00
6.899999999999999467e-01 -3.226068994885729624e-01 9.725061335735366796e+00
7.000000000000000666e-01 -4.392985796350953320e-01 1.185259859128102278e+01
7.099999999999999645e-01 -5.596588713141933402e-01 1.300684479099106738e+01
7.199999999999999734e-01 -6.994354754549166886e-01 1.467117074494443862e+01
7.299999999999998712e-01 -8.530822862130821305e-01 1.496436417753421111e+01
7.399999999999999911e-01 -9.987227590056008131e-01 1.521507938123202486e+01
7.500000000000000000e-01 -1.157383873837722676e+00 1.508908247098281841e+01
7.599999999999998979e-01 -1.300504408425257274e+00 1.257558755149575092e+01
7.699999999999999067e-01 -1.408895624867637641e+00 9.920368866850425960e+00
7.800000000000000266e-01 -1.498911785762265803e+00 8.185573254206992999e+00
7.899999999999999245e-01 -1.572607089951777448e+00 5.655546596895182354e+00
7.999999999999999334e-01 -1.612022717700169361e+00 3.661330660928924896e+00
8.100000000000000533e-01 -1.645833703170355822e+00 2.067732196491674834e+00
8.199999999999999512e-01 -1.653377361630002929e+00 -3.470536733725016268e-03
8.299999999999999600e-01 -1.645764292435681453e+00 -1.679767875382686571e+00
8.399999999999999689e-01 -1.619782004122349184e+00 -3.129339803120838148e+00
8.499999999999999778e-01 -1.583177496373264770e+00 -3.576664042391894061e+00
8.599999999999999867e-01 -1.548248723274511240e+00 -4.914374337414648686e+00
8.699999999999999956e-01 -1.484890009624971752e+00 -6.841466763023073661e+00
8.799999999999998934e-01 -1.411419388014049758e+00 -7.745344736718814183e+00
8.900000000000000133e-01 -1.329983114890595397e+00 -7.952509322933192237e+00
8.999999999999999112e-01 -1.252369201555386002e+00 -7.188365901692546522e+00
9.099999999999999201e-01 -1.186215796856744609e+00 -7.933588429064620584e+00
9.199999999999999289e-01 -1.093697432974093608e+00 -9.411021639912178216e+00
9.299999999999999378e-01 -9.979953640585009778e-01 -9.237871607042228206e+00
9.399999999999999467e-01 -9.089400008332489955e-01 -9.832143324842862242e+00
9.499999999999999556e-01 -8.013524975616437285e-01 -9.786038128462410057e+00
9.599999999999999645e-01 -7.132192382640007988e-01 -9.565959872424382837e+00
9.699999999999999734e-01 -6.100333001131560406e-01 -1.003909241613174252e+01
9.799999999999999822e-01 -5.124373899413658950e-01 -9.617449932281209257e+00
9.899999999999998801e-01 -4.176843014675318821e-01 -7.735985960624550906e+00
1.000000000000000000e+00 -3.577176707288749480e-01 -6.077887428200743791e+00
1.010000000000000009e+00 -2.961265529035169708e-01 -7.288517332400124005e+00
1.020000000000000018e+00 -2.119473240808724956e-01 -7.443332277491095716e+00
1.029999999999999805e+00 -1.472599073536950964e-01 -5.664000308697143105e+00
1.040000000000000036e+00 -9.866731790692964688e-02 -4.892717795750797904e+00
1.050000000000000044e+00 -4.940555143867916138e-02 -3.697417699064118324e+00
1.059999999999999831e+00 -2.471896392564728456e-02 -2.502243755338271924e+00
1.069999999999999840e+00 6.393236680862751219e-04 -1.723261950621794547e+00
1.080000000000000071e+00 9.746275086788601036e-03 -1.128932262348569804e+00
1.089999999999999858e+00 2.321796891505767055e-02 -5.304944496783374763e-01
1.099999999999999867e+00 2.035616408035535035e-02 3.255009875399150765e-02
1.109999999999999876e+00 2.256696693997783942e-02 -6.366669543730431036e-01
1.119999999999999885e+00 3.308950316781621159e-02 -1.030258948296702837e-01
1.129999999999999893e+00 2.462748483657124440e-02 7.252297158639061658e-01
1.139999999999999902e+00 1.858490885053808855e-02 6.905810376529397665e-01
1.149999999999999911e+00 1.081586408351244838e-02 5.342171189461566438e-01
1.159999999999999920e+00 7.900566471614958383e-03 2.409838521640997044e-01
1.169999999999999929e+00 5.996187040230455297e-03 3.381092471951933076e-01
1.179999999999999938e+00 1.138381527711092430e-03 2.952502545505604203e-01
1.189999999999999947e+00 9.118194921924750826e-05 5.691907638555462196e-02
1.199999999999999956e+00 0.000000000000000000e+00 9.118194921924749688e-03
