0.000000000000000000e+00 2.997587786548338045e+02 1.119991855335417995e+03
1.000000000000000021e-02 2.885588601014796382e+02 1.119991855335422770e+03
2.000000000000000042e-02 2.773589415481253582e+02 1.119991855335422770e+03
2.999999999999999889e-02 2.661590229947711919e+02 1.119991855335417995e+03
4.000000000000000083e-02 2.549591044414169971e+02 1.119991855335417995e+03
4.999999999999999584e-02 2.437591858880628308e+02 1.119991855335422770e+03
5.999999999999999778e-02 2.325592673347085508e+02 1.119991855335422770e+03
6.999999999999999278e-02 2.213593487813543845e+02 1.119991855335421633e+03
8.000000000000000167e-02 2.101594302280001330e+02 1.119991855335421633e+03
8.999999999999999667e-02 1.989595116746459382e+02 1.119991855335421633e+03
9.999999999999999167e-02 1.877595931212916867e+02 1.119991855335422770e+03
1.099999999999999867e-01 1.765596745679374919e+02 1.119991855335421633e+03
1.199999999999999956e-01 1.653597560145832688e+02 1.119991855335421633e+03
1.300000000000000044e-01 1.541598374612290741e+02 1.119991855335420269e+03
1.399999999999999856e-01 1.429599189078748509e+02 1.119991855335420269e+03
1.499999999999999944e-01 1.317600003545206562e+02 1.119991855335421633e+03
1.600000000000000033e-01 1.205600818011664330e+02 1.119991855335421633e+03
1.699999999999999845e-01 1.093601632478122241e+02 1.119991855335420951e+03
1.799999999999999933e-01 9.816024469445801515e+01 1.119991855335420951e+03
1.899999999999999745e-01 8.696032614110380621e+01 1.119991855335420951e+03
1.999999999999999833e-01 7.576040758774959727e+01 1.119991855335420951e+03
2.099999999999999922e-01 6.456048903439538833e+01 1.119991855335420951e+03
2.199999999999999734e-01 5.336057048104117939e+01 1.119991855335421633e+03
2.299999999999999822e-01 4.216065192768696335e+01 1.119991855335422997e+03
2.399999999999999911e-01 3.096073337433272243e+01 1.119991855335422770e+03
2.500000000000000000e-01 1.976081482097851350e+01 1.119991855335420951e+03
2.600000000000000089e-01 8.560896267624304556e+00 7.135861281713272319e+02
2.700000000000000178e-01 5.489092257551971166e+00 2.438088080930214403e+02
2.799999999999999711e-01 3.684720105763874987e+00 1.511870259624446362e+02
2.899999999999999800e-01 2.465351738303078744e+00 1.044857808490226603e+02
2.999999999999999889e-01 1.595004488783421381e+00 7.640001943088829250e+01
3.099999999999999423e-01 9.373513496853129734e-01 5.939740354832694180e+01
3.200000000000000067e-01 4.070564178168826208e-01 4.947783595667826972e+01
3.300000000000000155e-01 -5.220536944825247827e-02 4.390037641134336610e+01
3.399999999999999689e-01 -4.709511104099847190e-01 4.034439036589660077e+01
3.500000000000000333e-01 -8.590931767661844631e-01 3.679075649427640826e+01
3.599999999999999867e-01 -1.206766240295512826e+00 3.149946788477178927e+01
3.699999999999999956e-01 -1.489082534461620311e+00 2.351297298582962370e+01
3.799999999999999489e-01 -1.677025700012105380e+00 1.315364725877210006e+01
3.900000000000000133e-01 -1.752155479637062196e+00 1.949385303666432145e+00
3.999999999999999667e-01 -1.716013406085433957e+00 -8.024048553458559496e+00
4.099999999999999756e-01 -1.591674508567890944e+00 -1.500270567008137057e+01
4.199999999999999845e-01 -1.415959292683806492e+00 -1.770453059964192022e+01
4.299999999999999933e-01 -1.237583896575052744e+00 -1.558587426060076986e+01
4.399999999999999467e-01 -1.104241807471791237e+00 -9.617860938315187624e+00
4.499999999999999556e-01 -1.045226677808748894e+00 -2.746718507096092665e+00
4.599999999999999645e-01 -1.049307437329869419e+00 1.949037145004304916e+00
4.699999999999999734e-01 -1.084207420708835024e+00 3.698660590170115281e+00
4.799999999999999822e-01 -1.123280649133271636e+00 3.690907441807198985e+00
4.899999999999999911e-01 -1.158025569544979039e+00 3.098271667716573585e+00
5.000000000000000000e-01 -1.185246082487602992e+00 2.230759089771755743e+00
5.100000000000000089e-01 -1.202640751340414038e+00 9.297850375501266473e-01
5.200000000000000178e-01 -1.203841783238605689e+00 -1.035032256978661414e+00
5.299999999999999156e-01 -1.181940106200840779e+00 -3.623166105378613722e+00
5.400000000000000355e-01 -1.131378461131033353e+00 -6.565138726377041323e+00
5.499999999999999334e-01 -1.050637331673299979e+00 -9.382218059297395385e+00
5.599999999999999423e-01 -9.437340999450855028e-01 -1.153356456934450947e+01
5.699999999999999512e-01 -8.199660402864099584e-01 -1.272007914181490662e+01
5.799999999999999600e-01 -6.893325171087872905e-01 -1.285387960659365625e+01
5.899999999999999689e-01 -5.628884481545368690e-01 -1.197078606286607183e+01
5.999999999999999778e-01 -4.499167958514658783e-01 -1.026540262124169622e+01
6.099999999999999867e-01 -3.575803957297029601e-01 -7.942491896055330791e+00
6.199999999999998845e-01 -2.910669579303593046e-01 -5.324628393659017966e+00
6.300000000000000044e-01 -2.510878278565226163e-01 -2.757992940670495940e+00
6.400000000000000133e-01 -2.359070991169493758e-01 -6.094567791673726198e-01
6.499999999999999112e-01 -2.388986922731751450e-01 9.656250002290582835e-01
6.600000000000000311e-01 -2.552195991215305271e-01 1.989675787668239382e+00
6.700000000000000400e-01 -2.786922080265399337e-01 2.442310971337644077e+00
6.799999999999999378e-01 -3.040658185482834064e-01 2.388479394175980985e+00
6.899999999999999467e-01 -3.264617959100595268e-01 1.904277873023043632e+00
7.000000000000000666e-01 -3.421513760087442901e-01 1.225231348290551248e+00
7.099999999999999645e-01 -3.509664228758705429e-01 6.128275874348264596e-01
7.199999999999999734e-01 -3.544079277574408438e-01 2.464883297302915555e-01
7.299999999999998712e-01 -3.558961894704764095e-01 2.745646816581149285e-01
7.399999999999999911e-01 -3.598992213906031523e-01 6.152983055501913823e-01
7.500000000000000000e-01 -3.682021555814802283e-01 1.068093100361414916e+00
7.599999999999998979e-01 -3.812610833978314351e-01 1.466198255593452959e+00
7.699999999999999067e-01 -3.975261206933492497e-01 1.749959546524668674e+00
7.800000000000000266e-01 -4.162602743283247975e-01 1.898438517076584731e+00
7.899999999999999245e-01 -4.354948910348809821e-01 1.884674120326836233e+00
7.999999999999999334e-01 -4.539537567348614910e-01 1.796235444555564387e+00
8.100000000000000533e-01 -4.714195999259922498e-01 1.634400849956997082e+00
8.199999999999999512e-01 -4.866417737340014704e-01 1.226103294260909582e+00
8.299999999999999600e-01 -4.959416658112104637e-01 5.351501490275951678e-01
8.399999999999999689e-01 -4.973447767145533494e-01 -2.843003359793792595e-01
8.499999999999999778e-01 -4.902556590916228862e-01 -9.967125349354716279e-01
8.599999999999999867e-01 -4.774105260158439390e-01 -1.513933664034320170e+00
8.699999999999999956e-01 -4.599769858109364340e-01 -1.783799793028396641e+00
8.799999999999998934e-01 -4.417345301552759729e-01 -1.810249417003690686e+00
8.900000000000000133e-01 -4.237719974708626380e-01 -1.694021121161757737e+00
8.999999999999999112e-01 -4.078541077320408381e-01 -1.492865671113666748e+00
9.099999999999999201e-01 -3.939146840485893142e-01 -1.191573781629654771e+00
9.199999999999999289e-01 -3.840226320994477582e-01 -8.464720666879973487e-01
9.299999999999999378e-01 -3.769852427148293605e-01 -5.726824792153389909e-01
9.399999999999999467e-01 -3.725689825151409784e-01 -4.297730970670371464e-01
9.499999999999999556e-01 -3.683897807734886065e-01 -4.986585123884483273e-01
9.599999999999999645e-01 -3.625958122673720307e-01 -8.698838433682712923e-01
9.699999999999999734e-01 -3.509921039061231762e-01 -1.489222400665572321e+00
9.799999999999999822e-01 -3.328113642540605488e-01 -2.034534400952875632e+00
9.899999999999998801e-01 -3.103014158870656680e-01 -2.218166174937311386e+00
1.000000000000000000e+00 -2.884480407553143277e-01 -2.024225075065924084e+00
1.010000000000000009e+00 -2.698169143857472307e-01 -1.662450167985813465e+00
1.020000000000000018e+00 -2.551990373955980718e-01 -1.322022968203014237e+00
1.029999999999999805e+00 -2.433764550216869493e-01 -1.148254789983873314e+00
1.040000000000000036e+00 -2.322339415959205899e-01 -1.216862039503823878e+00
1.050000000000000044e+00 -2.190392142316104629e-01 -1.483781370416731971e+00
1.059999999999999831e+00 -2.025583141875859639e-01 -1.781550137874654549e+00
1.069999999999999840e+00 -1.834082114741173719e-01 -1.987736095164852834e+00
1.080000000000000071e+00 -1.628035922842888950e-01 -2.271958039821643016e+00
1.089999999999999858e+00 -1.379690506776845016e-01 -2.755632766231222774e+00
1.099999999999999867e+00 -1.076909369596644600e-01 -3.092050421033232244e+00
1.109999999999999876e+00 -7.612804225701988448e-02 -3.050849902491934440e+00
1.119999999999999885e+00 -4.667393890982576843e-02 -2.677505523752971683e+00
1.129999999999999893e+00 -2.257793178196045372e-02 -2.102078584097403446e+00
1.139999999999999902e+00 -4.632367227877698564e-03 -1.499350271668052903e+00
1.149999999999999911e+00 7.409073651400603124e-03 -9.366573664280359868e-01
1.159999999999999920e+00 1.410078010068302294e-02 -8.099806066386404380e-02
1.169999999999999929e+00 9.029034864677883132e-03 6.326954812477513235e-01
1.179999999999999938e+00 1.446870475727995682e-03 4.448329612537253452e-01
1.189999999999999947e+00 1.323756396033770220e-04 7.234352378639978542e-02
1.199999999999999956e+00 0.000000000000000000e+00 1.323756396033770426e-02
