0.000000000000000000e+00 1.463937806342677561e+02 3.413996318868601634e+02
1.000000000000000021e-02 1.429797843153991721e+02 3.413996318868577760e+02
2.000000000000000042e-02 1.395657879965306165e+02 3.413996318868577760e+02
2.999999999999999889e-02 1.361517916776620041e+02 3.413996318868577760e+02
4.000000000000000083e-02 1.327377953587934485e+02 3.413996318868577760e+02
4.999999999999999584e-02 1.293237990399248645e+02 3.413996318868577760e+02
5.999999999999999778e-02 1.259098027210562947e+02 3.413996318868577760e+02
6.999999999999999278e-02 1.224958064021876964e+02 3.413996318868577760e+02
8.000000000000000167e-02 1.190818100833191409e+02 3.413996318868565822e+02
8.999999999999999667e-02 1.156678137644505711e+02 3.413996318868577760e+02
9.999999999999999167e-02 1.122538174455819870e+02 3.413996318868577760e+02
1.099999999999999867e-01 1.088398211267134172e+02 3.413996318868577760e+02
1.199999999999999956e-01 1.054258248078448332e+02 3.413996318868572075e+02
1.300000000000000044e-01 1.020118284889762634e+02 3.413996318868572075e+02
1.399999999999999856e-01 9.859783217010769363e+01 3.413996318868577760e+02
1.499999999999999944e-01 9.518383585123910962e+01 3.413996318868577760e+02
1.600000000000000033e-01 9.176983953237053981e+01 3.413996318868577760e+02
1.699999999999999845e-01 8.835584321350195580e+01 3.413996318868577760e+02
1.799999999999999933e-01 8.494184689463338600e+01 3.413996318868572075e+02
1.899999999999999745e-01 8.152785057576481620e+01 3.413996318868572075e+02
1.999999999999999833e-01 7.811385425689623219e+01 3.413996318868577760e+02
2.099999999999999922e-01 7.469985793802766239e+01 3.413996318868577760e+02
2.199999999999999734e-01 7.128586161915907837e+01 3.413996318868577760e+02
2.299999999999999822e-01 6.787186530029050857e+01 3.413996318868577760e+02
2.399999999999999911e-01 6.445786898142192456e+01 3.413996318868577760e+02
2.500000000000000000e-01 6.104387266255334765e+01 3.413996318868577760e+02
2.600000000000000089e-01 5.762987634368477075e+01 3.413996318868577760e+02
2.700000000000000178e-01 5.421588002481619384e+01 3.413996318868577760e+02
2.799999999999999711e-01 5.080188370594761693e+01 3.413996318868574917e+02
2.899999999999999800e-01 4.738788738707904002e+01 3.413996318868574917e+02
2.999999999999999889e-01 4.397389106821046312e+01 3.413996318868572075e+02
3.099999999999999423e-01 4.055989474934190042e+01 3.413996318868574917e+02
3.200000000000000067e-01 3.714589843047331641e+01 3.413996318868586854e+02
3.300000000000000155e-01 3.373190211160472529e+01 3.413996318868577760e+02
3.399999999999999689e-01 3.031790579273615904e+01 3.413996318868577760e+02
3.500000000000000333e-01 2.690390947386756793e+01 3.413996318868574917e+02
3.599999999999999867e-01 2.348991315499900878e+01 3.413996318868574917e+02
3.699999999999999956e-01 2.007591683613042122e+01 3.413996318868576623e+02
3.799999999999999489e-01 1.666192051726185852e+01 3.413996318868574917e+02
3.900000000000000133e-01 1.324792419839327096e+01 3.413996318868575486e+02
3.999999999999999667e-01 9.833927879524706483e+00 2.844000185723317600e+02
4.099999999999999756e-01 7.559923826946635117e+00 2.026848002143495648e+02
4.199999999999999845e-01 5.780231875237714867e+00 1.610220331522919821e+02
4.299999999999999933e-01 4.339483163900795581e+00 1.313256307600377113e+02
4.399999999999999467e-01 3.153719260036961014e+00 1.078474410338733378e+02
4.499999999999999556e-01 2.182534343223329287e+00 8.863729844554892168e+01
4.599999999999999645e-01 1.380973291125982660e+00 7.308444681231031836e+01
4.699999999999999734e-01 7.208454069771228490e-01 6.021196876212005122e+01
4.799999999999999822e-01 1.767339158835817547e-01 4.932441602456965768e+01
4.899999999999999911e-01 -2.656429135142700515e-01 4.003393087555360808e+01
5.000000000000000000e-01 -6.239447016274902724e-01 3.232097490707054988e+01
5.100000000000000089e-01 -9.120624116556811378e-01 2.568605143560140647e+01
5.200000000000000178e-01 -1.137665730339518344e+00 1.975350535761891990e+01
5.299999999999999156e-01 -1.307132518808059363e+00 1.459261668857384997e+01
5.400000000000000355e-01 -1.429518064110995246e+00 1.048823306332268324e+01
5.499999999999999334e-01 -1.516897180074513019e+00 7.455800076517639319e+00
5.599999999999999423e-01 -1.578634065641348005e+00 5.196547905428678504e+00
5.699999999999999512e-01 -1.620828138183086686e+00 3.354095540127272290e+00
5.799999999999999600e-01 -1.645715976443893558e+00 1.686658360959644831e+00
5.899999999999999689e-01 -1.654561305402279636e+00 7.565979747239888475e-02
5.999999999999999778e-01 -1.647229172393341434e+00 -1.420822381493870745e+00
6.099999999999999867e-01 -1.626144857772402030e+00 -2.748568395704202860e+00
6.199999999999998845e-01 -1.592257804479257466e+00 -3.925628443428733405e+00
6.300000000000000044e-01 -1.547632288903827424e+00 -4.897401173842578004e+00
6.400000000000000133e-01 -1.494309781002405968e+00 -5.615612842609077227e+00
6.499999999999999112e-01 -1.435320032051645933e+00 -6.094939027250996233e+00
6.600000000000000311e-01 -1.372411000457385954e+00 -6.347531570661872458e+00
6.700000000000000400e-01 -1.308369400638408564e+00 -6.339570833144057893e+00
6.799999999999999378e-01 -1.245619583794504770e+00 -6.136402266139179495e+00
6.899999999999999467e-01 -1.185641355315624867e+00 -5.868984215601717125e+00
7.000000000000000666e-01 -1.128239899482470499e+00 -5.658162413876948627e+00
7.099999999999999645e-01 -1.072478107038085993e+00 -5.575708074747201870e+00
7.199999999999999734e-01 -1.016725737987526523e+00 -5.641481740555512658e+00
7.299999999999998712e-01 -9.596484722269756906e-01 -5.744234474183226524e+00
7.399999999999999911e-01 -9.018410485038620417e-01 -5.721420008273934599e+00
7.500000000000000000e-01 -8.452200720614970741e-01 -5.555793525950057266e+00
7.599999999999998979e-01 -7.907251779848608608e-01 -5.314087405036328704e+00
7.699999999999999067e-01 -7.389383239607704157e-01 -4.999930744851238451e+00
7.800000000000000266e-01 -6.907265630878360874e-01 -4.607328747290451609e+00
7.899999999999999245e-01 -6.467917490149613924e-01 -4.188052640094921841e+00
7.999999999999999334e-01 -6.069655102859377038e-01 -3.805838116013060990e+00
8.100000000000000533e-01 -5.706749866947001815e-01 -3.480526903354217438e+00
8.199999999999999512e-01 -5.373549722188533107e-01 -3.221033123510992802e+00
8.299999999999999600e-01 -5.062543242244803565e-01 -3.011039570125727316e+00
8.399999999999999689e-01 -4.771341808163387932e-01 -2.831904084977881819e+00
8.499999999999999778e-01 -4.496162425249227157e-01 -2.689251763179428156e+00
8.599999999999999867e-01 -4.233491455527502167e-01 -2.554424215091409156e+00
8.699999999999999956e-01 -3.985277582230945526e-01 -2.388295627896013240e+00
8.799999999999998934e-01 -3.755832329948299853e-01 -2.194876166672527162e+00
8.900000000000000133e-01 -3.546302348896440138e-01 -2.032455007923685386e+00
8.999999999999999112e-01 -3.349341328363562575e-01 -1.943595005538442555e+00
9.099999999999999201e-01 -3.157583347788751604e-01 -1.888500927169706634e+00
9.199999999999999289e-01 -2.971641142929621338e-01 -1.818602148584771649e+00
9.299999999999999378e-01 -2.793862918071797208e-01 -1.728292428229890154e+00
9.399999999999999467e-01 -2.625982657283643662e-01 -1.627069908889987149e+00
9.499999999999999556e-01 -2.468448936293800022e-01 -1.526323100013004197e+00
9.599999999999999645e-01 -2.320718037281042645e-01 -1.431863256643435278e+00
9.699999999999999734e-01 -2.182076284965112911e-01 -1.362375615765695880e+00
9.799999999999999822e-01 -2.048242914127903491e-01 -1.331351524215905524e+00
9.899999999999998801e-01 -1.915805980121931817e-01 -1.331923637908353886e+00
1.000000000000000000e+00 -1.781858186546232681e-01 -1.340757280943026597e+00
1.010000000000000009e+00 -1.647654523933326509e-01 -1.337013360308201726e+00
1.020000000000000018e+00 -1.514455514484592258e-01 -1.319717795604734345e+00
1.029999999999999805e+00 -1.383710964812379651e-01 -1.288164713754498925e+00
1.040000000000000036e+00 -1.256822571733692551e-01 -1.240640316992290604e+00
1.050000000000000044e+00 -1.135582901413921680e-01 -1.184185648410488900e+00
1.059999999999999831e+00 -1.019985442051594832e-01 -1.121875081062956969e+00
1.069999999999999840e+00 -9.112078852013302810e-02 -1.054603532468110672e+00
1.080000000000000071e+00 -8.090647355579727584e-02 -9.873645178246601706e-01
1.089999999999999858e+00 -7.137349816363983135e-02 -9.244753373406563446e-01
1.099999999999999867e+00 -6.241696680898414784e-02 -8.700063488952904933e-01
1.109999999999999876e+00 -5.397337118573401760e-02 -8.230855338242296648e-01
1.119999999999999885e+00 -4.595525613249955288e-02 -7.806036507359985777e-01
1.129999999999999893e+00 -3.836129817101405215e-02 -7.355210437027458470e-01
1.139999999999999902e+00 -3.124483525844463927e-02 -6.841543207050077013e-01
1.149999999999999911e+00 -2.467821175691389812e-02 -6.302274067336567365e-01
1.159999999999999920e+00 -1.864028712377150537e-02 -9.527889643063420788e-01
1.169999999999999929e+00 -5.622432470787053563e-03 -9.001689587047231322e-01
1.179999999999999938e+00 -6.369079496770449359e-04 -2.786973744808785569e-01
1.189999999999999947e+00 -4.848498116948321085e-05 -3.184539748385224744e-02
1.199999999999999956e+00 0.000000000000000000e+00 -4.848498116948320516e-03
