0.000000000000000000e+00 7.186978567580537458e+01 1.928838612513620774e+02
1.000000000000000021e-02 6.994094706329175892e+01 1.928838612513608837e+02
2.000000000000000042e-02 6.801210845077815748e+01 1.928838612513608837e+02
2.999999999999999889e-02 6.608326983826454182e+01 1.928838612513614805e+02
4.000000000000000083e-02 6.415443122575092616e+01 1.928838612513608837e+02
4.999999999999999584e-02 6.222559261323732471e+01 1.928838612513614805e+02
5.999999999999999778e-02 6.029675400072370195e+01 1.928838612513620774e+02
6.999999999999999278e-02 5.836791538821007919e+01 1.928838612513614805e+02
8.000000000000000167e-02 5.643907677569647063e+01 1.928838612513608837e+02
8.999999999999999667e-02 5.451023816318286208e+01 1.928838612513608837e+02
9.999999999999999167e-02 5.258139955066925353e+01 1.928838612513614805e+02
1.099999999999999867e-01 5.065256093815563077e+01 1.928838612513614805e+02
1.199999999999999956e-01 4.872372232564202221e+01 1.928838612513611963e+02
1.300000000000000044e-01 4.679488371312841366e+01 1.928838612513614805e+02
1.399999999999999856e-01 4.486604510061479800e+01 1.928838612513611963e+02
1.499999999999999944e-01 4.293720648810118945e+01 1.928838612513611963e+02
1.600000000000000033e-01 4.100836787558757379e+01 1.928838612513614805e+02
1.699999999999999845e-01 3.907952926307395813e+01 1.928838612513611963e+02
1.799999999999999933e-01 3.715069065056034958e+01 1.928838612513611963e+02
1.899999999999999745e-01 3.522185203804673392e+01 1.928838612513614805e+02
1.999999999999999833e-01 3.329301342553311827e+01 1.928838612513614805e+02
2.099999999999999922e-01 3.136417481301950616e+01 1.928838612513611963e+02
2.199999999999999734e-01 2.943533620050589761e+01 1.928838612513611963e+02
2.299999999999999822e-01 2.750649758799228195e+01 1.928838612513617932e+02
2.399999999999999911e-01 2.557765897547865919e+01 1.928838612513614805e+02
2.500000000000000000e-01 2.364882036296505063e+01 1.928838612513611963e+02
2.600000000000000089e-01 2.171998175045143853e+01 1.928838612513614805e+02
2.700000000000000178e-01 1.979114313793782287e+01 1.928838612513611963e+02
2.799999999999999711e-01 1.786230452542421432e+01 1.928838612513611963e+02
2.899999999999999800e-01 1.593346591291059866e+01 1.928838612513613100e+02
2.999999999999999889e-01 1.400462730039698656e+01 1.928838612513608837e+02
3.099999999999999423e-01 1.207578868788338156e+01 1.928838612513613100e+02
3.200000000000000067e-01 1.014695007536976057e+01 1.928838612513619921e+02
3.300000000000000155e-01 8.218111462856141358e+00 1.928838612513612532e+02
3.399999999999999689e-01 6.289272850342536358e+00 1.928838612513612532e+02
3.500000000000000333e-01 4.360434237828917148e+00 1.636402185885261815e+02
3.599999999999999867e-01 3.016468478572012391e+00 1.195817507164823894e+02
3.699999999999999956e-01 1.968799223499269058e+00 9.485820624320599848e+01
3.799999999999999489e-01 1.119304353707892608e+00 7.756710138023427703e+01
3.900000000000000133e-01 4.174571958945837435e-01 6.446124716778030006e+01
3.999999999999999667e-01 -1.699205896477133937e-01 5.413355993271283495e+01
4.099999999999999756e-01 -6.652140027596729066e-01 4.555010238439776060e+01
4.199999999999999845e-01 -1.080922637335668623e+00 3.793408577653355707e+01
4.299999999999999933e-01 -1.423895718290344004e+00 3.096864266869710036e+01
4.399999999999999467e-01 -1.700295490709610613e+00 2.460519142399224535e+01
4.499999999999999556e-01 -1.915999546770188910e+00 1.877627640656255181e+01
4.599999999999999645e-01 -2.075821018840861676e+00 1.362626192896411226e+01
4.699999999999999734e-01 -2.188524785349471369e+00 9.359474092945571755e+00
4.799999999999999822e-01 -2.263010500699773164e+00 6.051266361376747227e+00
4.899999999999999911e-01 -2.309550112577006153e+00 3.374465807389828598e+00
5.000000000000000000e-01 -2.330499816847569683e+00 8.973926875211767351e-01
5.100000000000000089e-01 -2.327497966327429779e+00 -1.410177501632870811e+00
5.200000000000000178e-01 -2.302296266814912062e+00 -3.292817060220063485e+00
5.299999999999999156e-01 -2.261641625123028465e+00 -4.612488241485228180e+00
5.400000000000000355e-01 -2.210046501985207357e+00 -5.389317973990160660e+00
5.499999999999999334e-01 -2.153855265643225270e+00 -5.698616068809591262e+00
5.599999999999999423e-01 -2.096074180609015958e+00 -5.781743866598193726e+00
5.699999999999999512e-01 -2.038220388311261289e+00 -5.895345799035496270e+00
5.799999999999999600e-01 -1.978167264628305722e+00 -6.165442422233097908e+00
5.899999999999999689e-01 -1.914911539866599455e+00 -6.609761151854772088e+00
5.999999999999999778e-01 -1.845972041591210422e+00 -7.033650533254318660e+00
6.099999999999999867e-01 -1.774238529201513037e+00 -7.287347533240705388e+00
6.199999999999998845e-01 -1.700225090926396287e+00 -7.492880352621240192e+00
6.300000000000000044e-01 -1.624380922149088136e+00 -7.634839832376609792e+00
6.400000000000000133e-01 -1.547528294278864180e+00 -7.596764542857562752e+00
6.499999999999999112e-01 -1.472445631291936952e+00 -7.329209029001395592e+00
6.600000000000000311e-01 -1.400944113698836091e+00 -6.902892442637305059e+00
6.700000000000000400e-01 -1.334387782439190762e+00 -6.461144520047120032e+00
6.799999999999999378e-01 -1.271721223297893832e+00 -6.216628512745121071e+00
6.899999999999999467e-01 -1.210055212184288465e+00 -6.210239126919122832e+00
7.000000000000000666e-01 -1.147516440759511314e+00 -6.247178954747228730e+00
7.099999999999999645e-01 -1.085111633089343997e+00 -6.125518040123627550e+00
7.199999999999999734e-01 -1.025006079957038851e+00 -5.852297563040772310e+00
7.299999999999998712e-01 -9.680656818285284793e-01 -5.454474627399767961e+00
7.399999999999999911e-01 -9.159165874090434700e-01 -4.885227911781936605e+00
7.500000000000000000e-01 -8.703611235928897516e-01 -4.179159297379943183e+00
7.599999999999998979e-01 -8.323334014614446330e-01 -3.528847292677698366e+00
7.699999999999999067e-01 -7.997841777393357443e-01 -3.084160281755528032e+00
7.800000000000000266e-01 -7.706501958263340946e-01 -2.832241395176116061e+00
7.899999999999999245e-01 -7.431393498358134231e-01 -2.693159194755923913e+00
7.999999999999999334e-01 -7.167870119312156341e-01 -2.580816098480528176e+00
8.100000000000000533e-01 -6.915230278662028995e-01 -2.435485904785430034e+00
8.199999999999999512e-01 -6.680772938355069579e-01 -2.254199483703416274e+00
8.299999999999999600e-01 -6.464390381921345519e-01 -2.078072663416292709e+00
8.399999999999999689e-01 -6.265158405671811259e-01 -1.934755371747666874e+00
8.499999999999999778e-01 -6.077439307571812499e-01 -1.854935633283882002e+00
8.599999999999999867e-01 -5.894171279015034681e-01 -1.881535303527533287e+00
8.699999999999999956e-01 -5.701132246866306152e-01 -2.001286328836375361e+00
8.799999999999998934e-01 -5.493914013247760408e-01 -2.128186766817456110e+00
8.900000000000000133e-01 -5.275494893502814531e-01 -2.200457317315335448e+00
8.999999999999999112e-01 -5.053822549784693363e-01 -2.222776724667568260e+00
9.099999999999999201e-01 -4.830939548569300745e-01 -2.225693475222910944e+00
9.199999999999999289e-01 -4.608683854740110997e-01 -2.220493163663453728e+00
9.299999999999999378e-01 -4.386840915836610066e-01 -2.198075890522004361e+00
9.399999999999999467e-01 -4.169068676635709902e-01 -2.166965020587861446e+00
9.499999999999999556e-01 -3.953447911719037977e-01 -2.154208597780825851e+00
9.599999999999999645e-01 -3.738226957079545110e-01 -2.167206799678941032e+00
9.699999999999999734e-01 -3.520006551783249615e-01 -2.184600586263508948e+00
9.799999999999999822e-01 -3.301306839826843031e-01 -2.176933366272554959e+00
9.899999999999998801e-01 -3.084619878528738757e-01 -2.137584067409564526e+00
1.000000000000000000e+00 -2.873790026344930082e-01 -2.090847155483516406e+00
1.010000000000000009e+00 -2.666450447432035520e-01 -2.056753453602542692e+00
1.020000000000000018e+00 -2.462439335624421743e-01 -2.024868635894376823e+00
1.029999999999999805e+00 -2.261476720253160211e-01 -1.983505614621383639e+00
1.040000000000000036e+00 -2.065738212700145016e-01 -1.924967693091594656e+00
1.050000000000000044e+00 -1.876483181634841235e-01 -1.849667798639814231e+00
1.059999999999999831e+00 -1.695804652972182081e-01 -1.763422686459783950e+00
1.069999999999999840e+00 -1.523798644342884423e-01 -1.671464572644581814e+00
1.080000000000000071e+00 -1.361511738443265951e-01 -1.576458871542160800e+00
1.089999999999999858e+00 -1.208506870034452285e-01 -1.484376586952483867e+00
1.099999999999999867e+00 -1.064636421052769094e-01 -1.394418309193083294e+00
1.109999999999999876e+00 -9.296232081958356874e-02 -1.305149505455675873e+00
1.119999999999999885e+00 -8.036065199616339305e-02 -1.218881244380169981e+00
1.129999999999999893e+00 -6.858469593198016079e-02 -1.144593395535375535e+00
1.139999999999999902e+00 -5.746878408545588041e-02 -1.087781866437390388e+00
1.149999999999999911e+00 -4.682905860323235969e-02 -1.045177041356455838e+00
1.159999999999999920e+00 -3.656524325832676697e-02 -1.790360213071788387e+00
1.169999999999999929e+00 -1.102185434179658863e-02 -1.764329732165792253e+00
1.179999999999999938e+00 -1.278648615010925934e-03 -5.460648654244675271e-01
1.189999999999999947e+00 -1.005570333072392837e-04 -6.393243075054630409e-02
1.199999999999999956e+00 0.000000000000000000e+00 -1.005570333072393005e-02
