0.000000000000000000e+00 1.534693787219332251e+02 4.235753192450066535e+02
1.000000000000000021e-02 1.492336255294831631e+02 4.235753192450042661e+02
2.000000000000000042e-02 1.449978723370331579e+02 4.235753192450042661e+02
2.999999999999999889e-02 1.407621191445830675e+02 4.235753192450054598e+02
4.000000000000000083e-02 1.365263659521330339e+02 4.235753192450042661e+02
4.999999999999999584e-02 1.322906127596830004e+02 4.235753192450042661e+02
5.999999999999999778e-02 1.280548595672329384e+02 4.235753192450054598e+02
6.999999999999999278e-02 1.238191063747828906e+02 4.235753192450042661e+02
8.000000000000000167e-02 1.195833531823328713e+02 4.235753192450042661e+02
8.999999999999999667e-02 1.153475999898827951e+02 4.235753192450054598e+02
9.999999999999999167e-02 1.111118467974327615e+02 4.235753192450048914e+02
1.099999999999999867e-01 1.068760936049826995e+02 4.235753192450048914e+02
1.199999999999999956e-01 1.026403404125326659e+02 4.235753192450042661e+02
1.300000000000000044e-01 9.840458722008261816e+01 4.235753192450048914e+02
1.399999999999999856e-01 9.416883402763257038e+01 4.235753192450048914e+02
1.499999999999999944e-01 8.993308083518252261e+01 4.235753192450042661e+02
1.600000000000000033e-01 8.569732764273247483e+01 4.235753192450042661e+02
1.699999999999999845e-01 8.146157445028244126e+01 4.235753192450048914e+02
1.799999999999999933e-01 7.722582125783237927e+01 4.235753192450048914e+02
1.899999999999999745e-01 7.299006806538234571e+01 4.235753192450042661e+02
1.999999999999999833e-01 6.875431487293229793e+01 4.235753192450048914e+02
2.099999999999999922e-01 6.451856168048225015e+01 4.235753192450048914e+02
2.199999999999999734e-01 6.028280848803220238e+01 4.235753192450048914e+02
2.299999999999999822e-01 5.604705529558214749e+01 4.235753192450054598e+02
2.399999999999999911e-01 5.181130210313209261e+01 4.235753192450048914e+02
2.500000000000000000e-01 4.757554891068205194e+01 4.235753192450048914e+02
2.600000000000000089e-01 4.333979571823199706e+01 4.235753192450048914e+02
2.700000000000000178e-01 3.910404252578195639e+01 4.235753192450045503e+02
2.799999999999999711e-01 3.486828933333190861e+01 4.235753192450048914e+02
2.899999999999999800e-01 3.063253614088185728e+01 4.235753192450045503e+02
2.999999999999999889e-01 2.639678294843181661e+01 4.235753192450038114e+02
3.099999999999999423e-01 2.216102975598178304e+01 4.235753192450047209e+02
3.200000000000000067e-01 1.792527656353172105e+01 4.235753192450060851e+02
3.300000000000000155e-01 1.368952337108166084e+01 4.235753192450046640e+02
3.399999999999999689e-01 9.453770178631629051e+00 3.187919868718515772e+02
3.500000000000000333e-01 7.313683633644629367e+00 1.883289619138880084e+02
3.599999999999999867e-01 5.687190940353869628e+00 1.470491679698118617e+02
3.699999999999999956e-01 4.372700274248392915e+00 1.191777043847413040e+02
3.799999999999999489e-01 3.303636852659043388e+00 9.779997417736035459e+01
3.900000000000000133e-01 2.416700790701185930e+00 8.150374415543964801e+01
3.999999999999999667e-01 1.673561969550250605e+00 6.835897205365719742e+01
4.099999999999999756e-01 1.049521349628042222e+00 5.711080329198725991e+01
4.199999999999999845e-01 5.313459037105054961e-01 4.729043885278432668e+01
4.299999999999999933e-01 1.037125725723556241e-01 3.896513725075455170e+01
4.399999999999999467e-01 -2.479568413045855346e-01 3.185856080222135134e+01
4.499999999999999556e-01 -5.334586434720712811e-01 2.561572108780413259e+01
4.599999999999999645e-01 -7.602712630606681676e-01 2.008659223971246277e+01
4.699999999999999734e-01 -9.351904882663205631e-01 1.528445102548806567e+01
4.799999999999999822e-01 -1.065960283570429379e+00 1.125533103944194835e+01
4.899999999999999911e-01 -1.160297109055159481e+00 8.140470151285871481e+00
5.000000000000000000e-01 -1.228769686596146826e+00 5.830767076205622956e+00
5.100000000000000089e-01 -1.276912450579271940e+00 4.022747249351611210e+00
5.200000000000000178e-01 -1.309224631583179033e+00 2.483222990483294979e+00
5.299999999999999156e-01 -1.326576910388937769e+00 1.058140521344307139e+00
5.400000000000000355e-01 -1.330387442010065202e+00 -3.705183302519157729e-01
5.499999999999999334e-01 -1.319166543783899526e+00 -1.768434845026712221e+00
5.599999999999999423e-01 -1.295018745109530967e+00 -2.934971767187977587e+00
5.699999999999999512e-01 -1.260467108440139983e+00 -3.727286704966857656e+00
5.799999999999999600e-01 -1.220473011010193787e+00 -4.205247257597068966e+00
5.899999999999999689e-01 -1.176362163288198648e+00 -4.524330375560809969e+00
5.999999999999999778e-01 -1.129986403498977721e+00 -4.731210500572712974e+00
6.099999999999999867e-01 -1.081737953276744379e+00 -4.851685295722082181e+00
6.199999999999998845e-01 -1.032952697584536006e+00 -4.925859594861199398e+00
6.300000000000000044e-01 -9.832207613795204137e-01 -4.972551030903757052e+00
6.400000000000000133e-01 -9.335016769664608027e-01 -4.937419794014091146e+00
6.499999999999999112e-01 -8.844723654992385775e-01 -4.819548208566459380e+00
6.600000000000000311e-01 -8.371107127951317173e-01 -4.695004213793488645e+00
6.700000000000000400e-01 -7.905722812233687558e-01 -4.644454996779682432e+00
6.799999999999999378e-01 -7.442216128595380287e-01 -4.623590928712159709e+00
6.899999999999999467e-01 -6.981004626491256193e-01 -4.517163432563305214e+00
7.000000000000000666e-01 -6.538783442082719555e-01 -4.232206153296426798e+00
7.099999999999999645e-01 -6.134563395831970078e-01 -3.810646795500740591e+00
7.199999999999999734e-01 -5.776654082982571881e-01 -3.376369571049882001e+00
7.299999999999998712e-01 -5.459289481621993900e-01 -3.012718327247283057e+00
7.399999999999999911e-01 -5.174110417533114292e-01 -2.711292519940036616e+00
7.500000000000000000e-01 -4.917030977633987110e-01 -2.471508785007953346e+00
7.599999999999998979e-01 -4.679808660531524223e-01 -2.317292934173838415e+00
7.699999999999999067e-01 -4.453572390799219183e-01 -2.207977453132355272e+00
7.800000000000000266e-01 -4.238213169905052924e-01 -2.049818620012866965e+00
7.899999999999999245e-01 -4.043608666796645879e-01 -1.845462263887120979e+00
7.999999999999999334e-01 -3.869120717127628728e-01 -1.672198348337429641e+00
8.100000000000000533e-01 -3.709168997129160261e-01 -1.554765157269120346e+00
8.199999999999999512e-01 -3.558167685673804814e-01 -1.456783761288633183e+00
8.299999999999999600e-01 -3.417812244871433203e-01 -1.387259309752868930e+00
8.399999999999999689e-01 -3.280715823723230895e-01 -1.389726528931464866e+00
8.499999999999999778e-01 -3.139866939085140252e-01 -1.430366845255242048e+00
8.599999999999999867e-01 -2.994642454672182819e-01 -1.432854198646271060e+00
8.699999999999999956e-01 -2.853296099355886462e-01 -1.384820985577253305e+00
8.799999999999998934e-01 -2.717678257556732091e-01 -1.326086121713598853e+00
8.900000000000000133e-01 -2.588078875013166691e-01 -1.300657578480314047e+00
8.999999999999999112e-01 -2.457546741860669182e-01 -1.323681898765556086e+00
9.099999999999999201e-01 -2.323342495260055374e-01 -1.374162488994265185e+00
9.199999999999999289e-01 -2.182714244061816355e-01 -1.422370604729598753e+00
9.299999999999999378e-01 -2.038868374314135590e-01 -1.448039894006020845e+00
9.399999999999999467e-01 -1.893106265260612042e-01 -1.443112840422151599e+00
9.499999999999999556e-01 -1.750245806229705214e-01 -1.392949375971645143e+00
9.599999999999999645e-01 -1.614516390066283169e-01 -1.301506126293003218e+00
9.699999999999999734e-01 -1.489944580971104549e-01 -1.190734580370483409e+00
9.799999999999999822e-01 -1.376369473992186399e-01 -1.077671298529533805e+00
9.899999999999998801e-01 -1.274410321265197765e-01 -9.740635625116266239e-01
1.000000000000000000e+00 -1.181556761489861163e-01 -8.954730458651649627e-01
1.010000000000000009e+00 -1.095315712092164856e-01 -8.513091348976683514e-01
1.020000000000000018e+00 -1.011294934510327537e-01 -8.345145498522917871e-01
1.029999999999999805e+00 -9.284128021217065430e-02 -8.276687020985705745e-01
1.040000000000000036e+00 -8.457611940906134551e-02 -8.220480485916009661e-01
1.050000000000000044e+00 -7.640031924033863220e-02 -8.087224134634664052e-01
1.059999999999999831e+00 -6.840167113979200852e-02 -7.789252373171937638e-01
1.069999999999999840e+00 -6.082181449399476358e-02 -7.342685748553323677e-01
1.080000000000000071e+00 -5.371629964268536533e-02 -6.854912453585310095e-01
1.089999999999999858e+00 -4.711198958682414478e-02 -6.397728425597090096e-01
1.099999999999999867e+00 -4.092084279149119097e-02 -6.001983084508408783e-01
1.109999999999999876e+00 -3.510802341780732555e-02 -5.633819574924109341e-01
1.119999999999999885e+00 -2.965320364164297090e-02 -5.246318342428096804e-01
1.129999999999999893e+00 -2.461538673295113333e-02 -4.808245128767121845e-01
1.139999999999999902e+00 -2.003671338410872513e-02 -4.345239192668591266e-01
1.149999999999999911e+00 -1.592490834761395302e-02 -3.924720634220084103e-01
1.159999999999999920e+00 -1.218727211566855879e-02 -6.096027162418680145e-01
1.169999999999999929e+00 -3.732854022776592538e-03 -5.891984572748477644e-01
1.179999999999999938e+00 -4.033029701716046422e-04 -1.851488473766608744e-01
1.189999999999999947e+00 -2.987707524337522276e-05 -2.016514850858023428e-02
1.199999999999999956e+00 0.000000000000000000e+00 -2.987707524337522656e-03
