0.000000000000000000e+00 2.280762723771418337e+02 7.453174810724301551e+02
1.000000000000000021e-02 2.206230975664175276e+02 7.453174810724314057e+02
2.000000000000000042e-02 2.131699227556932215e+02 7.453174810724325425e+02
2.999999999999999889e-02 2.057167479449688869e+02 7.453174810724314057e+02
4.000000000000000083e-02 1.982635731342445808e+02 7.453174810724314057e+02
4.999999999999999584e-02 1.908103983235202747e+02 7.453174810724337931e+02
5.999999999999999778e-02 1.833572235127959118e+02 7.453174810724314057e+02
6.999999999999999278e-02 1.759040487020716341e+02 7.453174810724314057e+02
8.000000000000000167e-02 1.684508738913472996e+02 7.453174810724325425e+02
8.999999999999999667e-02 1.609976990806229935e+02 7.453174810724314057e+02
9.999999999999999167e-02 1.535445242698986590e+02 7.453174810724314057e+02
1.099999999999999867e-01 1.460913494591743813e+02 7.453174810724325425e+02
1.199999999999999956e-01 1.386381746484500184e+02 7.453174810724325425e+02
1.300000000000000044e-01 1.311849998377257123e+02 7.453174810724314057e+02
1.399999999999999856e-01 1.237318250270013920e+02 7.453174810724325425e+02
1.499999999999999944e-01 1.162786502162770716e+02 7.453174810724325425e+02
1.600000000000000033e-01 1.088254754055527513e+02 7.453174810724318604e+02
1.699999999999999845e-01 1.013723005948284310e+02 7.453174810724314057e+02
1.799999999999999933e-01 9.391912578410412493e+01 7.453174810724318604e+02
1.899999999999999745e-01 8.646595097337979041e+01 7.453174810724318604e+02
1.999999999999999833e-01 7.901277616265548431e+01 7.453174810724314057e+02
2.099999999999999922e-01 7.155960135193116400e+01 7.453174810724314057e+02
2.199999999999999734e-01 6.410642654120685791e+01 7.453174810724318604e+02
2.299999999999999822e-01 5.665325173048253049e+01 7.453174810724331110e+02
2.399999999999999911e-01 4.920007691975819597e+01 7.453174810724325425e+02
2.500000000000000000e-01 4.174690210903388277e+01 7.453174810724318604e+02
2.600000000000000089e-01 3.429372729830956246e+01 7.453174810724318604e+02
2.700000000000000178e-01 2.684055248758524570e+01 7.453174810724315194e+02
2.799999999999999711e-01 1.938737767686092894e+01 7.453174810724317467e+02
2.899999999999999800e-01 1.193420286613661219e+01 7.453174810724315194e+02
2.999999999999999889e-01 4.481028055412295430e+00 4.502196409843361948e+02
3.099999999999999423e-01 2.929810046449889516e+00 1.304480625416113071e+02
3.200000000000000067e-01 1.872066804580069022e+00 9.463838829950167053e+01
3.300000000000000155e-01 1.037042280459856025e+00 7.599503320797090566e+01
3.399999999999999689e-01 3.521661404206509749e-01 6.160988092019521645e+01
3.500000000000000333e-01 -1.951553379440482128e-01 4.901692060213260049e+01
3.599999999999999867e-01 -6.281722716220009550e-01 3.865004751522182147e+01
3.699999999999999956e-01 -9.681562882484846533e-01 3.020737623807204741e+01
3.799999999999999489e-01 -1.232319796383441801e+00 2.300834535043126294e+01
3.900000000000000133e-01 -1.428323195257109823e+00 1.689577190350828317e+01
3.999999999999999667e-01 -1.570235234453607465e+00 1.213102285503201472e+01
4.099999999999999756e-01 -1.670943652357750109e+00 8.726646114346589655e+00
4.199999999999999845e-01 -1.744768156740539311e+00 6.401738372252026466e+00
4.299999999999999933e-01 -1.798978419802790718e+00 4.623051831395033062e+00
4.399999999999999467e-01 -1.837229193368439928e+00 2.892916961631598838e+00
4.499999999999999556e-01 -1.856836759035422668e+00 1.153590978031902692e+00
4.599999999999999645e-01 -1.860301012929078013e+00 -3.245570247134884068e-01
4.699999999999999734e-01 -1.850345618541152870e+00 -1.469523472945686304e+00
4.799999999999999822e-01 -1.830910543470164242e+00 -2.361688585725537415e+00
4.899999999999999911e-01 -1.803111846826642051e+00 -3.074990891438804663e+00
5.000000000000000000e-01 -1.769410725641388238e+00 -3.676131288527264562e+00
5.100000000000000089e-01 -1.729589221056096804e+00 -4.330265834353134835e+00
5.200000000000000178e-01 -1.682805408954325621e+00 -5.010630923147512128e+00
5.299999999999999156e-01 -1.629376602593146650e+00 -5.643226497510777762e+00
5.400000000000000355e-01 -1.569940879004110057e+00 -6.142807609605521968e+00
5.499999999999999334e-01 -1.506520450401036104e+00 -6.494832092117657218e+00
5.599999999999999423e-01 -1.440044237161756779e+00 -6.761516521834815663e+00
5.699999999999999512e-01 -1.371290119964339915e+00 -6.901434493859059494e+00
5.799999999999999600e-01 -1.302015547284575581e+00 -6.790771306431834020e+00
5.899999999999999689e-01 -1.235474693835703297e+00 -6.443651818317902347e+00
5.999999999999999778e-01 -1.173142510918217640e+00 -6.012864043659376989e+00
6.099999999999999867e-01 -1.115217412962515642e+00 -5.641431895779864369e+00
6.199999999999998845e-01 -1.060313873002620477e+00 -5.388249926945700707e+00
6.300000000000000044e-01 -1.007452414423601672e+00 -5.246045312964746188e+00
6.400000000000000133e-01 -9.553929667433254114e-01 -5.127609971127081501e+00
6.499999999999999112e-01 -9.049002150010601042e-01 -4.955270074646177747e+00
6.600000000000000311e-01 -8.562875652504019497e-01 -4.748082669691863877e+00
6.700000000000000400e-01 -8.099385616072227734e-01 -4.551768790396550024e+00
6.799999999999999378e-01 -7.652521894424708648e-01 -4.364607756790183757e+00
6.899999999999999467e-01 -7.226464064714190894e-01 -4.134122874728828556e+00
7.000000000000000666e-01 -6.825697319478943870e-01 -3.849895542843939644e+00
7.099999999999999645e-01 -6.456484956145402965e-01 -3.500573021404469909e+00
7.199999999999999734e-01 -6.125582715198049089e-01 -3.113453326311681035e+00
7.299999999999998712e-01 -5.833794290883067557e-01 -2.749147509231270714e+00
7.399999999999999911e-01 -5.575753213351795079e-01 -2.441487692039122859e+00
7.500000000000000000e-01 -5.345496752475242808e-01 -2.181193963873019559e+00
7.599999999999998979e-01 -5.139514420577191434e-01 -1.994703029897854307e+00
7.699999999999999067e-01 -4.946556146495671991e-01 -1.895771144576862799e+00
7.800000000000000266e-01 -4.760360191661818785e-01 -1.822209776245262480e+00
7.899999999999999245e-01 -4.582114191246619561e-01 -1.733214916086541990e+00
7.999999999999999334e-01 -4.413717208444510320e-01 -1.649182043386634433e+00
8.100000000000000533e-01 -4.252277782569292564e-01 -1.577856237503788117e+00
8.199999999999999512e-01 -4.098145960943752608e-01 -1.546516775617708284e+00
8.299999999999999600e-01 -3.942974427445750663e-01 -1.585398756185558256e+00
8.399999999999999689e-01 -3.781066209706641090e-01 -1.673277732498755555e+00
8.499999999999999778e-01 -3.608318880945999840e-01 -1.780259420767364098e+00
8.599999999999999867e-01 -3.425014325553168426e-01 -1.879767331418671139e+00
8.699999999999999956e-01 -3.232365414662265457e-01 -1.911503389592362323e+00
8.799999999999998934e-01 -3.042713647634696095e-01 -1.824989660806607850e+00
8.900000000000000133e-01 -2.867367482500944309e-01 -1.668656474086916974e+00
8.999999999999999112e-01 -2.708982352817312922e-01 -1.536553962569861209e+00
9.099999999999999201e-01 -2.560056689986972001e-01 -1.471750238200305150e+00
9.199999999999999289e-01 -2.414632305177251692e-01 -1.458912015848838895e+00
9.299999999999999378e-01 -2.268274286817204277e-01 -1.465471702806070420e+00
9.399999999999999467e-01 -2.121537964616037608e-01 -1.467026876107801803e+00
9.499999999999999556e-01 -1.974868911595643872e-01 -1.453419015150740234e+00
9.599999999999999645e-01 -1.830854161585889761e-01 -1.418571105129477150e+00
9.699999999999999734e-01 -1.691154690569748598e-01 -1.362457062038616273e+00
9.799999999999999822e-01 -1.558362749178166529e-01 -1.282894219903219168e+00
9.899999999999998801e-01 -1.434575846589104531e-01 -1.194912346869237973e+00
1.000000000000000000e+00 -1.319380279804318878e-01 -1.115895736209182809e+00
1.010000000000000009e+00 -1.211396699347268152e-01 -1.040394845141137781e+00
1.020000000000000018e+00 -1.111301310776091344e-01 -9.771949779074127207e-01
1.029999999999999805e+00 -1.015957703765785619e-01 -9.509385955124609602e-01
1.040000000000000036e+00 -9.211135916735992135e-02 -9.532007009839317258e-01
1.050000000000000044e+00 -8.253175635689992407e-02 -9.400750580342863705e-01
1.059999999999999831e+00 -7.330985800667419450e-02 -8.872042385058106495e-01
1.069999999999999840e+00 -6.478767158678370996e-02 -8.127161182790768601e-01
1.080000000000000071e+00 -5.705553564109266257e-02 -7.402767803136502955e-01
1.089999999999999858e+00 -4.998213598051071127e-02 -6.797805145681909966e-01
1.099999999999999867e+00 -4.345992534972883958e-02 -6.277800644093940452e-01
1.109999999999999876e+00 -3.742653469232282842e-02 -5.802061591246389094e-01
1.119999999999999885e+00 -3.185580216723606084e-02 -5.376178115374611322e-01
1.129999999999999893e+00 -2.667417846157360550e-02 -4.996194739950534647e-01
1.139999999999999902e+00 -2.186341268733499668e-02 -4.630894245369879259e-01
1.149999999999999911e+00 -1.741238997083384768e-02 -4.275186883459652365e-01
1.159999999999999920e+00 -1.331303892041569084e-02 -6.591919296154197250e-01
1.169999999999999929e+00 -4.228551378525454568e-03 -6.413705245884998574e-01
1.179999999999999938e+00 -4.856284286456958622e-04 -2.095959353283516069e-01
1.189999999999999947e+00 -3.663267195842347844e-05 -2.428142143228479571e-02
1.199999999999999956e+00 0.000000000000000000e+00 -3.663267195842347546e-03
