0.000000000000000000e+00 2.824394803360882520e+02 9.568004541132831946e+02
1.000000000000000021e-02 2.728714757949554155e+02 9.568004541132784198e+02
2.000000000000000042e-02 2.633034712538226927e+02 9.568004541132784198e+02
2.999999999999999889e-02 2.537354667126898562e+02 9.568004541132831946e+02
4.000000000000000083e-02 2.441674621715570197e+02 9.568004541132831946e+02
4.999999999999999584e-02 2.345994576304241832e+02 9.568004541132808072e+02
5.999999999999999778e-02 2.250314530892914036e+02 9.568004541132808072e+02
6.999999999999999278e-02 2.154634485481585671e+02 9.568004541132808072e+02
8.000000000000000167e-02 2.058954440070257874e+02 9.568004541132820577e+02
8.999999999999999667e-02 1.963274394658929225e+02 9.568004541132808072e+02
9.999999999999999167e-02 1.867594349247601713e+02 9.568004541132808072e+02
1.099999999999999867e-01 1.771914303836273064e+02 9.568004541132831946e+02
1.199999999999999956e-01 1.676234258424944983e+02 9.568004541132808072e+02
1.300000000000000044e-01 1.580554213013616902e+02 9.568004541132808072e+02
1.399999999999999856e-01 1.484874167602289106e+02 9.568004541132808072e+02
1.499999999999999944e-01 1.389194122190961025e+02 9.568004541132808072e+02
1.600000000000000033e-01 1.293514076779632944e+02 9.568004541132820577e+02
1.699999999999999845e-01 1.197834031368304437e+02 9.568004541132808072e+02
1.799999999999999933e-01 1.102153985956976641e+02 9.568004541132802387e+02
1.899999999999999745e-01 1.006473940545648418e+02 9.568004541132820577e+02
1.999999999999999833e-01 9.107938951343203371e+01 9.568004541132814893e+02
2.099999999999999922e-01 8.151138497229922564e+01 9.568004541132808072e+02
2.199999999999999734e-01 7.194338043116641757e+01 9.568004541132808072e+02
2.299999999999999822e-01 6.237537589003360239e+01 9.568004541132825125e+02
2.399999999999999911e-01 5.280737134890075879e+01 9.568004541132828535e+02
2.500000000000000000e-01 4.323936680776794361e+01 9.568004541132811482e+02
2.600000000000000089e-01 3.367136226663514265e+01 9.568004541132809209e+02
2.700000000000000178e-01 2.410335772550232747e+01 9.568004541132811482e+02
2.799999999999999711e-01 1.453535318436951762e+01 9.568004541132811482e+02
2.899999999999999800e-01 4.967348643236706884e+00 5.867491573498092521e+02
2.999999999999999889e-01 2.800370037373333787e+00 1.914763050906438195e+02
3.099999999999999423e-01 1.137822541423830991e+00 1.474356388763697225e+02
3.200000000000000067e-01 -1.483427401540604040e-01 1.150062402254941389e+02
3.300000000000000155e-01 -1.162302263086051779e+00 9.052973370950404330e+01
3.399999999999999689e-01 -1.958937414344140926e+00 7.059467652140411076e+01
3.500000000000000333e-01 -2.574195793514133968e+00 5.356973947175112727e+01
3.599999999999999867e-01 -3.030332203779163347e+00 3.867785323867732927e+01
3.699999999999999956e-01 -3.347752858287680322e+00 2.489374215615487529e+01
3.799999999999999489e-01 -3.528207046902260835e+00 1.284041265310597701e+01
3.900000000000000133e-01 -3.604561111349799951e+00 1.723981940063575635e+00
3.999999999999999667e-01 -3.562686685703532419e+00 -9.052705975670770400e+00
4.099999999999999756e-01 -3.423506991836384739e+00 -1.699753430098126117e+01
4.199999999999999845e-01 -3.222735999683907337e+00 -2.287236518305098087e+01
4.299999999999999933e-01 -2.966059688175365139e+00 -2.447848944853097208e+01
4.399999999999999467e-01 -2.733166210713287914e+00 -2.112002444151915270e+01
4.499999999999999556e-01 -2.543659199344982191e+00 -1.512899956114466349e+01
4.599999999999999645e-01 -2.430586219490394662e+00 -9.444299145114387173e+00
4.699999999999999734e-01 -2.354773216442694217e+00 -8.064666976930862319e+00
4.799999999999999822e-01 -2.269292879951777309e+00 -7.425080641841713458e+00
4.899999999999999911e-01 -2.206271603605860054e+00 -3.649829685080887565e+00
5.000000000000000000e-01 -2.196296286250159380e+00 -1.641530137294859637e+00
5.100000000000000089e-01 -2.173441000859962724e+00 -2.698268134790683614e+00
5.200000000000000178e-01 -2.142330923554345734e+00 -4.848748117142639202e+00
5.299999999999999156e-01 -2.076466038517109869e+00 -3.880700855867925902e+00
5.400000000000000355e-01 -2.064716906436987465e+00 -2.140113448001812912e+00
5.499999999999999334e-01 -2.033663769557073842e+00 -3.244985672623863948e+00
5.599999999999999423e-01 -1.999817192984510106e+00 -4.604226881426033202e+00
5.699999999999999512e-01 -1.941579231928553195e+00 -8.755413148252952027e+00
5.799999999999999600e-01 -1.824708930019451003e+00 -1.048116456014911080e+01
5.899999999999999689e-01 -1.731955940725570908e+00 -9.569552922015718721e+00
5.999999999999999778e-01 -1.633317871579136771e+00 -1.165453658755756905e+01
6.099999999999999867e-01 -1.498865208974419438e+00 -1.364711181063863954e+01
6.199999999999998845e-01 -1.360375635366363856e+00 -1.252186192214329630e+01
6.300000000000000044e-01 -1.248427970531553521e+00 -9.429307236386726743e+00
6.400000000000000133e-01 -1.171789490638629472e+00 -7.063489508646735082e+00
6.499999999999999112e-01 -1.107158180358618793e+00 -5.004545876378498015e+00
6.600000000000000311e-01 -1.071698573111059316e+00 -1.776107333951166822e+00
6.700000000000000400e-01 -1.071636033679595590e+00 2.044576511598948931e-01
6.799999999999999378e-01 -1.075787726134257216e+00 1.532123703564407524e+00
6.899999999999999467e-01 -1.102278507750883652e+00 2.581962002900666686e+00
7.000000000000000666e-01 -1.127426966192270674e+00 2.027570807213761928e+00
7.099999999999999645e-01 -1.142829923895158917e+00 2.857754373745266196e+00
7.199999999999999734e-01 -1.184582053667176060e+00 3.836548504733534593e+00
7.299999999999998712e-01 -1.219560893989829697e+00 3.245771178213144204e+00
7.399999999999999911e-01 -1.249497477231438891e+00 2.771870459760212846e+00
7.500000000000000000e-01 -1.274998303185033821e+00 2.909547521149108196e+00
7.599999999999998979e-01 -1.307688427654420948e+00 2.504908142733181187e+00
7.699999999999999067e-01 -1.325096466039697551e+00 1.556919324213782430e+00
7.800000000000000266e-01 -1.338826814138696752e+00 8.824780232762116094e-01
7.899999999999999245e-01 -1.342746026505221790e+00 -2.407515891767467997e-01
7.999999999999999334e-01 -1.334011782355161824e+00 -1.402242013230214912e+00
8.100000000000000533e-01 -1.314701186240617492e+00 -1.366003769445161220e+00
8.199999999999999512e-01 -1.306691706966258471e+00 -1.043427555792629802e+00
8.299999999999999600e-01 -1.293832635124764874e+00 -1.539081739434902341e+00
8.399999999999999689e-01 -1.275910072177560473e+00 -1.870955218994943214e+00
8.499999999999999778e-01 -1.256413530744866058e+00 -7.315935417201728796e-01
8.599999999999999867e-01 -1.261278201343156935e+00 -2.842672432960874906e-01
8.699999999999999956e-01 -1.250728185878944299e+00 -6.710112898182496455e-01
8.799999999999998934e-01 -1.247857975546792009e+00 -8.333844071207634485e-01
8.900000000000000133e-01 -1.234060497736529038e+00 -1.533159340935110748e+00
8.999999999999999112e-01 -1.217194788728089838e+00 -2.009481773165354923e+00
9.099999999999999201e-01 -1.193870862273221922e+00 -2.359793883093036726e+00
9.199999999999999289e-01 -1.169998911066228997e+00 -2.813701178316561080e+00
9.299999999999999378e-01 -1.137596838706890656e+00 -3.568786842746463073e+00
9.399999999999999467e-01 -1.098623174211299736e+00 -3.225328700684803263e+00
9.499999999999999556e-01 -1.073090264693194573e+00 -2.950621192233632062e+00
9.599999999999999645e-01 -1.039610750366627201e+00 -4.282496416932553451e+00
9.699999999999999734e-01 -9.874403363545435353e-01 -5.046905335850197183e+00
9.799999999999999822e-01 -9.386726436496232173e-01 -5.208446753238738403e+00
9.899999999999998801e-01 -8.832714012897687761e-01 -5.808323417570386837e+00
1.000000000000000000e+00 -8.225061752982154584e-01 -5.934448415617819883e+00
1.010000000000000009e+00 -7.645824329774123518e-01 -5.622850766822826252e+00
1.020000000000000018e+00 -7.100491599617589911e-01 -5.683172779926497498e+00
1.029999999999999805e+00 -6.509189773788824906e-01 -5.337849432646253334e+00
1.040000000000000036e+00 -6.032921713088339466e-01 -4.257876238188136320e+00
1.050000000000000044e+00 -5.657614526151196754e-01 -4.541453900795017873e+00
1.059999999999999831e+00 -5.124630932929336025e-01 -5.122066629017462347e+00
1.069999999999999840e+00 -4.633201200347705218e-01 -4.897126775053705749e+00
1.080000000000000071e+00 -4.145205577918594231e-01 -5.236171719594288732e+00
1.089999999999999858e+00 -3.585966856428847160e-01 -5.645547773459537844e+00
1.099999999999999867e+00 -3.016096023226687017e-01 -5.162869948305664813e+00
1.109999999999999876e+00 -2.553392866767714708e-01 -4.814740355751376377e+00
1.119999999999999885e+00 -2.053147952076411764e-01 -4.856918217537550042e+00
1.129999999999999893e+00 -1.582009223260204545e-01 -4.515774558931060056e+00
1.139999999999999902e+00 -1.149993040290199914e-01 -4.388231563543523173e+00
1.149999999999999911e+00 -7.043629105515000766e-02 -4.130837518416372589e+00
1.159999999999999920e+00 -3.238255366069255070e-02 -3.619699418824984249e+00
1.169999999999999929e+00 1.957697321349676466e-03 -1.658257065851241441e+00
1.179999999999999938e+00 7.825876563322775419e-04 9.457682948230429487e-02
1.189999999999999947e+00 6.616073170359103111e-05 3.912938281661387796e-02
1.199999999999999956e+00 0.000000000000000000e+00 6.616073170359103653e-03
