0.000000000000000000e+00 1.759583561840420600e+02 5.704169772469274449e+02
1.000000000000000021e-02 1.702541864115727890e+02 5.704169772469263080e+02
2.000000000000000042e-02 1.645500166391035464e+02 5.704169772469263080e+02
2.999999999999999889e-02 1.588458468666342753e+02 5.704169772469263080e+02
4.000000000000000083e-02 1.531416770941650043e+02 5.704169772469250574e+02
4.999999999999999584e-02 1.474375073216957617e+02 5.704169772469263080e+02
5.999999999999999778e-02 1.417333375492264906e+02 5.704169772469263080e+02
6.999999999999999278e-02 1.360291677767572480e+02 5.704169772469263080e+02
8.000000000000000167e-02 1.303249980042879770e+02 5.704169772469263080e+02
8.999999999999999667e-02 1.246208282318187202e+02 5.704169772469263080e+02
9.999999999999999167e-02 1.189166584593494491e+02 5.704169772469250574e+02
1.099999999999999867e-01 1.132124886868802207e+02 5.704169772469250574e+02
1.199999999999999956e-01 1.075083189144109355e+02 5.704169772469274449e+02
1.300000000000000044e-01 1.018041491419416644e+02 5.704169772469263080e+02
1.399999999999999856e-01 9.609997936947242181e+01 5.704169772469263080e+02
1.499999999999999944e-01 9.039580959700313656e+01 5.704169772469263080e+02
1.600000000000000033e-01 8.469163982453389394e+01 5.704169772469250574e+02
1.699999999999999845e-01 7.898747005206463712e+01 5.704169772469263080e+02
1.799999999999999933e-01 7.328330027959536608e+01 5.704169772469263080e+02
1.899999999999999745e-01 6.757913050712612346e+01 5.704169772469257396e+02
1.999999999999999833e-01 6.187496073465685242e+01 5.704169772469263080e+02
2.099999999999999922e-01 5.617079096218759560e+01 5.704169772469259669e+02
2.199999999999999734e-01 5.046662118971833877e+01 5.704169772469259669e+02
2.299999999999999822e-01 4.476245141724907484e+01 5.704169772469268764e+02
2.399999999999999911e-01 3.905828164477979669e+01 5.704169772469268764e+02
2.500000000000000000e-01 3.335411187231053987e+01 5.704169772469259669e+02
2.600000000000000089e-01 2.764994209984127949e+01 5.704169772469259669e+02
2.700000000000000178e-01 2.194577232737201911e+01 5.704169772469260806e+02
2.799999999999999711e-01 1.624160255490275873e+01 5.704169772469259669e+02
2.899999999999999800e-01 1.053743278243350012e+01 5.704169772469259669e+02
2.999999999999999889e-01 4.833263009964239743e+00 3.730307029881248013e+02
3.099999999999999423e-01 3.076818722671003314e+00 1.499488300893457335e+02
3.200000000000000067e-01 1.834286408177325356e+00 1.105716985885689212e+02
3.300000000000000155e-01 8.653847508996251880e-01 8.699368415474539518e+01
3.399999999999999689e-01 9.441272508241749239e-02 6.919355602638326275e+01
3.500000000000000333e-01 -5.184863696280401779e-01 5.514748425499363549e+01
3.599999999999999867e-01 -1.008536960017455186e+00 4.378280443612437978e+01
3.699999999999999956e-01 -1.394142458350527747e+00 3.370378742384482251e+01
3.799999999999999489e-01 -1.682612708494351406e+00 2.405888176073344908e+01
3.900000000000000133e-01 -1.875320093565196800e+00 1.610525586850338442e+01
3.999999999999999667e-01 -2.004717825864418934e+00 1.126201347871335301e+01
4.099999999999999756e-01 -2.100560363139463593e+00 8.744128108779978703e+00
4.199999999999999845e-01 -2.179600388040018544e+00 7.077316604198013117e+00
4.299999999999999933e-01 -2.242106695223423873e+00 5.556849794457485281e+00
4.399999999999999467e-01 -2.290737383929168480e+00 4.168776345595290422e+00
4.499999999999999556e-01 -2.325482222135329735e+00 2.873055556474725325e+00
4.599999999999999645e-01 -2.348198495058662960e+00 1.344732771157613582e+00
4.699999999999999734e-01 -2.352376877558481905e+00 -5.927406384405219386e-01
4.799999999999999822e-01 -2.336343682289852453e+00 -2.643523480736350351e+00
4.899999999999999911e-01 -2.299506407943755271e+00 -4.408865837505397067e+00
5.000000000000000000e-01 -2.248166365539744582e+00 -5.607539628238126461e+00
5.100000000000000089e-01 -2.187355615378992368e+00 -6.295481363387807505e+00
5.200000000000000178e-01 -2.122256738271988574e+00 -6.686921166045342702e+00
5.299999999999999156e-01 -2.053617192058085905e+00 -7.041537957375909151e+00
5.400000000000000355e-01 -1.981425979124470160e+00 -7.388248616593122264e+00
5.499999999999999334e-01 -1.905852219726223318e+00 -7.627243772921358911e+00
5.599999999999999423e-01 -1.828881103666043062e+00 -7.623949282127679972e+00
5.699999999999999512e-01 -1.753373234083669630e+00 -7.386556813945571953e+00
5.799999999999999600e-01 -1.681149967387131516e+00 -6.969904867091361922e+00
5.899999999999999689e-01 -1.613975136741842453e+00 -6.533069996356053011e+00
5.999999999999999778e-01 -1.550488567460010625e+00 -6.329762146082474672e+00
6.099999999999999867e-01 -1.487379893820192978e+00 -6.441302650141135011e+00
6.199999999999998845e-01 -1.421662514457187942e+00 -6.615633726927972802e+00
6.300000000000000044e-01 -1.355067219281633539e+00 -6.627176645488068729e+00
6.400000000000000133e-01 -1.289118981547426435e+00 -6.430080299285673817e+00
6.499999999999999112e-01 -1.226465613295920187e+00 -6.096710575904263685e+00
6.600000000000000311e-01 -1.167184770029341179e+00 -5.721833015084624385e+00
6.700000000000000400e-01 -1.112028952994227549e+00 -5.314537521155178190e+00
6.799999999999999378e-01 -1.060894019606237748e+00 -4.901488078517352243e+00
6.899999999999999467e-01 -1.013999191423880619e+00 -4.522844996979245913e+00
7.000000000000000666e-01 -9.704371196666528032e-01 -4.222223630208134182e+00
7.099999999999999645e-01 -9.295547188197178512e-01 -4.035717472683340468e+00
7.199999999999999734e-01 -8.897227702129859583e-01 -3.954573675107040831e+00
7.299999999999998712e-01 -8.504632453175771101e-01 -3.887286084248108065e+00
7.399999999999999911e-01 -8.119770485280237704e-01 -3.778047945343713021e+00
7.500000000000000000e-01 -7.749022864107028008e-01 -3.618972952571600565e+00
7.599999999999998979e-01 -7.395975894765918213e-01 -3.407610154032707950e+00
7.699999999999999067e-01 -7.067500833300486285e-01 -3.132741569901435597e+00
7.800000000000000266e-01 -6.769427580785630783e-01 -2.857936804622258187e+00
7.899999999999999245e-01 -6.495913472376034781e-01 -2.654269002113462061e+00
7.999999999999999334e-01 -6.238573780362938193e-01 -2.537746767390677949e+00
8.100000000000000533e-01 -5.988364118897899768e-01 -2.484120507872805028e+00
8.199999999999999512e-01 -5.741749678788377054e-01 -2.479394751649341977e+00
8.299999999999999600e-01 -5.492485168568030929e-01 -2.513015049164229797e+00
8.399999999999999689e-01 -5.239146668955532160e-01 -2.539423922404394407e+00
8.499999999999999778e-01 -4.984600384087152225e-01 -2.515186245327854397e+00
8.599999999999999867e-01 -4.736109419889960592e-01 -2.443460959810523470e+00
8.699999999999999956e-01 -4.495908192125047664e-01 -2.353465145705223360e+00
8.799999999999998934e-01 -4.265416390748916209e-01 -2.267908592493913300e+00
8.900000000000000133e-01 -4.042326473626264849e-01 -2.194977532668567655e+00
8.999999999999999112e-01 -3.826420884215202545e-01 -2.127882460067148873e+00
9.099999999999999201e-01 -3.616749981612835119e-01 -2.076964319213951082e+00
9.199999999999999289e-01 -3.411028020372412484e-01 -2.038284718920551963e+00
9.299999999999999378e-01 -3.209093037828724682e-01 -2.002665003452621661e+00
9.399999999999999467e-01 -3.010495019681888040e-01 -1.961232808213031253e+00
9.499999999999999556e-01 -2.816846476186118942e-01 -1.917252772089605095e+00
9.599999999999999645e-01 -2.627044465263967399e-01 -1.875868859819200374e+00
9.699999999999999734e-01 -2.441672704222278556e-01 -1.825132366807996176e+00
9.799999999999999822e-01 -2.262017991902368075e-01 -1.755558521941814609e+00
9.899999999999998801e-01 -2.090560999833915856e-01 -1.678364604321312736e+00
1.000000000000000000e+00 -1.926345071038105539e-01 -1.608547256379334156e+00
1.010000000000000009e+00 -1.768851548558048881e-01 -1.541843571485664421e+00
1.020000000000000018e+00 -1.617976356740972732e-01 -1.464310374936731662e+00
1.029999999999999805e+00 -1.475989473570702704e-01 -1.383225984941268472e+00
1.040000000000000036e+00 -1.341331159752718882e-01 -1.310040724261591238e+00
1.050000000000000044e+00 -1.213981328718384406e-01 -1.245666741781986664e+00
1.059999999999999831e+00 -1.092197811396321688e-01 -1.185596045227931050e+00
1.069999999999999840e+00 -9.768621196727982070e-02 -1.127120191176687936e+00
1.080000000000000071e+00 -8.667737731609841123e-02 -1.071296157730920573e+00
1.089999999999999858e+00 -7.626028881266141979e-02 -1.010045702198582696e+00
1.099999999999999867e+00 -6.647646327212676509e-02 -9.403226684727528095e-01
1.109999999999999876e+00 -5.745383544320635527e-02 -8.681589173719754804e-01
1.119999999999999885e+00 -4.911328492468725049e-02 -8.031527236395754610e-01
1.129999999999999893e+00 -4.139078097041484772e-02 -7.509494221476696874e-01
1.139999999999999902e+00 -3.409429648173385730e-02 -7.078504066706540199e-01
1.149999999999999911e+00 -2.723377283700176982e-02 -6.641794609344054967e-01
1.159999999999999920e+00 -2.081070726304574958e-02 -1.052646430588622284e+00
1.169999999999999929e+00 -6.180844225229321746e-03 -1.008796296707923368e+00
1.179999999999999938e+00 -6.347813288872781491e-04 -3.066304167139475290e-01
1.189999999999999947e+00 -4.823589095037220966e-05 -3.173906644436391006e-02
1.199999999999999956e+00 0.000000000000000000e+00 -4.823589095037221670e-03
