0.000000000000000000e+00 1.008675439970107703e+02 3.165234151283645474e+02
1.000000000000000021e-02 9.770230984572712885e+01 3.165234151283645474e+02
2.000000000000000042e-02 9.453707569444347314e+01 3.165234151283645474e+02
2.999999999999999889e-02 9.137184154315983164e+01 3.165234151283639790e+02
4.000000000000000083e-02 8.820660739187620436e+01 3.165234151283639790e+02
4.999999999999999584e-02 8.504137324059254865e+01 3.165234151283645474e+02
5.999999999999999778e-02 8.187613908930890716e+01 3.165234151283651727e+02
6.999999999999999278e-02 7.871090493802525145e+01 3.165234151283639790e+02
8.000000000000000167e-02 7.554567078674162417e+01 3.165234151283639790e+02
8.999999999999999667e-02 7.238043663545796846e+01 3.165234151283645474e+02
9.999999999999999167e-02 6.921520248417434118e+01 3.165234151283645474e+02
1.099999999999999867e-01 6.604996833289068547e+01 3.165234151283651727e+02
1.199999999999999956e-01 6.288473418160703687e+01 3.165234151283639790e+02
1.300000000000000044e-01 5.971950003032340248e+01 3.165234151283639790e+02
1.399999999999999856e-01 5.655426587903976099e+01 3.165234151283642632e+02
1.499999999999999944e-01 5.338903172775611949e+01 3.165234151283639790e+02
1.600000000000000033e-01 5.022379757647247800e+01 3.165234151283642632e+02
1.699999999999999845e-01 4.705856342518883650e+01 3.165234151283642632e+02
1.799999999999999933e-01 4.389332927390519501e+01 3.165234151283642632e+02
1.899999999999999745e-01 4.072809512262154641e+01 3.165234151283645474e+02
1.999999999999999833e-01 3.756286097133790491e+01 3.165234151283642632e+02
2.099999999999999922e-01 3.439762682005426342e+01 3.165234151283642632e+02
2.199999999999999734e-01 3.123239266877061837e+01 3.165234151283642632e+02
2.299999999999999822e-01 2.806715851748697688e+01 3.165234151283645474e+02
2.399999999999999911e-01 2.490192436620332828e+01 3.165234151283648885e+02
2.500000000000000000e-01 2.173669021491968323e+01 3.165234151283642632e+02
2.600000000000000089e-01 1.857145606363604173e+01 3.165234151283642632e+02
2.700000000000000178e-01 1.540622191235239669e+01 3.165234151283643200e+02
2.799999999999999711e-01 1.224098776106875519e+01 3.165234151283642063e+02
2.899999999999999800e-01 9.075753609785113696e+00 2.716507336495770346e+02
2.999999999999999889e-01 6.807973088077215351e+00 2.025809709939893253e+02
3.099999999999999423e-01 5.024134189905327119e+00 1.615442453799398095e+02
3.200000000000000067e-01 3.577088180478419144e+00 1.307267423284800145e+02
3.300000000000000155e-01 2.409599343335727006e+00 1.057786276192667003e+02
3.399999999999999689e-01 1.461515628093085439e+00 8.596654681509123463e+01
3.500000000000000333e-01 6.902684070339024647e-01 6.966293023115349570e+01
3.599999999999999867e-01 6.825702347001566528e-02 5.552373292362988622e+01
3.699999999999999956e-01 -4.202062514386952774e-01 4.352124723136170559e+01
3.799999999999999489e-01 -8.021679211572184665e-01 3.435951324257221273e+01
3.900000000000000133e-01 -1.107396516290139576e+00 2.767770502140644240e+01
3.999999999999999667e-01 -1.355722021585347381e+00 2.251929088020879988e+01
4.099999999999999756e-01 -1.557782333894315530e+00 1.819881186907476334e+01
4.199999999999999845e-01 -1.719698258966842586e+00 1.418479046237718322e+01
4.299999999999999933e-01 -1.841478143141859203e+00 1.027794597681812228e+01
4.399999999999999467e-01 -1.925257178503204880e+00 6.696610833752487224e+00
4.499999999999999556e-01 -1.975410359816908823e+00 3.715042517378336573e+00
4.599999999999999645e-01 -1.999558028850771718e+00 1.314964410067768430e+00
4.699999999999999734e-01 -2.001709648018264343e+00 -7.311638417234956888e-01
4.799999999999999822e-01 -1.984934752016301651e+00 -2.629362269811490904e+00
4.899999999999999911e-01 -1.949122402622034400e+00 -4.573086804144425699e+00
5.000000000000000000e-01 -1.893473015933413217e+00 -6.472394680836869085e+00
5.100000000000000089e-01 -1.819674509005297036e+00 -7.821302101025293219e+00
5.200000000000000178e-01 -1.737046973912907299e+00 -8.206258991752530818e+00
5.299999999999999156e-01 -1.655549329170246553e+00 -7.681688541034048079e+00
5.400000000000000355e-01 -1.583413203092226329e+00 -6.714118881174353071e+00
5.499999999999999334e-01 -1.521266951546759394e+00 -5.787868565446204094e+00
5.599999999999999423e-01 -1.467655831783302389e+00 -5.278080676719767439e+00
5.699999999999999512e-01 -1.415705338012364090e+00 -5.332731168187323512e+00
5.799999999999999600e-01 -1.361001208419555963e+00 -5.660888922023480596e+00
5.899999999999999689e-01 -1.302487559571894549e+00 -5.896768613945656767e+00
5.999999999999999778e-01 -1.243065836140642810e+00 -5.895096299529018147e+00
6.099999999999999867e-01 -1.184585633581314079e+00 -5.685425716184657752e+00
6.199999999999998845e-01 -1.129357321816949700e+00 -5.387610838568327232e+00
6.300000000000000044e-01 -1.076833416809947597e+00 -5.193961730447342440e+00
6.400000000000000133e-01 -1.025478087208002709e+00 -5.159783034836108229e+00
6.499999999999999112e-01 -9.736377561132254499e-01 -5.148427910792754858e+00
6.600000000000000311e-01 -9.225095289921476649e-01 -5.079356474734447957e+00
6.700000000000000400e-01 -8.720506266185364952e-01 -4.974418651757615883e+00
6.799999999999999378e-01 -8.230211559569954316e-01 -4.791374974524014618e+00
6.899999999999999467e-01 -7.762231271280561895e-01 -4.511355947159431778e+00
7.000000000000000666e-01 -7.327940370138067427e-01 -4.140032647900095952e+00
7.099999999999999645e-01 -6.934224741700543149e-01 -3.676107165020789047e+00
7.199999999999999734e-01 -6.592718937133910106e-01 -3.142245328447015318e+00
7.299999999999998712e-01 -6.305775676011140529e-01 -2.629884043768171420e+00
7.399999999999999911e-01 -6.066742128380275823e-01 -2.227767443200258768e+00
7.500000000000000000e-01 -5.860222187371088021e-01 -1.965218241668294619e+00
7.599999999999998979e-01 -5.673698480046617254e-01 -1.831400788004365010e+00
7.699999999999999067e-01 -5.493942029770215729e-01 -1.787227441041286280e+00
7.800000000000000266e-01 -5.316252991838359421e-01 -1.752895084585019747e+00
7.899999999999999245e-01 -5.143363012853211513e-01 -1.693784177912869060e+00
7.999999999999999334e-01 -4.977496156255785675e-01 -1.659275550786647457e+00
8.100000000000000533e-01 -4.811507902695882355e-01 -1.669691549304752609e+00
8.199999999999999512e-01 -4.643557846394835154e-01 -1.669045025861094489e+00
8.299999999999999600e-01 -4.477698897523663124e-01 -1.621093930289914553e+00
8.399999999999999689e-01 -4.319339060336852554e-01 -1.548489008464978056e+00
8.499999999999999778e-01 -4.168001095830667913e-01 -1.471013249873415418e+00
8.599999999999999867e-01 -4.025136410362168959e-01 -1.416166200043044610e+00
8.699999999999999956e-01 -3.884767855822058857e-01 -1.436072238714875438e+00
8.799999999999998934e-01 -3.737921962619193961e-01 -1.524353186381938841e+00
8.900000000000000133e-01 -3.579897218545671223e-01 -1.594342749202290133e+00
8.999999999999999112e-01 -3.419053412778735868e-01 -1.586627082215898987e+00
9.099999999999999201e-01 -3.262571802102491314e-01 -1.524664385175131587e+00
9.199999999999999289e-01 -3.114120535743709617e-01 -1.448799427947652818e+00
9.299999999999999378e-01 -2.972811916512960728e-01 -1.383543137071261642e+00
9.399999999999999467e-01 -2.837411908329457444e-01 -1.348619175096923417e+00
9.499999999999999556e-01 -2.703088081493575934e-01 -1.348486953371740737e+00
9.599999999999999645e-01 -2.567714517655109163e-01 -1.359514787771976430e+00
9.699999999999999734e-01 -2.431185123939181014e-01 -1.352141187818574064e+00
9.799999999999999822e-01 -2.297286280091394572e-01 -1.320439934711397534e+00
9.899999999999998801e-01 -2.167097136996901374e-01 -1.280435881454151881e+00
1.000000000000000000e+00 -2.041199103800564185e-01 -1.250994661871825064e+00
1.010000000000000009e+00 -1.916898204622536350e-01 -1.246611550724256334e+00
1.020000000000000018e+00 -1.791876793655713118e-01 -1.260733760454098906e+00
1.029999999999999805e+00 -1.664751452531716691e-01 -1.270376563645886803e+00
1.040000000000000036e+00 -1.537801480926535569e-01 -1.262192281588762066e+00
1.050000000000000044e+00 -1.412312996213964111e-01 -1.238015500204570962e+00
1.059999999999999831e+00 -1.290198380885621554e-01 -1.200085500791668647e+00
1.069999999999999840e+00 -1.172295896055630532e-01 -1.149819851634262147e+00
1.080000000000000071e+00 -1.060234410558769103e-01 -1.096073967506358660e+00
1.089999999999999858e+00 -9.530811025543588222e-02 -1.052420603523714693e+00
1.099999999999999867e+00 -8.497502898540261473e-02 -1.019871998983209016e+00
1.109999999999999876e+00 -7.491067027577169579e-02 -9.890834224316642498e-01
1.119999999999999885e+00 -6.519336053676932918e-02 -9.528655427192657124e-01
1.129999999999999893e+00 -5.585335942138638932e-02 -9.124434271611704395e-01
1.139999999999999902e+00 -4.694449199354592400e-02 -8.713557671486152900e-01
1.149999999999999911e+00 -3.842624407841407908e-02 -8.360568747275033408e-01
1.159999999999999920e+00 -3.022335449899585941e-02 -1.520191737678282085e+00
1.169999999999999929e+00 -8.022409324848440992e-03 -1.478433765710046810e+00
1.179999999999999938e+00 -6.546791847949246131e-04 -3.987061701122334711e-01
1.189999999999999947e+00 -4.828592260377144582e-05 -3.273395923974622979e-02
1.199999999999999956e+00 0.000000000000000000e+00 -4.828592260377144799e-03
