0.000000000000000000e+00 1.765673027509564577e+02 4.852039297361374679e+02
1.000000000000000021e-02 1.717152634535950995e+02 4.852039297361362742e+02
2.000000000000000042e-02 1.668632241562337413e+02 4.852039297361362742e+02
2.999999999999999889e-02 1.620111848588723547e+02 4.852039297361362742e+02
4.000000000000000083e-02 1.571591455615110249e+02 4.852039297361350805e+02
4.999999999999999584e-02 1.523071062641496667e+02 4.852039297361362742e+02
5.999999999999999778e-02 1.474550669667882801e+02 4.852039297361374679e+02
6.999999999999999278e-02 1.426030276694269219e+02 4.852039297361362742e+02
8.000000000000000167e-02 1.377509883720655637e+02 4.852039297361362742e+02
8.999999999999999667e-02 1.328989490747041771e+02 4.852039297361362742e+02
9.999999999999999167e-02 1.280469097773428473e+02 4.852039297361362742e+02
1.099999999999999867e-01 1.231948704799814607e+02 4.852039297361374679e+02
1.199999999999999956e-01 1.183428311826200883e+02 4.852039297361362742e+02
1.300000000000000044e-01 1.134907918852587443e+02 4.852039297361350805e+02
1.399999999999999856e-01 1.086387525878973861e+02 4.852039297361362742e+02
1.499999999999999944e-01 1.037867132905360137e+02 4.852039297361368995e+02
1.600000000000000033e-01 9.893467399317465549e+01 4.852039297361362742e+02
1.699999999999999845e-01 9.408263469581328309e+01 4.852039297361362742e+02
1.799999999999999933e-01 8.923059539845192489e+01 4.852039297361362742e+02
1.899999999999999745e-01 8.437855610109056670e+01 4.852039297361362742e+02
1.999999999999999833e-01 7.952651680372920850e+01 4.852039297361362742e+02
2.099999999999999922e-01 7.467447750636783610e+01 4.852039297361362742e+02
2.199999999999999734e-01 6.982243820900647790e+01 4.852039297361357058e+02
2.299999999999999822e-01 6.497039891164513392e+01 4.852039297361368995e+02
2.399999999999999911e-01 6.011835961428374020e+01 4.852039297361374679e+02
2.500000000000000000e-01 5.526632031692238201e+01 4.852039297361357058e+02
2.600000000000000089e-01 5.041428101956103092e+01 4.852039297361357058e+02
2.700000000000000178e-01 4.556224172219966562e+01 4.852039297361362742e+02
2.799999999999999711e-01 4.071020242483830742e+01 4.852039297361362742e+02
2.899999999999999800e-01 3.585816312747694212e+01 4.852039297361362742e+02
2.999999999999999889e-01 3.100612383011558038e+01 4.852039297361353647e+02
3.099999999999999423e-01 2.615408453275423639e+01 4.852039297361361037e+02
3.200000000000000067e-01 2.130204523539285688e+01 4.852039297361377521e+02
3.300000000000000155e-01 1.645000593803148092e+01 4.852039297361361605e+02
3.399999999999999689e-01 1.159796664067013516e+01 4.852039297361361605e+02
3.500000000000000333e-01 6.745927343308758317e+00 3.194593294609755390e+02
3.599999999999999867e-01 5.208780051450625059e+00 1.315707197108733340e+02
3.699999999999999956e-01 4.114512949091291283e+00 9.777251929803885844e+01
3.799999999999999489e-01 3.253329665489848033e+00 7.829550136106904290e+01
3.900000000000000133e-01 2.548602921869910443e+00 6.403495269547273949e+01
3.999999999999999667e-01 1.972630611580393323e+00 5.221772294255740121e+01
4.099999999999999756e-01 1.504248463018762694e+00 4.235759347029023303e+01
4.199999999999999845e-01 1.125478742174588653e+00 3.423740248145416842e+01
4.299999999999999933e-01 8.195004133896792720e-01 2.756875314226931550e+01
4.399999999999999467e-01 5.741036793292024765e-01 2.202336041137370870e+01
4.499999999999999556e-01 3.790332051622051779e-01 1.740915139224191677e+01
4.599999999999999645e-01 2.259206514843641322e-01 1.359617026598026435e+01
4.699999999999999734e-01 1.071097998425999398e-01 1.040161161947856705e+01
4.799999999999999822e-01 1.788841909479279429e-02 7.644287679825068516e+00
4.899999999999999911e-01 -4.577595375390143551e-02 5.213235905936299375e+00
5.000000000000000000e-01 -8.637629902393317849e-02 3.058282679344516364e+00
5.100000000000000089e-01 -1.069416073407917500e-01 1.179790534701911753e+00
5.200000000000000178e-01 -1.099721097179714169e-01 -3.948640819613851716e-01
5.299999999999999156e-01 -9.904432570156404547e-02 -1.614127921847950065e+00
5.400000000000000355e-01 -7.768955128101241725e-02 -2.427144682785459917e+00
5.499999999999999334e-01 -5.050143204585486045e-02 -2.827849939625552533e+00
5.599999999999999423e-01 -2.113255248850136325e-02 -2.883940688587575796e+00
5.699999999999999512e-01 7.177381725896656191e-03 -2.719508179757032185e+00
5.799999999999999600e-01 3.325761110663927322e-02 -2.454290657083731286e+00
5.899999999999999689e-01 5.626319486757128119e-02 -2.170673998547744787e+00
5.999999999999999778e-01 7.667109107759417785e-02 -1.913667065989560712e+00
6.099999999999999867e-01 9.453653618736249098e-02 -1.677888833570882143e+00
6.199999999999998845e-01 1.102288677490118191e-01 -1.414401139446891609e+00
6.300000000000000044e-01 1.228245589763003187e-01 -1.093200468529034408e+00
6.400000000000000133e-01 1.320928771195925000e-01 -7.509813290258190444e-01
6.499999999999999112e-01 1.378441855568167118e-01 -4.551762968539697640e-01
6.600000000000000311e-01 1.411964030566718875e-01 -2.391485248309696554e-01
6.700000000000000400e-01 1.426271560534360938e-01 -9.748963729888926455e-02
6.799999999999999378e-01 1.431461958026496728e-01 -2.691379683785999344e-02
6.899999999999999467e-01 1.431654319901932981e-01 9.813822590448143326e-03
7.000000000000000666e-01 1.429499193508407262e-01 5.120295492034231816e-02
7.099999999999999645e-01 1.421413728917864383e-01 1.148550786121942946e-01
7.199999999999999734e-01 1.406528177785968392e-01 1.852302613701299894e-01
7.299999999999998712e-01 1.384367676643838418e-01 2.401620990871110028e-01
7.399999999999999911e-01 1.358495757968546103e-01 2.592450116529884663e-01
7.500000000000000000e-01 1.332518674313240836e-01 2.269625672860855481e-01
7.599999999999998979e-01 1.313103244511329148e-01 1.557259199889252654e-01
7.699999999999999067e-01 1.301373490315455850e-01 7.413500171372405800e-02
7.800000000000000266e-01 1.298276244168584115e-01 -1.358026128864224351e-02
7.899999999999999245e-01 1.304089542573184102e-01 -9.156502694392106012e-02
7.999999999999999334e-01 1.316589249557368335e-01 -1.403624058615289827e-01
8.100000000000000533e-01 1.332162023745490087e-01 -1.428446250093164671e-01
8.199999999999999512e-01 1.345158174559231701e-01 -1.042607867390777654e-01
8.299999999999999600e-01 1.353014181093305512e-01 -4.624061529210749671e-02
8.399999999999999689e-01 1.354406297617653243e-01 2.084254807542720422e-03
8.499999999999999778e-01 1.352597330131797004e-01 1.638621287499486545e-02
8.599999999999999867e-01 1.351129055042654126e-01 2.773013977041136752e-03
8.699999999999999956e-01 1.352042727336388861e-01 -7.687968483112173415e-03
8.799999999999998934e-01 1.352666648739276611e-01 1.315855391771211455e-02
8.900000000000000133e-01 1.349411016552846398e-01 7.512538620003184064e-02
8.999999999999999112e-01 1.337641571499270376e-01 1.725603607826189101e-01
9.099999999999999201e-01 1.314898944396322433e-01 2.804757173155281724e-01
9.199999999999999289e-01 1.281546428036164642e-01 3.556869156717719638e-01
9.299999999999999378e-01 1.243761561261968185e-01 3.770384054001271190e-01
9.399999999999999467e-01 1.206138746956139235e-01 3.660010451276231591e-01
9.499999999999999556e-01 1.170561352236443586e-01 3.553381987616039406e-01
9.599999999999999645e-01 1.135071107203818458e-01 3.635941098867748744e-01
9.699999999999999734e-01 1.097842530259088567e-01 3.922179832141136080e-01
9.799999999999999822e-01 1.056627510560995686e-01 4.366092029165524191e-01
9.899999999999998801e-01 1.010520689675778044e-01 4.855306597205847896e-01
1.000000000000000000e+00 9.595213786168788062e-02 5.232999272608237495e-01
1.010000000000000009e+00 9.058607042236133111e-02 5.372071305618354442e-01
1.020000000000000018e+00 8.520799525045116840e-02 5.284477741887568802e-01
1.029999999999999805e+00 8.001711493858619517e-02 5.089464891968328297e-01
1.040000000000000036e+00 7.502906546651451347e-02 4.966713675859156796e-01
1.050000000000000044e+00 7.008368758686787936e-02 4.986335297510019471e-01
1.059999999999999831e+00 6.505639487149447731e-02 5.080105601392284065e-01
1.069999999999999840e+00 5.992347638408331706e-02 5.163665188136077333e-01
1.080000000000000071e+00 5.472906449522232236e-02 5.197353677000861039e-01
1.089999999999999858e+00 4.952876903008159720e-02 5.141150270787302468e-01
1.099999999999999867e+00 4.444676395364771659e-02 4.979236801192868378e-01
1.109999999999999876e+00 3.957029542769586322e-02 4.778259116150509467e-01
1.119999999999999885e+00 3.489024572134669794e-02 4.618729408888125332e-01
1.129999999999999893e+00 3.033283660991961325e-02 4.515989279374483245e-01
1.139999999999999902e+00 2.585826716259773464e-02 4.452257595646607058e-01
1.149999999999999911e+00 2.142832141862639761e-02 4.414552982110880874e-01
1.159999999999999920e+00 1.702916119837597289e-02 8.061487508475849717e-01
1.169999999999999929e+00 5.305346401674699425e-03 8.202197455056456921e-01
1.179999999999999938e+00 6.247662882630607888e-04 2.626833595072448624e-01
1.189999999999999947e+00 5.167921152980345015e-05 3.123831441315304269e-02
1.199999999999999956e+00 0.000000000000000000e+00 5.167921152980345205e-03
