0.000000000000000000e+00 1.746854522188430110e+02 4.557512439703770610e+02
1.000000000000000021e-02 1.701279397791392398e+02 4.557512439703746736e+02
2.000000000000000042e-02 1.655704273394355255e+02 4.557512439703734799e+02
2.999999999999999889e-02 1.610129148997317827e+02 4.557512439703734799e+02
4.000000000000000083e-02 1.564554024600280684e+02 4.557512439703746736e+02
4.999999999999999584e-02 1.518978900203242972e+02 4.557512439703746736e+02
5.999999999999999778e-02 1.473403775806205545e+02 4.557512439703734799e+02
6.999999999999999278e-02 1.427828651409168117e+02 4.557512439703746736e+02
8.000000000000000167e-02 1.382253527012130689e+02 4.557512439703746736e+02
8.999999999999999667e-02 1.336678402615093262e+02 4.557512439703734799e+02
9.999999999999999167e-02 1.291103278218056118e+02 4.557512439703746736e+02
1.099999999999999867e-01 1.245528153821018265e+02 4.557512439703746736e+02
1.199999999999999956e-01 1.199953029423981121e+02 4.557512439703734799e+02
1.300000000000000044e-01 1.154377905026943694e+02 4.557512439703746736e+02
1.399999999999999856e-01 1.108802780629906124e+02 4.557512439703746736e+02
1.499999999999999944e-01 1.063227656232868696e+02 4.557512439703741052e+02
1.600000000000000033e-01 1.017652531835831411e+02 4.557512439703741052e+02
1.699999999999999845e-01 9.720774074387938413e+01 4.557512439703741052e+02
1.799999999999999933e-01 9.265022830417565558e+01 4.557512439703741052e+02
1.899999999999999745e-01 8.809271586447191282e+01 4.557512439703741052e+02
1.999999999999999833e-01 8.353520342476817007e+01 4.557512439703741052e+02
2.099999999999999922e-01 7.897769098506442731e+01 4.557512439703746736e+02
2.199999999999999734e-01 7.442017854536068455e+01 4.557512439703741052e+02
2.299999999999999822e-01 6.986266610565694180e+01 4.557512439703746736e+02
2.399999999999999911e-01 6.530515366595318483e+01 4.557512439703752989e+02
2.500000000000000000e-01 6.074764122624944207e+01 4.557512439703741052e+02
2.600000000000000089e-01 5.619012878654570642e+01 4.557512439703741052e+02
2.700000000000000178e-01 5.163261634684195656e+01 4.557512439703743894e+02
2.799999999999999711e-01 4.707510390713822090e+01 4.557512439703741052e+02
2.899999999999999800e-01 4.251759146743447815e+01 4.557512439703741052e+02
2.999999999999999889e-01 3.796007902773073539e+01 4.557512439703734799e+02
3.099999999999999423e-01 3.340256658802700684e+01 4.557512439703743894e+02
3.200000000000000067e-01 2.884505414832324988e+01 4.557512439703755263e+02
3.300000000000000155e-01 2.428754170861949646e+01 4.557512439703741052e+02
3.399999999999999689e-01 1.973002926891576791e+01 4.557512439703742189e+02
3.500000000000000333e-01 1.517251682921201450e+01 4.557512439703742189e+02
3.599999999999999867e-01 1.061500438950828595e+01 4.557512439703742189e+02
3.699999999999999956e-01 6.057491949804528986e+00 3.221790069607016562e+02
3.799999999999999489e-01 4.171424250294253788e+00 1.759367735330208973e+02
3.900000000000000133e-01 2.538756479144112177e+00 1.523760430317416592e+02
3.999999999999999667e-01 1.123903389659420604e+00 1.283692659933252855e+02
4.099999999999999756e-01 -2.862884072239316527e-02 1.014966800271320011e+02
4.199999999999999845e-01 -9.060302108832191115e-01 7.781001857717880910e+01
4.299999999999999933e-01 -1.584829212265969511e+00 5.991562331928587071e+01
4.399999999999999467e-01 -2.104342677268936423e+00 4.701672919725874777e+01
4.499999999999999556e-01 -2.525163796211144174e+00 3.833998095088671221e+01
4.599999999999999645e-01 -2.871142296286670614e+00 3.025553940906913297e+01
4.699999999999999734e-01 -3.130274584392526815e+00 2.289339084234135413e+01
4.799999999999999822e-01 -3.329010113133497928e+00 1.712039542353714339e+01
4.899999999999999911e-01 -3.472682492863270021e+00 1.347873216861947832e+01
5.000000000000000000e-01 -3.598584756505887494e+00 1.089627925290715638e+01
5.100000000000000089e-01 -3.690608077921412988e+00 6.433924895769085772e+00
5.200000000000000178e-01 -3.727263254421269156e+00 2.356674955612502398e+00
5.299999999999999156e-01 -3.737741577033662832e+00 -7.830509337628698274e-01
5.400000000000000355e-01 -3.711602235746011669e+00 -2.930420523067225780e+00
5.499999999999999334e-01 -3.679133166572318370e+00 -3.405355475891306494e+00
5.599999999999999423e-01 -3.643495126228185388e+00 -5.555741757668442027e+00
5.699999999999999512e-01 -3.568018331418949529e+00 -1.005592055757779946e+01
5.799999999999999600e-01 -3.442376715076629345e+00 -1.250882356597858269e+01
5.899999999999999689e-01 -3.317841860099377982e+00 -1.259230254354486433e+01
5.999999999999999778e-01 -3.190530664205732059e+00 -1.315765089161980761e+01
6.099999999999999867e-01 -3.054688842266982007e+00 -1.411624107427065766e+01
6.199999999999998845e-01 -2.908205842720319012e+00 -1.402863385726028334e+01
6.300000000000000044e-01 -2.774116165121776056e+00 -1.383096956061628546e+01
6.400000000000000133e-01 -2.631586451507993640e+00 -1.311139168825593515e+01
6.499999999999999112e-01 -2.511888331356657567e+00 -1.268216811827661950e+01
6.600000000000000311e-01 -2.377943089142461108e+00 -1.325092962025173549e+01
6.700000000000000400e-01 -2.246869738951622786e+00 -1.333318420415010230e+01
6.799999999999999378e-01 -2.111279405059458991e+00 -1.085842213062154293e+01
6.899999999999999467e-01 -2.029701296339192051e+00 -9.124695567941621732e+00
7.000000000000000666e-01 -1.928785493700626574e+00 -9.367078775639711807e+00
7.099999999999999645e-01 -1.842359720826397762e+00 -8.900794783913912767e+00
7.199999999999999734e-01 -1.750769598022348328e+00 -8.165386081805040774e+00
7.299999999999998712e-01 -1.679051999190297018e+00 -8.420170156419409579e+00
7.399999999999999911e-01 -1.582366194893960243e+00 -1.033434445684394021e+01
7.500000000000000000e-01 -1.472365110053418080e+00 -1.262576719992075169e+01
7.599999999999998979e-01 -1.329850850895545111e+00 -1.302057568087776040e+01
7.699999999999999067e-01 -1.211953596435862979e+00 -1.272599642415653953e+01
7.800000000000000266e-01 -1.075330922412414347e+00 -1.178015042883905572e+01
7.899999999999999245e-01 -9.763505878590819087e-01 -1.090339241520011448e+01
7.999999999999999334e-01 -8.572630741084121819e-01 -1.073887288693114073e+01
8.100000000000000533e-01 -7.615731301204591297e-01 -8.229577802207048265e+00
8.199999999999999512e-01 -6.926715180642711855e-01 -4.859661381493972421e+00
8.299999999999999600e-01 -6.643799024905796546e-01 -2.659135649883728192e+00
8.399999999999999689e-01 -6.394888050665966661e-01 -1.239812954428645364e+00
8.499999999999999778e-01 -6.395836434020067962e-01 1.897279978483586427e-01
8.599999999999999867e-01 -6.432833650235637579e-01 4.845929004756079905e-01
8.699999999999999956e-01 -6.492755014115189072e-01 6.228779537393854815e-01
8.799999999999998934e-01 -6.557409240983514964e-01 1.699927229892527425e+00
8.900000000000000133e-01 -6.832740460093694734e-01 2.462124964239164715e+00
8.999999999999999112e-01 -7.049834233831347996e-01 2.658815528983093479e+00
9.099999999999999201e-01 -7.364503565890313519e-01 3.343306730745163158e+00
9.199999999999999289e-01 -7.718495579980381160e-01 3.937168509277330752e+00
9.299999999999999378e-01 -8.151937267745779092e-01 4.432922066174611153e+00
9.399999999999999467e-01 -8.605079993215303258e-01 4.451809073922359694e+00
9.499999999999999556e-01 -9.042299082530250720e-01 3.276781862772762732e+00
9.599999999999999645e-01 -9.260436365769855183e-01 2.460118414035699086e+00
9.699999999999999734e-01 -9.534322765337390759e-01 2.096289246684362340e+00
9.799999999999999822e-01 -9.679694215106727784e-01 1.011165700412952173e+00
9.899999999999998801e-01 -9.736555905419981283e-01 -4.452031816993997498e-02
1.000000000000000000e+00 -9.670790151472740126e-01 -5.026195237849492292e-01
1.010000000000000009e+00 -9.636032000662991814e-01 -9.475383782782932363e-01
1.020000000000000018e+00 -9.481282475817081057e-01 -1.444321999346948937e+00
1.029999999999999805e+00 -9.347167600793602205e-01 -1.885105813045308887e+00
1.040000000000000036e+00 -9.104261313208019679e-01 -2.746698041902770893e+00
1.050000000000000044e+00 -8.797827992413047582e-01 -3.358693650986212642e+00
1.059999999999999831e+00 -8.432522583010776396e-01 -3.227009844516318449e+00
1.069999999999999840e+00 -8.152426023509784514e-01 -3.572863858274984317e+00
1.080000000000000071e+00 -7.717949811355779843e-01 -5.445623675802671038e+00
1.089999999999999858e+00 -7.063301288349249640e-01 -7.417479496489032265e+00
1.099999999999999867e+00 -6.234453912057973390e-01 -8.827957907276394067e+00
1.109999999999999876e+00 -5.297709706893971582e-01 -9.846958839967408395e+00
1.119999999999999885e+00 -4.265062144064492022e-01 -9.736228111056648871e+00
1.129999999999999893e+00 -3.350464084682641674e-01 -8.966429764875991637e+00
1.139999999999999902e+00 -2.471776191089293806e-01 -8.127485416306189592e+00
1.149999999999999911e+00 -1.724967001421403578e-01 -6.815570959893973324e+00
1.159999999999999920e+00 -1.108661999110499286e-01 -7.811221229913673625e+00
1.169999999999999929e+00 -1.627227554386689173e-02 -5.478739226788341021e+00
1.179999999999999938e+00 -1.291415375283117700e-03 -8.071023788161176826e-01
1.189999999999999947e+00 -1.302279675445370145e-04 -6.457076876415589195e-02
1.199999999999999956e+00 0.000000000000000000e+00 -1.302279675445370231e-02
