0.000000000000000000e+00 2.507143363694909226e+02 8.402163187194153124e+02
1.000000000000000021e-02 2.423121731822967604e+02 8.402163187194105376e+02
2.000000000000000042e-02 2.339100099951027119e+02 8.402163187194105376e+02
2.999999999999999889e-02 2.255078468079085496e+02 8.402163187194105376e+02
4.000000000000000083e-02 2.171056836207145011e+02 8.402163187194081502e+02
4.999999999999999584e-02 2.087035204335203957e+02 8.402163187194105376e+02
5.999999999999999778e-02 2.003013572463262904e+02 8.402163187194117882e+02
6.999999999999999278e-02 1.918991940591321566e+02 8.402163187194105376e+02
8.000000000000000167e-02 1.834970308719380796e+02 8.402163187194105376e+02
8.999999999999999667e-02 1.750948676847439458e+02 8.402163187194105376e+02
9.999999999999999167e-02 1.666927044975498688e+02 8.402163187194105376e+02
1.099999999999999867e-01 1.582905413103557350e+02 8.402163187194117882e+02
1.199999999999999956e-01 1.498883781231616297e+02 8.402163187194105376e+02
1.300000000000000044e-01 1.414862149359675243e+02 8.402163187194105376e+02
1.399999999999999856e-01 1.330840517487734189e+02 8.402163187194105376e+02
1.499999999999999944e-01 1.246818885615793278e+02 8.402163187194105376e+02
1.600000000000000033e-01 1.162797253743852224e+02 8.402163187194094007e+02
1.699999999999999845e-01 1.078775621871911312e+02 8.402163187194099692e+02
1.799999999999999933e-01 9.947539899999702584e+01 8.402163187194112197e+02
1.899999999999999745e-01 9.107323581280292046e+01 8.402163187194105376e+02
1.999999999999999833e-01 8.267107262560881509e+01 8.402163187194105376e+02
2.099999999999999922e-01 7.426890943841470971e+01 8.402163187194099692e+02
2.199999999999999734e-01 6.586674625122060434e+01 8.402163187194099692e+02
2.299999999999999822e-01 5.746458306402650607e+01 8.402163187194120155e+02
2.399999999999999911e-01 4.906241987683237227e+01 8.402163187194120155e+02
2.500000000000000000e-01 4.066025668963826689e+01 8.402163187194101965e+02
2.600000000000000089e-01 3.225809350244416862e+01 8.402163187194101965e+02
2.700000000000000178e-01 2.385593031525005969e+01 8.402163187194105376e+02
2.799999999999999711e-01 1.545376712805595609e+01 8.512330328053350286e+02
2.899999999999999800e-01 6.831269659143363704e+00 5.677019325227641957e+02
2.999999999999999889e-01 4.099728477600673493e+00 2.397150846307812060e+02
3.099999999999999423e-01 2.036967966527739815e+00 1.831129540704366718e+02
3.200000000000000067e-01 4.374693961919401408e-01 1.454035303576051490e+02
3.300000000000000155e-01 -8.711026406243628228e-01 1.189018539970963104e+02
3.399999999999999689e-01 -1.940567683749985894e+00 9.835728140560870258e+01
3.500000000000000333e-01 -2.838248268736536684e+00 8.121606838874892276e+01
3.599999999999999867e-01 -3.564889051524964270e+00 6.722439181172025258e+01
3.699999999999999956e-01 -4.182736104970941504e+00 5.743565899766275606e+01
3.799999999999999489e-01 -4.713602231478219551e+00 4.933224449683601165e+01
3.900000000000000133e-01 -5.169380994907662341e+00 4.244875931241898570e+01
3.999999999999999667e-01 -5.562577417726599194e+00 3.515276772852005394e+01
4.099999999999999756e-01 -5.872436349478062922e+00 2.649943921208978992e+01
4.199999999999999845e-01 -6.092566201968394601e+00 1.873057841512271438e+01
4.299999999999999933e-01 -6.247047917780517601e+00 1.225783944439551831e+01
4.399999999999999467e-01 -6.337722990856304861e+00 6.331949334590841971e+00
4.499999999999999556e-01 -6.373686904472333659e+00 -8.289279315800502923e-01
4.599999999999999645e-01 -6.321144432224704346e+00 -8.778373769694342243e+00
4.699999999999999734e-01 -6.198119429078447595e+00 -1.489253909748473781e+01
4.799999999999999822e-01 -6.023293650275009625e+00 -1.807287170688908162e+01
4.899999999999999911e-01 -5.836661994940665288e+00 -1.868174135755591792e+01
5.000000000000000000e-01 -5.649658823123891338e+00 -1.921268225203315794e+01
5.100000000000000089e-01 -5.452408349900002449e+00 -2.005298532132934497e+01
5.200000000000000178e-01 -5.248599116697303835e+00 -2.003673309472688047e+01
5.299999999999999156e-01 -5.051673688005465124e+00 -1.897980548953186997e+01
5.400000000000000355e-01 -4.869003006906666542e+00 -1.796755271737634985e+01
5.499999999999999334e-01 -4.692322633657937558e+00 -1.785852310924767750e+01
5.599999999999999423e-01 -4.511832544721713134e+00 -1.813893781103450209e+01
5.699999999999999512e-01 -4.329543877437248334e+00 -1.840930638981283707e+01
5.799999999999999600e-01 -4.143646416925456322e+00 -1.825502570552280091e+01
5.899999999999999689e-01 -3.964443363326791925e+00 -1.835410177654150132e+01
5.999999999999999778e-01 -3.776564381394626579e+00 -1.825538653202281481e+01
6.099999999999999867e-01 -3.599335632686335718e+00 -1.816633987653577620e+01
6.199999999999998845e-01 -3.413237583863911073e+00 -1.910793063664314673e+01
6.300000000000000044e-01 -3.217177019953472605e+00 -1.933383023273817614e+01
6.400000000000000133e-01 -3.026560979209147462e+00 -1.877267918948138359e+01
6.499999999999999112e-01 -2.841723436163845040e+00 -1.825303726709425334e+01
6.600000000000000311e-01 -2.661500233867262644e+00 -1.770366698407692141e+01
6.700000000000000400e-01 -2.487650096482306949e+00 -1.602367063587556117e+01
6.799999999999999378e-01 -2.341026821149751580e+00 -1.438649606603530096e+01
6.899999999999999467e-01 -2.199920175161600877e+00 -1.334891478921401919e+01
7.000000000000000666e-01 -2.074048525365471018e+00 -1.143792293283580896e+01
7.099999999999999645e-01 -1.971161716504884698e+00 -9.906964411722574582e+00
7.199999999999999734e-01 -1.875909237131019536e+00 -9.097048394573750585e+00
7.299999999999998712e-01 -1.789220748613409517e+00 -8.543458665886223713e+00
7.399999999999999911e-01 -1.705040063813295204e+00 -6.985578546760676133e+00
7.500000000000000000e-01 -1.649509177678196048e+00 -4.996610229608614340e+00
7.599999999999998979e-01 -1.605107859221122979e+00 -3.885126624428687947e+00
7.699999999999999067e-01 -1.571806645189622431e+00 -2.356430747883069721e+00
7.800000000000000266e-01 -1.557979244263461460e+00 -1.418931964964749382e+00
7.899999999999999245e-01 -1.543428005890327359e+00 -1.492427107053840407e+00
7.999999999999999334e-01 -1.528130702122384665e+00 -1.117289838610348918e+00
8.100000000000000533e-01 -1.521082209118120421e+00 -5.398156184086883025e-01
8.199999999999999512e-01 -1.517334389754210866e+00 -2.621739906782868390e-01
8.299999999999999600e-01 -1.515838729304554766e+00 1.236734527426721214e-01
8.399999999999999689e-01 -1.519807858809064438e+00 7.597513383552387811e-01
8.499999999999999778e-01 -1.531033756071659369e+00 1.063361800860024076e+00
8.599999999999999867e-01 -1.541075094826264813e+00 1.023715752422946101e+00
8.699999999999999956e-01 -1.551508071120118348e+00 1.212195187992507028e+00
8.799999999999998934e-01 -1.565318998586114896e+00 1.206071670709010446e+00
8.900000000000000133e-01 -1.575629504534298508e+00 6.881196497444289628e-01
8.999999999999999112e-01 -1.579081391581003579e+00 2.002005991380693406e-01
9.099999999999999201e-01 -1.579633516517059855e+00 -2.899335719424228630e-01
9.199999999999999289e-01 -1.573282720142155089e+00 -7.272551744458601863e-01
9.299999999999999378e-01 -1.565088413028142833e+00 -1.057618601355628130e+00
9.399999999999999467e-01 -1.552130348115042580e+00 -1.726718822300827849e+00
9.499999999999999556e-01 -1.530554036582126187e+00 -2.511320075345043090e+00
9.599999999999999645e-01 -1.501903946608141638e+00 -2.851081113731019023e+00
9.699999999999999734e-01 -1.473532414307505922e+00 -2.930047399541239717e+00
9.799999999999999822e-01 -1.443302998617316923e+00 -3.466734656789115299e+00
9.899999999999998801e-01 -1.404197721171723590e+00 -4.514841668592479706e+00
1.000000000000000000e+00 -1.353006165245467241e+00 -5.558672781798875029e+00
1.010000000000000009e+00 -1.293024265535746009e+00 -6.042070944614342132e+00
1.020000000000000018e+00 -1.232164746353180407e+00 -6.150471958865371569e+00
1.029999999999999805e+00 -1.170014826358438675e+00 -6.846824995104822342e+00
1.040000000000000036e+00 -1.095228246451084075e+00 -7.490081464829644098e+00
1.050000000000000044e+00 -1.020213197061845767e+00 -7.650403192957705656e+00
1.059999999999999831e+00 -9.422201825919298557e-01 -7.699083036363508548e+00
1.069999999999999840e+00 -8.662315363345756136e-01 -7.490580532023350280e+00
1.080000000000000071e+00 -7.924085719514628590e-01 -8.176997291618615549e+00
1.089999999999999858e+00 -7.026915905022033115e-01 -9.987444039247270311e+00
1.099999999999999867e+00 -5.926596911665175105e-01 -1.116961894593247706e+01
1.109999999999999876e+00 -4.792992115835537636e-01 -1.100642986088443109e+01
1.119999999999999885e+00 -3.725310939488288842e-01 -1.027757692670159351e+01
1.129999999999999893e+00 -2.737476730495219113e-01 -9.281127288096575612e+00
1.139999999999999902e+00 -1.869085481868974219e-01 -7.703156126736630860e+00
1.149999999999999911e+00 -1.196845505147893091e-01 -5.865307903445699189e+00
1.159999999999999920e+00 -6.960239011798344255e-02 -5.492902067863155935e+00
1.169999999999999929e+00 -9.826509157526211458e-03 -3.437726588795473770e+00
1.179999999999999938e+00 -8.478583420739661033e-04 -4.875704217367671234e-01
1.189999999999999947e+00 -7.510072279087003902e-05 -4.239291710369830907e-02
1.199999999999999956e+00 0.000000000000000000e+00 -7.510072279087004823e-03
