0.000000000000000000e+00 6.400370587028641012e+01 1.914668894157301224e+02
1.000000000000000021e-02 6.208903697612911543e+01 1.914668894157307193e+02
2.000000000000000042e-02 6.017436808197179943e+01 1.914668894157307193e+02
2.999999999999999889e-02 5.825969918781449763e+01 1.914668894157301224e+02
4.000000000000000083e-02 5.634503029365719584e+01 1.914668894157307193e+02
4.999999999999999584e-02 5.443036139949988694e+01 1.914668894157307193e+02
5.999999999999999778e-02 5.251569250534258515e+01 1.914668894157307193e+02
6.999999999999999278e-02 5.060102361118526915e+01 1.914668894157307193e+02
8.000000000000000167e-02 4.868635471702796735e+01 1.914668894157307193e+02
8.999999999999999667e-02 4.677168582287065846e+01 1.914668894157304351e+02
9.999999999999999167e-02 4.485701692871336377e+01 1.914668894157304351e+02
1.099999999999999867e-01 4.294234803455604776e+01 1.914668894157310319e+02
1.199999999999999956e-01 4.102767914039873887e+01 1.914668894157307193e+02
1.300000000000000044e-01 3.911301024624143707e+01 1.914668894157304351e+02
1.399999999999999856e-01 3.719834135208413528e+01 1.914668894157304351e+02
1.499999999999999944e-01 3.528367245792682638e+01 1.914668894157307193e+02
1.600000000000000033e-01 3.336900356376951748e+01 1.914668894157304351e+02
1.699999999999999845e-01 3.145433466961221924e+01 1.914668894157304351e+02
1.799999999999999933e-01 2.953966577545491035e+01 1.914668894157307193e+02
1.899999999999999745e-01 2.762499688129760500e+01 1.914668894157304351e+02
1.999999999999999833e-01 2.571032798714030321e+01 1.914668894157304351e+02
2.099999999999999922e-01 2.379565909298299786e+01 1.914668894157305488e+02
2.199999999999999734e-01 2.188099019882569252e+01 1.914668894157305488e+02
2.299999999999999822e-01 1.996632130466838362e+01 1.914668894157310319e+02
2.399999999999999911e-01 1.805165241051107117e+01 1.914668894157308614e+02
2.500000000000000000e-01 1.613698351635376937e+01 1.914668894157304351e+02
2.600000000000000089e-01 1.422231462219646403e+01 1.914668894157305488e+02
2.700000000000000178e-01 1.230764572803915691e+01 1.914668894157305488e+02
2.799999999999999711e-01 1.039297683388185334e+01 1.914668894157305488e+02
2.899999999999999800e-01 8.478307939724546216e+00 1.914668894157306056e+02
2.999999999999999889e-01 6.563639045567240871e+00 1.914668894157302077e+02
3.099999999999999423e-01 4.648970151409942630e+00 1.550287646162510669e+02
3.200000000000000067e-01 3.463063753242220155e+00 1.033811295730109663e+02
3.300000000000000155e-01 2.581347559949723092e+00 7.877036174392658552e+01
3.399999999999999689e-01 1.887656518363688640e+00 6.244542583747738718e+01
3.500000000000000333e-01 1.332439043200175366e+00 4.998717291843832555e+01
3.599999999999999867e-01 8.879130599949223157e-01 3.985000899067728852e+01
3.699999999999999956e-01 5.354388633866294933e-01 3.151637401088881418e+01
3.799999999999999489e-01 2.575855797771459677e-01 2.463411995633703100e+01
3.900000000000000133e-01 4.275646425988898630e-02 1.881356022986840770e+01
3.999999999999999667e-01 -1.186856248202221298e-01 1.380974941163590763e+01
4.099999999999999756e-01 -2.334385239728291317e-01 9.525055893296212162e+00
4.199999999999999845e-01 -3.091867426861463763e-01 5.892800675086674822e+00
4.299999999999999933e-01 -3.512945374745626292e-01 2.830714909217141528e+00
4.399999999999999467e-01 -3.658010408704892025e-01 2.976281564121615042e-01
4.499999999999999556e-01 -3.572471006028058449e-01 -1.715431721374442331e+00
4.599999999999999645e-01 -3.314924064430003758e-01 -3.214014938189594162e+00
4.699999999999999734e-01 -2.929668018390139683e-01 -4.232839020141306641e+00
4.799999999999999822e-01 -2.468356260401742275e-01 -4.808710222461312966e+00
4.899999999999999911e-01 -1.967925973897877434e-01 -5.010655672329551003e+00
5.000000000000000000e-01 -1.466225125935832208e-01 -4.922884658106213784e+00
5.100000000000000089e-01 -9.833490422766347216e-02 -4.613737370619036327e+00
5.200000000000000178e-01 -5.434776518120251060e-02 -4.148546459295215705e+00
5.299999999999999156e-01 -1.536397504175916404e-02 -3.634640728406912658e+00
5.400000000000000355e-01 1.834504938693573908e-02 -3.112928986807558029e+00
5.499999999999999334e-01 4.689460469439198781e-02 -2.596309486201935357e+00
5.599999999999999423e-01 7.027123911097443720e-02 -2.131977110401194420e+00
5.699999999999999512e-01 8.953414690241587315e-02 -1.763772249977780815e+00
5.799999999999999600e-01 1.055466841105300452e-01 -1.467896420596260798e+00
5.899999999999999689e-01 1.188920753143410947e-01 -1.224164978361883982e+00
5.999999999999999778e-01 1.300299836777677187e-01 -1.056110083522455945e+00
6.099999999999999867e-01 1.400142769847902147e-01 -9.610308814028004631e-01
6.199999999999998845e-01 1.492506013058237380e-01 -8.628956446513983414e-01
6.300000000000000044e-01 1.572721898778181582e-01 -7.181416610591262462e-01
6.400000000000000133e-01 1.636134345270062462e-01 -5.418097050400382253e-01
6.499999999999999112e-01 1.681083839786189360e-01 -3.713694754950264132e-01
6.600000000000000311e-01 1.710408240369067912e-01 -2.499670997199990308e-01
6.700000000000000400e-01 1.731077259730189055e-01 -2.127389974980698206e-01
6.799999999999999378e-01 1.752956039868681648e-01 -2.501036995931983919e-01
6.899999999999999467e-01 1.781097999648828811e-01 -3.027652841589815180e-01
7.000000000000000666e-01 1.813509096700477996e-01 -3.203536998855837648e-01
7.099999999999999645e-01 1.845168739625945575e-01 -2.823592617671871752e-01
7.199999999999999734e-01 1.869980949053915431e-01 -1.767982626650756728e-01
7.299999999999998712e-01 1.880528392158960782e-01 -2.537020899821582423e-02
7.399999999999999911e-01 1.875054990853558812e-01 1.304188306652256657e-01
7.500000000000000000e-01 1.854444626025915643e-01 2.594585780313514167e-01
7.599999999999998979e-01 1.823163275247288440e-01 3.561262244697208090e-01
7.699999999999999067e-01 1.783219381131971315e-01 4.254215029790395231e-01
7.800000000000000266e-01 1.738078974651480479e-01 4.689190444142903313e-01
7.899999999999999245e-01 1.689435572249113338e-01 4.941389427124981415e-01
7.999999999999999334e-01 1.639251186108980907e-01 4.958635058472993795e-01
8.100000000000000533e-01 1.590262871079653473e-01 4.661476262368112189e-01
8.199999999999999512e-01 1.546021660861618685e-01 4.104646251007542657e-01
8.299999999999999600e-01 1.508169946059502720e-01 3.355530148640423205e-01
8.399999999999999689e-01 1.478911057888810110e-01 2.576618422560723598e-01
8.499999999999999778e-01 1.456637577608288214e-01 1.855017492469502038e-01
8.599999999999999867e-01 1.441810708039420186e-01 1.187772525816401387e-01
8.699999999999999956e-01 1.432882127091960056e-01 5.523712260151145831e-02
8.799999999999998934e-01 1.430763283519117801e-01 -3.030873232894169128e-03
8.900000000000000133e-01 1.433488301738538861e-01 -3.932667369695846959e-02
8.999999999999999112e-01 1.438628618258509517e-01 -4.662395458147745170e-02
9.099999999999999201e-01 1.442813092654834373e-01 -2.891449796030665445e-02
9.199999999999999289e-01 1.444411517850570925e-01 5.733291008029677352e-03
9.299999999999999378e-01 1.441666434453228451e-01 4.939203566016833746e-02
9.399999999999999467e-01 1.434533110718537174e-01 1.014402877958978655e-01
9.499999999999999556e-01 1.421378376894048834e-01 1.684902682569371368e-01
9.599999999999999645e-01 1.400835057067149891e-01 2.526070611093182983e-01
9.699999999999999734e-01 1.370856964672185208e-01 3.484002751164430589e-01
9.799999999999999822e-01 1.331155002043861169e-01 4.442830678855634319e-01
9.899999999999998801e-01 1.282000351095072543e-01 5.265118250622626839e-01
1.000000000000000000e+00 1.225852637031408648e-01 5.829734833618249734e-01
1.010000000000000009e+00 1.165405654422707604e-01 6.172686300941923054e-01
1.020000000000000018e+00 1.102398911012570232e-01 6.416513501366313266e-01
1.029999999999999805e+00 1.037075384395381300e-01 6.602666487265540507e-01
1.040000000000000036e+00 9.703455812672594216e-02 6.670735073727160902e-01
1.050000000000000044e+00 9.036606829208380931e-02 6.606710441415585278e-01
1.059999999999999831e+00 8.382113724389476939e-02 6.483996553442316069e-01
1.069999999999999840e+00 7.739807518519918605e-02 6.361985043431005460e-01
1.080000000000000071e+00 7.109716715703276457e-02 6.252402577618871859e-01
1.089999999999999858e+00 6.489327002996143900e-02 6.157042104057797172e-01
1.099999999999999867e+00 5.878308294891716745e-02 6.080076605405791978e-01
1.109999999999999876e+00 5.273311681914985560e-02 6.031006421692125530e-01
1.119999999999999885e+00 4.672107010553291917e-02 6.016697845492884333e-01
1.129999999999999893e+00 4.069972112816409165e-02 6.007605379996456829e-01
1.139999999999999902e+00 3.470585934554000496e-02 5.976210871239470146e-01
1.149999999999999911e+00 2.874729938568515095e-02 5.935885400950144941e-01
1.159999999999999920e+00 2.283408854363971549e-02 1.092804999925431897e+00
1.169999999999999929e+00 6.891199387176515437e-03 1.102416238881010146e+00
1.179999999999999938e+00 7.857637660195159173e-04 3.412702787536945892e-01
1.189999999999999947e+00 6.579381210262315728e-05 3.928818830097579456e-02
1.199999999999999956e+00 0.000000000000000000e+00 6.579381210262315836e-03
