0.000000000000000000e+00 3.132114030813283989e+02 8.927667426871448697e+02
1.000000000000000021e-02 3.042837356544569047e+02 8.927399602205147175e+02
2.000000000000000042e-02 2.953566038769180864e+02 8.927399602205123301e+02
2.999999999999999889e-02 2.864289364500467059e+02 8.927667426871448697e+02
4.000000000000000083e-02 2.775012690231752117e+02 8.927399602205147175e+02
4.999999999999999584e-02 2.685741372456363933e+02 8.927399602205147175e+02
5.999999999999999778e-02 2.596464698187648992e+02 8.927667426871496446e+02
6.999999999999999278e-02 2.507188023918934050e+02 8.927399602205169913e+02
8.000000000000000167e-02 2.417916706143545582e+02 8.927399602205147175e+02
8.999999999999999667e-02 2.328640031874831209e+02 8.927667426871472571e+02
9.999999999999999167e-02 2.239363357606116267e+02 8.927399602205147175e+02
1.099999999999999867e-01 2.150092039830728083e+02 8.927399602205135807e+02
1.199999999999999956e-01 2.060815365562013426e+02 8.927667426871472571e+02
1.300000000000000044e-01 1.971538691293298768e+02 8.927399602205159681e+02
1.399999999999999856e-01 1.882267373517910301e+02 8.927399602205147175e+02
1.499999999999999944e-01 1.792990699249195927e+02 8.927667426871461203e+02
1.600000000000000033e-01 1.703714024980480986e+02 8.927399602205159681e+02
1.699999999999999845e-01 1.614442707205092518e+02 8.927399602205147175e+02
1.799999999999999933e-01 1.525166032936378144e+02 8.927667426871448697e+02
1.899999999999999745e-01 1.435889358667663771e+02 8.927399602205159681e+02
1.999999999999999833e-01 1.346618040892275019e+02 8.927399602205159681e+02
2.099999999999999922e-01 1.257341366623560504e+02 8.927667426871472571e+02
2.199999999999999734e-01 1.168064692354845562e+02 8.927399602205159681e+02
2.299999999999999822e-01 1.078793374579457378e+02 8.927399602205152860e+02
2.399999999999999911e-01 9.895167003107425785e+01 8.927667426871465750e+02
2.500000000000000000e-01 9.002400260420280631e+01 8.927399602205152860e+02
2.600000000000000089e-01 8.109687082666394531e+01 8.927399602205152860e+02
2.700000000000000178e-01 7.216920339979249377e+01 8.927667426871454381e+02
2.799999999999999711e-01 6.324153597292104223e+01 8.927399602205159681e+02
2.899999999999999800e-01 5.431440419538218123e+01 8.927399602205156270e+02
2.999999999999999889e-01 4.538673676851072969e+01 8.927667426871454381e+02
3.099999999999999423e-01 3.645906934163927815e+01 8.927399602205136944e+02
3.200000000000000067e-01 2.753193756410045623e+01 1.114403523435063789e+03
3.300000000000000155e-01 1.417099887293800009e+01 8.504469765272503992e+02
3.399999999999999689e-01 1.052299803355544761e+01 2.914053215095232758e+02
3.500000000000000333e-01 8.342892442747535497e+00 2.030098785600375209e+02
3.599999999999999867e-01 6.462800462354696407e+00 1.746187025446002963e+02
3.699999999999999956e-01 4.850518391855530353e+00 1.475322050261322602e+02
3.799999999999999489e-01 3.512156361832051488e+00 1.217033768102796074e+02
3.900000000000000133e-01 2.416450855649938223e+00 9.927786183268499087e+01
3.999999999999999667e-01 1.526599125178351501e+00 8.089687784261374759e+01
4.099999999999999756e-01 7.985132987976635288e-01 6.558469682251084976e+01
4.199999999999999845e-01 2.149051887281344941e-01 5.215493054197310130e+01
4.299999999999999933e-01 -2.445853120417984250e-01 4.021082769584119632e+01
4.399999999999999467e-01 -5.893113651886893178e-01 2.881814238601710798e+01
4.499999999999999556e-01 -8.209481597621406390e-01 1.812153665071105735e+01
4.599999999999999645e-01 -9.517420982029105581e-01 1.009592010868904488e+01
4.699999999999999734e-01 -1.022866561935921403e+00 4.358471508346643652e+00
4.799999999999999822e-01 -1.038911528369843351e+00 -3.490953789255445416e-01
4.899999999999999911e-01 -1.015884654357410488e+00 -4.865835393563338052e+00
5.000000000000000000e-01 -9.415948204985766790e-01 -8.306524048025647033e+00
5.100000000000000089e-01 -8.497541733968976274e-01 -9.665569548356447882e+00
5.200000000000000178e-01 -7.482834295314476636e-01 -1.000978677409504947e+01
5.299999999999999156e-01 -6.495584379149966781e-01 -1.000940313565444661e+01
5.400000000000000355e-01 -5.480953668183587979e-01 -9.941232227136671540e+00
5.499999999999999334e-01 -4.507337933722632695e-01 -1.008033772883834978e+01
5.599999999999999423e-01 -3.464886122415917757e-01 -8.956056788722548845e+00
5.699999999999999512e-01 -2.716126575978123348e-01 -5.712928924826822019e+00
5.799999999999999600e-01 -2.322300337450553531e-01 -2.721308049951668195e+00
5.899999999999999689e-01 -2.171864965987789498e-01 -1.541890386803810076e+00
5.999999999999999778e-01 -2.013922260089791583e-01 1.269293183166514849e+00
6.099999999999999867e-01 -2.425723602621092378e-01 5.381720753727526230e+00
6.199999999999998845e-01 -3.090266410835296740e-01 7.930540757436180144e+00
6.300000000000000044e-01 -4.011831754108328152e-01 9.908977610946360315e+00
6.400000000000000133e-01 -5.072061933024568647e-01 1.033316978931602037e+01
6.499999999999999112e-01 -6.078465711971532404e-01 9.639722143066554949e+00
6.600000000000000311e-01 -7.000006361637879371e-01 8.845661861912502033e+00
6.700000000000000400e-01 -7.847598084354032721e-01 8.483535190154311678e+00
6.799999999999999378e-01 -8.696713399668741795e-01 7.407680240715825093e+00
6.899999999999999467e-01 -9.329134132497197696e-01 5.414854615707105800e+00
7.000000000000000666e-01 -9.779684322810162644e-01 4.798360372053820377e+00
7.099999999999999645e-01 -1.028880620690796110e+00 4.682245149189830258e+00
7.199999999999999734e-01 -1.071613335264812950e+00 4.049790483630951954e+00
7.299999999999998712e-01 -1.109876430363415212e+00 2.948433643724551079e+00
7.399999999999999911e-01 -1.130582008139303873e+00 1.253873510034915872e+00
7.500000000000000000e-01 -1.134953900564113605e+00 -6.552163065371766626e-01
7.599999999999998979e-01 -1.117477682008560347e+00 -2.559222701143120560e+00
7.699999999999999067e-01 -1.083769446541251069e+00 -3.813075454631447592e+00
7.800000000000000266e-01 -1.041216172915931493e+00 -5.079250163712520028e+00
7.899999999999999245e-01 -9.821844432670007174e-01 -6.287036819886860251e+00
7.999999999999999334e-01 -9.154754365181941855e-01 -6.677598635199738730e+00
8.100000000000000533e-01 -8.486324705630059473e-01 -6.831318919712208171e+00
8.199999999999999512e-01 -7.788490581239501109e-01 -6.951248988440038801e+00
8.299999999999999600e-01 -7.096074907942051535e-01 -7.153968783859533609e+00
8.399999999999999689e-01 -6.357696824467594654e-01 -7.446866826501316261e+00
8.499999999999999778e-01 -5.606701542641788771e-01 -7.620765583072074634e+00
8.599999999999999867e-01 -4.833543707853178995e-01 -7.784872804819777059e+00
8.699999999999999956e-01 -4.049726981677833626e-01 -7.515802773160723760e+00
8.799999999999998934e-01 -3.330383153221034287e-01 -6.748294490591788986e+00
8.900000000000000133e-01 -2.700068083559475918e-01 -6.363664039908598191e+00
8.999999999999999112e-01 -2.057650345239315226e-01 -6.123960170286088633e+00
9.099999999999999201e-01 -1.475276049502258213e-01 -5.528253765555795063e+00
9.199999999999999289e-01 -9.519995921281561302e-02 -4.906948553596476081e+00
9.299999999999999378e-01 -4.938863387829630497e-02 -4.146836291360358473e+00
9.399999999999999467e-01 -1.226323338560846195e-02 -3.313230376345637218e+00
9.499999999999999556e-01 1.687597364861644425e-02 -2.586845089851767199e+00
9.599999999999999645e-01 3.947366841142688210e-02 -1.893213608161332218e+00
9.699999999999999734e-01 5.474024581184308569e-02 -1.440306206864235605e+00
9.799999999999999822e-01 6.827979254871159587e-02 -1.023041772733983112e+00
9.899999999999998801e-01 7.520108126652275127e-02 -6.702801748739879439e-01
1.000000000000000000e+00 8.168539604619134975e-02 -9.796003490215848819e-02
1.010000000000000009e+00 7.716028196456591048e-02 5.826126804257707459e-01
1.020000000000000018e+00 7.003314243767594371e-02 9.433395334130824095e-01
1.029999999999999805e+00 5.829349129630426868e-02 1.586699634029436590e+00
1.040000000000000036e+00 3.829914975708720998e-02 2.379285001783664644e+00
1.050000000000000044e+00 1.070779126063097809e-02 3.231563607930129312e+00
1.059999999999999831e+00 -2.633212240151537251e-02 3.529384497367235696e+00
1.069999999999999840e+00 -5.987989868671372840e-02 3.198849553590988215e+00
1.080000000000000071e+00 -9.030911347333513139e-02 3.012301655707875447e+00
1.089999999999999858e+00 -1.201259318008712218e-01 2.367359637365195280e+00
1.099999999999999867e+00 -1.376563062206390409e-01 1.006643548737521598e+00
1.109999999999999876e+00 -1.402588027756216660e-01 -5.082135266113475547e-01
1.119999999999999885e+00 -1.274920356884120809e-01 -1.691163707479430789e+00
1.129999999999999893e+00 -1.064355286260330463e-01 -2.125055928700454011e+00
1.139999999999999902e+00 -8.499091711440300012e-02 -2.335328416182416600e+00
1.149999999999999911e+00 -5.972896030238471904e-02 -2.502515051581437167e+00
1.159999999999999920e+00 -3.494061608277426734e-02 -2.856795962185782578e+00
1.169999999999999929e+00 -2.593041058669076030e-03 -1.745740941557183179e+00
1.179999999999999938e+00 -2.579725163060580430e-05 -1.294383199225540015e-01
1.189999999999999947e+00 -4.274660217996500298e-06 -1.289862581530290195e-03
1.199999999999999956e+00 0.000000000000000000e+00 -4.274660217996501281e-04
