0.000000000000000000e+00 1.399589924946949679e+02 4.432396001014547551e+02
1.000000000000000021e-02 1.355265964936804153e+02 4.432396001014535614e+02
2.000000000000000042e-02 1.310942004926658910e+02 4.432396001014523677e+02
2.999999999999999889e-02 1.266618044916513668e+02 4.432396001014535614e+02
4.000000000000000083e-02 1.222294084906368283e+02 4.432396001014535614e+02
4.999999999999999584e-02 1.177970124896223041e+02 4.432396001014535614e+02
5.999999999999999778e-02 1.133646164886077514e+02 4.432396001014535614e+02
6.999999999999999278e-02 1.089322204875932272e+02 4.432396001014529929e+02
8.000000000000000167e-02 1.044998244865787029e+02 4.432396001014529929e+02
8.999999999999999667e-02 1.000674284855641787e+02 4.432396001014529929e+02
9.999999999999999167e-02 9.563503248454964023e+01 4.432396001014529929e+02
1.099999999999999867e-01 9.120263648353511599e+01 4.432396001014535614e+02
1.199999999999999956e-01 8.677024048252056332e+01 4.432396001014535614e+02
1.300000000000000044e-01 8.233784448150603907e+01 4.432396001014529929e+02
1.399999999999999856e-01 7.790544848049151483e+01 4.432396001014535614e+02
1.499999999999999944e-01 7.347305247947697637e+01 4.432396001014529929e+02
1.600000000000000033e-01 6.904065647846245213e+01 4.432396001014529929e+02
1.699999999999999845e-01 6.460826047744791367e+01 4.432396001014535614e+02
1.799999999999999933e-01 6.017586447643338232e+01 4.432396001014535614e+02
1.899999999999999745e-01 5.574346847541884387e+01 4.432396001014529929e+02
1.999999999999999833e-01 5.131107247440432673e+01 4.432396001014526519e+02
2.099999999999999922e-01 4.687867647338979538e+01 4.432396001014529929e+02
2.199999999999999734e-01 4.244628047237526403e+01 4.432396001014532203e+02
2.299999999999999822e-01 3.801388447136073268e+01 4.432396001014541866e+02
2.399999999999999911e-01 3.358148847034618001e+01 4.432396001014538456e+02
2.500000000000000000e-01 2.914909246933165221e+01 4.432396001014529929e+02
2.600000000000000089e-01 2.471669646831712441e+01 4.432396001014532203e+02
2.700000000000000178e-01 2.028430046730258951e+01 4.432396001014532203e+02
2.799999999999999711e-01 1.585190446628805994e+01 4.432396001014530498e+02
2.899999999999999800e-01 1.141950846527352859e+01 4.432396001014530498e+02
2.999999999999999889e-01 6.987112464258998124e+00 3.045960357919853436e+02
3.099999999999999423e-01 5.327587749433822850e+00 1.428428406749885085e+02
3.200000000000000067e-01 4.130255650759227848e+00 1.076801027611850969e+02
3.300000000000000155e-01 3.173985694210121000e+00 8.682295912179206709e+01
3.399999999999999689e-01 2.393796468323386772e+00 7.089376154251866069e+01
3.500000000000000333e-01 1.756110463359747964e+00 5.786259379299793437e+01
3.599999999999999867e-01 1.236544592463428183e+00 4.702408040188618088e+01
3.699999999999999956e-01 8.156288553220246706e-01 3.790456530989401074e+01
3.799999999999999489e-01 4.784532862655480057e-01 3.002720829836508543e+01
3.900000000000000133e-01 2.150846893547229688e-01 2.309564811284404584e+01
3.999999999999999667e-01 1.654032400866719751e-02 1.709178998248498615e+01
4.099999999999999756e-01 -1.267511102949767376e-01 1.204947304649454232e+01
4.199999999999999845e-01 -2.244491369212236187e-01 7.905863208567757816e+00
4.299999999999999933e-01 -2.848683744663318973e-01 4.525962810768187516e+00
4.399999999999999467e-01 -3.149683931365873657e-01 1.803507310002796293e+00
4.499999999999999556e-01 -3.209385206663877832e-01 -3.284215791892307612e-01
4.599999999999999645e-01 -3.083999615528027483e-01 -1.931044071744694612e+00
4.699999999999999734e-01 -2.823176392314938887e-01 -3.037536905779591567e+00
4.799999999999999822e-01 -2.476492234372109358e-01 -3.677567637851818283e+00
4.899999999999999911e-01 -2.087662864744575519e-01 -3.922515696807634011e+00
5.000000000000000000e-01 -1.691989095010582589e-01 -3.905232007554175766e+00
5.100000000000000089e-01 -1.306616463233740422e-01 -3.765227790736934033e+00
5.200000000000000178e-01 -9.389435368631957046e-02 -3.573631405467881272e+00
5.299999999999999156e-01 -5.918901821401643254e-02 -3.321591587983315108e+00
5.400000000000000355e-01 -2.746252192665328204e-02 -2.997308822633794279e+00
5.499999999999999334e-01 7.571582386594449257e-04 -2.637771479363184124e+00
5.599999999999999423e-01 2.529290766061039961e-02 -2.317993579385724701e+00
5.699999999999999512e-01 4.711702982637393233e-02 -2.064757932041277222e+00
5.799999999999999600e-01 6.658806630143594696e-02 -1.854625592759622910e+00
5.899999999999999689e-01 8.420954168156638553e-02 -1.687386455209006098e+00
5.999999999999999778e-01 1.003357954056160739e-01 -1.556166594530141056e+00
6.099999999999999867e-01 1.153328735721692172e-01 -1.440049088375155772e+00
6.199999999999998845e-01 1.291367771731191938e-01 -1.304095411935770388e+00
6.300000000000000044e-01 1.414147818108846266e-01 -1.126814505306195979e+00
6.400000000000000133e-01 1.516730672792430956e-01 -9.297154673734187025e-01
6.499999999999999112e-01 1.600090911583529896e-01 -7.317591265631322450e-01
6.600000000000000311e-01 1.663082498105057372e-01 -5.549592020757475597e-01
6.700000000000000400e-01 1.711082751998679319e-01 -4.226863241771389168e-01
6.799999999999999378e-01 1.747619762940485211e-01 -3.471786410698028402e-01
6.899999999999999467e-01 1.780518480212640031e-01 -3.199662929399098577e-01
7.000000000000000666e-01 1.811613021528467316e-01 -3.005601897164669190e-01
7.099999999999999645e-01 1.840630518155933482e-01 -2.698411347940222749e-01
7.199999999999999734e-01 1.865581248487271637e-01 -2.252340959898926631e-01
7.299999999999998712e-01 1.885677337353911798e-01 -1.811290452895183700e-01
7.399999999999999911e-01 1.901807057545175372e-01 -1.486327693264445082e-01
7.500000000000000000e-01 1.915403891219200905e-01 -1.035400121531134254e-01
7.599999999999998979e-01 1.922515059975798135e-01 -1.675705391164563837e-02
7.699999999999999067e-01 1.918755302001529939e-01 1.027631859760696764e-01
7.800000000000000266e-01 1.901962422780583972e-01 2.192668732676371635e-01
7.899999999999999245e-01 1.874901927348002484e-01 3.165787248368958084e-01
7.999999999999999334e-01 1.838646677813204899e-01 3.988461722851965319e-01
8.100000000000000533e-01 1.795132692890963055e-01 4.445669979423214069e-01
8.199999999999999512e-01 1.749733278224740729e-01 4.482394159634244257e-01
8.299999999999999600e-01 1.705484809698278315e-01 4.417309956856967368e-01
8.399999999999999689e-01 1.661387079087601193e-01 4.452240999648544029e-01
8.499999999999999778e-01 1.616439989705307501e-01 4.471151412835598360e-01
8.599999999999999867e-01 1.571964050830889359e-01 4.382594444030495362e-01
8.699999999999999956e-01 1.528788100824697571e-01 4.277808998851412303e-01
8.799999999999998934e-01 1.486407870853861113e-01 4.224072513261819539e-01
8.900000000000000133e-01 1.444306650559461225e-01 4.160134636480156134e-01
8.999999999999999112e-01 1.403205178124257990e-01 4.068281692902036561e-01
9.099999999999999201e-01 1.362941016701420538e-01 3.972571369230815108e-01
9.199999999999999289e-01 1.323753750739641577e-01 3.874274203212141887e-01
9.299999999999999378e-01 1.285455532637177489e-01 3.856510458620939774e-01
9.399999999999999467e-01 1.246623541567222909e-01 3.916702352463552472e-01
9.499999999999999556e-01 1.207121485587906579e-01 3.985105458114028276e-01
9.599999999999999645e-01 1.166921432404942338e-01 4.039114699145817666e-01
9.699999999999999734e-01 1.126339191604990159e-01 4.130054863894391803e-01
9.799999999999999822e-01 1.084320335127054447e-01 4.247328523660655053e-01
9.899999999999998801e-01 1.041392621131777135e-01 4.354027679894427738e-01
1.000000000000000000e+00 9.972397815291658696e-02 4.544260204995564933e-01
1.010000000000000009e+00 9.505074170318658644e-02 4.837707181134598411e-01
1.020000000000000018e+00 9.004856379064739291e-02 5.097949806541480777e-01
1.029999999999999805e+00 8.485484209010361878e-02 5.222809655353887193e-01
1.040000000000000036e+00 7.960294447993962463e-02 5.221832067996449167e-01
1.050000000000000044e+00 7.441117795411072988e-02 5.180582952101820959e-01
1.059999999999999831e+00 6.924177857573599049e-02 5.158807469086545971e-01
1.069999999999999840e+00 6.409356301593763239e-02 5.180605563314424344e-01
1.080000000000000071e+00 5.888056744910713514e-02 5.231192679078106034e-01
1.089999999999999858e+00 5.363117765778142171e-02 5.246165528251159893e-01
1.099999999999999867e+00 4.838823639260481785e-02 5.206895140280942691e-01
1.109999999999999876e+00 4.321738737721953633e-02 5.123992298149866453e-01
1.119999999999999885e+00 3.814025179630508439e-02 5.023836330159419106e-01
1.129999999999999893e+00 3.316971471690069451e-02 4.918134372290769996e-01
1.139999999999999902e+00 2.830398305172354342e-02 4.824948898938441477e-01
1.149999999999999911e+00 2.351981691902381433e-02 4.763980133611530610e-01
1.159999999999999920e+00 1.877602278450048526e-02 8.846113929382370955e-01
1.169999999999999929e+00 5.827589060259076581e-03 9.043928270109918843e-01
1.179999999999999938e+00 6.881662442806470723e-04 2.884892106415589130e-01
1.189999999999999947e+00 5.780484742789890806e-05 3.440831221403235773e-02
1.199999999999999956e+00 0.000000000000000000e+00 5.780484742789891023e-03
