0.000000000000000000e+00 1.561182541009634406e+02 4.300320959265427518e+02
1.000000000000000021e-02 1.518179331416980062e+02 4.300320959265403644e+02
2.000000000000000042e-02 1.475176121824326287e+02 4.300320959265403644e+02
2.999999999999999889e-02 1.432172912231671944e+02 4.300320959265403644e+02
4.000000000000000083e-02 1.389169702639018169e+02 4.300320959265391707e+02
4.999999999999999584e-02 1.346166493046364110e+02 4.300320959265403644e+02
5.999999999999999778e-02 1.303163283453710051e+02 4.300320959265415581e+02
6.999999999999999278e-02 1.260160073861055849e+02 4.300320959265403644e+02
8.000000000000000167e-02 1.217156864268401932e+02 4.300320959265403644e+02
8.999999999999999667e-02 1.174153654675747731e+02 4.300320959265415581e+02
9.999999999999999167e-02 1.131150445083093672e+02 4.300320959265403644e+02
1.099999999999999867e-01 1.088147235490439613e+02 4.300320959265403644e+02
1.199999999999999956e-01 1.045144025897785696e+02 4.300320959265403644e+02
1.300000000000000044e-01 1.002140816305131636e+02 4.300320959265403644e+02
1.399999999999999856e-01 9.591376067124775773e+01 4.300320959265403644e+02
1.499999999999999944e-01 9.161343971198235181e+01 4.300320959265403644e+02
1.600000000000000033e-01 8.731311875271694589e+01 4.300320959265403644e+02
1.699999999999999845e-01 8.301279779345153997e+01 4.300320959265403644e+02
1.799999999999999933e-01 7.871247683418614827e+01 4.300320959265403644e+02
1.899999999999999745e-01 7.441215587492074235e+01 4.300320959265403644e+02
1.999999999999999833e-01 7.011183491565533643e+01 4.300320959265403644e+02
2.099999999999999922e-01 6.581151395638993051e+01 4.300320959265403644e+02
2.199999999999999734e-01 6.151119299712453170e+01 4.300320959265403644e+02
2.299999999999999822e-01 5.721087203785912578e+01 4.300320959265409897e+02
2.399999999999999911e-01 5.291055107859371276e+01 4.300320959265409897e+02
2.500000000000000000e-01 4.861023011932830684e+01 4.300320959265403644e+02
2.600000000000000089e-01 4.430990916006290803e+01 4.300320959265403644e+02
2.700000000000000178e-01 4.000958820079750211e+01 4.300320959265403644e+02
2.799999999999999711e-01 3.570926724153209619e+01 4.300320959265403644e+02
2.899999999999999800e-01 3.140894628226669383e+01 4.300320959265403644e+02
2.999999999999999889e-01 2.710862532300129146e+01 4.300320959265397960e+02
3.099999999999999423e-01 2.280830436373589976e+01 4.300320959265403644e+02
3.200000000000000067e-01 1.850798340447048318e+01 4.300320959265417287e+02
3.300000000000000155e-01 1.420766244520506660e+01 4.300320959265403644e+02
3.399999999999999689e-01 9.907341485939678449e+00 3.337089931649524033e+02
3.500000000000000333e-01 7.533482581906018716e+00 2.051574855166396389e+02
3.599999999999999867e-01 5.804191775606884818e+00 1.550812140151840595e+02
3.699999999999999956e-01 4.431858301602336958e+00 1.250424442468293478e+02
3.799999999999999489e-01 3.303342890670298626e+00 1.037192271451381345e+02
3.900000000000000133e-01 2.357473758699574429e+00 8.726052129084939679e+01
3.999999999999999667e-01 1.558132464853310584e+00 7.400855576263380442e+01
4.099999999999999756e-01 8.773026434468983448e-01 6.323601591478099238e+01
4.199999999999999845e-01 2.934121465576908783e-01 5.414128319246039922e+01
4.299999999999999933e-01 -2.055230204023096585e-01 4.588619980826408096e+01
4.399999999999999467e-01 -6.243118496075907853e-01 3.791692712024961054e+01
4.499999999999999556e-01 -9.638615628073019526e-01 2.997344072915677771e+01
4.599999999999999645e-01 -1.223780664190726286e+00 2.206201044036476588e+01
4.699999999999999734e-01 -1.405101771614597039e+00 1.451267454570456117e+01
4.799999999999999822e-01 -1.514034155104817536e+00 7.871998566509276429e+00
4.899999999999999911e-01 -1.562541742944782763e+00 2.721308924634829207e+00
5.000000000000000000e-01 -1.568460333597514023e+00 -6.296776534873077535e-01
5.100000000000000089e-01 -1.549948189875036464e+00 -2.294010806632187371e+00
5.200000000000000178e-01 -1.522580117464870320e+00 -2.765787964373093821e+00
5.299999999999999156e-01 -1.494632430587574667e+00 -2.709571503329119224e+00
5.400000000000000355e-01 -1.468388687398287873e+00 -2.682416292472201924e+00
5.499999999999999334e-01 -1.440984104738130656e+00 -2.934610067848735238e+00
5.599999999999999423e-01 -1.409696486041313257e+00 -3.512145298090308732e+00
5.699999999999999512e-01 -1.370741198776324499e+00 -4.251542746665937678e+00
5.799999999999999600e-01 -1.324665631107994512e+00 -4.769544180471761763e+00
5.899999999999999689e-01 -1.275350315166889237e+00 -4.762139327841020453e+00
5.999999999999999778e-01 -1.229422844551174121e+00 -4.161388659697407455e+00
6.099999999999999867e-01 -1.192122541972941097e+00 -2.972864896643181876e+00
6.199999999999998845e-01 -1.169965546618310315e+00 -1.241256430645279352e+00
6.300000000000000044e-01 -1.167297413360035563e+00 7.104334248861370327e-01
6.400000000000000133e-01 -1.184174215116033269e+00 2.238037174775234561e+00
6.499999999999999112e-01 -1.212058156855540192e+00 2.679800349023747863e+00
6.600000000000000311e-01 -1.237770222096508110e+00 1.858348938473020073e+00
6.700000000000000400e-01 -1.249225135625000593e+00 3.533063297144743188e-03
6.799999999999999378e-01 -1.237840883362451017e+00 -2.624891105646249390e+00
6.899999999999999467e-01 -1.196727313512075508e+00 -5.670827543400133841e+00
7.000000000000000666e-01 -1.124424332494448286e+00 -8.477186010453184650e+00
7.099999999999999645e-01 -1.027183593303011788e+00 -1.039995749539757242e+01
7.199999999999999734e-01 -9.164251825864969669e-01 -1.124591526909281924e+01
7.299999999999998712e-01 -8.022652879211554788e-01 -1.125460378225446689e+01
7.399999999999999911e-01 -6.913331069414075936e-01 -1.079174222002391659e+01
7.500000000000000000e-01 -5.864304435206771915e-01 -1.005595585534276459e+01
7.599999999999998979e-01 -4.902139898345523328e-01 -9.078215655317885435e+00
7.699999999999999067e-01 -4.048661304143195139e-01 -7.813070996983818794e+00
7.800000000000000266e-01 -3.339525698948759280e-01 -6.186007784909350882e+00
7.899999999999999245e-01 -2.811459747161325073e-01 -4.296232560537161405e+00
7.999999999999999334e-01 -2.480279186841327366e-01 -2.464186061829781504e+00
8.100000000000000533e-01 -2.318622534795368728e-01 -1.122176995508868957e+00
8.199999999999999512e-01 -2.255843787739553463e-01 -4.390212958709736046e-01
8.299999999999999600e-01 -2.230818275621173907e-01 -1.752566225016941592e-01
8.399999999999999689e-01 -2.220792463239214809e-01 6.399616150553048832e-02
8.499999999999999778e-01 -2.243617507922280041e-01 5.116007068734810259e-01
8.599999999999999867e-01 -2.323112604613910837e-01 1.144874790965304534e+00
8.699999999999999956e-01 -2.472592466115340892e-01 1.795469124619777368e+00
8.799999999999998934e-01 -2.682206429537866144e-01 2.287385756675168746e+00
8.900000000000000133e-01 -2.930069617450374864e-01 2.437993895140579514e+00
8.999999999999999112e-01 -3.169805208565982246e-01 2.213813201919804907e+00
9.099999999999999201e-01 -3.372832257834335601e-01 1.702894344123976778e+00
9.199999999999999289e-01 -3.510384077390777402e-01 1.033913702224424247e+00
9.299999999999999378e-01 -3.579614998279220250e-01 3.273227337117007862e-01
9.399999999999999467e-01 -3.575848624133117770e-01 -3.459712625992505397e-01
9.499999999999999556e-01 -3.510420745759370575e-01 -8.273814524785813029e-01
9.599999999999999645e-01 -3.410372333637401443e-01 -1.055563234056808186e+00
9.699999999999999734e-01 -3.299308098948008916e-01 -1.155561540270337417e+00
9.799999999999999822e-01 -3.179260025583334204e-01 -1.312428984706874191e+00
9.899999999999998801e-01 -3.036822302006633723e-01 -1.579087993095264597e+00
1.000000000000000000e+00 -2.863442426964281085e-01 -1.921554555165854605e+00
1.010000000000000009e+00 -2.652511390973463223e-01 -2.312509365773052217e+00
1.020000000000000018e+00 -2.400940553809670641e-01 -2.677272772170237403e+00
1.029999999999999805e+00 -2.117056836539415454e-01 -2.867358030680491332e+00
1.040000000000000036e+00 -1.827468947673572541e-01 -2.765745439929276905e+00
1.050000000000000044e+00 -1.563907748553560184e-01 -2.350214855586558738e+00
1.059999999999999831e+00 -1.357425976556260738e-01 -1.768370554925225546e+00
1.069999999999999840e+00 -1.210233637568515208e-01 -1.163760178850337779e+00
1.080000000000000071e+00 -1.124673940786193316e-01 -7.964302661240939551e-01
1.089999999999999858e+00 -1.050947584343696339e-01 -8.494354290797132556e-01
1.099999999999999867e+00 -9.547868549702505370e-02 -1.124979090434145235e+00
1.109999999999999876e+00 -8.259517662568674479e-02 -1.458989874494081684e+00
1.119999999999999885e+00 -6.629888800714342501e-02 -1.724469857541059303e+00
1.129999999999999893e+00 -4.810577947486555789e-02 -1.811771059677643514e+00
1.139999999999999902e+00 -3.006346681359056000e-02 -1.706572385424362182e+00
1.149999999999999911e+00 -1.397433176637831453e-02 -1.406266131156360899e+00
1.159999999999999920e+00 -1.938144190463344466e-03 -9.248176563494797664e-01
1.169999999999999929e+00 4.522021360611282355e-03 -1.384568193302473382e-01
1.179999999999999938e+00 8.309921961416021075e-04 2.225611767323402990e-01
1.189999999999999947e+00 7.079782596447645410e-05 4.154960980708011231e-02
1.199999999999999956e+00 0.000000000000000000e+00 7.079782596447646223e-03
