0.000000000000000000e+00 9.702770743838142664e+01 2.973725822994429677e+02
1.000000000000000021e-02 9.405398161538700208e+01 2.973725822994435362e+02
2.000000000000000042e-02 9.108025579239254910e+01 2.973725822994435362e+02
2.999999999999999889e-02 8.810652996939812454e+01 2.973725822994429677e+02
4.000000000000000083e-02 8.513280414640369997e+01 2.973725822994429677e+02
4.999999999999999584e-02 8.215907832340926120e+01 2.973725822994435362e+02
5.999999999999999778e-02 7.918535250041482243e+01 2.973725822994441614e+02
6.999999999999999278e-02 7.621162667742038366e+01 2.973725822994429677e+02
8.000000000000000167e-02 7.323790085442595910e+01 2.973725822994429677e+02
8.999999999999999667e-02 7.026417503143152032e+01 2.973725822994435362e+02
9.999999999999999167e-02 6.729044920843709576e+01 2.973725822994435362e+02
1.099999999999999867e-01 6.431672338544265699e+01 2.973725822994435362e+02
1.199999999999999956e-01 6.134299756244822532e+01 2.973725822994435362e+02
1.300000000000000044e-01 5.836927173945377945e+01 2.973725822994435362e+02
1.399999999999999856e-01 5.539554591645935488e+01 2.973725822994429677e+02
1.499999999999999944e-01 5.242182009346492322e+01 2.973725822994432519e+02
1.600000000000000033e-01 4.944809427047049155e+01 2.973725822994432519e+02
1.699999999999999845e-01 4.647436844747605988e+01 2.973725822994432519e+02
1.799999999999999933e-01 4.350064262448162111e+01 2.973725822994432519e+02
1.899999999999999745e-01 4.052691680148719655e+01 2.973725822994432519e+02
1.999999999999999833e-01 3.755319097849275778e+01 2.973725822994435362e+02
2.099999999999999922e-01 3.457946515549832611e+01 2.973725822994432519e+02
2.199999999999999734e-01 3.160573933250389445e+01 2.973725822994429677e+02
2.299999999999999822e-01 2.863201350950946278e+01 2.973725822994437067e+02
2.399999999999999911e-01 2.565828768651502045e+01 2.973725822994438772e+02
2.500000000000000000e-01 2.268456186352058879e+01 2.973725822994434225e+02
2.600000000000000089e-01 1.971083604052615357e+01 2.973725822994432519e+02
2.700000000000000178e-01 1.673711021753172190e+01 2.973725822994432519e+02
2.799999999999999711e-01 1.376338439453728846e+01 2.973725822994434225e+02
2.899999999999999800e-01 1.078965857154285501e+01 2.973725822994432519e+02
2.999999999999999889e-01 7.815932748548422460e+00 2.973725822994427404e+02
3.099999999999999423e-01 4.842206925553999675e+00 2.357956969185523803e+02
3.200000000000000067e-01 3.100018810177376238e+00 1.459931922738564651e+02
3.300000000000000155e-01 1.922343080076870825e+00 1.003314951624337112e+02
3.399999999999999689e-01 1.093388906928701942e+00 7.357523045999099054e+01
3.500000000000000333e-01 4.508384708770510896e-01 5.711556749264692456e+01
3.599999999999999867e-01 -4.892244292423635760e-02 4.520775439717654365e+01
3.699999999999999956e-01 -4.533166170664796879e-01 3.757482160525380266e+01
3.799999999999999489e-01 -8.004188750293123045e-01 3.263780664267150655e+01
3.900000000000000133e-01 -1.106072749919909892e+00 2.873304973282613162e+01
3.999999999999999667e-01 -1.375079869685834844e+00 2.333536133105216237e+01
4.099999999999999756e-01 -1.572779976540953140e+00 1.743367577231921217e+01
4.199999999999999845e-01 -1.723753385132219096e+00 1.150554351846025014e+01
4.299999999999999933e-01 -1.802890846910158107e+00 4.583898006464733221e+00
4.399999999999999467e-01 -1.815431345261513840e+00 -1.772803445011929879e+00
4.499999999999999556e-01 -1.767434778009919549e+00 -7.501567539885928504e+00
4.599999999999999645e-01 -1.665399994463795164e+00 -1.241838490863410804e+01
4.699999999999999734e-01 -1.519067079837237433e+00 -1.588238550575775676e+01
4.799999999999999822e-01 -1.347752284348640028e+00 -1.711642027956142798e+01
4.899999999999999911e-01 -1.176738674246008864e+00 -1.662865041185438741e+01
5.000000000000000000e-01 -1.015179276111552342e+00 -1.614601472740794463e+01
5.100000000000000089e-01 -8.538183796978499052e-01 -1.513580207751520135e+01
5.200000000000000178e-01 -7.124632345612483819e-01 -1.374780386628759743e+01
5.299999999999999156e-01 -5.788623023720980143e-01 -1.252730906899678942e+01
5.400000000000000355e-01 -4.619170531813125979e-01 -1.109320158823149072e+01
5.499999999999999334e-01 -3.569982706074681933e-01 -9.715865581809699947e+00
5.599999999999999423e-01 -2.675997415451186190e-01 -8.230672790615823686e+00
5.699999999999999512e-01 -1.923848147951517373e-01 -6.734895353765601556e+00
5.799999999999999600e-01 -1.329018344698066068e-01 -5.296998480879116400e+00
5.899999999999999689e-01 -8.644484517756943764e-02 -4.248213267192904929e+00
5.999999999999999778e-01 -4.793756912594851483e-02 -3.156866799667136902e+00
6.099999999999999867e-01 -2.330750918422670737e-02 -1.558708237726254886e+00
6.199999999999998845e-01 -1.676340437142341891e-02 1.201299565049515211e-01
6.300000000000000044e-01 -2.571010831432573793e-02 1.334656845400008951e+00
6.400000000000000133e-01 -4.345654127942358974e-02 1.912721837741324871e+00
6.499999999999999112e-01 -6.396454506915223714e-02 1.989112060568724694e+00
6.600000000000000311e-01 -8.323878249079808000e-02 1.929131780794679951e+00
6.700000000000000400e-01 -1.025471806850458273e-01 1.472386477311051767e+00
6.799999999999999378e-01 -1.126865120370191126e-01 3.180332143321588645e-01
6.899999999999999467e-01 -1.089078449716890107e-01 -8.229810407981161813e-01
7.000000000000000666e-01 -9.622689122105679282e-02 -1.704621229634540436e+00
7.099999999999999645e-01 -7.481542037899820141e-02 -2.203599590764396599e+00
7.199999999999999734e-01 -5.215489940576886058e-02 -2.369095047603904103e+00
7.299999999999998712e-01 -2.743351942692011380e-02 -2.400428129972695501e+00
7.399999999999999911e-01 -4.146336806314950170e-03 -2.180258994674789896e+00
7.500000000000000000e-01 1.617166046657568523e-02 -1.632320472657505128e+00
7.599999999999998979e-01 2.850007264683514924e-02 -9.726438016039968826e-01
7.699999999999999067e-01 3.562453649865562205e-02 -4.696411277076767421e-01
7.800000000000000266e-01 3.789289520098868685e-02 7.703575500724740843e-02
7.899999999999999245e-01 3.408382139851067610e-02 6.933524370302048823e-01
7.999999999999999334e-01 2.402584646038458810e-02 1.080913851004246418e+00
8.100000000000000533e-01 1.246554437842575108e-02 1.494893308290133005e+00
8.199999999999999512e-01 -5.872019705418065130e-03 1.680092935415922195e+00
8.299999999999999600e-01 -2.113631432989268935e-02 1.538405552983999502e+00
8.399999999999999689e-01 -3.664013076509805428e-02 1.308272791983696726e+00
8.499999999999999778e-01 -4.730177016956661762e-02 8.308699941891262153e-01
8.599999999999999867e-01 -5.325753064888057164e-02 2.470641664091895451e-01
8.699999999999999956e-01 -5.224305349775040797e-02 -2.552716004927179649e-01
8.799999999999998934e-01 -4.815209863902621817e-02 -5.444551769513226169e-01
8.900000000000000133e-01 -4.135394995872395535e-02 -8.166390480123074669e-01
8.999999999999999112e-01 -3.181931767878006662e-02 -1.004860235388975953e+00
9.099999999999999201e-01 -2.125674525094443934e-02 -1.087607062802641744e+00
9.199999999999999289e-01 -1.006717642272723576e-02 -1.089243415860446929e+00
9.299999999999999378e-01 5.281230662644981460e-04 -9.654813216392946762e-01
9.399999999999999467e-01 9.242450010058659779e-03 -8.615807590431705520e-01
9.499999999999999556e-01 1.775973824712790555e-02 -8.430251417900951338e-01
9.599999999999999645e-01 2.610295284586055739e-02 -7.884246365619611563e-01
9.699999999999999734e-01 3.352823097836712951e-02 -7.176370839280500347e-01
9.799999999999999822e-01 4.045569452442155517e-02 -5.960859976607787436e-01
9.899999999999998801e-01 4.544995093158270272e-02 -4.429678643603586208e-01
1.000000000000000000e+00 4.931505181162872814e-02 -2.746435416196899570e-01
1.010000000000000009e+00 5.094282176397649936e-02 -8.971501007152296592e-02
1.020000000000000018e+00 5.110935201305918940e-02 8.347653995204198929e-02
1.029999999999999805e+00 4.927329096493566346e-02 2.449296777068147857e-01
1.040000000000000036e+00 4.621075845892289730e-02 3.815757537460670590e-01
1.050000000000000044e+00 4.164177589001431812e-02 5.031123288014522910e-01
1.059999999999999831e+00 3.614851188289384953e-02 5.615070456220594419e-01
1.069999999999999840e+00 3.041163497757313344e-02 5.443475313212364775e-01
1.080000000000000071e+00 2.526156125646912207e-02 4.938969129625803700e-01
1.089999999999999858e+00 2.053369671832152438e-02 4.015423349659129615e-01
1.099999999999999867e+00 1.723071455715086131e-02 2.773691147672809887e-01
1.109999999999999876e+00 1.498631442297590488e-02 1.768372628043989869e-01
1.119999999999999885e+00 1.369396930106288324e-02 9.114357090901055447e-02
1.129999999999999893e+00 1.316344300479569546e-02 3.319437973248049595e-02
1.139999999999999902e+00 1.303008170641327228e-02 2.263499198070665491e-02
1.149999999999999911e+00 1.271074316518156118e-02 6.735091537866232103e-02
1.159999999999999920e+00 1.168306339884002572e-02 4.226034202114432037e-01
1.169999999999999929e+00 4.258674760952697175e-03 5.546773190816712829e-01
1.179999999999999938e+00 5.895170172066003080e-04 2.102380819939499434e-01
1.189999999999999947e+00 5.391312107369833909e-05 2.947585086033001692e-02
1.199999999999999956e+00 0.000000000000000000e+00 5.391312107369834045e-03
