0.000000000000000000e+00 5.595818224014684574e+02 1.406673107749074688e+03
1.000000000000000021e-02 5.455150913239776855e+02 1.406673107749074688e+03
2.000000000000000042e-02 5.314483602464870273e+02 1.406673107749079463e+03
2.999999999999999889e-02 5.173816291689961417e+02 1.406673107749074688e+03
4.000000000000000083e-02 5.033148980915054835e+02 1.406673107749074688e+03
4.999999999999999584e-02 4.892481670140146548e+02 1.406673107749079463e+03
5.999999999999999778e-02 4.751814359365238829e+02 1.406673107749074688e+03
6.999999999999999278e-02 4.611147048590331678e+02 1.406673107749074688e+03
8.000000000000000167e-02 4.470479737815423960e+02 1.406673107749074688e+03
8.999999999999999667e-02 4.329812427040516241e+02 1.406673107749074688e+03
9.999999999999999167e-02 4.189145116265609090e+02 1.406673107749077190e+03
1.099999999999999867e-01 4.048477805490700803e+02 1.406673107749077190e+03
1.199999999999999956e-01 3.907810494715793652e+02 1.406673107749077190e+03
1.300000000000000044e-01 3.767143183940885933e+02 1.406673107749077190e+03
1.399999999999999856e-01 3.626475873165978214e+02 1.406673107749074688e+03
1.499999999999999944e-01 3.485808562391070495e+02 1.406673107749077190e+03
1.600000000000000033e-01 3.345141251616162776e+02 1.406673107749077190e+03
1.699999999999999845e-01 3.204473940841255057e+02 1.406673107749074688e+03
1.799999999999999933e-01 3.063806630066347907e+02 1.406673107749077190e+03
1.899999999999999745e-01 2.923139319291439620e+02 1.406673107749077190e+03
1.999999999999999833e-01 2.782472008516532469e+02 1.406673107749074688e+03
2.099999999999999922e-01 2.641804697741624750e+02 1.406673107749077190e+03
2.199999999999999734e-01 2.501137386966717031e+02 1.406673107749077190e+03
2.299999999999999822e-01 2.360470076191809596e+02 1.406673107749079463e+03
2.399999999999999911e-01 2.219802765416901025e+02 1.406673107749078326e+03
2.500000000000000000e-01 2.079135454641993874e+02 1.406673107749074688e+03
2.600000000000000089e-01 1.938468143867086155e+02 1.406673107749077190e+03
2.700000000000000178e-01 1.797800833092178436e+02 1.406673107749076053e+03
2.799999999999999711e-01 1.657133522317271002e+02 1.406673107749076053e+03
2.899999999999999800e-01 1.516466211542363283e+02 1.406673107749077190e+03
2.999999999999999889e-01 1.375798900767455564e+02 1.406673107749074688e+03
3.099999999999999423e-01 1.235131589992548271e+02 1.406673107749076053e+03
3.200000000000000067e-01 1.094464279217640410e+02 1.406673107749080145e+03
3.300000000000000155e-01 9.537969684427322647e+01 1.406673107749076507e+03
3.399999999999999689e-01 8.131296576678251142e+01 1.406673107749076507e+03
3.500000000000000333e-01 6.724623468929169690e+01 1.406673107749076507e+03
3.599999999999999867e-01 5.317950361180097474e+01 1.406673107749076507e+03
3.699999999999999956e-01 3.911277253431016732e+01 1.406673107749076053e+03
3.799999999999999489e-01 2.504604145681945582e+01 1.406673107749076280e+03
3.900000000000000133e-01 1.097931037932864662e+01 8.442439711001726437e+02
3.999999999999999667e-01 8.161162034816003441e+00 2.451970298100480932e+02
4.099999999999999756e-01 6.075369783127684720e+00 1.953676531096241433e+02
4.199999999999999845e-01 4.253808972623521534e+00 1.646907593787481972e+02
4.299999999999999933e-01 2.781554595552720777e+00 1.340279015235030045e+02
4.399999999999999467e-01 1.573250942153461729e+00 1.080642992003691489e+02
4.499999999999999556e-01 6.202686115453376337e-01 8.502370435498285417e+01
4.599999999999999645e-01 -1.272231449461950770e-01 6.672217930765656035e+01
4.699999999999999734e-01 -7.141749746077934446e-01 5.078780377376723720e+01
4.799999999999999822e-01 -1.142979220421539654e+00 3.733754423904543529e+01
4.899999999999999911e-01 -1.460925859388702230e+00 2.724750179163065766e+01
5.000000000000000000e-01 -1.687929256254152799e+00 1.872936824448452242e+01
5.100000000000000089e-01 -1.835513224278392475e+00 1.171058364159925169e+01
5.200000000000000178e-01 -1.922140929086137762e+00 5.662690153691483985e+00
5.299999999999999156e-01 -1.948767027352222181e+00 8.274087730715750100e-01
5.400000000000000355e-01 -1.938689104547569375e+00 -3.192481351645772403e+00
5.499999999999999334e-01 -1.884917400319306768e+00 -6.595373436349087903e+00
5.599999999999999423e-01 -1.806781635820587484e+00 -8.858530672638446291e+00
5.699999999999999512e-01 -1.707746786866537914e+00 -1.101936493821180996e+01
5.799999999999999600e-01 -1.586394337056351356e+00 -1.234479706448065350e+01
5.899999999999999689e-01 -1.460850845576924906e+00 -1.244539371080970902e+01
5.999999999999999778e-01 -1.337486462840157264e+00 -1.198060761031245747e+01
6.099999999999999867e-01 -1.221238693370675810e+00 -1.114786077935173658e+01
6.199999999999998845e-01 -1.114529247253122524e+00 -1.010337351001759032e+01
6.300000000000000044e-01 -1.019171223170324048e+00 -8.748865256868834095e+00
6.400000000000000133e-01 -9.395519421157457751e-01 -7.089829911434978982e+00
6.499999999999999112e-01 -8.773746249416244369e-01 -5.150630708746270159e+00
6.600000000000000311e-01 -8.365393279408204208e-01 -3.601515478599308651e+00
6.700000000000000400e-01 -8.053443153696382417e-01 -3.364143781647436438e+00
6.799999999999999378e-01 -7.692564523078717631e-01 -3.114155426415138983e+00
6.899999999999999467e-01 -7.430612068413354754e-01 -2.730687205220541536e+00
7.000000000000000666e-01 -7.146427082034608746e-01 -3.091434969726812643e+00
7.099999999999999645e-01 -6.812325074467991959e-01 -2.937540092017090654e+00
7.199999999999999734e-01 -6.558919063631191149e-01 -3.264339636236456510e+00
7.299999999999998712e-01 -6.159457147220700479e-01 -3.864061080297661821e+00
7.399999999999999911e-01 -5.786106847571658163e-01 -3.777398912045409229e+00
7.500000000000000000e-01 -5.403977364811619610e-01 -3.559566403998416728e+00
7.599999999999998979e-01 -5.074193566771975084e-01 -4.209235892937841506e+00
7.699999999999999067e-01 -4.562130186224050976e-01 -5.342108227264652953e+00
7.800000000000000266e-01 -4.005771921319044582e-01 -5.275314273340384830e+00
7.899999999999999245e-01 -3.507067331555974166e-01 -5.191576051242788203e+00
7.999999999999999334e-01 -2.967456711070486919e-01 -4.775500554530974995e+00
8.100000000000000533e-01 -2.551967220649778989e-01 -3.692330903206640702e+00
8.199999999999999512e-01 -2.228990530429159067e-01 -3.219242636886318287e+00
8.299999999999999600e-01 -1.908118693272515543e-01 -2.681446302227558309e+00
8.399999999999999689e-01 -1.692701269983647450e-01 -1.935604525970540557e+00
8.499999999999999778e-01 -1.520997788078407298e-01 -1.338730583426851473e+00
8.599999999999999867e-01 -1.424955153298277100e-01 -1.193836806345960344e+00
8.699999999999999956e-01 -1.282230426809215507e-01 -1.291740700879747683e+00
8.799999999999998934e-01 -1.166607013122327730e-01 -1.337445420645825500e+00
8.900000000000000133e-01 -1.014741342680050284e-01 -1.349116079424712789e+00
8.999999999999999112e-01 -8.967837972373851607e-02 -9.241434623800318660e-01
9.099999999999999201e-01 -8.299126502040439501e-02 -8.780821687084322535e-01
9.199999999999999289e-01 -7.211673634956987378e-02 -1.090949099811867828e+00
9.299999999999999378e-01 -6.117228302416703734e-02 -1.412895037091905781e+00
9.399999999999999467e-01 -4.385883560773175954e-02 -1.326824127485894289e+00
9.499999999999999556e-01 -3.463580047444915488e-02 -9.551949970583524241e-01
9.599999999999999645e-01 -2.475493566656471189e-02 -6.631115025057284784e-01
9.699999999999999734e-01 -2.137357042433458629e-02 -4.536001150386337888e-01
9.799999999999999822e-01 -1.568293336579203862e-02 -3.884674326118182086e-01
9.899999999999998801e-01 -1.360422177209822357e-02 -6.481849325646936964e-03
1.000000000000000000e+00 -1.555329637927909889e-02 2.479367354886334029e-01
1.010000000000000009e+00 -1.856295648187089239e-02 4.030645018096699062e-01
1.020000000000000018e+00 -2.361458641547249659e-02 6.736408822742221414e-01
1.029999999999999805e+00 -3.203577412735533064e-02 9.235445540160985844e-01
1.040000000000000036e+00 -4.208547749579446412e-02 1.454456735943710832e+00
1.050000000000000044e+00 -6.112490884622954340e-02 1.493983802939405470e+00
1.059999999999999831e+00 -7.196515355458257823e-02 8.627179444646806417e-01
1.069999999999999840e+00 -7.837926773552315873e-02 5.493099529498080003e-01
1.080000000000000071e+00 -8.295135261357873546e-02 4.023061204584964246e-02
1.089999999999999858e+00 -7.918387997644014964e-02 -5.614138838192913594e-01
1.099999999999999867e+00 -7.172307493719290439e-02 -7.253688509942746165e-01
1.109999999999999876e+00 -6.467650295655465176e-02 -6.909044618745656674e-01
1.119999999999999885e+00 -5.790498569970159437e-02 -8.519193891329744917e-01
1.129999999999999893e+00 -4.763811517389517081e-02 -1.041773589148553336e+00
1.139999999999999902e+00 -3.706951391673053015e-02 -1.038103049738029249e+00
1.149999999999999911e+00 -2.687605417913458208e-02 -1.079578795911198208e+00
1.159999999999999920e+00 -1.547793799850656453e-02 -1.362239471718154959e+00
1.169999999999999929e+00 3.687352552285122335e-04 -7.916785370736629801e-01
1.179999999999999938e+00 3.556327429666941752e-04 1.682879719629559734e-02
1.189999999999999947e+00 3.215931130260027643e-05 1.778163714833470854e-02
1.199999999999999956e+00 0.000000000000000000e+00 3.215931130260027589e-03
