0.000000000000000000e+00 1.209479694673529337e+02 3.656534793695287817e+02
1.000000000000000021e-02 1.172914346736576476e+02 3.656534793695275880e+02
2.000000000000000042e-02 1.136348998799623757e+02 3.656534793695263943e+02
2.999999999999999889e-02 1.099783650862671180e+02 3.656534793695282133e+02
4.000000000000000083e-02 1.063218302925718177e+02 3.656534793695287817e+02
4.999999999999999584e-02 1.026652954988765458e+02 3.656534793695275880e+02
5.999999999999999778e-02 9.900876070518125971e+01 3.656534793695282133e+02
6.999999999999999278e-02 9.535222591148597360e+01 3.656534793695275880e+02
8.000000000000000167e-02 9.169569111779071591e+01 3.656534793695282133e+02
8.999999999999999667e-02 8.803915632409541558e+01 3.656534793695282133e+02
9.999999999999999167e-02 8.438262153040014368e+01 3.656534793695275880e+02
1.099999999999999867e-01 8.072608673670485757e+01 3.656534793695282133e+02
1.199999999999999956e-01 7.706955194300958567e+01 3.656534793695275880e+02
1.300000000000000044e-01 7.341301714931431377e+01 3.656534793695282133e+02
1.399999999999999856e-01 6.975648235561902766e+01 3.656534793695282133e+02
1.499999999999999944e-01 6.609994756192374155e+01 3.656534793695275880e+02
1.600000000000000033e-01 6.244341276822846964e+01 3.656534793695275880e+02
1.699999999999999845e-01 5.878687797453319774e+01 3.656534793695275880e+02
1.799999999999999933e-01 5.513034318083791874e+01 3.656534793695278722e+02
1.899999999999999745e-01 5.147380838714263973e+01 3.656534793695282133e+02
1.999999999999999833e-01 4.781727359344736072e+01 3.656534793695278722e+02
2.099999999999999922e-01 4.416073879975208172e+01 3.656534793695275880e+02
2.199999999999999734e-01 4.050420400605680271e+01 3.656534793695278722e+02
2.299999999999999822e-01 3.684766921236152371e+01 3.656534793695287817e+02
2.399999999999999911e-01 3.319113441866623049e+01 3.656534793695284407e+02
2.500000000000000000e-01 2.953459962497095503e+01 3.656534793695275880e+02
2.600000000000000089e-01 2.587806483127567958e+01 3.656534793695277585e+02
2.700000000000000178e-01 2.222153003758040057e+01 3.656534793695278722e+02
2.799999999999999711e-01 1.856499524388512157e+01 3.656534793695277585e+02
2.899999999999999800e-01 1.490846045018984789e+01 3.656534793695277585e+02
2.999999999999999889e-01 1.125192565649456888e+01 3.656534793695272469e+02
3.099999999999999423e-01 7.595390862799302312e+00 3.656534793695278722e+02
3.200000000000000067e-01 3.938856069104011759e+00 2.916291511800008607e+02
3.300000000000000155e-01 1.762807839199285631e+00 1.899186527183642568e+02
3.399999999999999689e-01 1.404830147367267246e-01 1.372765625520968911e+02
3.500000000000000333e-01 -9.827234118426518839e-01 9.708184109323723021e+01
3.599999999999999867e-01 -1.801153807128017759e+00 7.114997534227362053e+01
3.699999999999999956e-01 -2.405722918688124157e+00 4.917062308808090165e+01
3.799999999999999489e-01 -2.784566268889635765e+00 3.324797231400724939e+01
3.900000000000000133e-01 -3.070682364968269074e+00 2.239539173250989990e+01
3.999999999999999667e-01 -3.232474103539833887e+00 1.423393681064611727e+01
4.099999999999999756e-01 -3.355361101181191685e+00 9.114333745584817237e+00
4.199999999999999845e-01 -3.414760778451530143e+00 2.336773271713457056e+00
4.299999999999999933e-01 -3.402096566615460560e+00 -2.319990304390818991e+00
4.399999999999999467e-01 -3.368360972363713568e+00 -7.266882901420897767e+00
4.499999999999999556e-01 -3.256758908587042534e+00 -1.380144214980696482e+01
4.599999999999999645e-01 -3.092332129367574289e+00 -1.880200966070956881e+01
4.699999999999999734e-01 -2.880718715372851513e+00 -2.349886515404898546e+01
4.799999999999999822e-01 -2.622354826286594776e+00 -2.531155185767845239e+01
4.899999999999999911e-01 -2.374487678219282305e+00 -2.480248375393727400e+01
5.000000000000000000e-01 -2.126305151207849242e+00 -2.238517002832941216e+01
5.100000000000000089e-01 -1.926784277652694222e+00 -1.830561280261215984e+01
5.200000000000000178e-01 -1.760192895155606285e+00 -1.568863246543502221e+01
5.299999999999999156e-01 -1.613011628343993697e+00 -1.086607448108299678e+01
5.400000000000000355e-01 -1.542871405533946305e+00 -6.996157380555752425e+00
5.499999999999999334e-01 -1.473088480732878791e+00 -4.936179105342795914e+00
5.599999999999999423e-01 -1.444147823427090360e+00 -2.942725369951865844e+00
5.699999999999999512e-01 -1.414233973333841377e+00 -1.852822097364273057e+00
5.799999999999999600e-01 -1.407091381479804948e+00 -2.287099757912588238e+00
5.899999999999999689e-01 -1.368491978175589541e+00 -3.124529245930606880e+00
5.999999999999999778e-01 -1.344600796561192801e+00 -2.989787952957471351e+00
6.099999999999999867e-01 -1.308696219116440185e+00 -4.802674432142081784e+00
6.199999999999998845e-01 -1.248547307918351112e+00 -5.210519256699110535e+00
6.300000000000000044e-01 -1.204485833982458010e+00 -4.320809356473098717e+00
6.400000000000000133e-01 -1.162131120788889138e+00 -5.410170221214360531e+00
6.499999999999999112e-01 -1.096282429558170790e+00 -4.420244028411236314e+00
6.600000000000000311e-01 -1.073726240220664430e+00 -3.128099144359951289e+00
6.700000000000000400e-01 -1.033720446670971738e+00 -1.177277772860375826e+00
6.799999999999999378e-01 -1.050180684763456940e+00 -4.865672220660458569e-01
6.899999999999999467e-01 -1.023989102229650783e+00 -1.031419029892829631e+00
7.000000000000000666e-01 -1.029552304165600285e+00 -1.423876632115859131e-01
7.099999999999999645e-01 -1.021141348965419082e+00 -1.185552693774594157e+00
7.199999999999999734e-01 -1.005841250290108402e+00 -1.327669830342004476e+00
7.299999999999998712e-01 -9.945879523585789972e-01 -1.932364199223598922e+00
7.399999999999999911e-01 -9.671939663056364767e-01 -2.770833153800704718e+00
7.500000000000000000e-01 -9.391712892825649917e-01 -2.445562575636679892e+00
7.599999999999998979e-01 -9.182827147929029099e-01 -2.475946871963574214e+00
7.699999999999999067e-01 -8.896523518432934985e-01 -1.444300423250503451e+00
7.800000000000000266e-01 -8.893967063278928054e-01 -1.198397028331259939e+00
7.899999999999999245e-01 -8.656844112766682864e-01 -1.409234676613243753e+00
7.999999999999999334e-01 -8.612120127956279791e-01 -1.339383669544427002e+00
8.100000000000000533e-01 -8.388967378857796753e-01 -1.844087407310092797e+00
8.199999999999999512e-01 -8.243302646494261587e-01 -1.915083064348001685e+00
8.299999999999999600e-01 -8.005950765988196771e-01 -1.311677687183254726e+00
8.399999999999999689e-01 -7.980967109057610642e-01 3.851618993744195668e-02
8.499999999999999778e-01 -8.013654003975685391e-01 -9.279513398221329590e-01
8.599999999999999867e-01 -7.795376841093183407e-01 -2.980962078856832953e+00
8.699999999999999956e-01 -7.417461588204318224e-01 -3.134988214926931249e+00
8.799999999999998934e-01 -7.168379198107797112e-01 -3.081141904912636509e+00
8.900000000000000133e-01 -6.801233207221791810e-01 -4.015932827717477061e+00
8.999999999999999112e-01 -6.365192632564301567e-01 -4.394362970832840887e+00
9.099999999999999201e-01 -5.922360613055223100e-01 -4.542056640763430408e+00
9.199999999999999289e-01 -5.456781304411616462e-01 -4.966992982477188789e+00
9.299999999999999378e-01 -4.928962016559785830e-01 -4.612222452083665658e+00
9.399999999999999467e-01 -4.534336813994883086e-01 -4.541302795190849118e+00
9.499999999999999556e-01 -4.020701457521616007e-01 -5.202632958803258489e+00
9.599999999999999645e-01 -3.493810222234230989e-01 -5.768222769782636483e+00
9.699999999999999734e-01 -2.867056903565088910e-01 -5.257381081571816495e+00
9.799999999999999822e-01 -2.442334005919867823e-01 -4.834743713765572437e+00
9.899999999999998801e-01 -1.900108160811974367e-01 -4.511017601799369281e+00
1.000000000000000000e+00 -1.540130485559993989e-01 -3.946734426254736139e+00
1.010000000000000009e+00 -1.110761275561027162e-01 -4.232173052832792770e+00
1.020000000000000018e+00 -6.936958749934356294e-02 -4.223178569588895037e+00
1.029999999999999805e+00 -2.661255616432481319e-02 -3.651771451537550117e+00
1.040000000000000036e+00 3.665841531407431492e-03 -2.717487279360432773e+00
1.050000000000000044e+00 2.773718942288384143e-02 -1.449210959238457885e+00
1.059999999999999831e+00 3.265006071617658490e-02 -3.220163898694697879e-01
1.069999999999999840e+00 3.417751722027323469e-02 -8.982043613070391647e-03
1.080000000000000071e+00 3.282970158843799557e-02 8.660083060363391594e-01
1.089999999999999858e+00 1.685735109954645747e-02 1.054463205984905061e+00
1.099999999999999867e+00 1.174043746873989352e-02 -7.333632976927092692e-03
1.109999999999999876e+00 1.700402375908499977e-02 -8.568510381843417179e-01
1.119999999999999885e+00 2.887745823242672538e-02 -4.589971008991439727e-01
1.129999999999999893e+00 2.618396577706787881e-02 1.982558536075935407e-01
1.139999999999999902e+00 2.491234116027485693e-02 -9.370160079591099977e-02
1.149999999999999911e+00 2.805799779298609811e-02 9.962761978964383702e-02
1.159999999999999920e+00 2.291978876448198116e-02 9.437563633418325493e-01
1.169999999999999929e+00 9.182870526149446155e-03 1.081607586048335179e+00
1.179999999999999938e+00 1.287637043515275914e-03 4.535941587564738531e-01
1.189999999999999947e+00 1.109873510199692759e-04 6.438185217576379571e-02
1.199999999999999956e+00 0.000000000000000000e+00 1.109873510199692846e-02
