0.000000000000000000e+00 1.448664624875430036e+02 5.304097895911912701e+02
1.000000000000000021e-02 1.395623645916310807e+02 5.304097895911912701e+02
2.000000000000000042e-02 1.342582666957191577e+02 5.304097895911912701e+02
2.999999999999999889e-02 1.289541687998072632e+02 5.304097895911912701e+02
4.000000000000000083e-02 1.236500709038953403e+02 5.304097895911924070e+02
4.999999999999999584e-02 1.183459730079834031e+02 5.304097895911936575e+02
5.999999999999999778e-02 1.130418751120714660e+02 5.304097895911912701e+02
6.999999999999999278e-02 1.077377772161595857e+02 5.304097895911912701e+02
8.000000000000000167e-02 1.024336793202476485e+02 5.304097895911912701e+02
8.999999999999999667e-02 9.712958142433575404e+01 5.304097895911912701e+02
9.999999999999999167e-02 9.182548352842381689e+01 5.304097895911912701e+02
1.099999999999999867e-01 8.652138563251193659e+01 5.304097895911912701e+02
1.199999999999999956e-01 8.121728773659999945e+01 5.304097895911924070e+02
1.300000000000000044e-01 7.591318984068809073e+01 5.304097895911912701e+02
1.399999999999999856e-01 7.060909194477616779e+01 5.304097895911912701e+02
1.499999999999999944e-01 6.530499404886425907e+01 5.304097895911912701e+02
1.600000000000000033e-01 6.000089615295235035e+01 5.304097895911912701e+02
1.699999999999999845e-01 5.469679825704043452e+01 5.304097895911916112e+02
1.799999999999999933e-01 4.939270036112851869e+01 5.304097895911916112e+02
1.899999999999999745e-01 4.408860246521660287e+01 5.304097895911912701e+02
1.999999999999999833e-01 3.878450456930469414e+01 5.304097895911912701e+02
2.099999999999999922e-01 3.348040667339277832e+01 5.304097895911916112e+02
2.199999999999999734e-01 2.817630877748086249e+01 5.304097895911913838e+02
2.299999999999999822e-01 2.287221088156895377e+01 5.304097895911921796e+02
2.399999999999999911e-01 1.756811298565702018e+01 5.304097895911922933e+02
2.500000000000000000e-01 1.226401508974510790e+01 5.304097895911913838e+02
2.600000000000000089e-01 6.959917193833192961e+00 3.911711744747084367e+02
2.700000000000000178e-01 4.440591600250938242e+00 2.048845103034474562e+02
2.799999999999999711e-01 2.862226987764244335e+00 1.319045093427544089e+02
2.899999999999999800e-01 1.802501413395850127e+00 8.893016955463056661e+01
2.999999999999999889e-01 1.083623596671633438e+00 6.001299634444601594e+01
3.099999999999999423e-01 6.022414865069299905e-01 4.006678185863509611e+01
3.200000000000000067e-01 2.822879594989315399e-01 2.716577384904376302e+01
3.300000000000000155e-01 5.892600952605468040e-02 2.017098946998565268e+01
3.399999999999999689e-01 -1.211318299007814875e-01 1.779710340670742852e+01
3.500000000000000333e-01 -2.970160586080938803e-01 1.775488834125193094e+01
3.599999999999999867e-01 -4.762295967258201035e-01 1.680312328789808163e+01
3.699999999999999956e-01 -6.330785243660554951e-01 1.258034634230435600e+01
3.799999999999999489e-01 -7.278365235719072013e-01 5.250367767977235367e+00
3.900000000000000133e-01 -7.380858797256002468e-01 -2.926577350302878688e+00
3.999999999999999667e-01 -6.693049765658496408e-01 -9.685794013502075472e+00
4.099999999999999756e-01 -5.443699994555587507e-01 -1.351119244347846937e+01
4.199999999999999845e-01 -3.990811276962802912e-01 -1.315314213507647878e+01
4.299999999999999933e-01 -2.813071567540291751e-01 -8.580421393152516174e+00
4.399999999999999467e-01 -2.274726998332299577e-01 -2.065058268776335915e+00
4.499999999999999556e-01 -2.400059913785024535e-01 3.516362747141711598e+00
4.599999999999999645e-01 -2.977999547760641907e-01 6.864655979985948342e+00
4.699999999999999734e-01 -3.772991109782214414e-01 8.238753759373953045e+00
4.799999999999999822e-01 -4.625750299635432716e-01 8.383202314363369823e+00
4.899999999999999911e-01 -5.449631572654888290e-01 7.871670042124428335e+00
5.000000000000000000e-01 -6.200084308060318516e-01 6.670753585182116474e+00
5.100000000000000089e-01 -6.783782289691311362e-01 4.646238287100787900e+00
5.200000000000000178e-01 -7.129331965480475430e-01 2.168462361763545232e+00
5.299999999999999156e-01 -7.217474762044020498e-01 -3.855982878278125248e-01
5.400000000000000355e-01 -7.052212307914913492e-01 -2.941110296533155477e+00
5.499999999999999334e-01 -6.629252702737389313e-01 -5.202893373234606322e+00
5.599999999999999423e-01 -6.011633633267992050e-01 -6.433306491015511774e+00
5.699999999999999512e-01 -5.342591404534287047e-01 -6.361964494124591418e+00
5.799999999999999600e-01 -4.739240734443073699e-01 -5.588904584046495039e+00
5.899999999999999689e-01 -4.224810487724988128e-01 -4.627302156759235174e+00
5.999999999999999778e-01 -3.813780303091227064e-01 -3.494123160607790712e+00
6.099999999999999867e-01 -3.525985855603430141e-01 -2.343098157414564398e+00
6.199999999999998845e-01 -3.345160671608313763e-01 -1.376117691142576538e+00
6.300000000000000044e-01 -3.250762317374914501e-01 -4.829034120122588369e-01
6.400000000000000133e-01 -3.248579989205861995e-01 3.903625223202246142e-01
6.499999999999999112e-01 -3.328834821838959623e-01 1.236976401908451706e+00
6.600000000000000311e-01 -3.495975269587552337e-01 2.090539997095556490e+00
6.700000000000000400e-01 -3.746942821258070766e-01 2.794453642894487277e+00
6.799999999999999378e-01 -4.054865998166449770e-01 3.155027912884053709e+00
6.899999999999999467e-01 -4.377948403834881486e-01 3.381457884984831797e+00
7.000000000000000666e-01 -4.731157575163416062e-01 3.728580134240004895e+00
7.099999999999999645e-01 -5.123664430682882687e-01 4.026865285467258637e+00
7.199999999999999734e-01 -5.536530632256867479e-01 3.911647417440964780e+00
7.299999999999998712e-01 -5.905993914171074888e-01 3.326260224571991664e+00
7.399999999999999911e-01 -6.201782677171265856e-01 2.501083929995822963e+00
7.500000000000000000e-01 -6.406210700170239525e-01 1.644321668832863681e+00
7.599999999999998979e-01 -6.530647010937838948e-01 7.922570431484119435e-01
7.699999999999999067e-01 -6.564662108799922402e-01 -1.123439575579802674e-01
7.800000000000000266e-01 -6.508178219426242750e-01 -9.714000224381076354e-01
7.899999999999999245e-01 -6.370382104312301008e-01 -1.631274616597394589e+00
7.999999999999999334e-01 -6.181923296106763832e-01 -2.129760445475824326e+00
8.100000000000000533e-01 -5.944430015217135876e-01 -2.620130433602504638e+00
8.199999999999999512e-01 -5.657897209386263393e-01 -3.101521761559392854e+00
8.299999999999999600e-01 -5.324125662905256906e-01 -3.470556972036747734e+00
8.399999999999999689e-01 -4.963785814978913802e-01 -3.724336682738846438e+00
8.499999999999999778e-01 -4.579258326357488196e-01 -3.892189987493837933e+00
8.599999999999999867e-01 -4.185347817480146171e-01 -3.867681208678776628e+00
8.699999999999999956e-01 -3.805722084621732670e-01 -3.642952262084321990e+00
8.799999999999998934e-01 -3.456757365063281573e-01 -3.306175278108680615e+00
8.900000000000000133e-01 -3.144487028999996547e-01 -2.945993210775857740e+00
8.999999999999999112e-01 -2.867558722908110092e-01 -2.587426132338601636e+00
9.099999999999999201e-01 -2.627001802532276664e-01 -2.266724358970532371e+00
9.199999999999999289e-01 -2.414213851114003773e-01 -1.967219267726287635e+00
9.299999999999999378e-01 -2.233557948987018871e-01 -1.671150640335692827e+00
9.399999999999999467e-01 -2.079983723046865129e-01 -1.435205210943709453e+00
9.499999999999999556e-01 -1.946516906798277102e-01 -1.272442712084238980e+00
9.599999999999999645e-01 -1.825495180630017367e-01 -1.106532848329155660e+00
9.699999999999999734e-01 -1.725210337132445926e-01 -9.133174786182302052e-01
9.799999999999999822e-01 -1.642831684906371492e-01 -7.316331895593251033e-01
9.899999999999998801e-01 -1.578883699220580972e-01 -5.921849040139657294e-01
1.000000000000000000e+00 -1.524394704103578246e-01 -5.749064042256477602e-01
1.010000000000000009e+00 -1.463902418375451486e-01 -7.656672608445148631e-01
1.020000000000000018e+00 -1.371261251934675351e-01 -1.092185591718140669e+00
1.029999999999999805e+00 -1.245465300031823319e-01 -1.334173290475250129e+00
1.040000000000000036e+00 -1.104426593839625409e-01 -1.358968727728737225e+00
1.050000000000000044e+00 -9.736715544860757854e-02 -1.188532503059459344e+00
1.059999999999999831e+00 -8.667200932277334402e-02 -9.127217538250473883e-01
1.069999999999999840e+00 -7.911272037210663466e-02 -6.172028297262489582e-01
1.080000000000000071e+00 -7.432795272824836708e-02 -5.500244722072659131e-01
1.089999999999999858e+00 -6.811223092796132861e-02 -8.342947454992271084e-01
1.099999999999999867e+00 -5.764205781826382824e-02 -1.196885450986063137e+00
1.109999999999999876e+00 -4.417452190824006086e-02 -1.414581420386868071e+00
1.119999999999999885e+00 -2.935042941052646778e-02 -1.454087962849771820e+00
1.129999999999999893e+00 -1.509276265124462162e-02 -1.317378781576949320e+00
1.139999999999999902e+00 -3.002853778987485400e-03 -1.069927511893084437e+00
1.149999999999999911e+00 6.305787586617065885e-03 -7.529651854361754104e-01
1.159999999999999920e+00 1.205644992973602114e-02 -1.284842361636944208e-01
1.169999999999999929e+00 8.875472309890953745e-03 5.296129368830825301e-01
1.179999999999999938e+00 1.464191192074370618e-03 4.374516299531703845e-01
1.189999999999999947e+00 1.264397108275481629e-04 7.320955960371854088e-02
1.199999999999999956e+00 0.000000000000000000e+00 1.264397108275481553e-02
