0.000000000000000000e+00 1.800645679523416902e+02 4.542073011976330577e+02
1.000000000000000021e-02 1.755224949403653341e+02 4.542073011976318639e+02
2.000000000000000042e-02 1.709804219283890347e+02 4.542073011976318639e+02
2.999999999999999889e-02 1.664383489164127070e+02 4.542073011976318639e+02
4.000000000000000083e-02 1.618962759044364077e+02 4.542073011976318639e+02
4.999999999999999584e-02 1.573542028924600800e+02 4.542073011976318639e+02
5.999999999999999778e-02 1.528121298804837807e+02 4.542073011976318639e+02
6.999999999999999278e-02 1.482700568685074245e+02 4.542073011976318639e+02
8.000000000000000167e-02 1.437279838565311252e+02 4.542073011976318639e+02
8.999999999999999667e-02 1.391859108445547974e+02 4.542073011976306702e+02
9.999999999999999167e-02 1.346438378325785266e+02 4.542073011976306702e+02
1.099999999999999867e-01 1.301017648206021988e+02 4.542073011976330577e+02
1.199999999999999956e-01 1.255596918086258569e+02 4.542073011976318639e+02
1.300000000000000044e-01 1.210176187966495434e+02 4.542073011976318639e+02
1.399999999999999856e-01 1.164755457846732156e+02 4.542073011976318639e+02
1.499999999999999944e-01 1.119334727726969163e+02 4.542073011976318639e+02
1.600000000000000033e-01 1.073913997607205886e+02 4.542073011976318639e+02
1.699999999999999845e-01 1.028493267487442751e+02 4.542073011976312955e+02
1.799999999999999933e-01 9.830725373676796153e+01 4.542073011976318639e+02
1.899999999999999745e-01 9.376518072479163379e+01 4.542073011976318639e+02
1.999999999999999833e-01 8.922310771281532027e+01 4.542073011976318639e+02
2.099999999999999922e-01 8.468103470083900675e+01 4.542073011976312955e+02
2.199999999999999734e-01 8.013896168886269322e+01 4.542073011976312955e+02
2.299999999999999822e-01 7.559688867688637970e+01 4.542073011976324892e+02
2.399999999999999911e-01 7.105481566491005196e+01 4.542073011976324892e+02
2.500000000000000000e-01 6.651274265293372423e+01 4.542073011976312955e+02
2.600000000000000089e-01 6.197066964095741781e+01 4.542073011976312955e+02
2.700000000000000178e-01 5.742859662898110429e+01 4.542073011976318639e+02
2.799999999999999711e-01 5.288652361700478366e+01 4.542073011976318639e+02
2.899999999999999800e-01 4.834445060502846303e+01 4.542073011976315797e+02
2.999999999999999889e-01 4.380237759305215661e+01 4.542073011976306702e+02
3.099999999999999423e-01 3.926030458107585019e+01 4.542073011976315797e+02
3.200000000000000067e-01 3.471823156909952246e+01 4.542073011976330577e+02
3.300000000000000155e-01 3.017615855712319117e+01 4.542073011976316934e+02
3.399999999999999689e-01 2.563408554514688831e+01 4.542073011976316934e+02
3.500000000000000333e-01 2.109201253317055702e+01 4.542073011976315797e+02
3.599999999999999867e-01 1.654993952119425771e+01 3.814408691306410901e+02
3.699999999999999956e-01 1.346319515055773586e+01 2.701567726384139974e+02
3.799999999999999489e-01 1.114680406842597726e+01 2.127107777555137034e+02
3.900000000000000133e-01 9.208979595447463140e+00 1.747709372973528161e+02
3.999999999999999667e-01 7.651385322478922113e+00 1.436037290537980766e+02
4.099999999999999756e-01 6.336905014371501110e+00 1.213669166770952046e+02
4.199999999999999845e-01 5.224046988937018021e+00 1.030564336122276501e+02
4.299999999999999933e-01 4.275776342126948570e+00 8.847969709815940575e+01
4.399999999999999467e-01 3.454453046973830155e+00 7.691429953580983181e+01
4.499999999999999556e-01 2.737490351410751810e+00 6.701115531129414649e+01
4.599999999999999645e-01 2.114229940747947012e+00 5.804063499768754752e+01
4.699999999999999734e-01 1.576677651457000895e+00 4.970606050229724104e+01
4.799999999999999822e-01 1.120108730702002342e+00 4.220900151672734069e+01
4.899999999999999911e-01 7.324976211224540901e-01 3.526880841721997228e+01
5.000000000000000000e-01 4.147325623576029185e-01 2.887273390356590497e+01
5.100000000000000089e-01 1.550429430511359730e-01 2.296032174744764021e+01
5.200000000000000178e-01 -4.447387259134989029e-02 1.737388401615539379e+01
5.299999999999999156e-01 -1.924347372719718841e-01 1.244493082846118170e+01
5.400000000000000355e-01 -2.933724891605735130e-01 8.437517883302087185e+00
5.499999999999999334e-01 -3.611850949380136511e-01 5.493495217918630935e+00
5.599999999999999423e-01 -4.032423935189460851e-01 3.000776985501470318e+00
5.699999999999999512e-01 -4.212006346480430263e-01 1.293675574820242646e+00
5.799999999999999600e-01 -4.291159050153509624e-01 5.517752767781111123e-01
5.899999999999999689e-01 -4.322361401836052330e-01 4.584971192987316591e-02
5.999999999999999778e-01 -4.300328992539483863e-01 -2.366829790394728572e-01
6.099999999999999867e-01 -4.275024806028158153e-01 -5.925551138694914455e-01
6.199999999999998845e-01 -4.181817969765586063e-01 -1.285804631069465520e+00
6.300000000000000044e-01 -4.017863879814264627e-01 -2.094564318020156524e+00
6.400000000000000133e-01 -3.762905106161554269e-01 -3.081795440814969478e+00
6.499999999999999112e-01 -3.401504791651270843e-01 -4.277724523736007534e+00
6.600000000000000311e-01 -2.907360201414352918e-01 -5.762113562262023869e+00
6.700000000000000400e-01 -2.249082079198866380e-01 -6.871600677321728412e+00
6.799999999999999378e-01 -1.533040065950007358e-01 -7.316690141663669600e+00
6.899999999999999467e-01 -7.857440508661324430e-02 -7.407591622748299187e+00
7.000000000000000666e-01 -5.152174140034772656e-03 -6.607866248606990567e+00
7.099999999999999645e-01 5.358291988552652679e-02 -5.268855350631270085e+00
7.199999999999999734e-01 1.002249328725906274e-01 -3.763849655027169838e+00
7.299999999999998712e-01 1.288599129860699133e-01 -1.862652094842552453e+00
7.399999999999999911e-01 1.374779747694416798e-01 -5.170967823565095767e-01
7.500000000000000000e-01 1.392018486332000926e-01 2.429486388876050673e-01
7.599999999999998979e-01 1.326190019916895779e-01 7.523819085566274545e-01
7.699999999999999067e-01 1.241542104620675518e-01 9.070662274639456069e-01
7.800000000000000266e-01 1.144776774424106636e-01 8.881134286880830730e-01
7.899999999999999245e-01 1.063919418883059048e-01 6.284218169640634066e-01
7.999999999999999334e-01 1.019092411031293915e-01 6.034825532557599459e-01
8.100000000000000533e-01 9.432229082319069924e-02 6.936698293920335878e-01
8.199999999999999512e-01 8.803584451528871646e-02 7.191878604420014476e-01
8.299999999999999600e-01 7.993853361435067362e-02 8.759789373002390134e-01
8.399999999999999689e-01 7.051626576928393675e-02 9.122575902863322428e-01
8.499999999999999778e-01 6.169338180862403431e-02 9.114164440546204116e-01
8.599999999999999867e-01 5.228793688819153435e-02 8.246973920252316237e-01
8.699999999999999956e-01 4.519943396811940128e-02 6.395557915085189338e-01
8.799999999999998934e-01 3.949682105802115872e-02 4.037113140176909476e-01
8.900000000000000133e-01 3.712520768776558094e-02 6.396471963633360014e-02
8.999999999999999112e-01 3.821752666529448089e-02 -1.381295748883940855e-01
9.099999999999999201e-01 3.988779918553346515e-02 -2.757743204508457113e-01
9.199999999999999289e-01 4.373301307431139845e-02 -4.028249872306621238e-01
9.299999999999999378e-01 4.794429893014670596e-02 -4.096448123755202508e-01
9.399999999999999467e-01 5.192590932182180458e-02 -3.720704758508523446e-01
9.499999999999999556e-01 5.538570844716374925e-02 -2.864290186084527678e-01
9.599999999999999645e-01 5.765448969399086104e-02 -2.181878074127409084e-01
9.699999999999999734e-01 5.974946459541857074e-02 -1.601019665174553963e-01
9.799999999999999822e-01 6.085652902433996703e-02 -8.030009698173684596e-02
9.899999999999998801e-01 6.135546653505330461e-02 -8.967266162281227471e-02
1.000000000000000000e+00 6.264998225679621613e-02 -8.832841494624420198e-02
1.010000000000000009e+00 6.312203483397818560e-02 -2.168459862748924050e-02
1.020000000000000018e+00 6.308367422934599289e-02 2.912654390792541320e-02
1.029999999999999805e+00 6.253950395581968358e-02 9.179432127193797031e-02
1.040000000000000036e+00 6.124778780390723737e-02 1.342822296632494306e-01
1.050000000000000044e+00 5.985385936255469691e-02 2.209887051693045779e-01
1.059999999999999831e+00 5.682801370052114470e-02 3.354243630313659130e-01
1.069999999999999840e+00 5.314537210192737948e-02 4.221506793694846382e-01
1.080000000000000071e+00 4.838500011313145305e-02 4.967873179559701424e-01
1.089999999999999858e+00 4.320962574280797636e-02 5.149077690774188643e-01
1.099999999999999867e+00 3.808684473158307354e-02 5.282236425586588346e-01
1.109999999999999876e+00 3.264515289163479744e-02 5.402063830143898349e-01
1.119999999999999885e+00 2.728271707129528018e-02 5.236676447475366869e-01
1.129999999999999893e+00 2.217179999668406759e-02 4.869624994527188000e-01
1.139999999999999902e+00 1.754346708224090515e-02 4.317965889718725636e-01
1.149999999999999911e+00 1.353586821724661604e-02 3.777736707602124544e-01
1.159999999999999920e+00 9.987993667036657378e-03 4.853365948095709759e-01
1.169999999999999929e+00 3.829136321055197096e-03 4.667328129666897807e-01
1.179999999999999938e+00 6.533374077028630432e-04 1.884027808588128183e-01
1.189999999999999947e+00 6.108070387894128930e-05 3.266687038514315411e-02
1.199999999999999956e+00 0.000000000000000000e+00 6.108070387894129309e-03
