0.000000000000000000e+00 6.931993029375208607e+03 1.278142899322961021e+05
1.000000200000000089e-02 5.753334133470143570e+03 1.079174892483610747e+05
1.999999800000000147e-02 4.773643244406592203e+03 8.969384661232045619e+04
2.999999999999999889e-02 3.959457201223456195e+03 7.453566286854252394e+04
4.000000199999999978e-02 3.282929987036160128e+03 6.192832128977090179e+04
4.999999799999999689e-02 2.720890775430687881e+03 5.144350669723220199e+04
5.999999999999999778e-02 2.254059853093608126e+03 4.272474052082945855e+04
7.000000199999999173e-02 1.866395965011728094e+03 3.547533962755133689e+04
7.999999800000000272e-02 1.544553060539792114e+03 2.944839284812918777e+04
8.999999999999999667e-02 1.277428108052351945e+03 2.443841715812333132e+04
1.000000019999999906e-01 1.055784717378719961e+03 2.027441210053445684e+04
1.099999979999999877e-01 8.719398660413841071e+02 1.681407818112051973e+04
1.199999999999999956e-01 7.195031537567280111e+02 1.393900421421708234e+04
1.300000020000000034e-01 5.931597817566239428e+02 1.155066126894761328e+04
1.399999979999999866e-01 4.884899283787519835e+02 9.567068064520959524e+03
1.499999999999999944e-01 4.018184204653679785e+02 7.920015305774946683e+03
1.600000020000000023e-01 3.300896222614400131e+02 6.552755299491639562e+03
1.699999979999999855e-01 2.707633144742799800e+02 5.418078883522866818e+03
1.799999999999999933e-01 2.217280445916800034e+02 4.476714763875106655e+03
1.900000019999999734e-01 1.812290191983120167e+02 3.695997229153733315e+03
1.999999979999999844e-01 1.478081000100000040e+02 3.048757264659479915e+03
2.099999999999999922e-01 1.202538739047039940e+02 2.512399624567133287e+03
2.200000019999999723e-01 9.756010751795999170e+01 2.068134694008426777e+03
2.299999980000000110e-01 7.889118002648800143e+01 1.700339195768306809e+03
2.399999999999999911e-01 6.355332360412800341e+01 1.396024143396066620e+03
2.500000019999999989e-01 5.097069715508000343e+01 1.144392062327413441e+03
2.599999980000000099e-01 4.066548235646399689e+01 9.364685128006533432e+02
2.700000000000000178e-01 3.224132690088000430e+01 1.222836423139186763e+03
2.800000019999999701e-01 1.620875389270399936e+01 1.338421264371146663e+03
2.899999979999999811e-01 5.472901613736000037e+00 6.687256700453067424e+02
2.999999999999999889e-01 2.834240491240000104e+00 2.859211152599199863e+02
3.100000019999999967e-01 -2.455206931360000289e-01 1.660473931978800124e+02
3.199999980000000077e-01 -4.867073731359999877e-01 2.411866804184000301e+01
3.300000000000000155e-01 -7.278940531359999744e-01 2.411866804184000301e+01
3.400000020000000234e-01 -9.690807331359999610e-01 1.482442575335999990e+01
3.499999979999999788e-01 -1.024382569040000135e+00 9.470281069026666998e+00
3.599999999999999867e-01 -1.158486354656000028e+00 1.194530071873333377e+01
3.700000019999999945e-01 -1.263288579928000033e+00 7.785463806866666836e+00
3.799999980000000055e-01 -1.314195630096000045e+00 3.674268196200000336e+00
3.900000000000000133e-01 -1.336773945944000008e+00 1.891651775000000146e+00
4.000000020000000212e-01 -1.352028667688000008e+00 1.538771360093333262e+00
4.099999979999999766e-01 -1.367549374680000041e+00 1.751145502880000260e+00
4.199999999999999845e-01 -1.387051576071999914e+00 1.924457298666666816e+00
4.300000019999999368e-01 -1.406038517864000026e+00 1.196019007546666790e+00
4.399999980000000033e-01 -1.410971955943999934e+00 -1.801291984133333302e-01
4.499999999999999556e-01 -1.402435934872000134e+00 -7.840887616133334070e-01
4.600000019999999634e-01 -1.395290181688000120e+00 -2.984080193466666642e-01
4.699999980000000299e-01 -1.396467772672000063e+00 2.475794136000000062e-02
4.799999999999999822e-01 -1.395785341352000053e+00 -6.648396431866666623e-01
4.900000019999999901e-01 -1.383170983015999944e+00 -1.727590412706666578e+00
4.999999979999999455e-01 -1.361233530448000106e+00 -2.527420205173333212e+00
5.100000000000000089e-01 -1.332622576959999972e+00 -3.312656930866666460e+00
5.200000019999999612e-01 -1.294980392527999902e+00 -4.087039077466666726e+00
5.299999979999999722e-01 -1.250881798200000006e+00 -4.363199192840000684e+00
5.400000000000000355e-01 -1.207716407416000060e+00 -4.206565232480000027e+00
5.500000019999999878e-01 -1.166750491039999948e+00 -4.107700813093333458e+00
5.599999979999999988e-01 -1.125562391712000121e+00 -3.952000512333333049e+00
5.699999999999999512e-01 -1.087710480096000021e+00 -3.238298087906666733e+00
5.800000019999999035e-01 -1.060796431487999847e+00 -2.222662714786666882e+00
5.899999980000000255e-01 -1.043257229007999998e+00 -1.899414050346666549e+00
5.999999999999999778e-01 -1.022808150759999979e+00 -2.628102900306666712e+00
6.100000019999999301e-01 -9.906951683519998886e-01 -3.509004721893333123e+00
6.199999980000000521e-01 -9.526280568799999626e-01 -3.669189259520000412e+00
6.300000000000000044e-01 -9.173113856719999903e-01 -3.292947766520000208e+00
6.400000019999999568e-01 -8.867691019680000730e-01 -2.980058002693333652e+00
6.499999980000000788e-01 -8.577102219920000881e-01 -2.996010555666666519e+00
6.600000000000000311e-01 -8.268488873679999962e-01 -3.148807146480000263e+00
6.700000019999999834e-01 -7.947340807359999371e-01 -3.052487052360000064e+00
6.799999979999998834e-01 -7.657991475759999833e-01 -2.726710819573333389e+00
6.899999999999999467e-01 -7.401998665760000096e-01 -2.641825583506666852e+00
7.000000019999998990e-01 -7.129626374399999911e-01 -2.848837253880000198e+00
7.099999979999999100e-01 -6.832231210800000509e-01 -2.867806805573333673e+00
7.199999999999999734e-01 -6.556064993760000181e-01 -2.557069577253333392e+00
7.300000019999999257e-01 -6.320817292560000356e-01 -2.225162082973333177e+00
7.399999979999999367e-01 -6.111032578560000594e-01 -2.055012672933333118e+00
7.500000000000000000e-01 -5.909814730079999689e-01 -2.068474762666666411e+00
7.600000019999999523e-01 -5.697337653919999356e-01 -2.280145993453333464e+00
7.699999979999999633e-01 -5.453785549519999387e-01 -2.517307295866666461e+00
7.800000000000000266e-01 -5.193876180800000020e-01 -2.474396673026666882e+00
7.900000019999999790e-01 -4.958906213519999606e-01 -2.194590076133333234e+00
7.999999979999999900e-01 -4.754958179519999661e-01 -2.034688251386666646e+00
8.100000000000000533e-01 -4.551968574399999912e-01 -2.083560530306666436e+00
8.200000020000000056e-01 -4.338246046959999824e-01 -2.100076919119999719e+00
8.299999979999999056e-01 -4.131953173840000049e-01 -1.981157458053333320e+00
8.399999999999999689e-01 -3.942014552559999774e-01 -1.862052227386666647e+00
8.500000019999999212e-01 -3.759542739519999843e-01 -1.873098294213333181e+00
8.599999979999999322e-01 -3.567394882559999925e-01 -1.997746425320000130e+00
8.699999999999999956e-01 -3.359993458639999875e-01 -2.042338151466666751e+00
8.800000019999999479e-01 -3.158927280159999906e-01 -1.871651397280000184e+00
8.899999979999999589e-01 -2.985663154079999937e-01 -1.633510955186666669e+00
8.999999999999999112e-01 -2.832225079360000120e-01 -1.488870612133333271e+00
9.100000019999999745e-01 -2.687889045599999860e-01 -1.393521150226666672e+00
9.199999979999999855e-01 -2.553520847920000003e-01 -1.339933970519999962e+00
9.299999999999999378e-01 -2.419902255679999836e-01 -1.427542237466666641e+00
9.400000020000000012e-01 -2.268012386479999754e-01 -1.562042628626666874e+00
9.499999980000000122e-01 -2.107493728560000112e-01 -1.516844689693333414e+00
9.599999999999999645e-01 -1.964643475039999920e-01 -1.319029465266666756e+00
9.700000020000000278e-01 -1.843687842479999894e-01 -1.148134836013333437e+00
9.799999979999999278e-01 -1.735016517600000141e-01 -9.977270860533333785e-01
9.899999999999998801e-01 -1.644142422479999976e-01 -8.223116169066667647e-01
1.000000001999999943e+00 -1.570554188639999849e-01 -7.629005183999999495e-01
1.009999997999999843e+00 -1.491562318799999898e-01 -9.214451163066667005e-01
1.020000000000000018e+00 -1.386265138879999859e-01 -1.144445566119999924e+00
1.030000001999999970e+00 -1.262673209759999915e-01 -1.201111040146666697e+00
1.039999997999999870e+00 -1.146042954559999966e-01 -1.064359545413333219e+00
1.050000000000000044e+00 -1.049801289520000125e-01 -8.916549247333334094e-01
1.060000001999999997e+00 -9.677119626400000618e-02 -7.982285477733334078e-01
1.069999997999999897e+00 -8.901555813599999756e-02 -7.853173165066666961e-01
1.080000000000000071e+00 -8.106484937600000329e-02 -8.291119278933334336e-01
1.090000002000000023e+00 -7.243332013599999841e-02 -8.853661426133334622e-01
1.099999997999999923e+00 -6.335752540799999277e-02 -8.774996508000000306e-01
1.110000000000000098e+00 -5.488332711999999863e-02 -7.912094066133333881e-01
1.120000002000000050e+00 -4.753334034400000241e-02 -7.024111891466666702e-01
1.129999997999999950e+00 -4.083510361599999861e-02 -6.589102527200000337e-01
1.139999999999999902e+00 -3.435513361599999704e-02 -6.372711486400000069e-01
1.150000001999999855e+00 -2.808968147999999984e-02 -6.175364340000000229e-01
1.159999997999999977e+00 -2.200440493599999797e-02 -1.230775586200000049e+00
1.169999999999999929e+00 -3.474167664000000176e-03 -1.074226365786666637e+00
1.180000001999999881e+00 -5.198787360000000799e-04 -1.693334114933333356e-01
1.189999998000000003e+00 -8.749999200000000397e-05 -2.599388101333333784e-02
1.199999999999999956e+00 0.000000000000000000e+00 8.493889586666667629e-03
