0.000000000000000000e+00 7.754249039999999127e+01 2.371044906666666918e+02
1.000000000000000021e-02 7.517141759999999806e+01 2.371044906666666918e+02
2.000000000000000042e-02 7.280034480000000485e+01 2.371044906666666918e+02
2.999999999999999889e-02 7.042927199999999743e+01 2.371044906666666918e+02
4.000000000000000083e-02 6.805819920000000423e+01 2.371044906666666918e+02
4.999999999999999584e-02 6.568712639999999681e+01 2.371044906666666918e+02
5.999999999999999778e-02 6.331647200000000453e+01 2.371044906666666918e+02
6.999999999999999278e-02 6.094539920000000421e+01 2.371044906666666918e+02
8.000000000000000167e-02 5.857432640000000390e+01 2.371044906666666918e+02
8.999999999999999667e-02 5.620325360000000359e+01 2.371044906666666918e+02
9.999999999999999167e-02 5.383218080000000327e+01 2.371044906666666918e+02
1.099999999999999867e-01 5.146110800000000296e+01 2.371044906666666918e+02
1.199999999999999956e-01 4.909003520000000265e+01 2.371044906666666918e+02
1.300000000000000044e-01 4.671896240000000233e+01 2.371044906666666918e+02
1.399999999999999856e-01 4.434788960000000202e+01 2.371044906666666918e+02
1.499999999999999944e-01 4.197681680000000171e+01 2.371044906666666918e+02
1.600000000000000033e-01 3.960582767999999732e+01 2.371044906666666918e+02
1.699999999999999845e-01 3.723479671999999852e+01 2.371044906666666918e+02
1.799999999999999933e-01 3.486372391999999820e+01 2.371044906666666918e+02
1.899999999999999745e-01 3.249269295999999940e+01 2.371044906666666918e+02
1.999999999999999833e-01 3.012166200000000416e+01 2.371044906666666918e+02
2.099999999999999922e-01 2.775058920000000029e+01 2.371044906666666918e+02
2.199999999999999734e-01 2.537955823999999794e+01 2.371044906666666918e+02
2.299999999999999822e-01 2.300852727999999914e+01 2.371044906666666918e+02
2.399999999999999911e-01 2.063749632000000034e+01 2.371044906666666918e+02
2.500000000000000000e-01 1.826642352000000002e+01 2.371044906666666918e+02
2.600000000000000089e-01 1.589539256000000123e+01 2.371044906666666918e+02
2.700000000000000178e-01 1.352436159999999887e+01 2.371044906666666918e+02
2.799999999999999711e-01 1.115328880000000034e+01 2.371044906666666918e+02
2.899999999999999800e-01 8.782257839999999760e+00 2.371044906666666918e+02
2.999999999999999889e-01 6.411226880000000072e+00 1.949388359999999807e+02
3.099999999999999423e-01 4.883481119999999898e+00 1.353293880000000229e+02
3.200000000000000067e-01 3.704634936000000156e+00 1.069911560000000037e+02
3.300000000000000155e-01 2.743653815999999690e+00 8.813456533333334164e+01
3.399999999999999689e-01 1.941936655999999761e+00 7.332948133333333374e+01
3.500000000000000333e-01 1.277065584000000031e+00 6.050475426666667289e+01
3.599999999999999867e-01 7.318443599999999716e-01 4.923654493333333448e+01
3.699999999999999956e-01 2.923335696000000095e-01 3.945693306666666444e+01
3.799999999999999489e-01 -5.729485919999999927e-02 3.119402120000000167e+01
3.900000000000000133e-01 -3.315472728000000147e-01 2.437626293333333649e+01
3.999999999999999667e-01 -5.448195599999999805e-01 1.880742866666666657e+01
4.099999999999999756e-01 -7.076943119999999920e-01 1.417880893333333248e+01
4.199999999999999845e-01 -8.283985279999999118e-01 1.019361866666666749e+01
4.299999999999999933e-01 -9.115680800000000028e-01 6.643027453333333554e+00
4.399999999999999467e-01 -9.612572640000000002e-01 3.518897413333333279e+00
4.499999999999999556e-01 -9.819471439999999385e-01 9.502770533333333436e-01
4.599999999999999645e-01 -9.802609920000000532e-01 -9.640075466666666593e-01
4.699999999999999734e-01 -9.626672719999999073e-01 -2.244499826666666920e+00
4.799999999999999822e-01 -9.353708560000000283e-01 -3.003038106666667151e+00
4.899999999999999911e-01 -9.026059520000000447e-01 -3.412052000000000085e+00
5.000000000000000000e-01 -8.671298160000000532e-01 -3.626454106666666455e+00
5.100000000000000089e-01 -8.300763119999999828e-01 -3.751214013333333153e+00
5.200000000000000178e-01 -7.921065120000000404e-01 -3.843052813333333706e+00
5.299999999999999156e-01 -7.532162319999999855e-01 -3.922388426666666650e+00
5.400000000000000355e-01 -7.136606959999999278e-01 -4.011131066666667522e+00
5.499999999999999334e-01 -6.729922160000000320e-01 -4.155151320000000759e+00
5.599999999999999423e-01 -6.305580879999999055e-01 -4.344038000000000288e+00
5.699999999999999512e-01 -5.861114560000000306e-01 -4.545148933333333474e+00
5.799999999999999600e-01 -5.396523199999999632e-01 -4.740360426666666349e+00
5.899999999999999689e-01 -4.913062000000000262e-01 -4.913668679999999789e+00
5.999999999999999778e-01 -4.413785280000000477e-01 -5.027313093333333427e+00
6.099999999999999867e-01 -3.907592408000000184e-01 -5.042514960000000102e+00
6.199999999999998845e-01 -3.405294839999999934e-01 -4.908884973333333512e+00
6.300000000000000044e-01 -2.925812623999999862e-01 -4.599038853333333954e+00
6.400000000000000133e-01 -2.485488463999999675e-01 -4.138275853333333032e+00
6.499999999999999112e-01 -2.098158848000000187e-01 -3.586880439999999837e+00
6.600000000000000311e-01 -1.768112376000000041e-01 -2.996343706666666495e+00
6.700000000000000400e-01 -1.498892896000000030e-01 -2.409635333333333129e+00
6.799999999999999378e-01 -1.286182519999999885e-01 -1.891126160000000000e+00
6.899999999999999467e-01 -1.120667663999999897e-01 -1.495319760000000109e+00
7.000000000000000666e-01 -9.871185679999999740e-02 -1.232097346666666704e+00
7.099999999999999645e-01 -8.742467999999999073e-02 -1.069479213333333512e+00
7.199999999999999734e-01 -7.732241199999999315e-02 -9.806180266666666423e-01
7.299999999999998712e-01 -6.781217999999999968e-02 -9.315257599999999805e-01
7.399999999999999911e-01 -5.869189680000000409e-02 -8.800207200000000896e-01
7.500000000000000000e-01 -5.021176559999999955e-02 -7.950227600000000505e-01
7.599999999999998979e-01 -4.279144160000000058e-02 -6.866766853333333698e-01
7.699999999999999067e-01 -3.647828767999999888e-02 -5.902278146666667391e-01
7.800000000000000266e-01 -3.098687135999999773e-02 -5.301915986666666525e-01
7.899999999999999245e-01 -2.587444175999999846e-02 -5.051796466666667040e-01
7.999999999999999334e-01 -2.088326447999999669e-02 -4.896807160000000714e-01
8.100000000000000533e-01 -1.608082744000000064e-02 -4.513531840000000739e-01
8.199999999999999512e-01 -1.185620080000000104e-02 -3.728362400000000410e-01
8.299999999999999600e-01 -8.624102640000000722e-03 -2.634657826666667035e-01
8.399999999999999689e-01 -6.586913039999999636e-03 -1.423347986666666509e-01
8.499999999999999778e-01 -5.777392719999999843e-03 -3.462566826666666625e-02
8.599999999999999867e-01 -5.894377360000000420e-03 4.021814213333333582e-02
8.699999999999999956e-01 -6.581766719999999904e-03 8.034674666666667686e-02
8.799999999999998934e-01 -7.501326239999999909e-03 1.034528866666666602e-01
8.900000000000000133e-01 -8.650796560000000024e-03 1.274021026666666834e-01
8.999999999999999112e-01 -1.004938223999999984e-02 1.542410680000000089e-01
9.099999999999999201e-01 -1.173561792000000006e-02 1.734065773333333393e-01
9.199999999999999289e-01 -1.351749983999999891e-02 1.717504106666666586e-01
9.299999999999999378e-01 -1.517064007999999881e-02 1.442915160000000085e-01
9.399999999999999467e-01 -1.640333016000000005e-02 9.981210933333334312e-02
9.499999999999999556e-01 -1.716686832000000051e-02 5.817252293333333851e-02
9.599999999999999645e-01 -1.756677503999999959e-02 2.858585506666666554e-02
9.699999999999999734e-01 -1.773861191999999767e-02 9.901087333333332546e-03
9.799999999999999822e-01 -1.776480375999999958e-02 -3.386557493333333495e-03
9.899999999999998801e-01 -1.767087296000000030e-02 -1.674401933333333550e-02
1.000000000000000000e+00 -1.742991639999999856e-02 -3.694255826666666825e-02
1.010000000000000009e+00 -1.693202039999999742e-02 -6.816858706666667489e-02
1.020000000000000018e+00 -1.606655999999999709e-02 -1.077658933333333485e-01
1.029999999999999805e+00 -1.477671648000000032e-02 -1.454239853333333388e-01
1.040000000000000036e+00 -1.315805239999999834e-02 -1.700991253333333508e-01
1.050000000000000044e+00 -1.137470607999999973e-02 -1.766031533333333459e-01
1.059999999999999831e+00 -9.626003279999999912e-03 -1.691458706666666700e-01
1.069999999999999840e+00 -7.991774720000000692e-03 -1.583051266666666568e-01
1.080000000000000071e+00 -6.459886800000000026e-03 -1.518603719999999935e-01
1.089999999999999858e+00 -4.954567279999999747e-03 -1.506888520000000120e-01
1.099999999999999867e+00 -3.446109759999999717e-03 -1.509259453333333389e-01
1.109999999999999876e+00 -1.936070687999999875e-03 -1.441666933333333456e-01
1.119999999999999885e+00 -5.627731039999999373e-04 -1.234342760000000094e-01
1.129999999999999893e+00 5.326064640000000190e-04 -9.192038799999999177e-02
1.139999999999999902e+00 1.275643024000000037e-03 -5.826443146666666212e-02
1.149999999999999911e+00 1.697896488000000172e-03 -2.859185213333333489e-02
1.159999999999999920e+00 1.847478671999999754e-03 7.907132400000001227e-02
1.169999999999999929e+00 1.164725183999999888e-04 9.183252399999999871e-02
1.179999999999999938e+00 1.082497031999999960e-05 5.725922546666667272e-03
1.189999999999999947e+00 1.954086991999999885e-06 5.412478186666667013e-04
1.199999999999999956e+00 0.000000000000000000e+00 1.954088386666666822e-04
