0.000000000000000000e+00 7.182630960000000186e+01 2.174682813333333513e+02
1.000000000000000021e-02 6.965146640000000389e+01 2.174682813333333513e+02
2.000000000000000042e-02 6.747704159999999263e+01 2.174682813333333513e+02
2.999999999999999889e-02 6.530219839999999465e+01 2.174682813333333513e+02
4.000000000000000083e-02 6.312735519999999667e+01 2.174682813333333513e+02
4.999999999999999584e-02 6.095293040000000673e+01 2.174682813333333513e+02
5.999999999999999778e-02 5.877808720000000164e+01 2.174682813333333513e+02
6.999999999999999278e-02 5.660366239999999749e+01 2.174682813333333513e+02
8.000000000000000167e-02 5.442881919999999951e+01 2.174682813333333513e+02
8.999999999999999667e-02 5.225397600000000153e+01 2.174682813333333513e+02
9.999999999999999167e-02 5.007955119999999738e+01 2.174682813333333513e+02
1.099999999999999867e-01 4.790470799999999940e+01 2.174682813333333513e+02
1.199999999999999956e-01 4.572986480000000142e+01 2.174682813333333513e+02
1.300000000000000044e-01 4.355543999999999727e+01 2.174682813333333513e+02
1.399999999999999856e-01 4.138063864000000081e+01 2.174682813333333513e+02
1.499999999999999944e-01 3.920596279999999467e+01 2.174682813333333513e+02
1.600000000000000033e-01 3.703128696000000275e+01 2.174682813333333513e+02
1.699999999999999845e-01 3.485661111999999662e+01 2.174682813333333513e+02
1.799999999999999933e-01 3.268189343999999608e+01 2.174682813333333513e+02
1.899999999999999745e-01 3.050721760000000060e+01 2.174682813333333513e+02
1.999999999999999833e-01 2.833254175999999802e+01 2.174682813333333513e+02
2.099999999999999922e-01 2.615786591999999899e+01 2.174682813333333513e+02
2.199999999999999734e-01 2.398319007999999997e+01 2.174682813333333513e+02
2.299999999999999822e-01 2.180847239999999942e+01 2.174682813333333513e+02
2.399999999999999911e-01 1.963379656000000040e+01 2.174682813333333513e+02
2.500000000000000000e-01 1.745912071999999782e+01 2.174682813333333513e+02
2.600000000000000089e-01 1.528444488000000057e+01 2.174682813333333513e+02
2.700000000000000178e-01 1.310972720000000002e+01 2.174682813333333513e+02
2.799999999999999711e-01 1.093505136000000100e+01 2.174682813333333513e+02
2.899999999999999800e-01 8.760375520000000193e+00 2.174682813333333513e+02
2.999999999999999889e-01 6.585699679999999390e+00 1.822348173333333534e+02
3.099999999999999423e-01 5.115693120000000427e+00 1.317715933333333282e+02
3.200000000000000067e-01 3.950260839999999884e+00 1.068670306666666789e+02
3.300000000000000155e-01 2.978334375999999839e+00 8.944903866666666659e+01
3.399999999999999689e-01 2.161274487999999661e+00 7.482805066666666960e+01
3.500000000000000333e-01 1.481776151999999902e+00 6.165640026666667239e+01
3.599999999999999867e-01 9.281450879999999515e-01 4.967656226666666441e+01
3.699999999999999956e-01 4.882476960000000088e-01 3.894746133333332949e+01
3.799999999999999489e-01 1.491968375999999930e-01 2.958771386666666814e+01
3.900000000000000133e-01 -1.035079760000000015e-01 2.172019000000000233e+01
3.999999999999999667e-01 -2.852077992000000006e-01 1.534112413333333436e+01
4.099999999999999756e-01 -4.103299007999999803e-01 1.030163560000000089e+01
4.199999999999999845e-01 -4.912392560000000130e-01 6.368996373333333239e+00
4.299999999999999933e-01 -5.377109440000000795e-01 3.347569586666666819e+00
4.399999999999999467e-01 -5.581916239999999974e-01 1.066125040000000190e+00
4.499999999999999556e-01 -5.590326079999999864e-01 -5.759011013333333873e-01
4.599999999999999645e-01 -5.466730720000000376e-01 -1.621655639999999954e+00
4.699999999999999734e-01 -5.265982399999999952e-01 -2.144634720000000438e+00
4.799999999999999822e-01 -5.037828879999999288e-01 -2.271918973333333369e+00
4.899999999999999911e-01 -4.811599999999999766e-01 -2.126113546666666743e+00
5.000000000000000000e-01 -4.612608960000000313e-01 -1.807243933333333441e+00
5.100000000000000089e-01 -4.450144239999999640e-01 -1.377226360000000094e+00
5.200000000000000178e-01 -4.337134400000000056e-01 -8.773638800000000959e-01
5.299999999999999156e-01 -4.274709119999999807e-01 -3.659689013333333185e-01
5.400000000000000355e-01 -4.263956239999999731e-01 9.574944533333334951e-02
5.499999999999999334e-01 -4.293830000000000147e-01 4.457466240000000357e-01
5.599999999999999423e-01 -4.353117279999999534e-01 6.131421880000000879e-01
5.699999999999999512e-01 -4.416463039999999896e-01 5.467700013333333109e-01
5.799999999999999600e-01 -4.462445200000000334e-01 2.765247440000000445e-01
5.899999999999999689e-01 -4.471775520000000337e-01 -1.047499266666666595e-01
5.999999999999999778e-01 -4.441525199999999951e-01 -4.522485600000000217e-01
6.099999999999999867e-01 -4.381317440000000452e-01 -6.742585733333333886e-01
6.199999999999998845e-01 -4.306674879999999872e-01 -8.686332666666666258e-01
6.300000000000000044e-01 -4.207597760000000298e-01 -1.315923786666666873e+00
6.400000000000000133e-01 -4.043467808000000274e-01 -2.263397560000000031e+00
6.499999999999999112e-01 -3.754914064000000051e-01 -3.681968813333333479e+00
6.600000000000000311e-01 -3.307075439999999644e-01 -5.232461586666666165e+00
6.700000000000000400e-01 -2.708420351999999975e-01 -6.444942946666667005e+00
6.799999999999999378e-01 -2.018089640000000073e-01 -6.914541159999999742e+00
6.899999999999999467e-01 -1.325512120000000016e-01 -6.476155586666666686e+00
7.000000000000000666e-01 -7.228571279999999877e-02 -5.311239333333333867e+00
7.099999999999999645e-01 -2.632656480000000049e-02 -3.829141013333333010e+00
7.199999999999999734e-01 4.297135359999999966e-03 -2.407633986666666726e+00
7.299999999999998712e-01 2.182617071999999950e-02 -1.255311573333333319e+00
7.399999999999999911e-01 2.940335287999999714e-02 -3.937499640000000078e-01
7.500000000000000000e-01 2.970116999999999896e-02 2.457179520000000172e-01
7.599999999999998979e-01 2.448899384000000068e-02 6.765032893333333686e-01
7.699999999999999067e-01 1.617111816000000105e-02 8.488847866666666686e-01
7.800000000000000266e-01 7.511284160000000244e-03 7.861387333333333949e-01
7.899999999999999245e-01 4.483239680000000184e-04 6.136359000000000119e-01
7.999999999999999334e-01 -4.761433839999999924e-03 4.701247000000000065e-01
8.100000000000000533e-01 -8.954178400000000274e-03 4.153414959999999767e-01
8.199999999999999512e-01 -1.306826375999999880e-02 4.327050960000000113e-01
8.299999999999999600e-01 -1.760828031999999918e-02 4.842938159999999881e-01
8.399999999999999689e-01 -2.275414007999999877e-02 5.397708666666667376e-01
8.499999999999999778e-01 -2.840371159999999923e-02 5.671753693333333457e-01
8.599999999999999867e-01 -3.409763352000000358e-02 5.285779693333333418e-01
8.699999999999999956e-01 -3.897525704000000257e-02 4.179209320000000227e-01
8.799999999999998934e-01 -4.245588480000000303e-02 2.719209493333333283e-01
8.900000000000000133e-01 -4.441357840000000057e-02 1.405789133333333329e-01
8.999999999999999112e-01 -4.526753279999999602e-02 4.563914173333333268e-02
9.099999999999999201e-01 -4.532652720000000107e-02 -2.100437733333333432e-02
9.199999999999999289e-01 -4.484745920000000191e-02 -8.296383866666666440e-02
9.299999999999999378e-01 -4.366715279999999755e-02 -1.604780173333333337e-01
9.399999999999999467e-01 -4.163799648000000159e-02 -2.511550600000000411e-01
9.499999999999999556e-01 -3.864409343999999913e-02 -3.320757120000000229e-01
9.599999999999999645e-01 -3.499648224000000141e-02 -3.900115599999999794e-01
9.699999999999999734e-01 -3.084386223999999871e-02 -4.278711813333333502e-01
9.799999999999999822e-01 -2.643907255999999872e-02 -4.497109639999999908e-01
9.899999999999998801e-01 -2.184964296000000208e-02 -4.623863919999999794e-01
1.000000000000000000e+00 -1.719134472000000136e-02 -4.706135306666667240e-01
1.010000000000000009e+00 -1.243735839999999919e-02 -4.704531439999999898e-01
1.020000000000000018e+00 -7.782281840000000381e-03 -4.462152320000000172e-01
1.029999999999999805e+00 -3.513062127999999878e-03 -3.896970626666666493e-01
1.040000000000000036e+00 1.165135215999999920e-05 -3.054905760000000137e-01
1.050000000000000044e+00 2.596745208000000166e-03 -2.075312813333333450e-01
1.059999999999999831e+00 4.162272487999999632e-03 -1.111263426666666693e-01
1.069999999999999840e+00 4.819256719999999786e-03 -3.071021133333333777e-02
1.080000000000000071e+00 4.776496239999999775e-03 2.670026573333333236e-02
1.089999999999999858e+00 4.285252800000000084e-03 5.831896293333332926e-02
1.099999999999999867e+00 3.610097455999999958e-03 6.734538506666666591e-02
1.109999999999999876e+00 2.938352071999999690e-03 6.262604226666666773e-02
1.119999999999999885e+00 2.357579399999999974e-03 5.353323400000000593e-02
1.129999999999999893e+00 1.867687391999999988e-03 4.446748226666667053e-02
1.139999999999999902e+00 1.468228359999999887e-03 3.617081946666666353e-02
1.149999999999999911e+00 1.144273791999999993e-03 2.866039999999999907e-02
1.159999999999999920e+00 8.950203599999999229e-04 6.230199146666666465e-02
1.169999999999999929e+00 -1.017674319999999983e-04 4.614456893333333809e-02
1.179999999999999938e+00 -2.787142311999999967e-05 -4.963137506666667233e-03
1.189999999999999947e+00 -2.504772519999999984e-06 -1.393571853333333164e-03
1.199999999999999956e+00 0.000000000000000000e+00 -2.504772520000000035e-04
