0.000000000000000000e+00 3.227969941249219232e+02 7.946174121131547281e+02
1.000000000000000021e-02 3.148508200037903748e+02 7.945935740675510033e+02
2.000000000000000042e-02 3.069051226435709054e+02 7.945935740675533907e+02
2.999999999999999889e-02 2.989589485224393002e+02 7.946174121131547281e+02
4.000000000000000083e-02 2.910127744013078086e+02 7.945935740675510033e+02
4.999999999999999584e-02 2.830670770410882824e+02 7.945935740675510033e+02
5.999999999999999778e-02 2.751209029199567908e+02 7.946174121131523407e+02
6.999999999999999278e-02 2.671747287988252424e+02 7.945935740675510033e+02
8.000000000000000167e-02 2.592290314386057730e+02 7.945935740675510033e+02
8.999999999999999667e-02 2.512828573174742246e+02 7.946174121131523407e+02
9.999999999999999167e-02 2.433366831963427330e+02 7.945935740675486159e+02
1.099999999999999867e-01 2.353909858361232637e+02 7.945935740675510033e+02
1.199999999999999956e-01 2.274448117149917152e+02 7.946174121131547281e+02
1.300000000000000044e-01 2.194986375938601668e+02 7.945935740675510033e+02
1.399999999999999856e-01 2.115529402336406974e+02 7.945935740675498664e+02
1.499999999999999944e-01 2.036067661125091774e+02 7.946174121131523407e+02
1.600000000000000033e-01 1.956605919913776575e+02 7.945935740675510033e+02
1.699999999999999845e-01 1.877148946311581597e+02 7.945935740675510033e+02
1.799999999999999933e-01 1.797687205100266112e+02 7.946174121131523407e+02
1.899999999999999745e-01 1.718225463888950912e+02 7.945935740675510033e+02
1.999999999999999833e-01 1.638768490286755934e+02 7.945935740675510033e+02
2.099999999999999922e-01 1.559306749075440734e+02 7.946174121131560923e+02
2.199999999999999734e-01 1.479845007864124966e+02 7.945935740675510033e+02
2.299999999999999822e-01 1.400388034261930557e+02 7.945935740675498664e+02
2.399999999999999911e-01 1.320926293050615072e+02 7.946174121131547281e+02
2.500000000000000000e-01 1.241464551839299730e+02 7.945935740675510033e+02
2.600000000000000089e-01 1.162007578237104752e+02 7.945935740675510033e+02
2.700000000000000178e-01 1.082545837025789552e+02 7.946174121131523407e+02
2.799999999999999711e-01 1.003084095814474210e+02 7.945935740675510033e+02
2.899999999999999800e-01 9.236271222122793745e+01 7.945935740675510033e+02
2.999999999999999889e-01 8.441653810009640324e+01 7.946174121131530228e+02
3.099999999999999423e-01 7.647036397896486903e+01 7.945935740675503212e+02
3.200000000000000067e-01 6.852466661874539966e+01 7.945935740675522538e+02
3.300000000000000155e-01 6.057849249761382993e+01 7.946174121131547281e+02
3.399999999999999689e-01 5.263231837648230993e+01 7.945935740675495254e+02
3.500000000000000333e-01 4.468662101626284056e+01 7.945935740675498664e+02
3.599999999999999867e-01 3.674044689513131345e+01 7.946174121131526817e+02
3.699999999999999956e-01 2.879427277399978991e+01 9.258142745651806536e+02
3.799999999999999489e-01 1.822416140382770067e+01 9.050998417418488771e+02
3.900000000000000133e-01 1.069227593916281549e+01 4.626787718502555435e+02
3.999999999999999667e-01 8.970585966822589796e+00 1.739694960492897735e+02
4.099999999999999756e-01 7.212886018177020020e+00 1.722601531813027407e+02
4.199999999999999845e-01 5.525382903196534912e+00 1.567016571541873589e+02
4.299999999999999933e-01 4.078852875093272878e+00 1.336214361057200222e+02
4.399999999999999467e-01 2.852954181082134610e+00 1.119475471334617396e+02
4.499999999999999556e-01 1.839901932424037989e+00 9.680228594585126700e+01
4.599999999999999645e-01 9.169084621651093503e-01 8.435575016127339154e+01
4.699999999999999734e-01 1.527869291985701483e-01 7.009819143992298507e+01
4.799999999999999822e-01 -4.850553666333501934e-01 5.979471835382009459e+01
4.899999999999999911e-01 -1.043107437877831778e+00 5.094837695072983763e+01
5.000000000000000000e-01 -1.504022905647946828e+00 4.058785081402058381e+01
5.100000000000000089e-01 -1.854864454158243303e+00 3.210804897046642026e+01
5.200000000000000178e-01 -2.146183885057275198e+00 2.450028481077936249e+01
5.299999999999999156e-01 -2.344870150373830509e+00 1.692248343823448664e+01
5.400000000000000355e-01 -2.484633553821964824e+00 1.025414944136421802e+01
5.499999999999999334e-01 -2.549953139201114993e+00 4.244511946428526805e+00
5.599999999999999423e-01 -2.569523792750535662e+00 -1.482749504572748567e+00
5.699999999999999512e-01 -2.520298149109660102e+00 -6.766843919237151894e+00
5.799999999999999600e-01 -2.434186914365792376e+00 -1.002348577536962004e+01
5.899999999999999689e-01 -2.319828433602267648e+00 -1.387846666803316609e+01
5.999999999999999778e-01 -2.156617581005129125e+00 -1.718183343567435628e+01
6.099999999999999867e-01 -1.976191764888780567e+00 -1.832008334782051051e+01
6.199999999999998845e-01 -1.790215914048719048e+00 -2.012474210439444988e+01
6.300000000000000044e-01 -1.573696922800891462e+00 -2.028153800048637123e+01
6.400000000000000133e-01 -1.384585154038991739e+00 -1.896586350715583436e+01
6.499999999999999112e-01 -1.194379652657774793e+00 -1.877125903891430880e+01
6.600000000000000311e-01 -1.009159973260705501e+00 -1.791898476013473029e+01
6.700000000000000400e-01 -8.359999574550802670e-01 -1.679435393184725456e+01
6.799999999999999378e-01 -6.732728946237603873e-01 -1.568176903050427029e+01
6.899999999999999467e-01 -5.223645768449948212e-01 -1.562254903143899298e+01
7.000000000000000666e-01 -3.608219139949805920e-01 -1.415872218816730843e+01
7.099999999999999645e-01 -2.391901330816486870e-01 -1.235621001344507519e+01
7.199999999999999734e-01 -1.136977137260791332e-01 -1.251843252017830466e+01
7.299999999999998712e-01 1.117851732191742220e-02 -1.146010639700507916e+01
7.399999999999999911e-01 1.155044142140224384e-01 -8.750568976828493106e+00
7.500000000000000000e-01 1.861898968584872749e-01 -6.960845095309847075e+00
7.599999999999998979e-01 2.547213161202193654e-01 -5.915499735157772498e+00
7.699999999999999067e-01 3.044998915616427548e-01 -4.120887431514299593e+00
7.800000000000000266e-01 3.371390647505053129e-01 -2.509114252924807165e+00
7.899999999999999245e-01 3.546821766201388448e-01 -1.611858027144888572e+00
7.999999999999999334e-01 3.693762252934030821e-01 -1.204808472766060179e+00
8.100000000000000533e-01 3.787783460754600706e-01 -9.555133790172689601e-01
8.199999999999999512e-01 3.884864928737484790e-01 -8.120179883630176954e-02
8.299999999999999600e-01 3.804023820521861277e-01 1.882593664778984710e+00
8.399999999999999689e-01 3.508346195781688048e-01 4.798283880433308113e+00
8.499999999999999778e-01 2.844367044435199277e-01 5.415643679315488512e+00
8.599999999999999867e-01 2.425217459918590224e-01 4.974013927150819470e+00
8.699999999999999956e-01 1.849564259005035682e-01 5.815056182753988168e+00
8.799999999999998934e-01 1.262206223367792757e-01 6.792097660472165899e+00
8.900000000000000133e-01 4.911447269106026386e-02 7.092655779350997669e+00
8.999999999999999112e-01 -1.563249325024066924e-02 6.161201622788482268e+00
9.099999999999999201e-01 -7.410955976470937068e-02 5.670001608083918399e+00
9.199999999999999289e-01 -1.290325254119190079e-01 6.112524888064545969e+00
9.299999999999999378e-01 -1.963600575260002756e-01 6.921557964619912795e+00
9.399999999999999467e-01 -2.674636847043172505e-01 6.989246152898613396e+00
9.499999999999999556e-01 -3.361449805839725746e-01 5.371093583486906020e+00
9.599999999999999645e-01 -3.748855563740553509e-01 4.297483708784122669e+00
9.699999999999999734e-01 -4.220946547596549636e-01 4.384638334977383423e+00
9.799999999999999822e-01 -4.625783230736030260e-01 3.906063522687435619e+00
9.899999999999998801e-01 -5.002159252134037448e-01 2.339379560438755945e+00
1.000000000000000000e+00 -5.093659142823782071e-01 7.970733641762524080e-01
1.010000000000000009e+00 -5.161573924969287130e-01 2.644713757874450621e-03
1.020000000000000018e+00 -5.094188085575356295e-01 -7.808732988575287637e-01
1.029999999999999805e+00 -5.005399265197781888e-01 -6.754990717227583596e-01
1.040000000000000036e+00 -4.959088271230804867e-01 -1.018339650257159335e+00
1.050000000000000044e+00 -4.801731335146349755e-01 -1.954894495613897831e+00
1.059999999999999831e+00 -4.568109372108025146e-01 -1.904495390134474109e+00
1.069999999999999840e+00 -4.420832257119455266e-01 -1.551367644799382939e+00
1.080000000000000071e+00 -4.257835843148148891e-01 -2.238236493209492028e+00
1.089999999999999858e+00 -3.973184958477556372e-01 -4.195486068161757842e+00
1.099999999999999867e+00 -3.418738629515797323e-01 -5.135292925643220485e+00
1.109999999999999876e+00 -2.946126373348912364e-01 -5.166270931148056356e+00
1.119999999999999885e+00 -2.385484443286186029e-01 -5.589959329516259068e+00
1.129999999999999893e+00 -1.828134507445660917e-01 -5.181861656697732244e+00
1.139999999999999902e+00 -1.349112111946639547e-01 -4.833918158481987248e+00
1.149999999999999911e+00 -8.613508757492634171e-02 -4.446991441207448936e+00
1.159999999999999920e+00 -4.597138237051496407e-02 -4.221780413919017150e+00
1.169999999999999929e+00 -1.699479296545995059e-03 -2.322524886044511572e+00
1.179999999999999938e+00 4.791153503752601192e-04 -8.726105821909826976e-02
1.189999999999999947e+00 4.574186783597014095e-05 2.395576751876300758e-02
1.199999999999999956e+00 0.000000000000000000e+00 4.574186783597014583e-03
