0.000000000000000000e+00 5.120415437452682283e+01 1.452572536553155942e+02
1.000000000000000021e-02 4.975158183797366718e+01 1.452572536553146847e+02
2.000000000000000042e-02 4.829900930142053284e+01 1.452572536553140878e+02
2.999999999999999889e-02 4.684643676486739139e+01 1.452572536553146847e+02
4.000000000000000083e-02 4.539386422831423573e+01 1.452572536553146847e+02
4.999999999999999584e-02 4.394129169176109428e+01 1.452572536553144005e+02
5.999999999999999778e-02 4.248871915520795284e+01 1.452572536553146847e+02
6.999999999999999278e-02 4.103614661865480429e+01 1.452572536553146847e+02
8.000000000000000167e-02 3.958357408210165573e+01 1.452572536553146847e+02
8.999999999999999667e-02 3.813100154554850718e+01 1.452572536553144005e+02
9.999999999999999167e-02 3.667842900899536573e+01 1.452572536553146847e+02
1.099999999999999867e-01 3.522585647244221008e+01 1.452572536553149973e+02
1.199999999999999956e-01 3.377328393588906863e+01 1.452572536553144005e+02
1.300000000000000044e-01 3.232071139933592718e+01 1.452572536553146847e+02
1.399999999999999856e-01 3.086813886278277508e+01 1.452572536553146847e+02
1.499999999999999944e-01 2.941556632622963008e+01 1.452572536553144005e+02
1.600000000000000033e-01 2.796299378967648863e+01 1.452572536553145710e+02
1.699999999999999845e-01 2.651042125312334008e+01 1.452572536553146847e+02
1.799999999999999933e-01 2.505784871657019508e+01 1.452572536553145710e+02
1.899999999999999745e-01 2.360527618001705008e+01 1.452572536553145710e+02
1.999999999999999833e-01 2.215270364346390153e+01 1.452572536553145710e+02
2.099999999999999922e-01 2.070013110691076008e+01 1.452572536553145710e+02
2.199999999999999734e-01 1.924755857035761153e+01 1.452572536553146847e+02
2.299999999999999822e-01 1.779498603380446653e+01 1.452572536553148552e+02
2.399999999999999911e-01 1.634241349725131442e+01 1.452572536553148552e+02
2.500000000000000000e-01 1.488984096069816943e+01 1.452572536553146847e+02
2.600000000000000089e-01 1.343726842414502265e+01 1.452572536553145710e+02
2.700000000000000178e-01 1.198469588759187765e+01 1.452572536553145710e+02
2.799999999999999711e-01 1.053212335103873087e+01 1.452572536553146278e+02
2.899999999999999800e-01 9.079550814485585875e+00 1.452572536553145710e+02
2.999999999999999889e-01 7.626978277932439987e+00 1.452572536553143152e+02
3.099999999999999423e-01 6.174405741379299428e+00 1.452572536553145710e+02
3.200000000000000067e-01 4.721833204826149100e+00 1.452572536553150826e+02
3.300000000000000155e-01 3.269260668272998327e+00 1.228152186908918395e+02
3.399999999999999689e-01 2.265528831008312149e+00 8.839576655016561801e+01
3.500000000000000333e-01 1.501345337269686109e+00 6.815673880876650514e+01
3.599999999999999867e-01 9.023940548329822953e-01 5.360709566468271703e+01
3.699999999999999956e-01 4.292034239760316727e-01 4.228601938224281298e+01
3.799999999999999489e-01 5.667366718812609505e-02 3.311820440855615288e+01
3.900000000000000133e-01 -2.331606641950914049e-01 2.556064079234198516e+01
3.999999999999999667e-01 -4.545391486587135876e-01 1.927081249030331023e+01
4.099999999999999756e-01 -6.185769140011575518e-01 1.394418786921198716e+01
4.199999999999999845e-01 -7.334229060429532376e-01 9.335665292827693307e+00
4.299999999999999933e-01 -8.052902198577114312e-01 5.335096224617950966e+00
4.399999999999999467e-01 -8.401248305353122836e-01 1.927092552598149489e+00
4.499999999999999556e-01 -8.438320709096743810e-01 -8.808623124943593119e-01
4.599999999999999645e-01 -8.225075842854251418e-01 -3.074537740776852157e+00
4.699999999999999734e-01 -7.823413160941373734e-01 -4.615861926712047314e+00
4.799999999999999822e-01 -7.301903457511841333e-01 -5.484111986215885359e+00
4.899999999999999911e-01 -6.726590763698196973e-01 -5.739410710760857626e+00
5.000000000000000000e-01 -6.154021315359670119e-01 -5.530285230886767600e+00
5.100000000000000089e-01 -5.620533717520843631e-01 -5.074535173544559186e+00
5.200000000000000178e-01 -5.139114280650758371e-01 -4.612928156165014393e+00
5.299999999999999156e-01 -4.697948086287840330e-01 -4.258495602154670934e+00
5.400000000000000355e-01 -4.287415160219824606e-01 -3.948180846096991381e+00
5.499999999999999334e-01 -3.908311917068442165e-01 -3.584240572753819354e+00
5.599999999999999423e-01 -3.570567045669060802e-01 -3.077790158235279794e+00
5.699999999999999512e-01 -3.292753885421386140e-01 -2.392627590189200681e+00
5.799999999999999600e-01 -3.092041527631220754e-01 -1.634324812228229673e+00
5.899999999999999689e-01 -2.965888922975740694e-01 -9.676698995968451289e-01
5.999999999999999778e-01 -2.898507547711851595e-01 -4.725235705111446305e-01
6.099999999999999867e-01 -2.871384208873511423e-01 -1.162810307802523702e-01
6.199999999999998845e-01 -2.875251341555801199e-01 1.865853269177412399e-01
6.300000000000000044e-01 -2.908701274257060043e-01 4.939149938826549735e-01
6.400000000000000133e-01 -2.974034340332332160e-01 7.758399520527988757e-01
6.499999999999999112e-01 -3.063869264667619663e-01 9.326220191462587517e-01
6.600000000000000311e-01 -3.160558744161583999e-01 8.915823937252144171e-01
6.700000000000000400e-01 -3.242185743412662191e-01 6.869949180420205082e-01
6.799999999999999378e-01 -3.297957727769988412e-01 4.133491538353484818e-01
6.899999999999999467e-01 -3.324855574179731987e-01 1.418697156251115532e-01
7.000000000000000666e-01 -3.326331670895010251e-01 -9.085231636695845214e-02
7.099999999999999645e-01 -3.306685110906340541e-01 -2.882705506655134919e-01
7.199999999999999734e-01 -3.268677560761907852e-01 -4.869773441649459800e-01
7.299999999999998712e-01 -3.209289642073351323e-01 -7.203142759379713711e-01
7.399999999999999911e-01 -3.124614705574313422e-01 -9.691037855081569008e-01
7.500000000000000000e-01 -3.015468884971719832e-01 -1.195454089352955052e+00
7.599999999999998979e-01 -2.885523887703722590e-01 -1.378122416789398841e+00
7.699999999999999067e-01 -2.739844401613840130e-01 -1.525867200056928885e+00
7.800000000000000266e-01 -2.580350447692336679e-01 -1.640937922568168172e+00
7.899999999999999245e-01 -2.411656817100206462e-01 -1.715531452061529238e+00
7.999999999999999334e-01 -2.237244157280030843e-01 -1.735086277685228939e+00
8.100000000000000533e-01 -2.064639561563160752e-01 -1.695532749356030600e+00
8.199999999999999512e-01 -1.898137607408824923e-01 -1.609492936219171444e+00
8.299999999999999600e-01 -1.742740974319326452e-01 -1.510174772247638852e+00
8.399999999999999689e-01 -1.596102652959296986e-01 -1.435124813185837400e+00
8.499999999999999778e-01 -1.455716011682159083e-01 -1.400125287668382068e+00
8.599999999999999867e-01 -1.316077595425620694e-01 -1.387760374799466456e+00
8.699999999999999956e-01 -1.178163936722265853e-01 -1.357044852266124702e+00
8.799999999999998934e-01 -1.044668624972395765e-01 -1.274547931496862629e+00
8.900000000000000133e-01 -9.232543504228932219e-02 -1.132761034377109732e+00
8.999999999999999112e-01 -8.181164180969739685e-02 -9.582647446631027410e-01
9.099999999999999201e-01 -7.316014014902727514e-02 -7.874033095759715994e-01
9.199999999999999289e-01 -6.606357561817796653e-02 -6.468065355262588856e-01
9.299999999999999378e-01 -6.022400943850209770e-02 -5.460126090817931654e-01
9.399999999999999467e-01 -5.514332343654210211e-02 -4.866953508692956620e-01
9.499999999999999556e-01 -5.049010242111618557e-02 -4.568233049311116734e-01
9.599999999999999645e-01 -4.600685733791986393e-02 -4.378535403504962842e-01
9.699999999999999734e-01 -4.173303161410626266e-02 -4.163174684877232190e-01
9.799999999999999822e-01 -3.768050796816540399e-02 -3.861906554679968573e-01
9.899999999999998801e-01 -3.400921850474632191e-02 -3.386802476611939783e-01
1.000000000000000000e+00 -3.090690301494152317e-02 -2.729958396971968737e-01
1.010000000000000009e+00 -2.854930171080238832e-02 -2.001207831042788599e-01
1.020000000000000018e+00 -2.690448735285594709e-02 -1.345330491181800092e-01
1.029999999999999805e+00 -2.585864072843878717e-02 -8.665658858029508249e-02
1.040000000000000036e+00 -2.517135558125004405e-02 -6.490676010061978418e-02
1.050000000000000044e+00 -2.456050552642639190e-02 -7.222269709628038881e-02
1.059999999999999831e+00 -2.372690163932443877e-02 -1.026460063969095587e-01
1.069999999999999840e+00 -2.250758539848820086e-02 -1.446683633759187904e-01
1.080000000000000071e+00 -2.083353437180606241e-02 -1.853383965598855987e-01
1.089999999999999858e+00 -1.880081746729048847e-02 -2.099774826298513863e-01
1.099999999999999867e+00 -1.663398471920903357e-02 -2.102272624518918276e-01
1.109999999999999876e+00 -1.459627221825265248e-02 -1.907922435502127367e-01
1.119999999999999885e+00 -1.281813984820477995e-02 -1.663830429418680923e-01
1.129999999999999893e+00 -1.126861135941529049e-02 -1.508336453489234064e-01
1.139999999999999902e+00 -9.801466941226310431e-03 -1.490280465602388527e-01
1.149999999999999911e+00 -8.288050428210513854e-03 -1.563062374076309990e-01
1.159999999999999920e+00 -6.675342193073691491e-03 -3.113149583493797223e-01
1.169999999999999929e+00 -2.061751261222918852e-03 -3.197533085804121211e-01
1.179999999999999938e+00 -2.802760214654505494e-04 -1.018512188212646469e-01
1.189999999999999947e+00 -2.472688479762618792e-05 -1.401380107327252801e-02
1.199999999999999956e+00 0.000000000000000000e+00 -2.472688479762619185e-03
