0.000000000000000000e+00 7.458774960000000647e+03 1.050309520000000048e+05
1.000000000000000021e-02 6.408465439999999944e+03 9.767478266666666605e+04
2.000000000000000042e-02 5.505265359999999419e+03 8.399031333333333896e+04
2.999999999999999889e-02 4.728673119999999471e+03 7.221793200000000070e+04
4.000000000000000083e-02 4.060931824000000233e+03 6.209021133333333273e+04
4.999999999999999584e-02 3.486861919999999827e+03 5.337835626666666212e+04
5.999999999999999778e-02 2.993363303999999971e+03 4.588453333333333285e+04
6.999999999999999278e-02 2.569172648000000208e+03 3.943880240000000049e+04
8.000000000000000167e-02 2.204587256000000252e+03 3.389486293333333742e+04
8.999999999999999667e-02 1.891272600000000011e+03 2.912677653333333728e+04
9.999999999999999167e-02 1.622053120000000035e+03 2.502624733333333279e+04
1.099999999999999867e-01 1.390749047999999902e+03 2.149997213333333639e+04
1.199999999999999956e-01 1.192055071999999882e+03 1.846782733333333454e+04
1.300000000000000044e-01 1.021393896000000041e+03 1.586070720000000074e+04
1.399999999999999856e-01 8.748409279999999626e+02 1.361926866666666683e+04
1.499999999999999944e-01 7.490071279999999661e+02 1.169239719999999943e+04
1.600000000000000033e-01 6.409929839999999786e+02 1.003602133333333404e+04
1.699999999999999845e-01 5.482880959999999959e+02 8.612415333333334274e+03
1.799999999999999933e-01 4.687418879999999604e+02 7.388944000000000415e+03
1.899999999999999745e-01 4.005087975999999799e+02 6.337602426666667270e+03
1.999999999999999833e-01 3.419917919999999754e+02 5.434311693333333096e+03
2.099999999999999922e-01 2.918227031999999781e+02 4.658326133333333019e+03
2.199999999999999734e-01 2.488249903999999901e+02 3.991800986666667086e+03
2.299999999999999822e-01 2.119865440000000092e+02 3.419394919999999729e+03
2.399999999999999911e-01 1.804370920000000069e+02 2.927900440000000344e+03
2.500000000000000000e-01 1.534285351999999989e+02 2.505971933333333709e+03
2.600000000000000089e-01 1.303177927999999781e+02 2.143832786666666834e+03
2.700000000000000178e-01 1.105521583999999962e+02 1.833080133333333379e+03
2.799999999999999711e-01 9.365632959999999230e+01 1.566482626666666647e+03
2.899999999999999800e-01 7.922236639999999852e+01 1.337840973333333295e+03
2.999999999999999889e-01 6.689923120000000267e+01 1.141799653333333481e+03
3.099999999999999423e-01 5.638609439999999751e+01 9.737702133333334586e+02
3.200000000000000067e-01 4.742396639999999763e+01 8.297918000000000802e+02
3.300000000000000155e-01 3.979046759999999949e+01 7.064684000000000879e+02
3.399999999999999689e-01 3.329464023999999966e+01 6.008858573333334334e+02
3.500000000000000333e-01 2.777276439999999980e+01 5.105274960000000419e+02
3.599999999999999867e-01 2.308409032000000138e+01 4.332364640000000122e+02
3.699999999999999956e-01 1.910803512000000026e+01 5.031211186666667459e+02
3.799999999999999489e-01 1.302169583999999958e+01 5.584775306666666665e+02
3.900000000000000133e-01 7.938470560000000731e+00 2.855810120000000438e+02
3.999999999999999667e-01 7.310075599999999341e+00 9.097480400000000600e+01
4.099999999999999756e-01 6.118974480000000327e+00 1.162907933333333261e+02
4.199999999999999845e-01 4.984231839999999636e+00 1.068607546666666650e+02
4.299999999999999933e-01 3.981753807999999673e+00 9.337572266666666110e+01
4.399999999999999467e-01 3.116732727999999675e+00 8.000017200000000628e+01
4.499999999999999556e-01 2.381750368000000062e+00 6.769377280000000496e+01
4.599999999999999645e-01 1.762857271999999975e+00 5.680079853333333517e+01
4.699999999999999734e-01 1.245735792000000064e+00 4.728840479999999502e+01
4.799999999999999822e-01 8.170891759999999726e-01 3.906970386666666428e+01
4.899999999999999911e-01 4.643403199999999731e-01 3.209330226666666874e+01
5.000000000000000000e-01 1.752204807999999947e-01 2.624616226666666918e+01
5.100000000000000089e-01 -6.058390160000000357e-02 2.131852600000000209e+01
5.200000000000000178e-01 -2.511504575999999878e-01 1.712699480000000207e+01
5.299999999999999156e-01 -4.031237976000000001e-01 1.354465400000000130e+01
5.400000000000000355e-01 -5.220418640000000776e-01 1.050483853333333251e+01
5.499999999999999334e-01 -6.132195919999999800e-01 7.969125333333334282e+00
5.599999999999999423e-01 -6.814271599999999207e-01 5.891950640000001016e+00
5.699999999999999512e-01 -7.310577679999999967e-01 4.190792026666667169e+00
5.799999999999999600e-01 -7.652410480000000348e-01 2.768427280000000046e+00
5.899999999999999689e-01 -7.864288240000000263e-01 1.538561400000000079e+00
5.999999999999999778e-01 -7.960143680000000277e-01 4.649595520000000537e-01
6.099999999999999867e-01 -7.957256719999999950e-01 -4.456838639999999852e-01
6.199999999999998845e-01 -7.870982640000000474e-01 -1.163640133333333493e+00
6.300000000000000044e-01 -7.724542639999999460e-01 -1.668488546666666572e+00
6.400000000000000133e-01 -7.537308640000000004e-01 -1.993334306666666667e+00
6.499999999999999112e-01 -7.325891119999999868e-01 -2.228747066666666665e+00
6.600000000000000311e-01 -7.091545280000000062e-01 -2.427961253333333680e+00
6.700000000000000400e-01 -6.840296080000000112e-01 -2.587162453333333278e+00
6.799999999999999378e-01 -6.574109999999999676e-01 -2.689712293333333282e+00
6.899999999999999467e-01 -6.302359199999999495e-01 -2.712368653333333324e+00
7.000000000000000666e-01 -6.031654399999999416e-01 -2.647439946666666710e+00
7.099999999999999645e-01 -5.772874000000000061e-01 -2.536556973333333076e+00
7.199999999999999734e-01 -5.524344399999999711e-01 -2.456349693333333306e+00
7.299999999999998712e-01 -5.281588720000000015e-01 -2.475979626666666711e+00
7.399999999999999911e-01 -5.029126159999999235e-01 -2.606890013333333478e+00
7.500000000000000000e-01 -4.760220480000000309e-01 -2.785205120000000090e+00
7.599999999999998979e-01 -4.472110239999999570e-01 -2.931366186666667151e+00
7.699999999999999067e-01 -4.173937480000000089e-01 -2.994907200000000547e+00
7.800000000000000266e-01 -3.873112063999999966e-01 -2.961212053333333483e+00
7.899999999999999245e-01 -3.581696463999999858e-01 -2.836731079999999849e+00
7.999999999999999334e-01 -3.305765848000000173e-01 -2.647962946666666983e+00
8.100000000000000533e-01 -3.052102479999999618e-01 -2.431301480000000126e+00
8.199999999999999512e-01 -2.819505552000000081e-01 -2.231145893333333241e+00
8.299999999999999600e-01 -2.605874696000000101e-01 -2.074315626666666912e+00
8.399999999999999689e-01 -2.404641032000000012e-01 -1.955559759999999869e+00
8.499999999999999778e-01 -2.214758559999999987e-01 -1.843812093333333291e+00
8.599999999999999867e-01 -2.035880008000000019e-01 -1.709422013333333323e+00
8.699999999999999956e-01 -1.872875552000000110e-01 -1.531406759999999867e+00
8.799999999999998934e-01 -1.729598655999999846e-01 -1.318608519999999951e+00
8.900000000000000133e-01 -1.609153848000000053e-01 -1.104032080000000082e+00
8.999999999999999112e-01 -1.508788055999999989e-01 -9.368394400000000788e-01
9.099999999999999201e-01 -1.421785959999999904e-01 -8.457258666666667146e-01
9.199999999999999289e-01 -1.339645671999999954e-01 -8.230764800000001102e-01
9.299999999999999378e-01 -1.257170663999999938e-01 -8.371207733333334566e-01
9.399999999999999467e-01 -1.172218728000000015e-01 -8.589542800000000700e-01
9.499999999999999556e-01 -1.085379807999999890e-01 -8.684728800000000026e-01
9.599999999999999645e-01 -9.985241520000000259e-02 -8.597910799999999298e-01
9.699999999999999734e-01 -9.134215919999999489e-02 -8.370022266666667932e-01
9.799999999999999822e-01 -8.311264959999999091e-02 -8.130348800000001264e-01
9.899999999999998801e-01 -7.508146159999999625e-02 -7.966893866666666657e-01
1.000000000000000000e+00 -6.717872240000000161e-02 -7.872126266666666927e-01
1.010000000000000009e+00 -5.933706960000000030e-02 -7.751487600000001033e-01
1.020000000000000018e+00 -5.167574720000000371e-02 -7.464604666666666555e-01
1.029999999999999805e+00 -4.440813919999999498e-02 -6.956025519999999851e-01
1.040000000000000036e+00 -3.776373799999999809e-02 -6.284444706666666436e-01
1.050000000000000044e+00 -3.183923584000000057e-02 -5.512426973333333091e-01
1.059999999999999831e+00 -2.673885616000000118e-02 -4.679964386666666809e-01
1.069999999999999840e+00 -2.247929312000000041e-02 -3.883853786666666696e-01
1.080000000000000071e+00 -1.897117648000000087e-02 -3.200634480000000281e-01
1.089999999999999858e+00 -1.607802415999999915e-02 -2.645605959999999812e-01
1.099999999999999867e+00 -1.367996456000000055e-02 -2.200644533333333541e-01
1.109999999999999876e+00 -1.167674904000000000e-02 -1.852647306666666827e-01
1.119999999999999885e+00 -9.974656000000000147e-03 -1.591447160000000194e-01
1.129999999999999893e+00 -8.493854720000000927e-03 -1.415475093333333489e-01
1.139999999999999902e+00 -7.143719759999999329e-03 -1.316418893333333451e-01
1.149999999999999911e+00 -5.861030879999999665e-03 -1.276698786666666807e-01
1.159999999999999920e+00 -4.590308239999999450e-03 -2.847490933333333141e-01
1.169999999999999929e+00 -1.660399479999999936e-04 -2.285698280000000027e-01
1.179999999999999938e+00 -1.891653344000000024e-05 -8.229091200000000078e-03
1.189999999999999947e+00 -1.458136552000000098e-06 -9.458280666666667733e-04
1.199999999999999956e+00 0.000000000000000000e+00 -1.458137946666666527e-04
