0.000000000000000000e+00 8.562639679999999487e+01 2.377557999999999936e+02
1.000000000000000021e-02 8.324862960000000101e+01 2.377557999999999936e+02
2.000000000000000042e-02 8.087128080000000807e+01 2.377557999999999936e+02
2.999999999999999889e-02 7.849351360000000000e+01 2.377557999999999936e+02
4.000000000000000083e-02 7.611616479999999285e+01 2.377557999999999936e+02
4.999999999999999584e-02 7.373839759999999899e+01 2.377557999999999936e+02
5.999999999999999778e-02 7.136104879999999184e+01 2.377557999999999936e+02
6.999999999999999278e-02 6.898328159999999798e+01 2.377557999999999936e+02
8.000000000000000167e-02 6.660593280000000505e+01 2.377557999999999936e+02
8.999999999999999667e-02 6.422816559999999697e+01 2.377557999999999936e+02
9.999999999999999167e-02 6.185081679999999693e+01 2.377557999999999936e+02
1.099999999999999867e-01 5.947304960000000307e+01 2.377557999999999936e+02
1.199999999999999956e-01 5.709570079999999592e+01 2.377557999999999936e+02
1.300000000000000044e-01 5.471793359999999495e+01 2.377557999999999936e+02
1.399999999999999856e-01 5.234058479999999491e+01 2.377557999999999936e+02
1.499999999999999944e-01 4.996281760000000105e+01 2.377557999999999936e+02
1.600000000000000033e-01 4.758546880000000101e+01 2.377557999999999936e+02
1.699999999999999845e-01 4.520770160000000004e+01 2.377557999999999936e+02
1.799999999999999933e-01 4.283035280000000000e+01 2.377557999999999936e+02
1.899999999999999745e-01 4.045271111999999647e+01 2.377557999999999936e+02
1.999999999999999833e-01 3.807515312000000307e+01 2.377557999999999936e+02
2.099999999999999922e-01 3.569759511999999546e+01 2.377557999999999936e+02
2.199999999999999734e-01 3.332003711999999496e+01 2.377557999999999936e+02
2.299999999999999822e-01 3.094247912000000156e+01 2.377557999999999936e+02
2.399999999999999911e-01 2.856487927999999954e+01 2.377557999999999936e+02
2.500000000000000000e-01 2.618732127999999904e+01 2.377557999999999936e+02
2.600000000000000089e-01 2.380976327999999853e+01 2.377557999999999936e+02
2.700000000000000178e-01 2.143220528000000158e+01 2.377557999999999936e+02
2.799999999999999711e-01 1.905464727999999752e+01 2.377557999999999936e+02
2.899999999999999800e-01 1.667708928000000057e+01 2.377557999999999936e+02
2.999999999999999889e-01 1.429953127999999829e+01 2.377557999999999936e+02
3.099999999999999423e-01 1.192197327999999956e+01 2.377557999999999936e+02
3.200000000000000067e-01 9.544415279999999058e+00 2.377557999999999936e+02
3.300000000000000155e-01 7.166857280000000330e+00 1.992427773333333505e+02
3.399999999999999689e-01 5.559573679999999740e+00 1.422880773333333195e+02
3.500000000000000333e-01 4.321109680000000175e+00 1.120795973333333393e+02
3.599999999999999867e-01 3.317974760000000245e+00 9.096085733333333678e+01
3.699999999999999956e-01 2.501893927999999878e+00 7.407841733333333423e+01
3.799999999999999489e-01 1.836411991999999938e+00 6.009011986666666871e+01
3.900000000000000133e-01 1.300090135999999896e+00 4.826578719999999834e+01
3.999999999999999667e-01 8.710962480000000729e-01 3.836999959999999987e+01
4.099999999999999756e-01 5.326901440000000321e-01 3.022096226666666752e+01
4.199999999999999845e-01 2.666760263999999880e-01 2.365738200000000191e+01
4.299999999999999933e-01 5.954501439999999868e-02 1.843491320000000044e+01
4.399999999999999467e-01 -1.020222375999999959e-01 1.428006173333333528e+01
4.499999999999999556e-01 -2.260556624000000236e-01 1.086745186666666818e+01
4.599999999999999645e-01 -3.193709959999999626e-01 7.935653333333334558e+00
4.699999999999999734e-01 -3.847685895999999883e-01 5.320534786666667237e+00
4.799999999999999822e-01 -4.257805760000000217e-01 3.022981840000000364e+00
4.899999999999999911e-01 -4.452278079999999472e-01 1.112672040000000084e+00
5.000000000000000000e-01 -4.480352719999999844e-01 -3.261065386666666677e-01
5.100000000000000089e-01 -4.387049519999999814e-01 -1.251706360000000018e+00
5.200000000000000178e-01 -4.230023999999999451e-01 -1.715265666666666800e+00
5.299999999999999156e-01 -4.044007544000000065e-01 -1.877632760000000012e+00
5.400000000000000355e-01 -3.854484895999999994e-01 -1.865485213333333503e+00
5.499999999999999334e-01 -3.670907711999999989e-01 -1.761575573333333367e+00
5.599999999999999423e-01 -3.502166991999999812e-01 -1.607667133333333442e+00
5.699999999999999512e-01 -3.349375680000000188e-01 -1.454769826666666876e+00
5.799999999999999600e-01 -3.211215816000000389e-01 -1.351236746666666821e+00
5.899999999999999689e-01 -3.079126936000000092e-01 -1.347338653333333358e+00
5.999999999999999778e-01 -2.941745296000000121e-01 -1.453061360000000191e+00
6.099999999999999867e-01 -2.788514664000000254e-01 -1.660734200000000049e+00
6.199999999999998845e-01 -2.609598455999999622e-01 -1.913817386666666565e+00
6.300000000000000044e-01 -2.405749792000000109e-01 -2.130987906666666820e+00
6.400000000000000133e-01 -2.183403664000000133e-01 -2.257679426666666878e+00
6.499999999999999112e-01 -1.954216696000000142e-01 -2.279024800000000184e+00
6.600000000000000311e-01 -1.727598703999999874e-01 -2.186760626666666596e+00
6.700000000000000400e-01 -1.516863176000000091e-01 -2.002929613333333414e+00
6.799999999999999378e-01 -1.327014176000000101e-01 -1.759748560000000239e+00
6.899999999999999467e-01 -1.164913463999999871e-01 -1.496254186666666763e+00
7.000000000000000666e-01 -1.027761943999999927e-01 -1.261629413333333449e+00
7.099999999999999645e-01 -9.125889759999999962e-02 -1.071585159999999926e+00
7.199999999999999734e-01 -8.134449120000000755e-02 -9.096155466666666634e-01
7.299999999999998712e-01 -7.306644720000000925e-02 -7.544658533333333805e-01
7.399999999999999911e-01 -6.625531359999999037e-02 -5.906664373333333495e-01
7.500000000000000000e-01 -6.125334159999999695e-02 -4.114705986666666870e-01
7.599999999999998979e-01 -5.802580400000000027e-02 -2.297141520000000048e-01
7.699999999999999067e-01 -5.665889120000000556e-02 -7.021449333333333598e-02
7.800000000000000266e-01 -5.662165360000000203e-02 3.185432613333333274e-02
7.899999999999999245e-01 -5.729611440000000055e-02 7.205475600000001146e-02
7.999999999999999334e-01 -5.806262320000000338e-02 7.238877866666666716e-02
8.100000000000000533e-01 -5.874377839999999490e-02 5.033616986666667598e-02
8.199999999999999512e-01 -5.906929359999999601e-02 1.248742693333333362e-02
8.299999999999999600e-01 -5.899356320000000153e-02 -3.857194733333333542e-02
8.399999999999999689e-01 -5.829776399999999498e-02 -1.051543800000000195e-01
8.499999999999999778e-01 -5.689026640000000024e-02 -1.726116173333333281e-01
8.599999999999999867e-01 -5.484554560000000356e-02 -2.243474746666666853e-01
8.699999999999999956e-01 -5.240334480000000128e-02 -2.650968453333333308e-01
8.799999999999998934e-01 -4.954358080000000053e-02 -3.032535306666666597e-01
8.900000000000000133e-01 -4.633821839999999886e-02 -3.352011599999999980e-01
8.999999999999999112e-01 -4.283955759999999446e-02 -3.681104119999999980e-01
9.099999999999999201e-01 -3.897621936000000148e-02 -4.139991293333333822e-01
9.199999999999999289e-01 -3.455975632000000269e-02 -4.646701586666666661e-01
9.299999999999999378e-01 -2.968280223999999676e-02 -4.990333506666667085e-01
9.399999999999999467e-01 -2.457907536000000087e-02 -5.069864373333333729e-01
9.499999999999999556e-01 -1.954308744000000236e-02 -4.934435266666666875e-01
9.599999999999999645e-01 -1.471023272000000076e-02 -4.671666120000000366e-01
9.699999999999999734e-01 -1.019975520000000052e-02 -4.334442693333332985e-01
9.799999999999999822e-01 -6.041319439999999832e-03 -3.906949466666667092e-01
9.899999999999998801e-01 -2.385867423999999890e-03 -3.321496293333333627e-01
1.000000000000000000e+00 6.016633839999999860e-04 -2.578396973333333397e-01
1.010000000000000009e+00 2.770925127999999960e-03 -1.756589640000000008e-01
1.020000000000000018e+00 4.114838479999999819e-03 -9.172862133333332946e-02
1.029999999999999805e+00 4.605496159999999950e-03 -1.046474186666666688e-02
1.040000000000000036e+00 4.324122159999999916e-03 5.344878693333333930e-02
1.050000000000000044e+00 3.536525999999999906e-03 8.719734933333332660e-02
1.059999999999999831e+00 2.580193303999999809e-03 9.098247466666667393e-02
1.069999999999999840e+00 1.716875111999999854e-03 7.497867466666667535e-02
1.080000000000000071e+00 1.080626784000000016e-03 4.908055146666667062e-02
1.089999999999999858e+00 7.352626879999999429e-04 2.267679186666666721e-02
1.099999999999999867e+00 6.270895519999999078e-04 3.436605106666666513e-03
1.109999999999999876e+00 6.665321200000000161e-04 -6.933166933333334385e-03
1.119999999999999885e+00 7.657514960000000315e-04 -1.143075773333333302e-02
1.129999999999999893e+00 8.951458800000000300e-04 -1.321160760000000128e-02
1.139999999999999902e+00 1.029983647999999953e-03 -1.267570693333333436e-02
1.149999999999999911e+00 1.148658623999999993e-03 -7.833215066666666254e-03
1.159999999999999920e+00 1.186649343999999833e-03 6.144740946666666509e-02
1.169999999999999929e+00 -8.028761280000000597e-05 6.051137893333333878e-02
1.179999999999999938e+00 -2.357859728000000186e-05 -3.916007826666666539e-03
1.189999999999999947e+00 -1.967417215999999772e-06 -1.178932653333333337e-03
1.199999999999999956e+00 0.000000000000000000e+00 -1.967414426666667015e-04
