0.000000000000000000e+00 1.443699457273773987e+02 3.579447659288007344e+02
1.000000000000000021e-02 1.407904980680893914e+02 3.579447659287983470e+02
2.000000000000000042e-02 1.372110504088014409e+02 3.579447659287971533e+02
2.999999999999999889e-02 1.336316027495134620e+02 3.579447659287971533e+02
4.000000000000000083e-02 1.300521550902254830e+02 3.579447659287983470e+02
4.999999999999999584e-02 1.264727074309374899e+02 3.579447659287983470e+02
5.999999999999999778e-02 1.228932597716495252e+02 3.579447659287971533e+02
6.999999999999999278e-02 1.193138121123615463e+02 3.579447659287971533e+02
8.000000000000000167e-02 1.157343644530735816e+02 3.579447659287983470e+02
8.999999999999999667e-02 1.121549167937855742e+02 3.579447659287983470e+02
9.999999999999999167e-02 1.085754691344976237e+02 3.579447659287977785e+02
1.099999999999999867e-01 1.049960214752096164e+02 3.579447659287989723e+02
1.199999999999999956e-01 1.014165738159216374e+02 3.579447659287977785e+02
1.300000000000000044e-01 9.783712615663367274e+01 3.579447659287977785e+02
1.399999999999999856e-01 9.425767849734567960e+01 3.579447659287977785e+02
1.499999999999999944e-01 9.067823083805771489e+01 3.579447659287977785e+02
1.600000000000000033e-01 8.709878317876973597e+01 3.579447659287983470e+02
1.699999999999999845e-01 8.351933551948174284e+01 3.579447659287977785e+02
1.799999999999999933e-01 7.993988786019377812e+01 3.579447659287977785e+02
1.899999999999999745e-01 7.636044020090579920e+01 3.579447659287977785e+02
1.999999999999999833e-01 7.278099254161782028e+01 3.579447659287977785e+02
2.099999999999999922e-01 6.920154488232984136e+01 3.579447659287977785e+02
2.199999999999999734e-01 6.562209722304186243e+01 3.579447659287977785e+02
2.299999999999999822e-01 6.204264956375388351e+01 3.579447659287989723e+02
2.399999999999999911e-01 5.846320190446589038e+01 3.579447659287983470e+02
2.500000000000000000e-01 5.488375424517791856e+01 3.579447659287977785e+02
2.600000000000000089e-01 5.130430658588993253e+01 3.579447659287980059e+02
2.700000000000000178e-01 4.772485892660196072e+01 3.579447659287977785e+02
2.799999999999999711e-01 4.414541126731398180e+01 3.579447659287980059e+02
2.899999999999999800e-01 4.056596360802599577e+01 3.579447659287980059e+02
2.999999999999999889e-01 3.698651594873801685e+01 3.579447659287971533e+02
3.099999999999999423e-01 3.340706828945005213e+01 3.579447659287977785e+02
3.200000000000000067e-01 2.982762063016206611e+01 3.579447659287990291e+02
3.300000000000000155e-01 2.624817297087407297e+01 3.579447659287978354e+02
3.399999999999999689e-01 2.266872531158610826e+01 3.579447659287978354e+02
3.500000000000000333e-01 1.908927765229811513e+01 3.579447659287978354e+02
3.599999999999999867e-01 1.550982999301015042e+01 3.579447659287978354e+02
3.699999999999999956e-01 1.193038233372216084e+01 3.137119452470863052e+02
3.799999999999999489e-01 9.235591088068424881e+00 2.429997556258110478e+02
3.900000000000000133e-01 7.070387221205939987e+00 1.963389996905174826e+02
3.999999999999999667e-01 5.308811094258075514e+00 1.599062406786422912e+02
4.099999999999999756e-01 3.872262407633094039e+00 1.302703779401366830e+02
4.199999999999999845e-01 2.703403535455342510e+00 1.057169260227934160e+02
4.299999999999999933e-01 1.757923887177226030e+00 8.520305078757070305e+01
4.399999999999999467e-01 9.993425197039282892e-01 6.805035440873557206e+01
4.499999999999999556e-01 3.969167990025148085e-01 5.378041960146718736e+01
4.599999999999999645e-01 -7.626587232541540140e-02 4.201495135722886687e+01
4.699999999999999734e-01 -4.433822281420624623e-01 3.241949975268110506e+01
4.799999999999999822e-01 -7.246558673790374216e-01 2.470404671522033979e+01
4.899999999999999911e-01 -9.374631624464692115e-01 1.859225113401841156e+01
5.000000000000000000e-01 -1.096500890059405764e+00 1.378858951979285585e+01
5.100000000000000089e-01 -1.213234952842326297e+00 9.997860411482287546e+00
5.200000000000000178e-01 -1.296458098289051453e+00 6.951136117661959268e+00
5.299999999999999156e-01 -1.352257675195565501e+00 4.408598470811726955e+00
5.400000000000000355e-01 -1.384630067705285850e+00 2.176139945997350278e+00
5.499999999999999334e-01 -1.395780474115512426e+00 1.516912214555923288e-01
5.599999999999999423e-01 -1.387663892134397781e+00 -1.648929687677220812e+00
5.699999999999999512e-01 -1.362801880361968143e+00 -3.136412350775958924e+00
5.799999999999999600e-01 -1.324935645118878513e+00 -4.262061668073756415e+00
5.899999999999999689e-01 -1.277560647000492988e+00 -5.062568168768107668e+00
5.999999999999999778e-01 -1.223684281743516511e+00 -5.653758111357489291e+00
6.099999999999999867e-01 -1.164485484773343238e+00 -6.155625330198775558e+00
6.199999999999998845e-01 -1.100571775139540964e+00 -6.606113744795167442e+00
6.300000000000000044e-01 -1.032363209877439791e+00 -6.953422894710830526e+00
6.400000000000000133e-01 -9.615033172453243404e-01 -7.133138754585293562e+00
6.499999999999999112e-01 -8.897004347857340179e-01 -7.110932749937017405e+00
6.600000000000000311e-01 -8.192846622465840278e-01 -6.907962891431655095e+00
6.700000000000000400e-01 -7.515411769571008760e-01 -6.605690183654563619e+00
6.799999999999999378e-01 -6.871708585734928043e-01 -6.284242137406089945e+00
6.899999999999999467e-01 -6.258563342089791259e-01 -5.970563326911778823e+00
7.000000000000000666e-01 -5.677595920352571657e-01 -5.654899918406286474e+00
7.099999999999999645e-01 -5.127583358408533964e-01 -5.343828342645210228e+00
7.199999999999999734e-01 -4.608830251823529678e-01 -5.046275913615739128e+00
7.299999999999998712e-01 -4.118328175685386228e-01 -4.754204246257982547e+00
7.399999999999999911e-01 -3.657989402571933391e-01 -4.438375009620281197e+00
7.500000000000000000e-01 -3.230653173761330321e-01 -4.075779333941603078e+00
7.599999999999998979e-01 -2.842833535783612642e-01 -3.640887401372638887e+00
7.699999999999999067e-01 -2.502475693486802544e-01 -3.132163341486789765e+00
7.800000000000000266e-01 -2.216400867486255089e-01 -2.577399045870595096e+00
7.899999999999999245e-01 -1.986995884312683369e-01 -2.035446376166799798e+00
7.999999999999999334e-01 -1.809311592252895173e-01 -1.581336065489364451e+00
8.100000000000000533e-01 -1.670728671214810612e-01 -1.269783915701953703e+00
8.199999999999999512e-01 -1.555354809112504400e-01 -1.095748462084950026e+00
8.299999999999999600e-01 -1.451578978797820607e-01 -1.002514859648267587e+00
8.399999999999999689e-01 -1.354851837182851071e-01 -9.276452384819505737e-01
8.499999999999999778e-01 -1.266049931101430603e-01 -8.350457723502244800e-01
8.599999999999999867e-01 -1.187842682712806075e-01 -7.238688536881062729e-01
8.699999999999999956e-01 -1.121276160363809254e-01 -6.204058164835167810e-01
8.799999999999998934e-01 -1.063761519416102641e-01 -5.590710611175200295e-01
8.900000000000000133e-01 -1.009461948140305265e-01 -5.544958065171122774e-01
8.999999999999999112e-01 -9.528623581126802189e-02 -6.023155930409785919e-01
9.099999999999999201e-01 -8.889988295321095413e-02 -6.821698287001186634e-01
9.199999999999999289e-01 -8.164283923726564640e-02 -7.604493255326758572e-01
9.299999999999999378e-01 -7.369089644255744087e-02 -8.027429762089586252e-01
9.399999999999999467e-01 -6.558797971308648334e-02 -7.849555117233949497e-01
9.499999999999999556e-01 -5.799178620808954215e-02 -7.137876040399542266e-01
9.599999999999999645e-01 -5.131222763228739797e-02 -6.256174743738776023e-01
9.699999999999999734e-01 -4.547943672061199177e-02 -5.523880606845208430e-01
9.799999999999999822e-01 -4.026446641859698222e-02 -4.988920401435044671e-01
9.899999999999998801e-01 -3.550159591774190715e-02 -4.586464369680589015e-01
1.000000000000000000e+00 -3.109153767923580891e-02 -4.205347334662783987e-01
1.010000000000000009e+00 -2.709090124841633668e-02 -3.768841591017177417e-01
1.020000000000000018e+00 -2.355385449720145269e-02 -3.297331049008144221e-01
1.029999999999999805e+00 -2.049623915040004948e-02 -2.884187782067318961e-01
1.040000000000000036e+00 -1.778547893306681518e-02 -2.551654756244979838e-01
1.050000000000000044e+00 -1.539292963791009071e-02 -2.236806611756043117e-01
1.059999999999999831e+00 -1.331186570955473006e-02 -1.875078107146543049e-01
1.069999999999999840e+00 -1.164277342361700468e-02 -1.477726759826279435e-01
1.080000000000000071e+00 -1.035641218990217098e-02 -1.155012529687652195e-01
1.089999999999999858e+00 -9.332748364241701122e-03 -1.033541897788189390e-01
1.099999999999999867e+00 -8.289328394325792826e-03 -1.136207633087691626e-01
1.109999999999999876e+00 -7.060333098066317453e-03 -1.319416927348076862e-01
1.119999999999999885e+00 -5.650494539629638546e-03 -1.374989579061193234e-01
1.129999999999999893e+00 -4.310353939943931123e-03 -1.217349205537651552e-01
1.139999999999999902e+00 -3.215796128554335945e-03 -9.362937132013857133e-02
1.149999999999999911e+00 -2.437766513541159748e-03 -6.593840146968868443e-02
1.159999999999999920e+00 -1.897028099160562396e-03 -1.297585320855355884e-01
1.169999999999999929e+00 1.574041281695516179e-04 -9.904938792545063542e-02
1.179999999999999938e+00 8.395965934845010619e-05 7.583732996865899002e-03
1.189999999999999947e+00 5.729468232233664108e-06 4.197982967422506095e-03
1.199999999999999956e+00 0.000000000000000000e+00 5.729468232233664955e-04
