0.000000000000000000e+00 5.204764574716183708e+21 6.246098744828577962e+24
1.000000000000000021e-02 2.602699999758549254e+21 3.123239999855129015e+24
2.000000000000000042e-02 6.354248009148435200e+17 3.812548816807029637e+20
2.999999999999999889e-02 4.897438895348592000e+15 1.958975624380863232e+18
4.000000000000000083e-02 1.551329500091552188e+14 4.653989384490964800e+16
5.000000000000000278e-02 1.066064374719999414e+13 2.558556353663998500e+15
5.999999999999999778e-02 1.195658698559377197e+12 2.391322572230208438e+14
7.000000000000000666e-02 1.880368173749700012e+11 3.223505888923518750e+13
8.000000000000000167e-02 3.787334870621560669e+10 5.681071385331449219e+12
8.999999999999999667e-02 9.214941595691196442e+09 1.228689168143650879e+12
1.000000000000000056e-01 2.602458549999998569e+09 3.123095129999998169e+11
1.100000000000000006e-01 8.291641370243340731e+08 9.046170361522253418e+10
1.199999999999999956e-01 2.918292642914482951e+08 2.918696948496830368e+10
1.300000000000000044e-01 1.116630209431526363e+08 1.030966451919042397e+10
1.400000000000000133e-01 4.587586011555826664e+07 3.933590883434366226e+09
1.499999999999999944e-01 2.003871381545647606e+07 1.603944995497148991e+09
1.600000000000000033e-01 9.232256350333042443e+06 6.929589090805163383e+08
1.700000000000000122e-01 4.457213985364676453e+06 3.149799193882120252e+08
1.799999999999999933e-01 2.242753602790961508e+06 1.497535374633410275e+08
1.900000000000000022e-01 1.170796234060485614e+06 7.410709554095132649e+07
2.000000000000000111e-01 6.316521484374996508e+05 3.801230859374997765e+07
2.099999999999999922e-01 3.510130935082002543e+05 2.013832574846765772e+07
2.200000000000000011e-01 2.003363590108424251e+05 1.098551683968720958e+07
2.300000000000000100e-01 1.171344159952961345e+05 6.153909271235359833e+06
2.399999999999999911e-01 7.000366551608181908e+04 3.531769649424981326e+06
2.500000000000000000e-01 4.267708088319999661e+04 2.072235383193599992e+06
2.600000000000000089e-01 2.649208766734759774e+04 1.240748768356157932e+06
2.700000000000000178e-01 1.671716859144208502e+04 7.568347074742958648e+05
2.800000000000000266e-01 1.070694238949724604e+04 4.696056947123901336e+05
2.899999999999999800e-01 6.950189833409259336e+03 2.959923831617730320e+05
2.999999999999999889e-01 4.566232093496740163e+03 1.892734264010493062e+05
3.099999999999999978e-01 3.032277626136676645e+03 1.226440734565897146e+05
3.200000000000000067e-01 2.032614559821509829e+03 8.043931791157362750e+04
3.300000000000000155e-01 1.373517273384576811e+03 5.334531525143279578e+04
3.400000000000000244e-01 9.343310628309751564e+02 3.573459227362564707e+04
3.500000000000000333e-01 6.388605773718161345e+02 2.415544778612898881e+04
3.599999999999999867e-01 4.383598019378779327e+02 1.646067004332201032e+04
3.699999999999999956e-01 3.012638337310614816e+02 1.129676059848657860e+04
3.800000000000000044e-01 2.069009085653775060e+02 7.799886588533457143e+03
3.900000000000000133e-01 1.415895614811425105e+02 5.412267105485374486e+03
4.000000000000000222e-01 9.618525505065912284e+01 3.769773960113522662e+03
4.100000000000000311e-01 6.451959832592575594e+01 2.632238928301784199e+03
4.199999999999999845e-01 4.239614261969089171e+01 1.839714382876749369e+03
4.299999999999999933e-01 2.693735828742164529e+01 1.284705944735600951e+03
4.400000000000000022e-01 1.615568718250423075e+01 8.943524274588041862e+02
4.500000000000000111e-01 8.669092283004573574e+00 6.188713866373243491e+02
4.600000000000000200e-01 3.510727873343284955e+00 4.239938670960218587e+02
4.700000000000000289e-01 5.031247677109718097e-04 2.859650538961749362e+02
4.799999999999999822e-01 -2.342284181777667840e+00 1.882114393687624840e+02
4.899999999999999911e-01 -3.858826824287969970e+00 1.191004063899093239e+02
5.000000000000000000e-01 -4.792140800000000311e+00 7.042222079999999096e+01
5.100000000000000089e-01 -5.315787148244988103e+00 3.635376327243304218e+01
5.200000000000000178e-01 -5.553956020304217311e+00 1.274607995301184360e+01
5.300000000000000266e-01 -5.595593221370934955e+00 -3.368741925686478567e+00
5.400000000000000355e-01 -5.504390765743272240e+00 -1.412107023541452122e+01
5.500000000000000444e-01 -5.325888188107573029e+00 -2.104443959869242065e+01
5.600000000000000533e-01 -5.092543698309784261e+00 -2.524519293525717245e+01
5.700000000000000622e-01 -4.827370949180801674e+00 -2.752267467694252900e+01
5.799999999999999600e-01 -4.546557100738014334e+00 -2.845481512294536941e+01
5.899999999999999689e-01 -4.261353894679897003e+00 -2.845935560079166748e+01
5.999999999999999778e-01 -3.979447580375809146e+00 -2.783783706704978300e+01
6.099999999999999867e-01 -3.705953695130295600e+00 -2.680733056473666309e+01
6.199999999999999956e-01 -3.444140767051171004e+00 -2.552340854820077709e+01
6.300000000000000044e-01 -3.195957461897122265e+00 -2.409682930927693079e+01
6.400000000000000133e-01 -2.962416768934483802e+00 -2.260569005606055981e+01
6.500000000000000222e-01 -2.743875927104194368e+00 -2.110430123407010328e+01
6.600000000000000311e-01 -2.540240143157554531e+00 -1.962967986711895918e+01
6.700000000000000400e-01 -2.351110504824097891e+00 -1.820630814761130978e+01
6.800000000000000488e-01 -2.175890975905686808e+00 -1.684962432064686055e+01
6.900000000000000577e-01 -2.013865366293376535e+00 -1.556858468769053871e+01
7.000000000000000666e-01 -1.864252267530127849e+00 -1.436754341026303194e+01
7.099999999999999645e-01 -1.726243828137488112e+00 -1.324763030100074701e+01
7.199999999999999734e-01 -1.599032694737965388e+00 -1.220775862016858682e+01
7.299999999999999822e-01 -1.481830309175335536e+00 -1.124535987201097775e+01
7.399999999999999911e-01 -1.373878916327037958e+00 -1.035691704121344969e+01
7.500000000000000000e-01 -1.274459021258803837e+00 -9.538349004064045289e+00
7.600000000000000089e-01 -1.182893579210338997e+00 -8.785285114624937108e+00
7.700000000000000178e-01 -1.098549865024652350e+00 -8.093258853674880626e+00
7.800000000000000266e-01 -1.020839718959352105e+00 -7.457841963044809397e+00
7.900000000000000355e-01 -9.492186805898353841e-01 -6.874734964233266687e+00
8.000000000000000444e-01 -8.831843850202855117e-01 -6.339825864415614021e+00
8.100000000000000533e-01 -8.222744935502153130e-01 -5.849225810466522013e+00
8.200000000000000622e-01 -7.660643552115750099e-01 -5.399288188069111705e+00
8.300000000000000711e-01 -7.141645394636323418e-01 -4.986615976904454683e+00
8.399999999999999689e-01 -6.662183388148733565e-01 -4.608060915883161357e+00
8.499999999999999778e-01 -6.218993095183077413e-01 -4.260717094759728596e+00
8.599999999999999867e-01 -5.809088959908909056e-01 -3.941910889058060086e+00
8.699999999999999956e-01 -5.429741681735050784e-01 -3.649188633742900034e+00
8.800000000000000044e-01 -5.078456891312592703e-01 -3.380303042631109367e+00
8.900000000000000133e-01 -4.752955216396277938e-01 -3.133199091690571425e+00
9.000000000000000222e-01 -4.451153764452577821e-01 -2.905999870125294926e+00
9.100000000000000311e-01 -4.171149006832222117e-01 -2.696992744783612395e+00
9.200000000000000400e-01 -3.911201020896456493e-01 -2.504616066929299834e+00
9.300000000000000488e-01 -3.669719028065014932e-01 -2.327446565258909583e+00
9.400000000000000577e-01 -3.445248154619444114e-01 -2.164187507326854831e+00
9.500000000000000666e-01 -3.236457336215998737e-01 -2.013657667309557642e+00
9.599999999999999645e-01 -3.042128284922673287e-01 -1.874781106831433730e+00
9.699999999999999734e-01 -2.861145438068926627e-01 -1.746577754026889640e+00
9.799999999999999822e-01 -2.692486810450818724e-01 -1.628154751596168737e+00
9.899999999999999911e-01 -2.535215674854599532e-01 -1.518698535429613639e+00
1.000000000000000000e+00 -2.388472999999999846e-01 -1.417467600000000161e+00
1.010000000000000009e+00 -2.251470579535305716e-01 -1.323785904088710774e+00
1.020000000000000018e+00 -2.123484790407696721e-01 -1.237036869721666488e+00
1.030000000000000027e+00 -2.003850923620900948e-01 -1.156657927851913570e+00
1.040000000000000036e+00 -1.891958034966016444e-01 -1.082135565898036278e+00
1.050000000000000044e+00 -1.787244267696229683e-01 -1.013000834407612682e+00
1.060000000000000053e+00 -1.689192603265780024e-01 -9.488252726263931569e-01
1.070000000000000062e+00 -1.597327000141810505e-01 -8.892172154459729860e-01
1.080000000000000071e+00 -1.511208884312976730e-01 -8.338184469537207599e-01
1.090000000000000080e+00 -1.430433958459592925e-01 -7.823011685335703458e-01
1.100000000000000089e+00 0.000000000000000000e+00 -7.343652521071363237e-01
1.110000000000000098e+00 0.000000000000000000e+00 -6.897357516237828667e-01
1.120000000000000107e+00 0.000000000000000000e+00 -6.481606482827471094e-01
1.130000000000000115e+00 0.000000000000000000e+00 -6.094088071879683044e-01
1.140000000000000124e+00 0.000000000000000000e+00 -5.732681251922151500e-01
1.150000000000000133e+00 0.000000000000000000e+00 -5.395438515822443826e-01
1.159999999999999920e+00 0.000000000000000000e+00 -5.080570649954591067e-01
1.169999999999999929e+00 0.000000000000000000e+00 -4.786432915477446537e-01
1.179999999999999938e+00 0.000000000000000000e+00 -4.511512506002225420e-01
1.189999999999999947e+00 0.000000000000000000e+00 -4.254417159087061084e-01
1.199999999999999956e+00 0.000000000000000000e+00 -4.013864810933146510e-01
