0.000000000000000000e+00 2.409238504954074642e+02 6.716989168480536136e+02
1.000000000000000021e-02 2.342068613269269122e+02 6.716989168480512262e+02
2.000000000000000042e-02 2.274898721584464170e+02 6.716989168480488388e+02
2.999999999999999889e-02 2.207728829899659502e+02 6.716989168480488388e+02
4.000000000000000083e-02 2.140558938214854550e+02 6.716989168480488388e+02
4.999999999999999584e-02 2.073389046530049598e+02 6.716989168480488388e+02
5.999999999999999778e-02 2.006219154845244645e+02 6.716989168480512262e+02
6.999999999999999278e-02 1.939049263160439409e+02 6.716989168480488388e+02
8.000000000000000167e-02 1.871879371475635025e+02 6.716989168480488388e+02
8.999999999999999667e-02 1.804709479790829789e+02 6.716989168480488388e+02
9.999999999999999167e-02 1.737539588106025121e+02 6.716989168480488388e+02
1.099999999999999867e-01 1.670369696421219885e+02 6.716989168480512262e+02
1.199999999999999956e-01 1.603199804736414933e+02 6.716989168480488388e+02
1.300000000000000044e-01 1.536029913051610265e+02 6.716989168480488388e+02
1.399999999999999856e-01 1.468860021366805313e+02 6.716989168480488388e+02
1.499999999999999944e-01 1.401690129682000361e+02 6.716989168480488388e+02
1.600000000000000033e-01 1.334520237997195409e+02 6.716989168480499757e+02
1.699999999999999845e-01 1.267350346312390457e+02 6.716989168480499757e+02
1.799999999999999933e-01 1.200180454627585505e+02 6.716989168480499757e+02
1.899999999999999745e-01 1.133010562942780410e+02 6.716989168480494072e+02
1.999999999999999833e-01 1.065840671257975600e+02 6.716989168480482704e+02
2.099999999999999922e-01 9.986707795731707904e+01 6.716989168480494072e+02
2.199999999999999734e-01 9.315008878883658383e+01 6.716989168480494072e+02
2.299999999999999822e-01 8.643309962035608862e+01 6.716989168480499757e+02
2.399999999999999911e-01 7.971611045187557920e+01 6.716989168480499757e+02
2.500000000000000000e-01 7.299912128339508399e+01 6.716989168480494072e+02
2.600000000000000089e-01 6.628213211491458878e+01 6.716989168480499757e+02
2.700000000000000178e-01 5.956514294643409357e+01 6.716989168480491799e+02
2.799999999999999711e-01 5.284815377795361258e+01 6.716989168480488388e+02
2.899999999999999800e-01 4.613116460947311737e+01 6.716989168480491799e+02
2.999999999999999889e-01 3.941417544099262926e+01 6.716989168480482704e+02
3.099999999999999423e-01 3.269718627251215537e+01 6.716989168480494072e+02
3.200000000000000067e-01 2.598019710403163884e+01 6.716989168480513399e+02
3.300000000000000155e-01 1.926320793555112587e+01 5.697817488448048380e+02
3.399999999999999689e-01 1.458456212713554478e+01 4.007785067948148026e+02
3.500000000000000333e-01 1.124763779965483046e+01 2.981678688937935249e+02
3.599999999999999867e-01 8.621204749259675282e+00 2.385030243510606454e+02
3.699999999999999956e-01 6.477577312633617801e+00 1.963823676588155251e+02
3.799999999999999489e-01 4.693557396083364530e+00 1.629992822545773095e+02
3.900000000000000133e-01 3.217591667542071932e+00 1.350608199120345319e+02
3.999999999999999667e-01 1.992340997842674710e+00 1.115957648931099158e+02
4.099999999999999756e-01 9.856763696798733765e-01 9.202458660220629838e+01
4.199999999999999845e-01 1.518492657985487659e-01 7.577093153251102819e+01
4.299999999999999933e-01 -5.297422609703470453e-01 6.143948188211400208e+01
4.399999999999999467e-01 -1.076940371843731148e+00 4.851607920975328625e+01
4.499999999999999556e-01 -1.500063845165412690e+00 3.743153778466257364e+01
4.599999999999999645e-01 -1.825571127536982585e+00 2.836381264753986287e+01
4.699999999999999734e-01 -2.067340098116210001e+00 2.015395830751728212e+01
4.799999999999999822e-01 -2.228650293687328254e+00 1.244230267809053281e+01
4.899999999999999911e-01 -2.316186151678020444e+00 5.840378269671265166e+00
5.000000000000000000e-01 -2.345457859080753327e+00 4.151890762497603693e-01
5.100000000000000089e-01 -2.324489933203016001e+00 -4.103207722702672200e+00
5.200000000000000178e-01 -2.263393704626699865e+00 -7.259450741746472424e+00
5.299999999999999156e-01 -2.179300918368086482e+00 -8.691286018862983909e+00
5.400000000000000355e-01 -2.089567984249440347e+00 -8.644625596873765971e+00
5.499999999999999334e-01 -2.006408406430610913e+00 -7.612817149238227721e+00
5.599999999999999423e-01 -1.937311641264675810e+00 -6.307171790998343575e+00
5.699999999999999512e-01 -1.880264970610644237e+00 -5.741481551896338686e+00
5.799999999999999600e-01 -1.822482010226749161e+00 -6.242881354636239166e+00
5.899999999999999689e-01 -1.755407343517919383e+00 -7.105599491666071188e+00
5.999999999999999778e-01 -1.680370020393427755e+00 -8.035462615927533747e+00
6.099999999999999867e-01 -1.594698091199368672e+00 -9.125018188040355582e+00
6.199999999999998845e-01 -1.497869656632620616e+00 -1.006313254292779114e+01
6.300000000000000044e-01 -1.393435440340812903e+00 -1.053429877077721066e+01
6.400000000000000133e-01 -1.287183681217076492e+00 -1.106611854907273518e+01
6.499999999999999112e-01 -1.172113069359358217e+00 -1.169346931955446500e+01
6.600000000000000311e-01 -1.053314294825987041e+00 -1.148294002808935765e+01
6.700000000000000400e-01 -9.424542687975711042e-01 -1.039193968280686597e+01
6.799999999999999378e-01 -8.454755011698498190e-01 -9.102445778336102578e+00
6.899999999999999467e-01 -7.604053532308490126e-01 -7.877226943888972599e+00
7.000000000000000666e-01 -6.879309622920704026e-01 -6.962363555694873973e+00
7.099999999999999645e-01 -6.211580821169515598e-01 -6.769191271910937502e+00
7.199999999999999734e-01 -5.525471368538515948e-01 -6.903707235702617240e+00
7.299999999999998712e-01 -4.830839374028991773e-01 -6.639381548764730745e+00
7.399999999999999911e-01 -4.197595058785570377e-01 -5.775428677446221570e+00
7.500000000000000000e-01 -3.675753638539747681e-01 -4.531457448663262610e+00
7.599999999999998979e-01 -3.291303569052917988e-01 -3.041256804352243215e+00
7.699999999999999067e-01 -3.067502277669298949e-01 -1.884601765532814222e+00
7.800000000000000266e-01 -2.914383215946355077e-01 -1.810466643052402791e+00
7.899999999999999245e-01 -2.705408949058818457e-01 -2.655502188481861925e+00
7.999999999999999334e-01 -2.383282778249982692e-01 -3.325799315823308344e+00
8.100000000000000533e-01 -2.040249085894156877e-01 -3.098320348126329726e+00
8.199999999999999512e-01 -1.763618708624716813e-01 -2.227437758352243780e+00
8.299999999999999600e-01 -1.594761534223708144e-01 -1.224589593864769732e+00
8.399999999999999689e-01 -1.518700789851762933e-01 -6.205018346029665954e-01
8.499999999999999778e-01 -1.470661167303115024e-01 -7.675035831219872984e-01
8.599999999999999867e-01 -1.365200073227365585e-01 -1.258229148272639542e+00
8.699999999999999956e-01 -1.219015337648586966e-01 -1.426199253156713365e+00
8.799999999999998934e-01 -1.079960222596022812e-01 -1.192693731707777927e+00
8.900000000000000133e-01 -9.804765913070315198e-02 -7.506210417902127174e-01
8.999999999999999112e-01 -9.298360142379803739e-02 -3.415353470151387683e-01
9.099999999999999201e-01 -9.121695219040036606e-02 -2.314800067383842863e-01
9.199999999999999289e-01 -8.835400128903034278e-02 -4.692014376204822756e-01
9.299999999999999378e-01 -8.183292343799072888e-02 -7.829765829441157621e-01
9.399999999999999467e-01 -7.269446963014802865e-02 -9.218108235960617014e-01
9.499999999999999556e-01 -6.339670696606949929e-02 -8.550144759758010471e-01
9.599999999999999645e-01 -5.559418011063201048e-02 -7.344642739585611757e-01
9.699999999999999734e-01 -4.870742148689827244e-02 -6.739331424826403572e-01
9.799999999999999822e-01 -4.211551726097920167e-02 -6.277327429558127170e-01
9.899999999999998801e-01 -3.615276662778201672e-02 -5.229773056134104925e-01
1.000000000000000000e+00 -3.165597114871099987e-02 -3.766221691567334662e-01
1.010000000000000009e+00 -2.862032324464734712e-02 -2.392379132564987909e-01
1.020000000000000018e+00 -2.687121288358102281e-02 -1.747796598007202717e-01
1.029999999999999805e+00 -2.512473004863294279e-02 -1.184900436489149667e-01
1.040000000000000036e+00 -2.450141201060272375e-02 8.956073571490792695e-02
1.050000000000000044e+00 -2.691594476293110091e-02 4.062794334659398099e-01
1.059999999999999831e+00 -3.262700067992151814e-02 5.559456021292100703e-01
1.069999999999999840e+00 -3.803485680551530607e-02 3.415138216069726895e-01
1.080000000000000071e+00 -3.945727711206097055e-02 -1.310403650178357249e-01
1.089999999999999858e+00 -3.541404950515859157e-02 -5.500655010668435985e-01
1.099999999999999867e+00 -2.845596709072410052e-02 -6.543810673602589167e-01
1.109999999999999876e+00 -2.232642815795341310e-02 -4.697252852608723717e-01
1.119999999999999885e+00 -1.906146138550665267e-02 -1.895776178686426894e-01
1.129999999999999893e+00 -1.853487580058055945e-02 2.215939351506121882e-02
1.139999999999999902e+00 -1.950464925580787726e-02 6.702952833069626692e-02
1.149999999999999911e+00 -1.987546636719448451e-02 -7.771520813109107639e-02
1.159999999999999920e+00 -1.795034509318605559e-02 -6.957995353470354249e-01
1.169999999999999929e+00 -5.959475660253777535e-03 -8.591342940727212385e-01
1.179999999999999938e+00 -7.676592117316319731e-04 -2.948690083893665270e-01
1.189999999999999947e+00 -6.209549246644743066e-05 -3.838296058658160342e-02
1.199999999999999956e+00 0.000000000000000000e+00 -6.209549246644743663e-03
