0.000000000000000000e+00 3.547388544179663654e+02 1.290319579079987534e+03
1.000000000000000021e-02 3.418356586271664810e+02 1.290319579079985033e+03
2.000000000000000042e-02 3.289324628363666534e+02 1.290319579079982759e+03
2.999999999999999889e-02 3.160292670455668258e+02 1.290319579079982759e+03
4.000000000000000083e-02 3.031260712547669982e+02 1.290319579079982759e+03
4.999999999999999584e-02 2.902228754639671706e+02 1.290319579079982759e+03
5.999999999999999778e-02 2.773196796731673430e+02 1.290319579079985033e+03
6.999999999999999278e-02 2.644164838823674586e+02 1.290319579079982759e+03
8.000000000000000167e-02 2.515132880915676878e+02 1.290319579079982759e+03
8.999999999999999667e-02 2.386100923007678318e+02 1.290319579079982759e+03
9.999999999999999167e-02 2.257068965099680327e+02 1.290319579079982759e+03
1.099999999999999867e-01 2.128037007191681766e+02 1.290319579079985033e+03
1.199999999999999956e-01 1.999005049283683491e+02 1.290319579079982759e+03
1.300000000000000044e-01 1.869973091375685215e+02 1.290319579079983896e+03
1.399999999999999856e-01 1.740941133467686655e+02 1.290319579079983896e+03
1.499999999999999944e-01 1.611909175559688379e+02 1.290319579079982759e+03
1.600000000000000033e-01 1.482877217651690103e+02 1.290319579079982759e+03
1.699999999999999845e-01 1.353845259743691827e+02 1.290319579079983896e+03
1.799999999999999933e-01 1.224813301835693267e+02 1.290319579079983896e+03
1.899999999999999745e-01 1.095781343927695133e+02 1.290319579079982759e+03
1.999999999999999833e-01 9.667493860196968569e+01 1.290319579079982759e+03
2.099999999999999922e-01 8.377174281116985810e+01 1.290319579079983441e+03
2.199999999999999734e-01 7.086854702037001630e+01 1.290319579079983441e+03
2.299999999999999822e-01 5.796535122957018871e+01 1.290319579079985488e+03
2.399999999999999911e-01 4.506215543877031138e+01 1.290319579079985715e+03
2.500000000000000000e-01 3.215895964797047668e+01 1.290319579079983214e+03
2.600000000000000089e-01 1.925576385717064909e+01 1.290319579079982987e+03
2.700000000000000178e-01 6.352568066370817945e+00 9.014420735758327510e+02
2.799999999999999711e-01 1.226922385653991254e+00 3.582144440233249156e+02
2.899999999999999800e-01 -8.117208140956806428e-01 1.153849618862793704e+02
2.999999999999999889e-01 -1.080776852071596128e+00 -1.087802102660479875e+01
3.099999999999999423e-01 -5.941603935635847433e-01 -3.461750381447703262e+01
3.200000000000000067e-01 -3.884267757820554223e-01 7.251811271762694133e+00
3.300000000000000155e-01 -7.391966189988385949e-01 5.207763188940914745e+01
3.399999999999999689e-01 -1.429979413570238389e+00 7.171336708267151039e+01
3.500000000000000333e-01 -2.173463960652268767e+00 7.281469336594484787e+01
3.599999999999999867e-01 -2.886273280889135151e+00 6.002621718983782273e+01
3.699999999999999956e-01 -3.373988304449024866e+00 3.311685255341457434e+01
3.799999999999999489e-01 -3.548610331957426478e+00 2.586819581076928110e+00
3.900000000000000133e-01 -3.425724696070563624e+00 -2.202047388294750618e+01
3.999999999999999667e-01 -3.108200854298476479e+00 -3.370617600040794315e+01
4.099999999999999756e-01 -2.751601176062404619e+00 -3.214184020200246295e+01
4.199999999999999845e-01 -2.465364050258427309e+00 -2.741832779316400348e+01
4.299999999999999933e-01 -2.203234620199124638e+00 -2.684091398580522281e+01
4.399999999999999467e-01 -1.928545770542323012e+00 -2.417553314490079686e+01
4.499999999999999556e-01 -1.719723957301108941e+00 -1.945998599483067792e+01
4.599999999999999645e-01 -1.539346050645709507e+00 -1.409183548512659101e+01
4.699999999999999734e-01 -1.437887247598577112e+00 -6.790790039873767725e+00
4.799999999999999822e-01 -1.403530249848234046e+00 -4.406508362462799866e+00
4.899999999999999911e-01 -1.349757080349321070e+00 -7.319169617987821397e+00
5.000000000000000000e-01 -1.257146857488477654e+00 -4.881581317737069270e+00
5.100000000000000089e-01 -1.252125453994579640e+00 1.995039547361283916e-01
5.200000000000000178e-01 -1.261136936583200363e+00 -1.447513268918849905e+00
5.299999999999999156e-01 -1.223175188616202558e+00 -3.866059559377732935e+00
5.400000000000000355e-01 -1.183815745395645713e+00 -2.294867328601231993e+00
5.499999999999999334e-01 -1.177277842044178069e+00 -2.023074839058210728e+00
5.599999999999999423e-01 -1.143354248614481428e+00 -4.383250781760610337e+00
5.699999999999999512e-01 -1.089612826408965729e+00 -6.326378257489504442e+00
5.799999999999999600e-01 -1.016826683464691294e+00 -1.003454641308850270e+01
5.899999999999999689e-01 -8.889218981471957992e-01 -1.246013081401266476e+01
5.999999999999999778e-01 -7.676240671844380969e-01 -1.030139915037255882e+01
6.099999999999999867e-01 -6.828939151397446228e-01 -6.988577861063901331e+00
6.199999999999998845e-01 -6.278525099631599993e-01 -7.022764292242162476e+00
6.300000000000000044e-01 -5.424386292949013866e-01 -7.832958393583355772e+00
6.400000000000000133e-01 -4.711933420914929393e-01 -6.689363412914526741e+00
6.499999999999999112e-01 -4.086513610366108717e-01 -5.769750053135340728e+00
6.600000000000000311e-01 -3.557983410287861026e-01 -4.842085982241260744e+00
6.700000000000000400e-01 -3.118096413917856302e-01 -5.970121559298219971e+00
6.799999999999999378e-01 -2.363959098428217442e-01 -7.902232665985139626e+00
6.899999999999999467e-01 -1.537649880720828588e-01 -6.013200033747955864e+00
7.000000000000000666e-01 -1.161319091678626458e-01 -1.036120818679355571e+00
7.099999999999999645e-01 -1.330425716984957596e-01 -9.905000532876214736e-01
7.199999999999999734e-01 -9.632190810211022081e-02 -3.794089433731366423e+00
7.299999999999998712e-01 -5.716078302386842780e-02 -2.662083752583051854e+00
7.399999999999999911e-01 -4.308023305044918899e-02 -1.277438018798437547e+00
7.500000000000000000e-01 -3.161202264789968186e-02 -4.815510903690682354e-01
7.599999999999998979e-01 -3.344921124306782234e-02 -1.675375291565787961e-01
7.699999999999999067e-01 -2.826127206476810802e-02 -1.934965988303698758e-01
7.800000000000000266e-01 -2.957927926646042316e-02 3.122013838561882304e-01
7.899999999999999245e-01 -3.450529974189187055e-02 6.798355769350807876e-01
7.999999999999999334e-01 -4.317599080516203863e-02 1.867214237808111424e-02
8.100000000000000533e-01 -3.487874258945349720e-02 -1.475222974357611516e+00
8.199999999999999512e-01 -1.367153131800981185e-02 -6.182445504903059108e-01
8.299999999999999600e-01 -2.251385157964737663e-02 6.472248340277592105e-01
8.399999999999999689e-01 -2.661602799856499502e-02 -3.385941095777798837e-02
8.499999999999999778e-01 -2.183666336049181617e-02 -3.043871749460649867e-01
8.599999999999999867e-01 -2.052828449964369528e-02 -8.777590548871121168e-02
8.699999999999999956e-01 -2.008114525071759415e-02 3.088978824898170328e-01
8.799999999999998934e-01 -2.670624214944003830e-02 2.544868504256918018e-01
8.900000000000000133e-01 -2.517088225923143005e-02 -8.037629138748925151e-02
8.999999999999999112e-01 -2.509871632169025091e-02 2.972077511437909436e-01
9.099999999999999201e-01 -3.111503728210724545e-02 -9.460467876854368463e-02
9.199999999999999289e-01 -2.320662274631937749e-02 -5.813737749013769829e-01
9.299999999999999378e-01 -1.948756178407970788e-02 -2.262841386529934329e-01
9.399999999999999467e-01 -1.868093997325951175e-02 2.151232615120412389e-02
9.499999999999999556e-01 -1.991780830710378897e-02 -5.620677582874951117e-01
9.599999999999999645e-01 -7.439584807509607746e-03 -8.792024792500825470e-01
9.699999999999999734e-01 -2.333758722102139815e-03 3.454791892026652378e-01
9.799999999999999822e-01 -1.434916859156291219e-02 3.102108729389391195e-01
9.899999999999998801e-01 -8.537976180880922292e-03 -1.170244842559419185e+00
1.000000000000000000e+00 9.055728259625467694e-03 -1.733313808921124632e+00
1.010000000000000009e+00 2.612829999754157084e-02 -4.816794301045025373e-01
1.020000000000000018e+00 1.868931686171551934e-02 8.276479894917573299e-01
1.029999999999999805e+00 9.575340207706424869e-03 5.526983818420122541e-01
1.040000000000000036e+00 7.635349224875273393e-03 -3.605647405746683631e-01
1.050000000000000044e+00 1.678663501919979220e-02 -7.052455275873447116e-01
1.059999999999999831e+00 2.174025977662216377e-02 -4.429330946820129733e-01
1.069999999999999840e+00 2.564529691284005153e-02 -2.762233135582607413e-01
1.080000000000000071e+00 2.726472604778738124e-02 -2.213515687679232236e-02
1.089999999999999858e+00 2.608800005037589798e-02 1.966787309968798525e-01
1.099999999999999867e+00 2.333115142784978474e-02 2.817992638120730975e-01
1.109999999999999876e+00 2.045201477413443464e-02 1.472397216401036824e-01
1.119999999999999885e+00 2.038635699504770873e-02 -5.270553909013777488e-02
1.129999999999999893e+00 2.150612555593718958e-02 -3.554482359006908704e-02
1.139999999999999902e+00 2.109725346684909048e-02 2.183906405468977741e-01
1.149999999999999911e+00 1.713831274499923521e-02 3.996534942012684444e-01
1.159999999999999920e+00 1.310418358282372346e-02 7.421802351622860394e-01
1.169999999999999929e+00 2.294708041753516347e-03 6.413944738678372115e-01
1.179999999999999938e+00 2.762941054669792876e-04 1.135364961249588633e-01
1.189999999999999947e+00 2.397811925433915092e-05 1.381470527334896503e-02
1.199999999999999956e+00 0.000000000000000000e+00 2.397811925433915390e-03
