0.000000000000000000e+00 5.379577999999999520e+03 8.197153333333334012e+04
1.000000200000000089e-02 4.613822319999999308e+03 7.118587866666667105e+04
1.999999800000000147e-02 3.955884136000000126e+03 6.115550573333333887e+04
2.999999999999999889e-02 3.390701047999999901e+03 5.253067786666667234e+04
4.000000199999999978e-02 2.905269184000000223e+03 4.511495626666666794e+04
4.999999799999999689e-02 2.488404712000000018e+03 3.873930733333333774e+04
5.999999999999999778e-02 2.130484431999999742e+03 3.325833706666666694e+04
7.000000199999999173e-02 1.823236576000000014e+03 2.854694386666666833e+04
7.999999800000000272e-02 1.559544159999999920e+03 2.449752920000000449e+04
8.999999999999999667e-02 1.333285992000000078e+03 2.101741746666666950e+04
1.000000019999999906e-01 1.139194415999999819e+03 1.802697320000000036e+04
1.099999979999999877e-01 9.727465280000000121e+02 1.545757880000000114e+04
1.199999999999999956e-01 8.300428399999999556e+02 1.325030960000000232e+04
1.300000020000000034e-01 7.077403359999999566e+02 1.135446946666666736e+04
1.399999979999999866e-01 6.029562399999999798e+02 9.726265866666666625e+03
1.499999999999999944e-01 5.132136239999999816e+02 8.328252000000000407e+03
1.600000020000000023e-01 4.363911999999999694e+02 7.128071600000000217e+03
1.699999979999999855e-01 3.706526103999999577e+02 6.098005666666666912e+03
1.799999999999999933e-01 3.144301103999999896e+02 5.214086853333334147e+03
1.900000019999999734e-01 2.663710128000000168e+02 4.455785666666666657e+03
1.999999979999999844e-01 2.253146759999999915e+02 3.805417733333333672e+03
2.099999999999999922e-01 1.902627975999999990e+02 3.247795133333333524e+03
2.200000019999999723e-01 1.603584944000000121e+02 2.769828920000000380e+03
2.299999980000000110e-01 1.348662192000000175e+02 2.360292026666666516e+03
2.399999999999999911e-01 1.131529328000000021e+02 2.009512440000000197e+03
2.500000019999999989e-01 9.467597039999999708e+01 1.709184920000000147e+03
2.599999980000000099e-01 7.896923440000000483e+01 1.452168773333333320e+03
2.700000000000000178e-01 6.563231600000000299e+01 1.578204799999999977e+03
2.800000019999999701e-01 4.740513839999999846e+01 2.125381346666666559e+03
2.899999979999999811e-01 2.312488431999999960e+01 1.493457880000000159e+03
2.999999999999999889e-01 1.753585527999999982e+01 3.356495453333333785e+02
3.100000019999999967e-01 1.641186551999999921e+01 2.140966746666666722e+02
3.199999980000000077e-01 1.325390784000000011e+01 3.157957680000000096e+02
3.300000000000000155e-01 1.009599199999999897e+01 2.146740666666667039e+02
3.400000020000000234e-01 8.960454399999999708e+00 1.217906613333333325e+02
3.499999979999999788e-01 7.660150879999999773e+00 1.256218106666666614e+02
3.599999999999999867e-01 6.448004239999999498e+00 1.138013133333333400e+02
3.700000019999999945e-01 5.384138559999999352e+00 9.975562533333334159e+01
3.799999980000000055e-01 4.452905679999999755e+00 8.891627600000001053e+01
3.900000000000000133e-01 3.605808856000000340e+00 8.196456000000000586e+01
4.000000020000000212e-01 2.813610295999999789e+00 7.657556800000000408e+01
4.099999979999999766e-01 2.074301680000000037e+00 7.089020933333334540e+01
4.199999999999999845e-01 1.395807503999999977e+00 6.483414826666667352e+01
4.300000019999999368e-01 7.776215039999999634e-01 5.899942080000000999e+01
4.399999980000000033e-01 2.158207615999999662e-01 5.362800159999999750e+01
4.499999999999999556e-01 -2.949406199999999867e-01 4.874994573333333392e+01
4.600000019999999634e-01 -7.591784320000000141e-01 4.430326026666666905e+01
4.699999980000000299e-01 -1.181005128000000015e+00 4.016409879999999788e+01
4.799999999999999822e-01 -1.562460407999999967e+00 3.612165746666666877e+01
4.900000019999999901e-01 -1.903439672000000193e+00 3.202322026666666943e+01
4.999999979999999455e-01 -2.202926207999999608e+00 2.791251000000000460e+01
5.100000000000000089e-01 -2.461689872000000001e+00 2.390577213333333617e+01
5.200000019999999612e-01 -2.681040256000000177e+00 2.015621080000000021e+01
5.299999979999999722e-01 -2.864814088000000147e+00 1.672560973333333223e+01
5.400000000000000355e-01 -3.015551056000000063e+00 1.355044186666666661e+01
5.500000019999999878e-01 -3.135820135999999980e+00 1.063119533333333422e+01
5.599999979999999988e-01 -3.228173567999999882e+00 8.066751999999999256e+00
5.699999999999999512e-01 -3.297155175999999965e+00 5.858025373333333619e+00
5.800000019999999035e-01 -3.345338119999999638e+00 3.874377026666667057e+00
5.899999980000000255e-01 -3.374642855999999913e+00 2.050947986666666445e+00
5.999999999999999778e-01 -3.386353871999999487e+00 4.819403160000000352e-01
6.100000019999999301e-01 -3.384282792000000040e+00 -7.800231199999999587e-01
6.199999980000000521e-01 -3.370755920000000128e+00 -1.929800266666666708e+00
6.300000000000000044e-01 -3.345685392000000036e+00 -3.158090173333333528e+00
6.400000019999999568e-01 -3.307594255999999788e+00 -4.440388546666667047e+00
6.499999980000000788e-01 -3.256879992000000001e+00 -5.686976480000000223e+00
6.600000000000000311e-01 -3.193852215999999800e+00 -6.845044920000000310e+00
6.700000019999999834e-01 -3.119979512000000010e+00 -7.811388533333333939e+00
6.799999979999998834e-01 -3.037625840000000021e+00 -8.521692266666667237e+00
6.899999999999999467e-01 -2.949544271999999800e+00 -8.983675599999999761e+00
7.000000019999998990e-01 -2.857952327999999653e+00 -9.255426400000001053e+00
7.099999979999999100e-01 -2.764435744000000028e+00 -9.513091066666666151e+00
7.199999999999999734e-01 -2.667689112000000140e+00 -9.909943466666666367e+00
7.300000019999999257e-01 -2.566235480000000013e+00 -1.038977853333333456e+01
7.399999979999999367e-01 -2.459894935999999976e+00 -1.079109386666666737e+01
7.500000000000000000e-01 -2.350416392000000076e+00 -1.107504800000000067e+01
7.600000019999999523e-01 -2.238393976000000229e+00 -1.128431773333333332e+01
7.699999979999999633e-01 -2.124727248000000124e+00 -1.144791213333333246e+01
7.800000000000000266e-01 -2.009432944000000276e+00 -1.154902546666666652e+01
7.900000019999999790e-01 -1.893749527999999849e+00 -1.158117253333333529e+01
7.999999979999999900e-01 -1.777810887999999867e+00 -1.153779839999999979e+01
8.100000000000000533e-01 -1.662993560000000093e+00 -1.138145626666666743e+01
8.200000020000000056e-01 -1.550180368000000142e+00 -1.107414146666666710e+01
8.299999979999999056e-01 -1.441509335999999974e+00 -1.064270133333333490e+01
8.399999999999999689e-01 -1.337327735999999989e+00 -1.017451173333333436e+01
8.500000019999999212e-01 -1.238020496000000081e+00 -9.741328266666666735e+00
8.599999979999999322e-01 -1.142499775999999967e+00 -9.372159999999999158e+00
8.699999999999999956e-01 -1.050577296000000160e+00 -8.999923466666666982e+00
8.800000019999999479e-01 -9.625040959999999757e-01 -8.512487466666666336e+00
8.899999979999999589e-01 -8.803261519999999729e-01 -7.901762933333333905e+00
8.999999999999999112e-01 -8.044660479999999891e-01 -7.259030800000000561e+00
9.100000019999999745e-01 -7.351455359999999883e-01 -6.645335626666667217e+00
9.199999979999999855e-01 -6.715612880000000340e-01 -6.084226360000000611e+00
9.299999999999999378e-01 -6.134622640000000349e-01 -5.595876853333333401e+00
9.400000020000000012e-01 -5.596434719999999752e-01 -5.172602493333333662e+00
9.499999980000000122e-01 -5.100086799999999920e-01 -4.762012626666667359e+00
9.599999999999999645e-01 -4.644030799999999681e-01 -4.321528080000000216e+00
9.700000020000000278e-01 -4.235797920000000105e-01 -3.834866120000000045e+00
9.799999979999999278e-01 -3.877057575999999783e-01 -3.319745986666666759e+00
9.899999999999998801e-01 -3.571834776000000211e-01 -2.816626959999999791e+00
1.000000001999999943e+00 -3.313732184000000025e-01 -2.386476893333333127e+00
1.009999997999999843e+00 -3.094540791999999541e-01 -2.057551733333333299e+00
1.020000000000000018e+00 -2.902223232000000208e-01 -1.814426466666666737e+00
1.030000001999999970e+00 -2.731654104000000305e-01 -1.633726480000000203e+00
1.039999997999999870e+00 -2.575477936000000190e-01 -1.509001440000000027e+00
1.050000000000000044e+00 -2.429853815999999667e-01 -1.416486226666666681e+00
1.060000001999999997e+00 -2.292179296000000088e-01 -1.346411200000000141e+00
1.069999997999999897e+00 -2.160571575999999938e-01 -1.304076093333333297e+00
1.080000000000000071e+00 -2.031361288000000098e-01 -1.294913133333333466e+00
1.090000002000000023e+00 -1.901590343999999821e-01 -1.315080013333333353e+00
1.099999997999999923e+00 -1.768346680000000004e-01 -1.356920013333333452e+00
1.110000000000000098e+00 -1.630207736000000018e-01 -1.395433733333333537e+00
1.120000002000000050e+00 -1.489257143999999922e-01 -1.414931173333333403e+00
1.129999997999999950e+00 -1.347222895999999892e-01 -1.437043613333333525e+00
1.139999999999999902e+00 -1.201849815999999904e-01 -1.504120106666666956e+00
1.150000001999999855e+00 -1.046397480000000046e-01 -1.641815546666666847e+00
1.159999997999999977e+00 -8.734894960000000319e-02 -4.551961880000000349e+00
1.169999999999999929e+00 -1.360042672000000112e-02 -4.299087893333333632e+00
1.180000001999999881e+00 -1.367084344000000107e-03 -6.738220426666666762e-01
1.189999998000000003e+00 -1.239802880000000034e-04 -6.835421720000001145e-02
1.199999999999999956e+00 0.000000000000000000e+00 4.355767146666666978e-02
