0.000000000000000000e+00 6.472609789023000986e+20 7.767605873411399740e+23
1.000000000000000021e-02 3.236699999487969198e+20 3.884039999692780937e+23
2.000000000000000042e-02 7.902099529370310400e+16 4.741259741623591731e+19
2.999999999999999889e-02 6.090421376465368750e+14 2.436168691060769920e+17
4.000000000000000083e-02 1.929222287371825781e+13 5.787668737225340000e+15
5.000000000000000278e-02 1.325749043007999268e+12 3.181801635609598125e+14
5.999999999999999778e-02 1.486908478261522522e+11 2.973827931102948438e+13
7.000000000000000666e-02 2.338395059058298492e+10 4.008714548527273438e+12
8.000000000000000167e-02 4.709823078021406174e+09 7.064881109990177002e+11
8.999999999999999667e-02 1.145924015805796146e+09 1.527962919392991638e+11
1.000000000000000056e-01 3.236187969999998212e+08 3.883732781999997711e+10
1.100000000000000006e-01 1.031023340096706599e+08 1.124910386061719131e+10
1.199999999999999956e-01 3.628459667303641886e+07 3.629317056358639717e+09
1.300000000000000044e-01 1.388195000569779798e+07 1.281900371765959263e+09
1.400000000000000133e-01 5.702278280393659137e+06 4.890581505865753889e+08
1.499999999999999944e-01 2.490141695563572459e+06 1.993911431622326076e+08
1.600000000000000033e-01 1.146854899790923577e+06 8.612856510781054199e+07
1.700000000000000122e-01 5.534187736939032329e+05 3.913972398872179538e+07
1.799999999999999933e-01 2.782846984126979369e+05 1.860249420558351278e+07
1.900000000000000022e-01 1.451492993553321867e+05 9.201693530267434195e+06
2.000000000000000111e-01 7.822094921874995634e+04 4.717258359374997206e+06
2.099999999999999922e-01 4.340484015050676680e+04 2.497333931347701699e+06
2.200000000000000011e-01 2.472691899787998409e+04 1.361057552714139689e+06
2.300000000000000100e-01 1.442370684270915990e+04 7.615642441957466071e+05
2.399999999999999911e-01 8.594796499936177497e+03 4.364381769889828865e+05
2.500000000000000000e-01 5.220554014720000851e+03 2.556200524185599934e+05
2.600000000000000089e-01 3.225987124776820565e+03 1.527167291484215821e+05
2.700000000000000178e-01 2.024275605190849774e+03 9.290478007203976449e+04
2.800000000000000266e-01 1.287563537043139149e+03 5.745817599585901917e+04
2.899999999999999800e-01 8.287196448899113648e+02 3.607283405835054145e+04
2.999999999999999889e-01 5.388048964983886435e+02 2.295694208764473660e+04
3.099999999999999978e-01 3.532312999270102409e+02 1.479011383919613218e+04
3.200000000000000067e-01 2.330524639466701728e+02 9.633589456525811329e+03
3.300000000000000155e-01 1.544124855239901990e+02 6.335856404402576118e+03
3.400000000000000244e-01 1.024846043108651372e+02 4.202020674017052443e+03
3.500000000000000333e-01 6.792847186380689095e+01 2.806472848064039226e+03
3.599999999999999867e-01 4.478580318842801944e+01 1.884898997455275776e+03
3.699999999999999956e-01 2.921137971374810860e+01 1.271015529175973143e+03
3.800000000000000044e-01 1.869688116300142511e+01 8.589384547702137525e+02
3.900000000000000133e-01 1.158979889262053220e+01 5.804784281727045254e+02
4.000000000000000222e-01 6.791502952575678265e+00 3.912560749053952804e+02
4.100000000000000311e-01 3.565512758758391243e+00 2.621029449821041908e+02
4.199999999999999845e-01 1.414399534345101017e+00 1.736719724446858493e+02
4.299999999999999933e-01 -6.887445884906640003e-05 1.130212439035519338e+02
4.400000000000000022e-01 -9.092368259045624512e-01 7.142541691250904989e+01
4.500000000000000111e-01 -1.472139177270401333e+00 4.295946974319460310e+01
4.600000000000000200e-01 -1.798554860513903453e+00 2.357350270506596246e+01
4.700000000000000289e-01 -1.964499947700620641e+00 1.048289792826142275e+01
4.799999999999999822e-01 -2.022717412193009601e+00 1.762939634034943026e+00
4.899999999999999911e-01 -2.009828550417497528e+00 -3.922805247750758895e+00
5.000000000000000000e-01 -1.951239679999999810e+00 -7.505848319999998353e+00
5.100000000000000089e-01 -1.864528458821545609e+00 -9.637432964588207085e+00
5.200000000000000178e-01 -1.761793390755554967e+00 -1.077383542164956154e+01
5.300000000000000266e-01 -1.651291764605363976e+00 -1.123509597593469778e+01
5.400000000000000355e-01 -1.538586339110075585e+00 -1.124568724756925064e+01
5.500000000000000444e-01 -1.427351007191785204e+00 -1.096282321515035640e+01
5.600000000000000533e-01 -1.319938531090545153e+00 -1.049625997641407338e+01
5.700000000000000622e-01 -1.217781510483667118e+00 -9.922205777885146460e+00
5.799999999999999600e-01 -1.121675978188148015e+00 -9.293130738302185279e+00
5.899999999999999689e-01 -1.031982086528033582e+00 -8.644708297839780897e+00
5.999999999999999778e-01 -9.487660451136628037e-01 -8.000740998295201578e+00
6.099999999999999867e-01 -8.719003231361911466e-01 -7.376663785031764675e+00
6.199999999999999956e-01 -8.011341444953895552e-01 -6.782039615569067870e+00
6.300000000000000044e-01 -7.361428106809134730e-01 -6.222338778715168495e+00
6.400000000000000133e-01 -6.765619269286179405e-01 -5.700207547679701392e+00
6.500000000000000222e-01 -6.220108683758120982e-01 -5.216371851749174837e+00
6.600000000000000311e-01 -5.721085887959396210e-01 -4.770279569846451295e+00
6.700000000000000400e-01 -5.264839954064877148e-01 -4.360555373002619639e+00
6.800000000000000488e-01 -4.847824850490731197e-01 -3.985321026706619030e+00
6.900000000000000577e-01 -4.466697868538400118e-01 -3.642419122652776675e+00
7.000000000000000666e-01 -4.118339330888360350e-01 -3.329567548113720576e+00
7.099999999999999645e-01 -3.799859470874490386e-01 -3.044464368502559193e+00
7.199999999999999734e-01 -3.508596692994589983e-01 -2.784857317691437739e+00
7.299999999999999822e-01 -3.242110213725433177e-01 -2.548588144065406347e+00
7.399999999999999911e-01 -2.998169207037710282e-01 -2.333619211789766279e+00
7.500000000000000000e-01 -2.774739947600580181e-01 -2.138047696682190413e+00
7.600000000000000089e-01 -2.569971989335870788e-01 -1.960111223773245648e+00
7.700000000000000178e-01 -2.382184089276595529e-01 -1.798187711343231188e+00
7.800000000000000266e-01 -2.209850351573285077e-01 -1.650791400739581416e+00
7.900000000000000355e-01 -2.051586898589127794e-01 -1.516566481125322330e+00
8.000000000000000444e-01 -1.906139256898312928e-01 -1.394279304658993413e+00
8.100000000000000533e-01 -1.772370562244073022e-01 -1.282809887873749277e+00
8.200000000000000622e-01 -1.649250629359479969e-01 -1.181143178301181651e+00
8.300000000000000711e-01 -1.535845892887436337e-01 -1.088360409192671963e+00
8.399999999999999689e-01 -1.431310199265714567e-01 -1.003630753143230026e+00
8.499999999999999778e-01 -1.334876412583231864e-01 -9.262034055581339631e-01
8.599999999999999867e-01 -1.245848787306667038e-01 -8.554001724767170689e-01
8.699999999999999956e-01 -1.163596055414620745e-01 -7.906085978808793380e-01
8.800000000000000044e-01 -1.087545173402517801e-01 -7.312756385822910543e-01
8.900000000000000133e-01 -1.017175674780327055e-01 -6.769018766693567501e-01
9.000000000000000222e-01 -9.520145753172251646e-02 -6.270362477895921050e-01
9.100000000000000311e-01 -8.916317808484151841e-02 -5.812712564063492460e-01
9.200000000000000400e-01 -8.356359505633162432e-02 -5.392386452575662625e-01
9.300000000000000488e-01 -7.836707720702139335e-02 -5.006054845794718489e-01
9.400000000000000577e-01 -7.354116079930392291e-02 -4.650706465288414471e-01
9.500000000000000666e-01 -6.905624772747628870e-02 -4.323616311292831083e-01
9.599999999999999645e-01 -6.488533376563680732e-02 -4.022317116106149393e-01
9.699999999999999734e-01 -6.100376389192226773e-02 -3.744573689422766583e-01
9.799999999999999822e-01 -5.738901193929309141e-02 -3.488359874962531082e-01
9.899999999999999911e-01 -5.402048209269780243e-02 -3.251837859832242827e-01
1.000000000000000000e+00 -5.087933000000000039e-02 -3.033339600000000136e-01
1.010000000000000009e+00 -4.794830148997956953e-02 -2.831350146489386432e-01
1.020000000000000018e+00 -4.521158709593907365e-02 -2.644492677046973994e-01
1.030000000000000027e+00 -4.265469076915109209e-02 -2.471515056892953088e-01
1.040000000000000036e+00 -4.026431133392306683e-02 -2.311277769628009293e-01
1.050000000000000044e+00 -3.802823538684370341e-02 -2.162743075411552585e-01
1.060000000000000053e+00 -3.593524047822378026e-02 -2.024965268168762711e-01
1.070000000000000062e+00 -3.397500753522942479e-02 -1.897081916881232511e-01
1.080000000000000071e+00 -3.213804159503465263e-02 -1.778305988042983288e-01
1.090000000000000080e+00 -3.041560001372217714e-02 -1.667918757206304503e-01
1.100000000000000089e+00 0.000000000000000000e+00 -1.565263427291286868e-01
1.110000000000000098e+00 0.000000000000000000e+00 -1.469739380080880009e-01
1.120000000000000107e+00 0.000000000000000000e+00 -1.380796995159379037e-01
1.130000000000000115e+00 0.000000000000000000e+00 -1.297932977562132051e-01
1.140000000000000124e+00 0.000000000000000000e+00 -1.220686141668360924e-01
1.150000000000000133e+00 0.000000000000000000e+00 -1.148633604462133556e-01
1.159999999999999920e+00 0.000000000000000000e+00 -1.081387346277472850e-01
1.169999999999999929e+00 0.000000000000000000e+00 -1.018591101595199833e-01
1.179999999999999938e+00 0.000000000000000000e+00 -9.599175464285415738e-02
1.189999999999999947e+00 0.000000000000000000e+00 -9.050657523732660859e-02
1.199999999999999956e+00 0.000000000000000000e+00 -8.537588805528717462e-02
