0.000000000000000000e+00 3.717546142235898151e+21 4.461327685340730459e+24
1.000000000000000021e-02 1.858999999827539395e+21 2.230799999896523530e+24
2.000000000000000042e-02 4.538574191803123840e+17 2.723144523165936845e+20
2.999999999999999889e-02 3.498036234081791000e+15 1.399214540946845184e+18
4.000000000000000083e-02 1.108049925329589531e+14 3.324150407556151600e+16
5.000000000000000278e-02 7.614452962559995117e+12 1.827470035507199000e+15
5.999999999999999778e-02 8.540091138015560303e+11 1.708021924019435625e+14
7.000000000000000666e-02 1.343068519031344910e+11 2.302415740217844141e+13
8.000000000000000167e-02 2.705135252684354019e+10 4.057752220228313477e+12
8.999999999999999667e-02 6.581848240260790825e+09 8.776013996291682129e+11
1.000000000000000056e-01 1.858827539999998808e+09 2.230696523999998779e+11
1.100000000000000006e-01 5.922373409495762587e+08 6.461301987671615601e+10
1.199999999999999956e-01 2.084414647395412624e+08 2.084703429920703888e+10
1.300000000000000044e-01 7.975623570569150150e+07 7.363763124034050941e+09
1.400000000000000133e-01 3.276721218186591566e+07 2.809599806981062889e+09
1.499999999999999944e-01 1.431281686253037117e+07 1.145630969852910042e+09
1.600000000000000033e-01 6.594215311852165498e+06 4.949516265278360844e+08
1.700000000000000122e-01 3.183601854384405538e+06 2.249770089656595886e+08
1.799999999999999933e-01 1.601905240126146935e+06 1.069627003396275192e+08
1.900000000000000022e-01 8.362508432119833305e+05 5.293160430378115922e+07
2.000000000000000111e-01 4.511627343749997090e+05 2.715060468749998510e+07
2.099999999999999922e-01 2.507139777159742953e+05 1.438396493524493836e+07
2.200000000000000011e-01 1.430918806125538249e+05 7.846495692777258344e+06
2.300000000000000100e-01 8.366420954511564923e+04 4.395480178926239721e+06
2.399999999999999911e-01 5.000068479513388593e+04 2.522595374545092229e+06
2.500000000000000000e-01 3.048244838399999935e+04 1.480111030272000004e+06
2.600000000000000089e-01 1.892218513582571904e+04 8.862148942573715467e+05
2.700000000000000178e-01 1.194036988011449648e+04 5.405753147735077655e+05
2.800000000000000266e-01 7.647517293654331297e+03 3.354196471252460615e+05
2.899999999999999800e-01 4.964226633346595918e+03 2.114149261922482983e+05
2.999999999999999889e-01 3.261465825933642009e+03 1.351900459317215718e+05
3.099999999999999978e-01 2.165826734848887554e+03 8.759949271924415370e+04
3.200000000000000067e-01 1.451809579702256315e+03 5.745440719917559181e+04
3.300000000000000155e-01 9.810442594648620798e+02 3.810229964526358526e+04
3.400000000000000244e-01 6.673521736125917414e+02 2.552370132737732274e+04
3.500000000000000333e-01 4.563101776389468682e+02 1.725320652518529096e+04
3.599999999999999867e-01 3.131010386046607437e+02 1.175715179112698934e+04
3.699999999999999956e-01 2.151792724976888280e+02 8.068789890954374641e+03
3.800000000000000044e-01 1.477799076851725602e+02 5.571121228488204906e+03
3.900000000000000133e-01 1.011308500763626341e+02 3.865746307187685943e+03
4.000000000000000222e-01 6.870054244995111503e+01 2.692583656311033337e+03
4.100000000000000311e-01 4.608316394118616444e+01 1.880091212758713482e+03
4.199999999999999845e-01 3.028136907071428396e+01 1.314025121132966888e+03
4.299999999999999933e-01 1.923986066012721707e+01 9.176066792410340440e+02
4.400000000000000022e-01 1.153901061495878366e+01 6.387942191988308878e+02
4.500000000000000111e-01 6.191688981076662657e+00 4.420302477624604762e+02
4.600000000000000200e-01 2.507319365922018761e+00 3.028379036914279823e+02
4.700000000000000289e-01 1.422166256688228714e-04 2.042501326938848081e+02
4.799999999999999822e-01 -1.673187224518857263e+00 1.344291849213884404e+02
4.899999999999999911e-01 -2.756368078851517467e+00 8.506637956798340383e+01
5.000000000000000000e-01 -3.422976000000000241e+00 5.029785600000002432e+01
5.100000000000000089e-01 -3.796977952884962981e+00 2.596441113914396226e+01
5.200000000000000178e-01 -3.967077410341318000e+00 9.102626979141973607e+00
5.300000000000000266e-01 -3.996804339410519713e+00 -2.407347298307954020e+00
5.400000000000000355e-01 -3.931651027430065337e+00 -1.008714009239416498e+01
5.500000000000000444e-01 -3.804144243786689916e+00 -1.503208748771582037e+01
5.600000000000000533e-01 -3.637467347198088063e+00 -1.803240098859395601e+01
5.700000000000000622e-01 -3.448057871539176311e+00 -1.965901640219502866e+01
5.799999999999999600e-01 -3.247477495209496912e+00 -2.032472307995864824e+01
5.899999999999999689e-01 -3.043762752918844239e+00 -2.032789442083675979e+01
5.999999999999999778e-01 -2.842403513513259483e+00 -1.988390703295379325e+01
6.099999999999999867e-01 -2.647053507407550743e+00 -1.914780442629891510e+01
6.199999999999999956e-01 -2.460047235188231429e+00 -1.823070443159085841e+01
6.300000000000000044e-01 -2.282776484814850182e+00 -1.721171615697679869e+01
6.400000000000000133e-01 -2.115964738047710902e+00 -1.614662039823069861e+01
6.500000000000000222e-01 -1.959867108773682975e+00 -1.507420817393771628e+01
6.600000000000000311e-01 -1.814415849316608487e+00 -1.402091862965241731e+01
6.700000000000000400e-01 -1.679325997754323563e+00 -1.300423788523707991e+01
6.800000000000000488e-01 -1.554171799301238721e+00 -1.203519241512325344e+01
6.900000000000000577e-01 -1.438441682146185840e+00 -1.112017897013439871e+01
7.000000000000000666e-01 -1.331577495095139341e+00 -1.026230723405306833e+01
7.099999999999999645e-01 -1.233002202712027984e+00 -9.462383914934436646e+00
7.199999999999999734e-01 -1.142139127848656566e+00 -8.719632565928423062e+00
7.299999999999999822e-01 -1.058425020181360754e+00 -8.032218414451801181e+00
7.399999999999999911e-01 -9.813186326052891761e-01 -7.397629226351547516e+00
7.500000000000000000e-01 -9.103060473241619821e-01 -6.812949871041186434e+00
7.600000000000000089e-01 -8.449036683718317287e-01 -6.275058443793576579e+00
7.700000000000000178e-01 -7.846595566863622251e-01 -5.780764578420524380e+00
7.800000000000000266e-01 -7.291536055262493043e-01 -5.326905251548753384e+00
7.900000000000000355e-01 -6.779969217181919250e-01 -4.910409434340686552e+00
8.000000000000000444e-01 -6.308306800201533004e-01 -4.528340022079644811e+00
8.100000000000000533e-01 -5.873246449808990910e-01 -4.177919298920825142e+00
8.200000000000000622e-01 -5.471755005848680797e-01 -3.856542578360136364e+00
8.300000000000000711e-01 -5.101050878818159662e-01 -3.561783455682455468e+00
8.399999999999999689e-01 -4.758586211464037596e-01 -3.291393210810330761e+00
8.499999999999999778e-01 -4.442029312405038621e-01 -3.043296230274595171e+00
8.599999999999999867e-01 -4.149247687834746734e-01 -2.815582817470757337e+00
8.699999999999999956e-01 -3.878291879975070411e-01 -2.606500387886672154e+00
8.800000000000000044e-01 -3.627380235836993871e-01 -2.414443768542275937e+00
8.900000000000000133e-01 -3.394884668746990797e-01 -2.237945114573428818e+00
9.000000000000000222e-01 -3.179317431838107333e-01 -2.075663802864226248e+00
9.100000000000000311e-01 -2.979318892656320772e-01 -1.926376549522449633e+00
9.200000000000000400e-01 -2.793646277728273897e-01 -1.788967914784964641e+00
9.300000000000000488e-01 -2.621163342779490035e-01 -1.662421298117116475e+00
9.400000000000000577e-01 -2.460830916339993291e-01 -1.545810482185732360e+00
9.500000000000000666e-01 -2.311698260275203698e-01 -1.438291752794236933e+00
9.599999999999999645e-01 -2.172895189252179449e-01 -1.339096599578037727e+00
9.699999999999999734e-01 -2.043624891490124496e-01 -1.247524986867576846e+00
9.799999999999999822e-01 -1.923157394754435867e-01 -1.162939173829888873e+00
9.899999999999999911e-01 -1.810823623996827836e-01 -1.084758056440658480e+00
1.000000000000000000e+00 -1.706010000000000026e-01 -1.012451999999999908e+00
1.010000000000000009e+00 -1.608153531621725474e-01 -9.455381290241859915e-01
1.020000000000000018e+00 -1.516737357584243828e-01 -8.835760408530475285e-01
1.030000000000000027e+00 -1.431286697103842931e-01 -8.261639097850806968e-01
1.040000000000000036e+00 -1.351365171922515873e-01 -7.729349496754744919e-01
1.050000000000000044e+00 -1.276571465435606678e-01 -7.235542044752489854e-01
1.060000000000000053e+00 -1.206536287573369559e-01 -6.777156379836638544e-01
1.070000000000000062e+00 -1.140919616871671899e-01 -6.351394960090017694e-01
1.080000000000000071e+00 -1.079408193749373246e-01 -5.955699160978576989e-01
1.090000000000000080e+00 -1.021713241396218080e-01 -5.587727619393799694e-01
1.100000000000000089e+00 0.000000000000000000e+00 -5.245336614372396733e-01
1.110000000000000098e+00 0.000000000000000000e+00 -4.926562292414980448e-01
1.120000000000000107e+00 0.000000000000000000e+00 -4.629604562285878910e-01
1.130000000000000115e+00 0.000000000000000000e+00 -4.352812500015687536e-01
1.140000000000000124e+00 0.000000000000000000e+00 -4.094671119513354496e-01
1.150000000000000133e+00 0.000000000000000000e+00 -3.853789377731108301e-01
1.159999999999999920e+00 0.000000000000000000e+00 -3.628889295744936461e-01
1.169999999999999929e+00 0.000000000000000000e+00 -3.418796088464662319e-01
1.179999999999999938e+00 0.000000000000000000e+00 -3.222429206030765214e-01
1.189999999999999947e+00 0.000000000000000000e+00 -3.038794199355325243e-01
1.199999999999999956e+00 0.000000000000000000e+00 -2.866975330790492160e-01
