0.000000000000000000e+00 7.203120604805668536e+20 8.644272362881833333e+23
1.000000000000000021e-02 3.601999999665848975e+20 4.322399999799508284e+23
2.000000000000000042e-02 8.793945260289059200e+16 5.276367171836716646e+19
2.999999999999999889e-02 6.777798017850807500e+14 2.711119298813848320e+17
4.000000000000000083e-02 2.146958489013671094e+13 6.440876690734860000e+15
5.000000000000000278e-02 1.475377061439999023e+12 3.540907513727997500e+14
5.999999999999999778e-02 1.654728794113846130e+11 3.309464750221862500e+13
7.000000000000000666e-02 2.602330719159134293e+10 4.461162720513968750e+12
8.000000000000000167e-02 5.241472397148607254e+09 7.862304196804758301e+11
8.999999999999999667e-02 1.275299483144588947e+09 1.700441228337905273e+11
1.000000000000000056e-01 3.601665849999997616e+08 4.322199509999996948e+10
1.100000000000000006e-01 1.147519586428977698e+08 1.251942431902736092e+10
1.199999999999999956e-01 4.038763643752758950e+07 4.039323174547297478e+09
1.300000000000000044e-01 1.545357527386888117e+07 1.426803384961358309e+09
1.400000000000000133e-01 6.348977967366470024e+06 5.443883053369630575e+08
1.499999999999999944e-01 2.773252703046999406e+06 2.219775583562428355e+08
1.600000000000000033e-01 1.277695777898770291e+06 9.590187168760162592e+07
1.700000000000000122e-01 6.168550051242472837e+05 4.359156588445235044e+07
1.799999999999999933e-01 3.103853226149311522e+05 2.072510287103700638e+07
1.900000000000000022e-01 1.620320537294786773e+05 1.025603278585272655e+07
2.000000000000000111e-01 8.741734374999994179e+04 5.260703906249996275e+06
2.099999999999999922e-01 4.857837197971821297e+04 2.787038571822564583e+06
2.200000000000000011e-01 2.772550272739617139e+04 1.520337888698632130e+06
2.300000000000000100e-01 1.621079028167099750e+04 8.516687701105728047e+05
2.399999999999999911e-01 9.688141512795109520e+03 4.887784099720894010e+05
2.500000000000000000e-01 5.906285363199999665e+03 2.867865255936000030e+05
2.600000000000000089e-01 3.666367018821730653e+03 1.717131387623254850e+05
2.700000000000000178e-01 2.313569326931216892e+03 1.047419691006117646e+05
2.800000000000000266e-01 1.481785402882266226e+03 6.499097813564679382e+04
2.899999999999999800e-01 9.618704330145262702e+02 4.096380436282990559e+04
2.999999999999999889e-01 6.319430849332289881e+02 2.619445865110144950e+04
3.099999999999999978e-01 4.196517485687384124e+02 1.697330410070716607e+04
3.200000000000000067e-01 2.813035541926466294e+02 1.113238597905130155e+04
3.300000000000000155e-01 1.900878894995642270e+02 7.382717028634782764e+03
3.400000000000000244e-01 1.293067741777265667e+02 4.945484440920284214e+03
3.500000000000000333e-01 8.841516954229396674e+01 3.342990842682800121e+03
3.599999999999999867e-01 6.066688130769617260e+01 2.278073361623138680e+03
3.699999999999999956e-01 4.169349127865029914e+01 1.563414887293537049e+03
3.800000000000000044e-01 2.863413473330098213e+01 1.079465461901695562e+03
3.900000000000000133e-01 1.959536788304762922e+01 7.490311167067902716e+02
4.000000000000000222e-01 1.331163406372069247e+01 5.217184066772456390e+02
4.100000000000000311e-01 8.929259795578477821e+00 3.642892983807490737e+02
4.199999999999999845e-01 5.867478162953764453e+00 2.546078703596894570e+02
4.299999999999999933e-01 3.728053806940335058e+00 1.777974572786974363e+02
4.400000000000000022e-01 2.235918819695647208e+00 1.237744473888950694e+02
4.500000000000000111e-01 1.199806292437107125e+00 8.564920688513277014e+01
4.600000000000000200e-01 4.859096570270953208e-01 5.867908838235801028e+01
4.700000000000000289e-01 1.077512837417415881e-04 3.957654706090665542e+01
4.799999999999999822e-01 -3.241262218473064394e-01 2.604789392517669455e+01
4.899999999999999911e-01 -5.340116622290003168e-01 1.648323376897997861e+01
5.000000000000000000e-01 -6.631808000000001257e-01 9.746380799999997180e+00
5.100000000000000089e-01 -7.356536484929794284e-01 5.031444495319341570e+00
5.200000000000000178e-01 -7.686175368136635155e-01 1.764230290593847172e+00
5.300000000000000266e-01 -7.743821513039301774e-01 -4.660062933417243869e-01
5.400000000000000355e-01 -7.617621777270164873e-01 -1.954097757632233368e+00
5.500000000000000444e-01 -7.370600869269541278e-01 -2.912277883615663754e+00
5.600000000000000533e-01 -7.047679572152774075e-01 -3.493659256345541309e+00
5.700000000000000622e-01 -6.680707849183191716e-01 -3.808867393909888044e+00
5.799999999999999600e-01 -6.292088115166503126e-01 -3.937885188535358516e+00
5.899999999999999689e-01 -5.897392390846832866e-01 -3.938526160109535823e+00
5.999999999999999778e-01 -5.507258213988006634e-01 -3.852522257879990697e+00
6.099999999999999867e-01 -5.128765367534487973e-01 -3.709915197571425516e+00
6.199999999999999956e-01 -4.766437450127081199e-01 -3.532235579017108051e+00
6.300000000000000044e-01 -4.422971422782654427e-01 -3.334811928778944612e+00
6.400000000000000133e-01 -4.099769304556285521e-01 -3.128452627081676596e+00
6.500000000000000222e-01 -3.797325577844692379e-01 -2.920674071097218771e+00
6.600000000000000311e-01 -3.515509125426916626e-01 -2.716599322397718730e+00
6.700000000000000400e-01 -3.253767936070381395e-01 -2.519616673498081383e+00
6.800000000000000488e-01 -3.011277181430998540e-01 -2.331862770076360114e+00
6.900000000000000577e-01 -2.787045739622636686e-01 -2.154577180656591207e+00
7.000000000000000666e-01 -2.579992224091700592e-01 -1.988362553097986485e+00
7.099999999999999645e-01 -2.388998647433403510e-01 -1.833375294925446042e+00
7.199999999999999734e-01 -2.212947707172968348e-01 -1.689465048153392823e+00
7.299999999999999822e-01 -2.050748108602756803e-01 -1.556276382151253523e+00
7.399999999999999911e-01 -1.901351183463875771e-01 -1.433322591537595558e+00
7.500000000000000000e-01 -1.763761210685663994e-01 -1.320038897316541338e+00
7.600000000000000089e-01 -1.637041215474952238e-01 -1.215820448713894164e+00
7.700000000000000178e-01 -1.520315556826251358e-01 -1.120049123643266586e+00
7.800000000000000266e-01 -1.412770267986466488e-01 -1.032112092593830743e+00
7.900000000000000355e-01 -1.313651858060175814e-01 -9.514143462730618728e-01
8.000000000000000444e-01 -1.222265092656015795e-01 -8.773868205025789901e-01
8.100000000000000533e-01 -1.137970130216882092e-01 -8.094913307984039630e-01
8.200000000000000622e-01 -1.060179285865864574e-01 -7.472232158028392357e-01
8.300000000000000711e-01 -9.883536169212983613e-02 -6.901123553895389673e-01
8.399999999999999689e-01 -9.219994667751521544e-02 -6.377230552958946808e-01
8.499999999999999778e-01 -8.606650614481314854e-02 -5.896531603742947159e-01
8.599999999999999867e-01 -8.039372220016997861e-02 -5.455326617582609838e-01
8.699999999999999956e-01 -7.514382332427589628e-02 -5.050219910669803136e-01
8.800000000000000044e-01 -7.028228926644240759e-02 -4.678101410131694227e-01
8.900000000000000133e-01 -6.577757517274969434e-02 -4.336127118040816741e-01
9.000000000000000222e-01 -6.160085532049307255e-02 -4.021699530742052775e-01
9.100000000000000311e-01 -5.772578624890749993e-02 -3.732448491715372185e-01
9.200000000000000400e-01 -5.412828868270218308e-02 -3.466212794965306543e-01
9.300000000000000488e-01 -5.078634738998382553e-02 -3.221022738074213465e-01
9.400000000000000577e-01 -4.767982796204570800e-02 -2.995083738635283543e-01
9.500000000000000666e-01 -4.479030942112245672e-02 -2.786761066567666756e-01
9.599999999999999645e-01 -4.210093153259240883e-02 -2.594565701624100829e-01
9.699999999999999734e-01 -3.959625570466312333e-02 -2.417141295578361659e-01
9.799999999999999822e-01 -3.726213838976685094e-02 -2.253252198627670733e-01
9.899999999999999911e-01 -3.508561594922413734e-02 -2.101772496835365434e-01
1.000000000000000000e+00 -3.305480000000000224e-02 -1.961675999999999975e-01
1.010000000000000009e+00 -3.115878232507880707e-02 -1.832027115691384211e-01
1.020000000000000018e+00 -2.938754849390709523e-02 -1.711972544238975213e-01
1.030000000000000027e+00 -2.773189940423879951e-02 -1.600733730372424501e-01
1.040000000000000036e+00 -2.618338002001407983e-02 -1.497600009389731257e-01
1.050000000000000044e+00 -2.473421464058534955e-02 -1.401922388717588008e-01
1.060000000000000053e+00 -2.337724809403135193e-02 -1.313107909204013768e-01
1.070000000000000062e+00 -2.210589230111024636e-02 -1.230614534208882282e-01
1.080000000000000071e+00 -2.091407770643465350e-02 -1.153946518365020213e-01
1.090000000000000080e+00 -1.979620911968665159e-02 -1.082650211653447825e-01
1.100000000000000089e+00 0.000000000000000000e+00 -1.016310258091004809e-01
1.110000000000000098e+00 0.000000000000000000e+00 -9.545461518148994073e-02
1.120000000000000107e+00 0.000000000000000000e+00 -8.970091166347665679e-02
1.130000000000000115e+00 0.000000000000000000e+00 -8.433792781917057169e-02
1.140000000000000124e+00 0.000000000000000000e+00 -7.933631007090220788e-02
1.150000000000000133e+00 0.000000000000000000e+00 -7.466910629420957235e-02
1.159999999999999920e+00 0.000000000000000000e+00 -7.031155503410729812e-02
1.169999999999999929e+00 0.000000000000000000e+00 -6.624089426394123847e-02
1.179999999999999938e+00 0.000000000000000000e+00 -6.243618780853041339e-02
1.189999999999999947e+00 0.000000000000000000e+00 -5.887816773542985105e-02
1.199999999999999956e+00 0.000000000000000000e+00 -5.554909118334099699e-02
