0.000000000000000000e+00 2.221287130877090333e+21 1.599424361379325020e+24
1.666666666666666644e-02 1.110779158596761158e+21 7.997609942267651298e+23
3.333333333333333287e-02 2.711863164318310080e+17 9.762707420527976448e+19
5.000000000000000278e-02 2.090126812907380000e+15 5.016304520602934400e+17
6.666666666666666574e-02 6.620757202017146094e+13 1.191736522785427200e+16
8.333333333333334259e-02 4.549744839005733398e+12 6.551637316588906250e+14
1.000000000000000056e-01 5.102826922810444946e+11 6.123405559343100781e+13
1.166666666666666824e-01 8.025027001860330200e+10 8.254358533285769531e+12
1.333333333333333315e-01 1.616357106049446678e+10 1.454739084689882812e+12
1.499999999999999944e-01 3.932748709524851322e+09 3.146276528307247314e+11
1.666666666666666852e-01 1.110676111376672268e+09 7.997238972275329590e+10
1.833333333333333481e-01 3.538703041046703458e+08 2.316432356956840897e+10
2.000000000000000111e-01 1.245467643042192012e+08 7.473841168453765869e+09
2.166666666666666741e-01 4.765549456602025777e+07 2.639972439304750443e+09
2.333333333333333648e-01 1.957887917176500708e+07 1.007265705179635286e+09
2.500000000000000000e-01 8.552113326081722975e+06 4.107185599377067685e+08
2.666666666666666630e-01 3.940138212148760445e+06 1.774444167762318552e+08
2.833333333333333814e-01 1.902247761940968921e+06 8.065619346283206344e+07
2.999999999999999889e-01 9.571613528478411026e+05 3.834704840091808885e+07
3.166666666666667074e-01 4.996718709440627135e+05 1.897643557735940069e+07
3.333333333333333703e-01 2.695762036179491552e+05 9.733725389878101647e+06
3.499999999999999778e-01 1.498051970100228791e+05 5.156775191889915615e+06
3.666666666666666963e-01 8.549945065281658026e+04 2.813036218729896471e+06
3.833333333333333592e-01 4.999056497676604340e+04 1.575817463764187181e+06
4.000000000000000222e-01 2.987612619212110803e+04 9.043721467059365241e+05
4.166666666666666852e-01 1.821370003824091691e+04 5.306325395334607456e+05
4.333333333333333481e-01 1.130627696930313141e+04 3.177156647672220715e+05
4.500000000000000666e-01 7.134542232381988470e+03 1.938009015679401637e+05
4.666666666666667296e-01 4.569501250988486390e+03 1.202508295143090509e+05
4.833333333333333370e-01 2.966196602143042583e+03 7.579407009760335495e+04
5.000000000000000000e-01 1.948772601537787978e+03 4.846679466959425190e+04
5.166666666666667185e-01 1.294112532772996929e+03 3.140517186397376281e+04
5.333333333333333259e-01 8.674770433211378986e+02 2.059789933048838066e+04
5.500000000000000444e-01 5.861880135425801654e+02 1.366000226288130398e+04
5.666666666666667629e-01 3.987524937933746401e+02 9.150466537061658528e+03
5.833333333333333703e-01 2.726518747842656012e+02 6.185422989430672715e+03
5.999999999999999778e-01 1.870823605429378347e+02 4.215040078080899548e+03
6.166666666666666963e-01 1.285727010621945681e+02 2.892730601441577619e+03
6.333333333333334147e-01 8.830061405662796403e+01 1.997294895490513227e+03
6.500000000000000222e-01 6.042713317182279553e+01 1.385903312806292661e+03
6.666666666666667407e-01 4.104955930326907065e+01 9.653144083333054368e+02
6.833333333333334592e-01 2.753535130329001390e+01 6.740288764670339106e+02
6.999999999999999556e-01 1.809355226500614577e+01 4.710893120696582628e+02
7.166666666666666741e-01 1.149609265064962749e+01 3.289698897852655364e+02
7.333333333333333925e-01 6.894724315821452620e+00 2.290132239001544576e+02
7.500000000000000000e-01 3.699622957144277358e+00 1.584716471423734845e+02
7.666666666666667185e-01 1.498159276961053221e+00 1.085699941532366068e+02
7.833333333333334370e-01 8.497647327248020069e-05 7.322542998107724088e+01
8.000000000000000444e-01 -9.997533607306747783e-01 4.819401945078457317e+01
8.166666666666666519e-01 -1.646969454380686759e+00 3.049702900381814175e+01
8.333333333333333703e-01 -2.045277246653919967e+00 1.803221414913958753e+01
8.500000000000000888e-01 -2.268748776819409230e+00 9.308464796538226338e+00
8.666666666666666963e-01 -2.370385641934344090e+00 3.263370092904627207e+00
8.833333333333334147e-01 -2.388147908347586057e+00 -8.630547197566756923e-01
9.000000000000001332e-01 -2.349217870118347040e+00 -3.616326514959666838e+00
9.166666666666667407e-01 -2.273030738400268813e+00 -5.389132703531005930e+00
9.333333333333334592e-01 -2.173438902484517321e+00 -6.464770908912746528e+00
9.500000000000001776e-01 -2.060264024581247799e+00 -7.047926530423647584e+00
9.666666666666666741e-01 -1.940414373332634446e+00 -7.286588102279630164e+00
9.833333333333332815e-01 -1.818691893474452925e+00 -7.287725055271304875e+00
1.000000000000000000e+00 -1.698376860368821406e+00 -7.128551756556092300e+00
1.016666666666666607e+00 -1.581652430334339554e+00 -6.864652638491484993e+00
1.033333333333333437e+00 -1.469913500948990981e+00 -6.535864399470909802e+00
1.050000000000000044e+00 -1.363991685477324411e+00 -6.170548335436232712e+00
1.066666666666666652e+00 -1.264319274646098723e+00 -5.788702341621903891e+00
1.083333333333333481e+00 -1.171048702661139362e+00 -5.404233331956637798e+00
1.100000000000000089e+00 -1.084139489314417171e+00 -5.026619967609613937e+00
1.116666666666666696e+00 -1.003421365770986950e+00 -4.662131173005644946e+00
1.133333333333333526e+00 -9.286399374409887164e-01 -4.314720034102504265e+00
1.150000000000000133e+00 -8.594895328311340510e-01 -3.986679841109368461e+00
1.166666666666666741e+00 -7.956366485989121440e-01 -3.679125442418643033e+00
1.183333333333333348e+00 -7.367364977963838379e-01 -3.392346049809190855e+00
1.199999999999999956e+00 -6.824445075577536546e-01 -3.126063300404549050e+00
1.216666666666666785e+00 -6.324241277374287318e-01 -2.879619412446869475e+00
1.233333333333333393e+00 -5.863519554285905322e-01 -2.652113728376510604e+00
1.250000000000000000e+00 -5.439209173782039164e-01 -2.442501148795836130e+00
1.266666666666666829e+00 -5.048420580615629039e-01 -2.249662443998653227e+00
1.283333333333333437e+00 -4.688453374081992253e-01 -2.072453840255924273e+00
1.300000000000000044e+00 -4.356797356155887591e-01 -1.909741366473023394e+00
1.316666666666666874e+00 -4.051128834358221353e-01 -1.760424032387913451e+00
1.333333333333333481e+00 -3.769303776411049856e-01 -1.623448860688209150e+00
1.350000000000000089e+00 -3.509348978136347386e-01 -1.497820016343508032e+00
1.366666666666666918e+00 -3.269452082844575003e-01 -1.382603696830832840e+00
1.383333333333333526e+00 -3.047951050919072702e-01 -1.276930015182524691e+00
1.399999999999999911e+00 -2.843323501113789176e-01 -1.179992785902365116e+00
1.416666666666666741e+00 -2.654176214391156252e-01 -1.091047883702651156e+00
1.433333333333333348e+00 -2.479234995121143981e-01 -1.009410665919248551e+00
1.449999999999999956e+00 -2.317335014325448417e-01 -9.344528159249541055e-01
1.466666666666666785e+00 -2.167411708793614833e-01 -8.655988653951753875e-01
1.483333333333333393e+00 -2.028492273390888334e-01 -8.023225793164777686e-01
1.500000000000000000e+00 -1.899687758029461881e-01 -7.441433327668114384e-01
1.516666666666666829e+00 -1.780185762820459261e-01 -6.906225679454288668e-01
1.533333333333333437e+00 -1.669243712791750600e-01 -6.413603900997721929e-01
1.550000000000000044e+00 -1.566182685695202137e-01 -5.959923391911268187e-01
1.566666666666666874e+00 -1.470381761675426113e-01 -5.541863583361851253e-01
1.583333333333333481e+00 -1.381272861063099766e-01 -5.156399687359836115e-01
1.600000000000000089e+00 -1.298336035643032627e-01 -4.800776528123940068e-01
1.616666666666666696e+00 -1.221095178949644228e-01 -4.472484417546284119e-01
1.633333333333333304e+00 -1.149114122104705898e-01 -4.169236999868148330e-01
1.650000000000000133e+00 -1.081993083172100717e-01 -3.888950967162972394e-01
1.666666666666666741e+00 -1.019365439770554549e-01 -3.629727533460802569e-01
1.683333333333333348e+00 -9.608947966190999057e-02 -3.389835548604873128e-01
1.700000000000000178e+00 -9.062723216923063152e-02 -3.167696131165323448e-01
1.716666666666666785e+00 -8.552143266633860375e-02 -2.961868701428348460e-01
1.733333333333333393e+00 -8.074600692653656486e-02 -2.771038299505764191e-01
1.750000000000000222e+00 -7.627697570719446651e-02 -2.594004079141666863e-01
1.766666666666666829e+00 -7.209227339707036109e-02 -2.429668874224416297e-01
1.783333333333333437e+00 -6.817158322607982934e-02 -2.277029741906076987e-01
1.800000000000000266e+00 -6.449618748502469745e-02 -2.135169393276258321e-01
1.816666666666666874e+00 -6.104883134537632261e-02 -2.003248429514985496e-01
1.833333333333333481e+00 0.000000000000000000e+00 -1.880498308211901171e-01
1.850000000000000311e+00 0.000000000000000000e+00 -1.766214970990074296e-01
1.866666666666666918e+00 0.000000000000000000e+00 -1.659753069653159274e-01
1.883333333333333526e+00 0.000000000000000000e+00 -1.560520733753233968e-01
1.900000000000000355e+00 0.000000000000000000e+00 -1.467974827741403421e-01
1.916666666666666963e+00 0.000000000000000000e+00 -1.381616650716219474e-01
1.933333333333333348e+00 0.000000000000000000e+00 -1.300988036237429313e-01
1.949999999999999956e+00 0.000000000000000000e+00 -1.225667813742111201e-01
1.966666666666666563e+00 0.000000000000000000e+00 -1.155268596808352727e-01
1.983333333333333393e+00 0.000000000000000000e+00 -1.089433866881689278e-01
2.000000000000000000e+00 0.000000000000000000e+00 -1.027835324136170680e-01
