0.000000000000000000e+00 1.045572350977966342e+21 1.254763410586552397e+24
1.000000000000000021e-02 5.228499999514948403e+20 6.274199999708968664e+23
2.000000000000000042e-02 1.276489250233593440e+17 7.658935524138278912e+19
2.999999999999999889e-02 9.838344513122911250e+14 3.935337938321866880e+17
4.000000000000000083e-02 3.116427667877196484e+13 9.349284779937742000e+15
5.000000000000000278e-02 2.141590495679999023e+12 5.139820914815996875e+14
5.999999999999999778e-02 2.401929344536542053e+11 4.803869085377953906e+13
7.000000000000000666e-02 3.777425364004296875e+10 6.475621677067133789e+12
8.000000000000000167e-02 7.608283845260737419e+09 1.141256454180925781e+12
8.999999999999999667e-02 1.851166945810809135e+09 2.468283441557682495e+11
1.000000000000000056e-01 5.228014949999997616e+08 6.273908969999996185e+10
1.100000000000000006e-01 1.665687432318828106e+08 1.817262906936779404e+10
1.199999999999999956e-01 5.862486272777714580e+07 5.863298484095658302e+09
1.300000000000000044e-01 2.243170942513071746e+07 2.071083135340504169e+09
1.400000000000000133e-01 9.215888584256336093e+06 7.902093913942613602e+08
1.499999999999999944e-01 4.025527858633415774e+06 3.222125617496581674e+08
1.600000000000000033e-01 1.854645223666011123e+06 1.392068088985069692e+08
1.700000000000000122e-01 8.953987230149728712e+05 6.327554008330810070e+07
1.799999999999999933e-01 4.505412330985775334e+05 3.008361903725169599e+07
1.900000000000000022e-01 2.351983601871406718e+05 1.488719163735774718e+07
2.000000000000000111e-01 1.268910351562499418e+05 7.636198828124995343e+06
2.099999999999999922e-01 7.051414861182864115e+04 4.045538482199967373e+06
2.200000000000000011e-01 4.024507210188367026e+04 2.206853282820327673e+06
2.300000000000000100e-01 2.353083991029249955e+04 1.236243570064047119e+06
2.399999999999999911e-01 1.406286046561708463e+04 7.094884242022925755e+05
2.500000000000000000e-01 8.573290905600000769e+03 4.162861989888000535e+05
2.600000000000000089e-01 5.321928039993384118e+03 2.492509151088854414e+05
2.700000000000000178e-01 3.358269055943616422e+03 1.520386221146506723e+05
2.800000000000000266e-01 2.150889856198836696e+03 9.433790143310649728e+04
2.899999999999999800e-01 1.396205354506113054e+03 5.946115720164439699e+04
2.999999999999999889e-01 9.172981666826614173e+02 3.802265369062607351e+04
3.099999999999999978e-01 6.091459998215418636e+02 2.463765085334578180e+04
3.200000000000000067e-01 4.083262832255128956e+02 1.615924439873905430e+04
3.300000000000000155e-01 2.759219612796878209e+02 1.071639923988136252e+04
3.400000000000000244e-01 1.876950132315912185e+02 7.178626293408293350e+03
3.500000000000000333e-01 1.283387470055284609e+02 4.852521919497608906e+03
3.599999999999999867e-01 8.806069900235590353e+01 3.306738123098238248e+03
3.699999999999999956e-01 6.051987621632618186e+01 2.269373998697404204e+03
3.800000000000000044e-01 4.156358086868997503e+01 1.566896338792694223e+03
3.900000000000000133e-01 2.844337874678332412e+01 1.087253948063014150e+03
4.000000000000000222e-01 1.932224750518798118e+01 7.572980403900141937e+02
4.100000000000000311e-01 1.296103527855123438e+01 5.287818352895361613e+02
4.199999999999999845e-01 8.516728625808243081e+00 3.695738655011188030e+02
4.299999999999999933e-01 5.411268347430979730e+00 2.580798638103320854e+02
4.400000000000000022e-01 3.245379302800260213e+00 1.796629368756598524e+02
4.500000000000000111e-01 1.741427900948619545e+00 1.243224207445058767e+02
4.600000000000000200e-01 7.051872320489795953e-01 8.517411635307597351e+01
4.700000000000000289e-01 3.580698639549240170e-05 5.744598299987266898e+01
4.799999999999999822e-01 -4.705932266619670123e-01 3.780861403218749217e+01
4.899999999999999911e-01 -7.752410536994314150e-01 2.392516527449527075e+01
5.000000000000000000e-01 -9.627263999999997601e-01 1.414640640000000360e+01
5.100000000000000089e-01 -1.067915382678887859e+00 7.302547715181916033e+00
5.200000000000000178e-01 -1.115756144555055229e+00 2.560118070051860428e+00
5.300000000000000266e-01 -1.124116696465118359e+00 -6.770976003683841782e-01
5.400000000000000355e-01 -1.105791892137559573e+00 -2.837062312770669337e+00
5.500000000000000444e-01 -1.069929990573275314e+00 -4.227842952021916290e+00
5.600000000000000533e-01 -1.023051385761929666e+00 -5.071689101042997194e+00
5.700000000000000622e-01 -9.697791863192783968e-01 -5.529178325600121013e+00
5.799999999999999600e-01 -9.133651505690406625e-01 -5.716408977195812646e+00
5.899999999999999689e-01 -8.560695787001466606e-01 -5.717299542692976466e+00
5.999999999999999778e-01 -7.994365128843088364e-01 -5.592425388001679210e+00
6.099999999999999867e-01 -7.444935754550690010e-01 -5.385392996900105089e+00
6.199999999999999956e-01 -6.918973511486135042e-01 -5.127454611981942634e+00
6.300000000000000044e-01 -6.420392837978714518e-01 -4.840859918162387920e+00
6.400000000000000133e-01 -5.951228540339563722e-01 -4.541297436712300239e+00
6.500000000000000222e-01 -5.512198125882896704e-01 -4.239677259162521139e+00
6.600000000000000311e-01 -5.103111044112731420e-01 -3.943435473088572785e+00
6.700000000000000400e-01 -4.723165823182767786e-01 -3.657490099059380384e+00
6.800000000000000488e-01 -4.371165007459766882e-01 -3.384942361975761926e+00
6.900000000000000577e-01 -4.045669778793536397e-01 -3.127591362532843533e+00
7.000000000000000666e-01 -3.745110313602542651e-01 -2.886311703724405486e+00
7.099999999999999645e-01 -3.467863676300351194e-01 -2.661330269691545070e+00
7.199999999999999734e-01 -3.212307939482765828e-01 -2.452428677629806764e+00
7.299999999999999822e-01 -2.976858939562283535e-01 -2.259090887657966285e+00
7.399999999999999911e-01 -2.759994398110330316e-01 -2.080610322059710526e+00
7.500000000000000000e-01 -2.560268901616548076e-01 -1.916167087579618622e+00
7.600000000000000089e-01 -2.376322318015685053e-01 -1.764883135416537518e+00
7.700000000000000178e-01 -2.206883551593332715e-01 -1.625861162078019007e+00
7.800000000000000266e-01 -2.050771036319725960e-01 -1.498211554610966223e+00
7.900000000000000355e-01 -1.906890995562152136e-01 -1.381070574077840618e+00
8.000000000000000444e-01 -1.774234219919889333e-01 -1.273612148361280116e+00
8.100000000000000533e-01 -1.651871909884780054e-01 -1.175055034183329461e+00
8.200000000000000622e-01 -1.538950977894157912e-01 -1.084666653509456014e+00
8.300000000000000711e-01 -1.434689091590052312e-01 -1.001764570796881637e+00
8.399999999999999689e-01 -1.338369656695035936e-01 -9.257163250261868370e-01
8.499999999999999778e-01 -1.249336876398267626e-01 -8.559381420999618850e-01
8.599999999999999867e-01 -1.166990978954870750e-01 -7.918929126900986493e-01
8.699999999999999956e-01 -1.090783672187887327e-01 -7.330877158545787697e-01
8.800000000000000044e-01 -1.020213859643348403e-01 -6.790710907123924667e-01
8.900000000000000133e-01 -9.548236359649463212e-02 -6.294302004402397843e-01
9.000000000000000222e-01 -8.941945668879773546e-02 -5.837879898151467906e-01
9.100000000000000311e-01 -8.379442508010205570e-02 -5.418004057146720287e-01
9.200000000000000400e-01 -7.857231531131264601e-02 -5.031537265839148843e-01
9.300000000000000488e-01 -7.372117009638518015e-02 -4.675620297719455531e-01
9.400000000000000577e-01 -6.921176235769030405e-02 -4.347648132414019262e-01
9.500000000000000666e-01 -6.501735223771756833e-02 -4.045247792699023237e-01
9.599999999999999645e-01 -6.111346545612666298e-02 -3.766257814927030378e-01
9.699999999999999734e-01 -5.747769139068660549e-02 -3.508709323073333497e-01
9.799999999999999822e-01 -5.408949930593406896e-02 -3.270808647650112477e-01
9.899999999999999911e-01 -5.093007122210120585e-02 -3.050921412289491208e-01
1.000000000000000000e+00 -4.798215000000000119e-02 -2.847558000000000034e-01
1.010000000000000009e+00 -4.522990130857540425e-02 -2.659360305810625769e-01
1.020000000000000018e+00 -4.265878823608837411e-02 -2.485089681131500416e-01
1.030000000000000027e+00 -4.025545740008175388e-02 -2.323615976488710155e-01
1.040000000000000036e+00 -3.800763550316777623e-02 -2.173907592449702830e-01
1.050000000000000044e+00 -3.590403536976547599e-02 -2.035022452895505207e-01
1.060000000000000053e+00 -3.393427058228026816e-02 -1.906099819841548804e-01
1.070000000000000062e+00 -3.208877791333090979e-02 -1.786352874417302394e-01
1.080000000000000071e+00 -3.035874682325693033e-02 -1.675061994141603949e-01
1.090000000000000080e+00 -2.873605535925590274e-02 -1.571568662104702863e-01
1.100000000000000089e+00 0.000000000000000000e+00 -1.475269948973385592e-01
1.110000000000000098e+00 0.000000000000000000e+00 -1.385613513796430107e-01
1.120000000000000107e+00 0.000000000000000000e+00 -1.302093074357836278e-01
1.130000000000000115e+00 0.000000000000000000e+00 -1.224244302280175917e-01
1.140000000000000124e+00 0.000000000000000000e+00 -1.151641102210684969e-01
1.150000000000000133e+00 0.000000000000000000e+00 -1.083892238229903771e-01
1.159999999999999920e+00 0.000000000000000000e+00 -1.020638274115691774e-01
1.169999999999999929e+00 0.000000000000000000e+00 -9.615487972880322476e-02
1.179999999999999938e+00 0.000000000000000000e+00 -9.063198991690978035e-02
1.189999999999999947e+00 0.000000000000000000e+00 -8.546718873368824854e-02
1.199999999999999956e+00 0.000000000000000000e+00 -8.063472072486882469e-02
