0.000000000000000000e+00 5.344347533687725097e+20 6.413608520211472130e+23
1.000000000000000021e-02 2.672499999752081900e+20 3.206999999851248264e+23
2.000000000000000042e-02 6.524658164387888800e+16 3.914794910253866189e+19
2.999999999999999889e-02 5.028779900813343750e+14 2.011512028341112000e+17
4.000000000000000083e-02 1.592933526354980078e+13 4.778801486965941000e+15
5.000000000000000278e-02 1.094654413327999390e+12 2.627172495993598438e+14
5.999999999999999778e-02 1.227724237266652222e+11 2.455453788265728516e+13
7.000000000000000666e-02 1.930796459855958939e+10 3.309954850587187500e+12
8.000000000000000167e-02 3.888904771760105133e+09 5.833428087405859375e+11
8.999999999999999667e-02 9.462070716019686460e+08 1.261640528836934204e+11
1.000000000000000056e-01 2.672252082499998510e+08 3.206851249499998093e+10
1.100000000000000006e-01 8.514009173653745651e+07 9.288773332888925552e+09
1.199999999999999956e-01 2.996556328427503258e+07 2.996971463773170948e+09
1.300000000000000044e-01 1.146576354037836008e+07 1.058615231150150537e+09
1.400000000000000133e-01 4.710617391475751996e+06 4.039083164108776450e+08
1.499999999999999944e-01 2.057611881868355209e+06 1.646960107415123284e+08
1.600000000000000033e-01 9.479850272073233500e+05 7.115429092000338435e+07
1.700000000000000122e-01 4.576749227623252664e+05 3.234271580172107369e+07
1.799999999999999933e-01 2.302900679589223873e+05 1.537696809906558134e+07
1.900000000000000022e-01 1.202195168828410242e+05 7.609452738472980447e+06
2.000000000000000111e-01 6.485921093749996362e+04 3.903173789062497672e+06
2.099999999999999922e-01 3.604267600882340048e+04 2.067840408343286021e+06
2.200000000000000011e-01 2.057091090174476994e+04 1.128013164195486344e+06
2.300000000000000100e-01 1.202758149319488803e+04 6.318948052193827461e+05
2.399999999999999911e-01 7.188108581233637778e+03 3.626486739497153903e+05
2.500000000000000000e-01 4.382163968000000750e+03 2.127809986560000107e+05
2.600000000000000089e-01 2.720258571312519507e+03 1.274024127251970931e+05
2.700000000000000178e-01 1.716551478219190130e+03 7.771321770179634041e+04
2.800000000000000266e-01 1.099410056989818031e+03 4.822000689631881687e+04
2.899999999999999800e-01 7.136595216400653499e+02 3.039306674893202216e+04
2.999999999999999889e-01 4.688701365720750118e+02 1.943496321322593940e+04
3.099999999999999978e-01 3.113606935152665187e+02 1.259333491678958671e+04
3.200000000000000067e-01 2.087133080381775017e+02 8.259669984667092649e+03
3.300000000000000155e-01 1.410358701044864631e+02 5.477605565974609817e+03
3.400000000000000244e-01 9.593932732988139378e+01 3.669302230424083973e+03
3.500000000000000333e-01 6.559979665810266170e+01 2.480332847813639546e+03
3.599999999999999867e-01 4.501194422587764876e+01 1.690217686207030965e+03
3.699999999999999956e-01 3.093462509205823707e+01 1.159976972826235396e+03
3.800000000000000044e-01 2.124522237969067362e+01 8.009107114875218940e+02
3.900000000000000133e-01 1.453889642731284937e+01 5.557448943948422766e+02
4.000000000000000222e-01 9.876667976379387426e+00 3.870901393890378586e+02
4.100000000000000311e-01 6.625154228943118007e+00 2.702855079441394537e+02
4.199999999999999845e-01 4.353455254791382067e+00 1.889072649512315820e+02
4.299999999999999933e-01 2.766100322366498609e+00 1.319176751552390954e+02
4.400000000000000022e-01 1.659002741702228612e+00 9.183520623924243864e+01
4.500000000000000111e-01 8.902519502060455281e-01 6.354809592131336871e+01
4.600000000000000200e-01 3.605700759133623201e-01 4.353753737842620097e+01
4.700000000000000289e-01 1.238332352695437066e-04 2.936433650429087194e+01
4.799999999999999822e-01 -2.404464200710285660e-01 1.932669018598645749e+01
4.899999999999999911e-01 -3.961751963824720058e-01 1.223013595675165988e+01
5.000000000000000000e-01 -4.920160000000000089e-01 7.231680000000000774e+00
5.100000000000000089e-01 -5.457905433066161383e-01 3.733391085916437646e+00
5.200000000000000178e-01 -5.702510212641859200e-01 1.309244845856882833e+00
5.300000000000000266e-01 -5.745306549647570815e-01 -3.455112374605100456e-01
5.400000000000000355e-01 -5.651695436414831963e-01 -1.449628722856632024e+00
5.500000000000000444e-01 -5.468438431547387735e-01 -2.160574982871170668e+00
5.600000000000000533e-01 -5.228864837574340729e-01 -2.591952355866497193e+00
5.700000000000000622e-01 -4.956606019565972243e-01 -2.825839843434210685e+00
5.799999999999999600e-01 -4.668283696801007743e-01 -2.921581099267688053e+00
5.899999999999999689e-01 -4.375451745341143450e-01 -2.922071165461321396e+00
5.999999999999999778e-01 -4.086002873555108494e-01 -2.858273322556031726e+00
6.099999999999999867e-01 -3.805190089338587045e-01 -2.752477247247830494e+00
6.199999999999999956e-01 -3.536369818631011075e-01 -2.620657763338899215e+00
6.300000000000000044e-01 -3.281543195410989711e-01 -2.474188040011780831e+00
6.400000000000000133e-01 -3.041750555744359152e-01 -2.321087501118825003e+00
6.500000000000000222e-01 -2.817358875264085460e-01 -2.166933064067626979e+00
6.600000000000000311e-01 -2.608270954180282319e-01 -2.015525894016615638e+00
6.700000000000000400e-01 -2.414077300174514995e-01 -1.869380029667238041e+00
6.800000000000000488e-01 -2.234165995407816074e-01 -1.730080837814994776e+00
6.900000000000000577e-01 -2.067801732847602547e-01 -1.598548088061226391e+00
7.000000000000000666e-01 -1.914182226894750316e-01 -1.475228977410149245e+00
7.099999999999999645e-01 -1.772478030117522196e-01 -1.360239606818272717e+00
7.199999999999999734e-01 -1.641860198183874298e-01 -1.253468465636333740e+00
7.299999999999999822e-01 -1.521519078785763812e-01 -1.154651883571420345e+00
7.399999999999999911e-01 -1.410676642428047578e-01 -1.063428785841760815e+00
7.500000000000000000e-01 -1.308594140384351234e-01 -9.793801664530964457e-01
7.600000000000000089e-01 -1.214576407750237036e-01 -9.020572842567422533e-01
7.700000000000000178e-01 -1.127973783609971942e-01 -8.310015480678780708e-01
7.800000000000000266e-01 -1.048182363960319108e-01 -7.657582905832985842e-01
7.900000000000000355e-01 -9.746431128365715124e-02 -7.058860636462742644e-01
8.000000000000000444e-01 -9.068402159027752485e-02 -6.509626668412236139e-01
8.100000000000000533e-01 -8.442989559610289407e-02 -6.005888089891009418e-01
8.200000000000000622e-01 -7.865833120696887060e-02 -5.543900696869725753e-01
8.300000000000000711e-01 -7.332934263261267627e-02 -5.120176549035387881e-01
8.399999999999999689e-01 -6.840630397373675953e-02 -4.731483115663904226e-01
8.499999999999999778e-01 -6.385569671570304195e-02 -4.374836697987891654e-01
8.599999999999999867e-01 -5.964686581673807331e-02 -4.047492096457125377e-01
8.699999999999999956e-01 -5.575178739097286923e-02 -3.746929955800420431e-01
8.800000000000000044e-01 -5.214484976296806379e-02 -3.470842821931734989e-01
8.900000000000000133e-01 -4.880264879196979239e-02 -3.217120648144330408e-01
9.000000000000000222e-01 -4.570379774219673896e-02 -2.983836268036220152e-01
9.100000000000000311e-01 -4.282875154344144980e-02 -2.769231189996930742e-01
9.200000000000000400e-01 -4.015964499433632290e-02 -2.571701948460357046e-01
9.300000000000000488e-01 -3.768014427146015866e-02 -2.389787159684932105e-01
9.400000000000000577e-01 -3.537531099311431310e-02 -2.222155366442539193e-01
9.500000000000000666e-01 -3.323147802621093799e-02 -2.067593710578832511e-01
9.599999999999999645e-01 -3.123613620273253330e-02 -1.924997440360146084e-01
9.699999999999999734e-01 -2.937783111707785097e-02 -1.793360237393976375e-01
9.799999999999999822e-01 -2.764606919874542171e-02 -1.671765333105628970e-01
9.899999999999999911e-01 -2.603123228991858010e-02 -1.559377375322829329e-01
1.000000000000000000e+00 -2.452450000000000116e-02 -1.455435000000000201e-01
1.010000000000000009e+00 -2.311777915566136377e-02 -1.359244060408470456e-01
1.020000000000000018e+00 -2.180363971314032770e-02 -1.270171465409772327e-01
1.030000000000000027e+00 -2.057525654765541417e-02 -1.187639579107214044e-01
1.040000000000000036e+00 -1.942635658177006841e-02 -1.111121135784795960e-01
1.050000000000000044e+00 -1.835117075955815594e-02 -1.040134626260011547e-01
1.060000000000000053e+00 -1.734439041602939616e-02 -9.742401143554775544e-02
1.070000000000000062e+00 -1.640112763119593378e-02 -9.130354449582531173e-02
1.080000000000000071e+00 -1.551687919528106641e-02 -8.561528079601624097e-02
1.090000000000000080e+00 -1.468749384587383910e-02 -8.032556251700850858e-02
1.100000000000000089e+00 0.000000000000000000e+00 -7.540357300006114705e-02
1.110000000000000098e+00 0.000000000000000000e+00 -7.082108123179869930e-02
1.120000000000000107e+00 0.000000000000000000e+00 -6.655221032822425387e-02
1.130000000000000115e+00 0.000000000000000000e+00 -6.257322772812651257e-02
1.140000000000000124e+00 0.000000000000000000e+00 -5.886235501735164605e-02
1.150000000000000133e+00 0.000000000000000000e+00 -5.539959549999413924e-02
1.159999999999999920e+00 0.000000000000000000e+00 -5.216657781108778591e-02
1.169999999999999929e+00 0.000000000000000000e+00 -4.914641402855159102e-02
1.179999999999999938e+00 0.000000000000000000e+00 -4.632357089082677487e-02
1.189999999999999947e+00 0.000000000000000000e+00 -4.368375286176854472e-02
1.199999999999999956e+00 0.000000000000000000e+00 -4.121379590691769124e-02
