0.000000000000000000e+00 1.110679411922636505e+21 7.997379917336867032e+23
1.666666666666666644e-02 5.554075047285891400e+20 3.998934034231332711e+23
3.333333333333333287e-02 1.355975345416224480e+17 4.881511257989941658e+19
5.000000000000000278e-02 1.045097136310632750e+15 2.508233211961080640e+17
6.666666666666666574e-02 3.310485444854823047e+13 5.958874932889772000e+15
8.333333333333334259e-02 2.274945841950285645e+12 3.275924386701336250e+14
1.000000000000000056e-01 2.551495809310573120e+11 3.061801597388493750e+13
1.166666666666666824e-01 4.012643006366033173e+10 4.127312473017648438e+12
1.333333333333333315e-01 8.082046372750078201e+09 7.273930184779077148e+11
1.499999999999999944e-01 1.966437820070632458e+09 1.573189037749383240e+11
1.666666666666666852e-01 5.553559793260035515e+08 3.998748542782023621e+10
1.833333333333333481e-01 1.769408626349770725e+08 1.158253560149020004e+10
2.000000000000000111e-01 6.227539200807853043e+07 3.737041193594589710e+09
2.166666666666666741e-01 2.382851630663818121e+07 1.320028822014391661e+09
2.333333333333333648e-01 9.789755526914663613e+06 5.036491071075108647e+08
2.500000000000000000e-01 4.276194663174939342e+06 2.053659077521698475e+08
2.666666666666666630e-01 1.970132683151596924e+06 8.872507176057820022e+07
2.833333333333333814e-01 9.511545735212264117e+05 4.032939822385331988e+07
2.999999999999999889e-01 4.785961190045095864e+05 1.917414295774070919e+07
3.166666666666667074e-01 2.498439962763439689e+05 9.488523972670840099e+06
3.333333333333333703e-01 1.347924501262248377e+05 4.867019738512783311e+06
3.499999999999999778e-01 7.490501450657226087e+04 2.578470788576114923e+06
3.666666666666666963e-01 4.275110394859635562e+04 1.406563486619348172e+06
3.833333333333333592e-01 2.499608834611357088e+04 7.879341482624721248e+05
4.000000000000000222e-01 1.493854455013037659e+04 4.522006576748357038e+05
4.166666666666666852e-01 9.107143415678776364e+03 2.653248253160994500e+05
4.333333333333333481e-01 5.653320522536077988e+03 1.588629537776831712e+05
4.500000000000000666e-01 3.567385916845145402e+03 9.690357382630556822e+04
4.666666666666667296e-01 2.284824097841917592e+03 6.012735187229397707e+04
4.833333333333333370e-01 1.483145950815448941e+03 3.789825548678849736e+04
5.000000000000000000e-01 9.744175717215455279e+02 2.423417734454176389e+04
5.166666666666667185e-01 6.470770043749080287e+02 1.570309104375079914e+04
5.333333333333333259e-01 4.337524000570889484e+02 1.029928071031842956e+04
5.500000000000000444e-01 2.931033661552154399e+02 6.830220477876372570e+03
5.666666666666667629e-01 1.993825979570595450e+02 4.575380047833084973e+03
5.833333333333333703e-01 1.363302668698802904e+02 3.092810588138512230e+03
5.999999999999999778e-01 9.354413981677022605e+01 2.107587464775431272e+03
6.166666666666666963e-01 6.428837488965712055e+01 1.446411491313212991e+03
6.333333333333334147e-01 4.415168895633075152e+01 9.986792717459217101e+02
6.500000000000000222e-01 3.021450491135976790e+01 6.929736817374285920e+02
6.666666666666667407e-01 2.052541045796117913e+01 4.826724973736936590e+02
6.833333333333334592e-01 1.376809272648044313e+01 3.370250759601579489e+02
6.999999999999999556e-01 9.047044511097290354e+00 2.355520559664250015e+02
7.166666666666666741e-01 5.748211344742207629e+00 1.644900820750651178e+02
7.333333333333333925e-01 3.447455563292469716e+00 1.145101615741494925e+02
7.500000000000000000e-01 1.849855575190133772e+00 7.923825608587601721e+01
7.666666666666667185e-01 7.490901367121074461e-01 5.428664209741306479e+01
7.833333333333334370e-01 3.046689942237784982e-05 3.661380459234706564e+01
8.000000000000000444e-01 -4.999034100958494320e-01 2.409770799641004757e+01
8.166666666666666519e-01 -8.235206684592990545e-01 1.524893786500648041e+01
8.333333333333333703e-01 -1.022679923518164502e+00 9.016338355640534985e+00
8.500000000000000888e-01 -1.134418365742379420e+00 4.654330627844463386e+00
8.666666666666666963e-01 -1.185237628509886898e+00 1.631692329342112835e+00
8.833333333333334147e-01 -1.194118340424012992e+00 -4.315810031811038727e-01
9.000000000000001332e-01 -1.174652072744223119e+00 -1.808256461316023467e+00
9.166666666666667407e-01 -1.136556732512568946e+00 -2.694683964560259604e+00
9.333333333333334592e-01 -1.086758727616448983e+00 -3.232516794228558421e+00
9.500000000000001776e-01 -1.030169038912665425e+00 -3.524100867954639060e+00
9.666666666666666741e-01 -9.702419047581994915e-01 -3.643432769804629157e+00
9.833333333333332815e-01 -9.093783686542098454e-01 -3.643998881649751720e+00
1.000000000000000000e+00 -8.492186157734301633e-01 -3.564407582838430066e+00
1.016666666666666607e+00 -7.908542548326442656e-01 -3.432451944108421138e+00
1.033333333333333437e+00 -7.349827531090750155e-01 -3.268050921604121140e+00
1.050000000000000044e+00 -6.820199271852056544e-01 -3.085385590493252117e+00
1.066666666666666652e+00 -6.321819263996392158e-01 -2.894455195168358586e+00
1.083333333333333481e+00 -5.855449677140058817e-01 -2.702213394885171649e+00
1.100000000000000089e+00 -5.420888081112533730e-01 -2.513399654261685878e+00
1.116666666666666696e+00 -5.017283084587437214e-01 -2.331148520447003047e+00
1.133333333333333526e+00 -4.643362656397200805e-01 -2.157436586267527989e+00
1.150000000000000133e+00 -4.297598374740916327e-01 -1.993410521824835469e+00
1.166666666666666741e+00 -3.978322655941397001e-01 -1.839627758938349844e+00
1.183333333333333348e+00 -3.683811498081649982e-01 -1.696232899196395305e+00
1.199999999999999956e+00 -3.412341971082514247e-01 -1.563086748894805922e+00
1.216666666666666785e+00 -3.162231260968807467e-01 -1.439860399787596945e+00
1.233333333333333393e+00 -2.931862293131350383e-01 -1.326103502684438551e+00
1.250000000000000000e+00 -2.719699644780146919e-01 -1.221293485897642972e+00
1.266666666666666829e+00 -2.524298485489196442e-01 -1.124870712036868392e+00
1.283333333333333437e+00 -2.344308565854397175e-01 -1.036263271863185231e+00
1.300000000000000044e+00 -2.178474741492330835e-01 -9.549041580961504794e-01
1.316666666666666874e+00 -2.025635124338969750e-01 -8.802428548221978843e-01
1.333333333333333481e+00 -1.884717659801724843e-01 -8.117528537403606581e-01
1.350000000000000089e+00 -1.754735710509860991e-01 -7.489362189282792182e-01
1.366666666666666918e+00 -1.634783065798626200e-01 -6.913260319930468745e-01
1.383333333333333526e+00 -1.524028676288728124e-01 -6.384873335904436287e-01
1.399999999999999911e+00 -1.421711324325848902e-01 -5.900170163492767239e-01
1.416666666666666741e+00 -1.327134375697539559e-01 -5.455430041872886271e-01
1.433333333333333348e+00 -1.239660710040538516e-01 -5.047229634544679877e-01
1.449999999999999956e+00 -1.158707892281936741e-01 -4.672427245691824771e-01
1.466666666666666785e+00 -1.083743622028338627e-01 -4.328145430778735925e-01
1.483333333333333393e+00 -1.014281479563097499e-01 -4.011752920861865190e-01
1.500000000000000000e+00 -9.498769741873207273e-02 -3.720846505777169466e-01
1.516666666666666829e+00 -8.901238916628978481e-02 -3.453233318605438140e-01
1.533333333333333437e+00 -8.346509314495545451e-02 -3.206913814659075324e-01
1.550000000000000044e+00 -7.831186204970853881e-02 -2.980065629203356159e-01
1.566666666666666874e+00 -7.352164879780957729e-02 -2.771028419099628715e-01
1.583333333333333481e+00 -6.906604840920889388e-02 -2.578289736927927289e-01
1.600000000000000089e+00 -6.491906256152767118e-02 -2.400471946188966199e-01
1.616666666666666696e+00 -6.105688509717682039e-02 -2.236320158596174223e-01
1.633333333333333304e+00 -5.745770680829139637e-02 -2.084691156010929081e-01
1.650000000000000133e+00 -5.410153789815692199e-02 -1.944543247816907516e-01
1.666666666666666741e+00 -5.097004660611854920e-02 -1.814927007648183543e-01
1.683333333333333348e+00 -4.804641257965779760e-02 -1.694976830013893154e-01
1.700000000000000178e+00 -4.531519367743994803e-02 -1.583903246479552163e-01
1.716666666666666785e+00 -4.276220498719274926e-02 -1.480985941911790726e-01
1.733333333333333393e+00 -4.037440893988497592e-02 -1.385567413306777740e-01
1.750000000000000222e+00 -3.813981549524839837e-02 -1.297047216488577959e-01
1.766666666666666829e+00 -3.604739146224240909e-02 -1.214876749179597537e-01
1.783333333333333437e+00 -3.408697810103744619e-02 -1.138554522392400542e-01
1.800000000000000266e+00 -3.224921623024411266e-02 -1.067621875614689492e-01
1.816666666666666874e+00 -3.052547813441072733e-02 -1.001659094748270779e-01
1.833333333333333481e+00 0.000000000000000000e+00 -9.402818951442566686e-02
1.850000000000000311e+00 0.000000000000000000e+00 -8.831382353023892184e-02
1.866666666666666918e+00 0.000000000000000000e+00 -8.299054298427160914e-02
1.883333333333333526e+00 0.000000000000000000e+00 -7.802875331972429496e-02
1.900000000000000355e+00 0.000000000000000000e+00 -7.340129681016739627e-02
1.916666666666666963e+00 0.000000000000000000e+00 -6.908323753939160650e-02
1.933333333333333348e+00 0.000000000000000000e+00 -6.505166638523389444e-02
1.949999999999999956e+00 0.000000000000000000e+00 -6.128552408416316349e-02
1.966666666666666563e+00 0.000000000000000000e+00 -5.776544063882119856e-02
1.983333333333333393e+00 0.000000000000000000e+00 -5.447358949922355420e-02
2.000000000000000000e+00 0.000000000000000000e+00 -5.139355510116338371e-02
