0.000000000000000000e+00 6.273734069246664376e+20 7.528940441546633941e+23
1.000000000000000021e-02 3.137249999708949053e+20 3.764699999825369214e+23
2.000000000000000042e-02 7.659301712335934400e+16 4.595581041044529971e+19
2.999999999999999889e-02 5.903288959309785000e+14 2.361315663573022080e+17
4.000000000000000083e-02 1.869946007644652734e+13 5.609839088790892000e+15
5.000000000000000278e-02 1.285015737279999268e+12 3.084040004735998125e+14
5.999999999999999778e-02 1.441226515341955261e+11 2.882459268895501562e+13
7.000000000000000666e-02 2.266563588126319504e+10 3.885558784366669434e+12
8.000000000000000167e-02 4.565188578255473137e+09 6.847866137456147461e+11
8.999999999999999667e-02 1.110753274315554619e+09 1.481040876548937073e+11
1.000000000000000056e-01 3.136958949999998212e+08 3.764525369999997711e+10
1.100000000000000006e-01 9.994602427244746685e+07 1.090409877592522812e+10
1.199999999999999956e-01 3.517659931669209898e+07 3.518147291949773788e+09
1.300000000000000044e-01 1.345966907046227716e+07 1.242709292517538786e+09
1.400000000000000133e-01 5.529797463604358956e+06 4.741483016246310472e+08
1.499999999999999944e-01 2.415432149796498008e+06 1.933367788424304128e+08
1.600000000000000033e-01 1.112840305695499061e+06 8.352807767164447904e+07
1.700000000000000122e-01 5.372648966208479833e+05 3.796713846700065583e+07
1.799999999999999933e-01 2.703376475099863601e+05 1.805103389248661324e+07
1.900000000000000022e-01 1.411257507654101646e+05 8.932741671402337030e+06
2.000000000000000111e-01 7.613825195312495634e+04 4.581938085937497206e+06
2.099999999999999922e-01 4.231050504739549797e+04 2.427438948743631132e+06
2.200000000000000011e-01 2.414819248222458918e+04 1.324175135564898839e+06
2.300000000000000100e-01 1.411917491036507818e+04 7.417815013066856191e+05
2.399999999999999911e-01 8.438116543745432864e+03 4.257133293791789329e+05
2.500000000000000000e-01 5.144218009600000187e+03 2.497836023808000027e+05
2.600000000000000089e-01 3.193307534733641660e+03 1.495576543514501536e+05
2.700000000000000178e-01 2.015056208166167153e+03 9.122750019211435574e+04
2.800000000000000266e-01 1.290594357799299587e+03 5.660542025590975391e+04
2.899999999999999800e-01 8.377622454236487783e+02 3.567837903373654262e+04
2.999999999999999889e-01 5.504043816717191930e+02 2.281466635054504150e+04
3.099999999999999978e-01 3.655043900636811713e+02 1.478328407045828681e+04
3.200000000000000067e-01 2.450069177162283154e+02 9.695999605624503602e+03
3.300000000000000155e-01 1.655606215439508162e+02 6.430138419885160147e+03
3.400000000000000244e-01 1.126219988407053592e+02 4.307374772499855681e+03
3.500000000000000333e-01 7.700659911478408048e+01 2.911646691212547466e+03
3.599999999999999867e-01 5.283866625209267198e+01 1.984133082003513891e+03
3.699999999999999956e-01 3.631342483645381947e+01 1.361685659537176434e+03
3.800000000000000044e-01 2.493913885728178315e+01 9.401795651280710899e+02
3.900000000000000133e-01 1.706667034263850269e+01 6.523809007424817992e+02
4.000000000000000222e-01 1.159375429153441672e+01 4.543983221054073738e+02
4.100000000000000311e-01 7.776864914505138060e+00 3.172823968538248778e+02
4.199999999999999845e-01 5.110170663945929448e+00 2.217533384422227414e+02
4.299999999999999933e-01 3.246819999842013971e+00 1.548539792661114802e+02
4.400000000000000022e-01 1.947236837794558362e+00 1.078017730471908635e+02
4.500000000000000111e-01 1.044833426973568180e+00 7.459604214524962629e+01
4.600000000000000200e-01 4.230683497848390928e-01 5.110607570623484719e+01
4.700000000000000289e-01 -3.496082876663919592e-05 3.446851727508891372e+01
4.799999999999999822e-01 -2.824191845363421827e-01 2.268563126086690218e+01
4.899999999999999911e-01 -4.652108316814256295e-01 1.435524728275534301e+01
5.000000000000000000e-01 -5.777023999999999493e-01 8.487782400000000393e+00
5.100000000000000089e-01 -6.408144449235448903e-01 4.381331331514978444e+00
5.200000000000000178e-01 -6.695164717496004947e-01 1.535789190794488945e+00
5.300000000000000266e-01 -6.745297190305492574e-01 -4.065887566789179175e-01
5.400000000000000355e-01 -6.635313983254454984e-01 -1.702591436257719693e+00
5.500000000000000444e-01 -6.420106703295720418e-01 -2.537066854574970165e+00
5.600000000000000533e-01 -6.138799101229581723e-01 -3.043370337926758928e+00
5.700000000000000622e-01 -5.819130744384173326e-01 -3.317852366050566992e+00
5.799999999999999600e-01 -5.480612765928608576e-01 -3.430174723154821415e+00
5.899999999999999689e-01 -5.136807316894733688e-01 -3.430690441226864618e+00
5.999999999999999778e-01 -4.796978837667305040e-01 -3.355746084113758965e+00
6.099999999999999867e-01 -4.467293137635354738e-01 -3.231506460965842376e+00
6.199999999999999956e-01 -4.151689724741751686e-01 -3.076723532819331641e+00
6.300000000000000044e-01 -3.852517211364382965e-01 -2.904747510364468877e+00
6.400000000000000133e-01 -3.570996398772782743e-01 -2.724991753433807951e+00
6.500000000000000222e-01 -3.307557689813863111e-01 -2.544002456745015017e+00
6.600000000000000311e-01 -3.062086642627745436e-01 -2.366241338047300413e+00
6.700000000000000400e-01 -2.834102258744028990e-01 -2.194659223781090240e+00
6.800000000000000488e-01 -2.622885949841067266e-01 -2.031116828729494728e+00
6.900000000000000577e-01 -2.427574313297738706e-01 -1.876693570935099586e+00
7.000000000000000666e-01 -2.247225348214200724e-01 -1.731914156157760676e+00
7.099999999999999645e-01 -2.080865192514600726e-01 -1.596914651214792702e+00
7.199999999999999734e-01 -1.927520595599397091e-01 -1.471563959329009963e+00
7.299999999999999822e-01 -1.786240971915291076e-01 -1.355552388933417340e+00
7.399999999999999911e-01 -1.656112873711657052e-01 -1.248455927148350186e+00
7.500000000000000000e-01 -1.536268978690014386e-01 -1.149782574408824365e+00
7.600000000000000089e-01 -1.425893139614789751e-01 -1.059005441223893396e+00
7.700000000000000178e-01 -1.324222636893249982e-01 -9.755860891089269682e-01
7.800000000000000266e-01 -1.230548474183039559e-01 -8.989906979036776935e-01
7.900000000000000355e-01 -1.144214333817678425e-01 -8.287009758730641273e-01
8.000000000000000444e-01 -1.064614643109961928e-01 -7.642212352948261067e-01
8.100000000000000533e-01 -9.911920795640792592e-02 -7.050826895049553400e-01
8.200000000000000622e-01 -9.234347517420984919e-02 -6.508457545309951353e-01
8.300000000000000711e-01 -8.608732248764267014e-02 -6.011009352087418600e-01
8.399999999999999689e-01 -8.030775102760480399e-02 -5.554687241595627212e-01
8.499999999999999778e-01 -7.496541006631005089e-02 -5.135988289880851765e-01
8.599999999999999867e-01 -7.002431064613219569e-02 -4.751689587555554262e-01
8.699999999999999956e-01 -6.545155282490430770e-02 -4.398833379254417086e-01
8.800000000000000044e-01 -6.121706862258616266e-02 -4.074710691569050636e-01
8.900000000000000133e-01 -5.729338172315191074e-02 -3.776844315056090418e-01
9.000000000000000222e-01 -5.365538425553252611e-02 -3.502971747668311986e-01
9.100000000000000311e-01 -5.028013047037338534e-02 -3.251028516078058872e-01
9.200000000000000400e-01 -4.714664678672846748e-02 -3.019132150943867887e-01
9.300000000000000488e-01 -4.423575746079238397e-02 -2.805566989529276190e-01
9.400000000000000577e-01 -4.152992499458425801e-02 -2.608769904688119645e-01
9.500000000000000666e-01 -3.901310433164744546e-02 -2.427317005919402415e-01
9.599999999999999645e-01 -3.667060986105581677e-02 -2.259911320579207628e-01
9.699999999999999734e-01 -3.448899425674571695e-02 -2.105371437365049503e-01
9.799999999999999822e-01 -3.245593820637628774e-02 -1.962621076812781362e-01
9.899999999999999911e-01 -3.056015012516057061e-02 -1.830679542478443611e-01
1.000000000000000000e+00 -2.879127499999999812e-02 -1.708652999999999977e-01
1.010000000000000009e+00 -2.713981156387737514e-02 -1.595726528060261440e-01
1.020000000000000018e+00 -2.559703705701976348e-02 -1.491156884441788844e-01
1.030000000000000027e+00 -2.415493888786421697e-02 -1.394265931162175232e-01
1.040000000000000036e+00 -2.280615256199638313e-02 -1.304434664574050939e-01
1.050000000000000044e+00 -2.154390530009128377e-02 -1.221097798918487631e-01
1.060000000000000053e+00 -2.036196481590858698e-02 -1.143738854848323910e-01
1.070000000000000062e+00 -1.925459277226679311e-02 -1.071885707683401523e-01
1.080000000000000071e+00 -1.821650247650154208e-02 -1.005106553476129427e-01
1.090000000000000080e+00 -1.724282041718642328e-02 -9.430062542506385814e-02
1.100000000000000089e+00 0.000000000000000000e+00 -8.852230269623356795e-02
1.110000000000000098e+00 0.000000000000000000e+00 -8.314254437615051230e-02
1.120000000000000107e+00 0.000000000000000000e+00 -7.813097140069998059e-02
1.130000000000000115e+00 0.000000000000000000e+00 -7.345972211492506065e-02
1.140000000000000124e+00 0.000000000000000000e+00 -6.910322900802159940e-02
1.150000000000000133e+00 0.000000000000000000e+00 -6.503801628324110129e-02
1.159999999999999920e+00 0.000000000000000000e+00 -6.124251626051393366e-02
1.169999999999999929e+00 0.000000000000000000e+00 -5.769690280117758391e-02
1.179999999999999938e+00 0.000000000000000000e+00 -5.438294011875231121e-02
1.189999999999999947e+00 0.000000000000000000e+00 -5.128384549834962697e-02
1.199999999999999956e+00 0.000000000000000000e+00 -4.838416459118987517e-02
