0.000000000000000000e+00 1.618152447255750246e+20 1.941901468352849935e+23
1.000000000000000021e-02 8.091749998719922995e+19 9.710099999231952342e+22
2.000000000000000042e-02 1.975524882342577600e+16 1.185314935405897933e+19
2.999999999999999889e-02 1.522605344116342188e+14 6.090421727651924800e+16
4.000000000000000083e-02 4.823055718429564453e+12 1.446917184306335000e+15
5.000000000000000278e-02 3.314372607519998169e+11 7.954504089023995312e+13
5.999999999999999778e-02 3.717271195653806305e+10 7.434569827757371094e+12
7.000000000000000666e-02 5.845987647645746231e+09 1.002178637131818359e+12
8.000000000000000167e-02 1.177455769505351543e+09 1.766220277497544250e+11
8.999999999999999667e-02 2.864810039514490366e+08 3.819907298482479095e+10
1.000000000000000056e-01 8.090469924999995530e+07 9.709331954999994278e+09
1.100000000000000006e-01 2.577558350241766497e+07 2.812275965154297829e+09
1.199999999999999956e-01 9.071149168259104714e+06 9.073292640896599293e+08
1.300000000000000044e-01 3.470487501424449496e+06 3.204750929414898157e+08
1.400000000000000133e-01 1.425569570098414784e+06 1.222645376466438472e+08
1.499999999999999944e-01 6.225354238908931147e+05 4.984778579055815190e+07
1.600000000000000033e-01 2.867137249477308942e+05 2.153214127695263550e+07
1.700000000000000122e-01 1.383546934234758082e+05 9.784930997180448845e+06
1.799999999999999933e-01 6.957117460317448422e+04 4.650623551395878196e+06
1.900000000000000022e-01 3.628732483883304667e+04 2.300423382566858549e+06
2.000000000000000111e-01 1.955523730468748909e+04 1.179314589843749302e+06
2.099999999999999922e-01 1.085121003762669170e+04 6.243334828369254246e+05
2.200000000000000011e-01 6.181729749469996023e+03 3.402643881785349222e+05
2.300000000000000100e-01 3.605926710677289975e+03 1.903910610489366518e+05
2.399999999999999911e-01 2.148699124984044374e+03 1.091095442472457216e+05
2.500000000000000000e-01 1.305138503680000213e+03 6.390501310463999835e+04
2.600000000000000089e-01 8.064967811942051412e+02 3.817918228710539552e+04
2.700000000000000178e-01 5.060689012977124435e+02 2.322619501800994112e+04
2.800000000000000266e-01 3.218908842607847873e+02 1.436454399896475479e+04
2.899999999999999800e-01 2.071799112224778412e+02 9.018208514587635364e+03
2.999999999999999889e-01 1.347012241245971609e+02 5.739235521911184151e+03
3.099999999999999978e-01 8.830782498175256023e+01 3.697528459799033044e+03
3.200000000000000067e-01 5.826311598666754321e+01 2.408397364131452832e+03
3.300000000000000155e-01 3.860312138099754975e+01 1.583964101100644029e+03
3.400000000000000244e-01 2.562115107771628431e+01 1.050505168504263111e+03
3.500000000000000333e-01 1.698211796595172274e+01 7.016182120160098066e+02
3.599999999999999867e-01 1.119645079710700486e+01 4.712247493638189439e+02
3.699999999999999956e-01 7.302844928437027150e+00 3.177538822939932857e+02
3.800000000000000044e-01 4.674220290750356277e+00 2.147346136925534381e+02
3.900000000000000133e-01 2.897449723155133050e+00 1.451196070431761314e+02
4.000000000000000222e-01 1.697875738143919566e+00 9.781401872634882011e+01
4.100000000000000311e-01 8.913781896895978107e-01 6.552573624552604770e+01
4.199999999999999845e-01 3.535998835862752543e-01 4.341799311117146232e+01
4.299999999999999933e-01 -1.721861471226660001e-05 2.825531097588798346e+01
4.400000000000000022e-01 -2.273092064761406128e-01 1.785635422812726247e+01
4.500000000000000111e-01 -3.680347943176003334e-01 1.073986743579865077e+01
4.600000000000000200e-01 -4.496387151284758632e-01 5.893375676266490615e+00
4.700000000000000289e-01 -4.911249869251551603e-01 2.620724482065355687e+00
4.799999999999999822e-01 -5.056793530482524002e-01 4.407349085087357565e-01
4.899999999999999911e-01 -5.024571376043743820e-01 -9.807013119376897237e-01
5.000000000000000000e-01 -4.878099199999999525e-01 -1.876462079999999588e+00
5.100000000000000089e-01 -4.661321147053864022e-01 -2.409358241147051771e+00
5.200000000000000178e-01 -4.404483476888887417e-01 -2.693458855412390385e+00
5.300000000000000266e-01 -4.128229411513409941e-01 -2.808773993983674444e+00
5.400000000000000355e-01 -3.846465847775188962e-01 -2.811421811892312661e+00
5.500000000000000444e-01 -3.568377517979463009e-01 -2.740705803787589101e+00
5.600000000000000533e-01 -3.299846327726362882e-01 -2.624064994103518345e+00
5.700000000000000622e-01 -3.044453776209167795e-01 -2.480551444471286615e+00
5.799999999999999600e-01 -2.804189945470370038e-01 -2.323282684575546320e+00
5.899999999999999689e-01 -2.579955216320083955e-01 -2.161177074459945224e+00
5.999999999999999778e-01 -2.371915112784157009e-01 -2.000185249573800395e+00
6.099999999999999867e-01 -2.179750807840477866e-01 -1.844165946257941169e+00
6.199999999999999956e-01 -2.002835361238473888e-01 -1.695509903892266967e+00
6.300000000000000044e-01 -1.840357026702283683e-01 -1.555584694678792124e+00
6.400000000000000133e-01 -1.691404817321544851e-01 -1.425051886919925348e+00
6.500000000000000222e-01 -1.555027170939530246e-01 -1.304092962937293709e+00
6.600000000000000311e-01 -1.430271471989849053e-01 -1.192569892461612824e+00
6.700000000000000400e-01 -1.316209988516219287e-01 -1.090138843250654910e+00
6.800000000000000488e-01 -1.211956212622682799e-01 -9.963302566766547574e-01
6.900000000000000577e-01 -1.116674467134600029e-01 -9.106047806631941688e-01
7.000000000000000666e-01 -1.029584832722090088e-01 -8.323918870284301441e-01
7.099999999999999645e-01 -9.499648677186225965e-02 -7.611160921256397982e-01
7.199999999999999734e-01 -8.771491732486474957e-02 -6.962143294228594348e-01
7.299999999999999822e-01 -8.105275534313582941e-02 -6.371470360163515867e-01
7.399999999999999911e-01 -7.495423017594275705e-02 -5.834048029474415697e-01
7.500000000000000000e-01 -6.936849869001450453e-02 -5.345119241705476032e-01
7.600000000000000089e-01 -6.424929973339676970e-02 -4.900278059433114120e-01
7.700000000000000178e-01 -5.955460223191488822e-02 -4.495469278358077969e-01
7.800000000000000266e-01 -5.524625878933212692e-02 -4.126978501848953540e-01
7.900000000000000355e-01 -5.128967246472819486e-02 -3.791416202813305825e-01
8.000000000000000444e-01 -4.765348142245782320e-02 -3.485698261647483531e-01
8.100000000000000533e-01 -4.430926405610182556e-02 -3.207024719684373193e-01
8.200000000000000622e-01 -4.123126573398699923e-02 -2.952857945752954127e-01
8.300000000000000711e-01 -3.839614732218590842e-02 -2.720901022981679906e-01
8.399999999999999689e-01 -3.578275498164286417e-02 -2.509076882858075064e-01
8.499999999999999778e-01 -3.337191031458079660e-02 -2.315508513895334908e-01
8.599999999999999867e-01 -3.114621968266667595e-02 -2.138500431191792672e-01
8.699999999999999956e-01 -2.908990138536551862e-02 -1.976521494702198345e-01
8.800000000000000044e-01 -2.718862933506294502e-02 -1.828189096455727636e-01
8.900000000000000133e-01 -2.542939186950817637e-02 -1.692254691673391875e-01
9.000000000000000222e-01 -2.380036438293062911e-02 -1.567590619473980262e-01
9.100000000000000311e-01 -2.229079452121037960e-02 -1.453178141015873115e-01
9.200000000000000400e-01 -2.089089876408290608e-02 -1.348096613143915656e-01
9.300000000000000488e-01 -1.959176930175534834e-02 -1.251513711448679622e-01
9.400000000000000577e-01 -1.838529019982598073e-02 -1.162676616322103618e-01
9.500000000000000666e-01 -1.726406193186907218e-02 -1.080904077823207771e-01
9.599999999999999645e-01 -1.622133344140920183e-02 -1.005579279026537348e-01
9.699999999999999734e-01 -1.525094097298056693e-02 -9.361434223556916456e-02
9.799999999999999822e-01 -1.434725298482327285e-02 -8.720899687406327705e-02
9.899999999999999911e-01 -1.350512052317445061e-02 -8.129594649580607069e-02
1.000000000000000000e+00 -1.271983250000000010e-02 -7.583349000000000339e-02
1.010000000000000009e+00 -1.198707537249489238e-02 -7.078375366223466081e-02
1.020000000000000018e+00 -1.130289677398476841e-02 -6.611231692617434985e-02
1.030000000000000027e+00 -1.066367269228777302e-02 -6.178787642232382721e-02
1.040000000000000036e+00 -1.006607783348076671e-02 -5.778194424070023233e-02
1.050000000000000044e+00 -9.507058846710925853e-03 -5.406857688528881462e-02
1.060000000000000053e+00 -8.983810119555945065e-03 -5.062413170421906777e-02
1.070000000000000062e+00 -8.493751883807356198e-03 -4.742704792203081277e-02
1.080000000000000071e+00 -8.034510398758663158e-03 -4.445764970107458219e-02
1.090000000000000080e+00 -7.603900003430544285e-03 -4.169796893015761258e-02
1.100000000000000089e+00 0.000000000000000000e+00 -3.913158568228217171e-02
1.110000000000000098e+00 0.000000000000000000e+00 -3.674348450202200023e-02
1.120000000000000107e+00 0.000000000000000000e+00 -3.451992487898447592e-02
1.130000000000000115e+00 0.000000000000000000e+00 -3.244832443905330127e-02
1.140000000000000124e+00 0.000000000000000000e+00 -3.051715354170902311e-02
1.150000000000000133e+00 0.000000000000000000e+00 -2.871584011155333890e-02
1.159999999999999920e+00 0.000000000000000000e+00 -2.703468365693682124e-02
1.169999999999999929e+00 0.000000000000000000e+00 -2.546477753987999582e-02
1.179999999999999938e+00 0.000000000000000000e+00 -2.399793866071353934e-02
1.189999999999999947e+00 0.000000000000000000e+00 -2.262664380933165215e-02
1.199999999999999956e+00 0.000000000000000000e+00 -2.134397201382179365e-02
