0.000000000000000000e+00 1.301191143679045927e+21 1.561524686207144490e+24
1.000000000000000021e-02 6.506749999396373135e+20 7.808099999637822536e+23
2.000000000000000042e-02 1.588562002287108800e+17 9.531372042017574093e+19
2.999999999999999889e-02 1.224359723837148000e+15 4.897439060952158080e+17
4.000000000000000083e-02 3.878323750228880469e+13 1.163497346122741200e+16
5.000000000000000278e-02 2.665160936799998535e+12 6.396390884159996250e+14
5.999999999999999778e-02 2.989146746398442993e+11 5.978306430575521094e+13
7.000000000000000666e-02 4.700920434374250031e+10 8.058764722308796875e+12
8.000000000000000167e-02 9.468337176553901672e+09 1.420267846332862305e+12
8.999999999999999667e-02 2.303735398922799110e+09 3.071722920359127197e+11
1.000000000000000056e-01 6.506146374999996424e+08 7.807737824999995422e+10
1.100000000000000006e-01 2.072910342560835183e+08 2.261542590380563354e+10
1.199999999999999956e-01 7.295731607286207378e+07 7.296742371242075920e+09
1.300000000000000044e-01 2.791575523578815907e+07 2.577416129797605991e+09
1.400000000000000133e-01 1.146896502888956666e+07 9.833977208585915565e+08
1.499999999999999944e-01 5.009678453864119016e+06 4.009862488742872477e+08
1.600000000000000033e-01 2.308064087583260611e+06 1.732397272701290846e+08
1.700000000000000122e-01 1.114303496341169113e+06 7.874497984705300629e+07
1.799999999999999933e-01 5.606884006977403769e+05 3.743838436583525687e+07
1.900000000000000022e-01 2.926990585151214036e+05 1.852677388523783162e+07
2.000000000000000111e-01 1.579130371093749127e+05 9.503077148437494412e+06
2.099999999999999922e-01 8.775327337705006357e+04 5.034581437116914429e+06
2.200000000000000011e-01 5.008408975271060626e+04 2.746379209921802394e+06
2.300000000000000100e-01 2.928360399882403362e+04 1.538477317808839958e+06
2.399999999999999911e-01 1.750091637902045477e+04 8.829424123562453315e+05
2.500000000000000000e-01 1.066927022079999915e+04 5.180588457983999979e+05
2.600000000000000089e-01 6.623021916836899436e+03 3.101871920890394831e+05
2.700000000000000178e-01 4.179292147860521254e+03 1.892086768685739662e+05
2.800000000000000266e-01 2.676735597374311510e+03 1.174014236780975334e+05
2.899999999999999800e-01 1.737547458352314834e+03 7.399809579044325801e+04
2.999999999999999889e-01 1.141558023374185041e+03 4.731835660026232654e+04
3.099999999999999978e-01 7.580694065341691612e+02 3.066101836414742866e+04
3.200000000000000067e-01 5.081536399553774572e+02 2.010982947789340687e+04
3.300000000000000155e-01 3.433793183461442027e+02 1.333632881285819894e+04
3.400000000000000244e-01 2.335827657077437891e+02 8.933648068406411767e+03
3.500000000000000333e-01 1.597151443429540336e+02 6.038861946532247202e+03
3.599999999999999867e-01 1.095899504844694832e+02 4.115167510830502579e+03
3.699999999999999956e-01 7.531595843276537039e+01 2.824190149621644650e+03
3.800000000000000044e-01 5.172522714134437649e+01 1.949971647133364286e+03
3.900000000000000133e-01 3.539739037028562763e+01 1.353066776371343622e+03
4.000000000000000222e-01 2.404631376266478071e+01 9.424434900283806655e+02
4.100000000000000311e-01 1.612989958148143899e+01 6.580597320754460497e+02
4.199999999999999845e-01 1.059903565492272293e+01 4.599285957191873422e+02
4.299999999999999933e-01 6.734339571855411322e+00 3.211764861839002378e+02
4.400000000000000022e-01 4.038921795626057687e+00 2.235881068647010466e+02
4.500000000000000111e-01 2.167273070751143393e+00 1.547178466593310873e+02
4.600000000000000200e-01 8.776819683358212387e-01 1.059984667740054647e+02
4.700000000000000289e-01 1.257811919277429524e-04 7.149126347404373405e+01
4.799999999999999822e-01 -5.855710454444169599e-01 4.705285984219062101e+01
4.899999999999999911e-01 -9.647067060719924925e-01 2.977510159747733098e+01
5.000000000000000000e-01 -1.198035200000000078e+00 1.760555519999999774e+01
5.100000000000000089e-01 -1.328946787061247026e+00 9.088440818108260544e+00
5.200000000000000178e-01 -1.388489005076054328e+00 3.186519988252960900e+00
5.300000000000000266e-01 -1.398898305342733739e+00 -8.421854814216196417e-01
5.400000000000000355e-01 -1.376097691435818060e+00 -3.530267558853630305e+00
5.500000000000000444e-01 -1.331472047026893257e+00 -5.261109899673105161e+00
5.600000000000000533e-01 -1.273135924577446065e+00 -6.311298233814293113e+00
5.700000000000000622e-01 -1.206842737295200418e+00 -6.880668669235632251e+00
5.799999999999999600e-01 -1.136639275184503584e+00 -7.113703780736342352e+00
5.899999999999999689e-01 -1.065338473669974251e+00 -7.114838900197916871e+00
5.999999999999999778e-01 -9.948618950939522865e-01 -6.959459266762445750e+00
6.099999999999999867e-01 -9.264884237825739000e-01 -6.701832641184165773e+00
6.199999999999999956e-01 -8.610351917627927509e-01 -6.380852137050194273e+00
6.300000000000000044e-01 -7.989893654742805662e-01 -6.024207327319232697e+00
6.400000000000000133e-01 -7.406041922336209504e-01 -5.651422514015139953e+00
6.500000000000000222e-01 -6.859689817760485919e-01 -5.276075308517525819e+00
6.600000000000000311e-01 -6.350600357893886327e-01 -4.907419966779739795e+00
6.700000000000000400e-01 -5.877776262060244727e-01 -4.551577036902827444e+00
6.800000000000000488e-01 -5.439727439764217021e-01 -4.212406080161715138e+00
6.900000000000000577e-01 -5.034663415733441338e-01 -3.892146171922634679e+00
7.000000000000000666e-01 -4.660630668825319622e-01 -3.591885852565757986e+00
7.099999999999999645e-01 -4.315609570343720280e-01 -3.311907575250186753e+00
7.199999999999999734e-01 -3.997581736844913469e-01 -3.051939655042146704e+00
7.299999999999999822e-01 -3.704575772938338840e-01 -2.811339968002744438e+00
7.399999999999999911e-01 -3.434697290817594895e-01 -2.589229260303362423e+00
7.500000000000000000e-01 -3.186147553147009592e-01 -2.384587251016011322e+00
7.600000000000000089e-01 -2.957233948025847492e-01 -2.196321278656234277e+00
7.700000000000000178e-01 -2.746374662561630875e-01 -2.023314713418720157e+00
7.800000000000000266e-01 -2.552099297398380262e-01 -1.864460490761202349e+00
7.900000000000000355e-01 -2.373046701474588460e-01 -1.718683741058316672e+00
8.000000000000000444e-01 -2.207960962550713779e-01 -1.584956466103903505e+00
8.100000000000000533e-01 -2.055686233875538282e-01 -1.462306452616630503e+00
8.200000000000000622e-01 -1.915160888028937525e-01 -1.349822047017277926e+00
8.300000000000000711e-01 -1.785411348659080855e-01 -1.246653994226113671e+00
8.399999999999999689e-01 -1.665545847037183391e-01 -1.152015228970790339e+00
8.499999999999999778e-01 -1.554748273795769353e-01 -1.065179273689932149e+00
8.599999999999999867e-01 -1.452272239977227264e-01 -9.854777222645150214e-01
8.699999999999999956e-01 -1.357435420433762696e-01 -9.122971584357250086e-01
8.800000000000000044e-01 -1.269614222828148176e-01 -8.450757606577773418e-01
8.900000000000000133e-01 -1.188238804099069484e-01 -7.832997729226428563e-01
9.000000000000000222e-01 -1.112788441113144455e-01 -7.264999675313237315e-01
9.100000000000000311e-01 -1.042787251708055529e-01 -6.742481861959030986e-01
9.200000000000000400e-01 -9.778002552241141232e-02 -6.261540167323249584e-01
9.300000000000000488e-01 -9.174297570162537330e-02 -5.818616413147273958e-01
9.400000000000000577e-01 -8.613120386548610286e-02 -5.410468768317137078e-01
9.500000000000000666e-01 -8.091143340539996842e-02 -5.034144168273894104e-01
9.599999999999999645e-01 -7.605320712306683217e-02 -4.686952767078584325e-01
9.699999999999999734e-01 -7.152863595172316569e-02 -4.366444385067224099e-01
9.799999999999999822e-01 -6.731217026127046810e-02 -4.070386878990421842e-01
9.899999999999999911e-01 -6.338039187136498831e-02 -3.796746338574034096e-01
1.000000000000000000e+00 -5.971182499999999616e-02 -3.543669000000000402e-01
1.010000000000000009e+00 -5.628676448838264290e-02 -3.309464760221776936e-01
1.020000000000000018e+00 -5.308711976019241802e-02 -3.092592174304166219e-01
1.030000000000000027e+00 -5.009627309052252370e-02 -2.891644819629783925e-01
1.040000000000000036e+00 -4.729895087415041111e-02 -2.705338914745090695e-01
1.050000000000000044e+00 -4.468110669240574206e-02 -2.532502086019031706e-01
1.060000000000000053e+00 -4.222981508164450060e-02 -2.372063181565982892e-01
1.070000000000000062e+00 -3.993317500354526262e-02 -2.223043038614932465e-01
1.080000000000000071e+00 -3.778022210782441825e-02 -2.084546117384301900e-01
1.090000000000000080e+00 -3.576084896148982312e-02 -1.955752921333925864e-01
1.100000000000000089e+00 0.000000000000000000e+00 -1.835913130267840809e-01
1.110000000000000098e+00 0.000000000000000000e+00 -1.724339379059457167e-01
1.120000000000000107e+00 0.000000000000000000e+00 -1.620401620706867774e-01
1.130000000000000115e+00 0.000000000000000000e+00 -1.523522017969920761e-01
1.140000000000000124e+00 0.000000000000000000e+00 -1.433170312980537875e-01
1.150000000000000133e+00 0.000000000000000000e+00 -1.348859628955610956e-01
1.159999999999999920e+00 0.000000000000000000e+00 -1.270142662488647767e-01
1.169999999999999929e+00 0.000000000000000000e+00 -1.196608228869361634e-01
1.179999999999999938e+00 0.000000000000000000e+00 -1.127878126500556355e-01
1.189999999999999947e+00 0.000000000000000000e+00 -1.063604289771765271e-01
1.199999999999999956e+00 0.000000000000000000e+00 -1.003466202733286627e-01
