0.000000000000000000e+00 7.162008032759455416e+20 5.156960559095824295e+23
1.666666666666666644e-02 3.581441204022346383e+20 2.578637667100051594e+23
3.333333333333333287e-02 8.743752852365408000e+16 3.147751042786133197e+19
5.000000000000000278e-02 6.739112698426380000e+14 1.617387140883746240e+17
6.666666666666666574e-02 2.134703924624002734e+13 3.842468309212823000e+15
8.333333333333334259e-02 1.466954691395792725e+12 2.112417366332694688e+14
1.000000000000000056e-01 1.645279232466646729e+11 1.974342365008040625e+13
1.166666666666666824e-01 2.587457724848235703e+10 2.661409854907800293e+12
1.333333333333333315e-01 5.211466753785897255e+09 4.690417335408757324e+11
1.499999999999999944e-01 1.267976485161537170e+09 1.014423831666142883e+11
1.666666666666666852e-01 3.580874641491393447e+08 2.578433704588908386e+10
1.833333333333333481e-01 1.140837729501452297e+08 7.468348153422049522e+09
2.000000000000000111e-01 4.014927239794552326e+07 2.409525566381789207e+09
2.166666666666666741e-01 1.536051780185814761e+07 8.510614184298934937e+08
2.333333333333333648e-01 6.309628490039842203e+06 3.246886677102068663e+08
2.500000000000000000e-01 2.755366937462212052e+06 1.323769876096789092e+08
2.666666666666666630e-01 1.269006536519257352e+06 5.718127617574949563e+07
2.833333333333333814e-01 6.123634699721954530e+05 2.598509996734938025e+07
2.999999999999999889e-01 3.079248359613628127e+05 1.235030870166778192e+07
3.166666666666667074e-01 1.606091710629271984e+05 6.109060166887992062e+06
3.333333333333333703e-01 8.655227456904272549e+04 3.131816471603129059e+06
3.499999999999999778e-01 4.802789733642608917e+04 1.657995179388126824e+06
3.666666666666666963e-01 2.736058821557564806e+04 9.036143952497945866e+05
3.833333333333333592e-01 1.595997934449354761e+04 5.056071462105729152e+05
4.000000000000000222e-01 9.510230746416940747e+03 2.897539732132735662e+05
4.166666666666666852e-01 5.776597023326959970e+03 1.697077193960994191e+05
4.333333333333333481e-01 3.569588356439708605e+03 1.013895755501748354e+05
4.500000000000000666e-01 2.239882222071506021e+03 6.168005710219876346e+04
4.666666666666667296e-01 1.424702720960182660e+03 3.814683956253139331e+04
4.833333333333333370e-01 9.169871965144150181e+02 2.394897970181432538e+04
5.000000000000000000e-01 5.961935015365689878e+02 1.524125818916463686e+04
5.166666666666667185e-01 3.908543647598099824e+02 9.819250376981190129e+03
5.333333333333333259e-01 2.578752065056341962e+02 6.395801774368341285e+03
5.500000000000000444e-01 1.708592257570516040e+02 4.206416176304038345e+03
5.666666666666667629e-01 1.134004598643572876e+02 2.789749198303479716e+03
5.833333333333333703e-01 7.516371695718291335e+01 1.863236138199432844e+03
5.999999999999999778e-01 4.955609297840916838e+01 1.251397353421851449e+03
6.166666666666666963e-01 3.232281354996757017e+01 8.438361411719178022e+02
6.333333333333334147e-01 2.068839601786595850e+01 5.702554663106654971e+02
6.500000000000000222e-01 1.282432214239498869e+01 3.853839983415788879e+02
6.666666666666667407e-01 7.514946205438200799e+00 2.597579935540658198e+02
6.833333333333334592e-01 3.945344538639466769e+00 1.740123349763606484e+02
6.999999999999999556e-01 1.565106805358231323e+00 1.153023833760364596e+02
7.166666666666666741e-01 -2.458722723082950671e-05 7.503592017339397557e+01
7.333333333333333925e-01 -1.006034749414574714e+00 4.742013459800855202e+01
7.500000000000000000e-01 -1.628897553037943702e+00 2.852136640001359424e+01
7.666666666666667185e-01 -1.990084654999018987e+00 1.565086070158664455e+01
7.833333333333334370e-01 -2.173708737855738704e+00 6.959891275438097047e+00
8.000000000000000444e-01 -2.238130542186949068e+00 1.170626404425456624e+00
8.166666666666666519e-01 -2.223871991474954957e+00 -2.604200935386850713e+00
8.333333333333333703e-01 -2.159045506692160554e+00 -4.983027762906308666e+00
8.500000000000000888e-01 -2.063101005358846329e+00 -6.398219175716462814e+00
8.666666666666666963e-01 -1.949425655628050480e+00 -7.152700283469085818e+00
8.833333333333334147e-01 -1.827156274075997677e+00 -7.458948222003996875e+00
9.000000000000001332e-01 -1.702448145705065308e+00 -7.465992096703359060e+00
9.166666666666667407e-01 -1.579366500755062130e+00 -7.278207529320082969e+00
9.333333333333334592e-01 -1.460514720327311444e+00 -6.968462514825556120e+00
9.500000000000001776e-01 -1.347478012444460749e+00 -6.587352383884991447e+00
9.666666666666666741e-01 -1.241137214203360539e+00 -6.169712545327152853e+00
9.833333333333332815e-01 -1.141890853796680316e+00 -5.739226962519309971e+00
1.000000000000000000e+00 -1.049812206535663428e+00 -5.311698413685927100e+00
1.016666666666666607e+00 -9.647601700622000509e-01 -4.897374359368432906e+00
1.033333333333333437e+00 -8.864572682195079878e-01 -4.502603795413590682e+00
1.050000000000000044e+00 -8.145442275680140343e-01 -4.131018556448724510e+00
1.066666666666666652e+00 -7.486178491814388103e-01 -3.784375584607024390e+00
1.083333333333333481e+00 -6.882569743591625544e-01 -3.463156884471560559e+00
1.100000000000000089e+00 -6.330399772974284467e-01 -3.166995947184989113e+00
1.116666666666666696e+00 -5.825562450425456618e-01 -2.894979724386000708e+00
1.133333333333333526e+00 -5.364134099444166637e-01 -2.645861279930524557e+00
1.150000000000000133e+00 -4.942416016917501875e-01 -2.418208327630463561e+00
1.166666666666666741e+00 -4.556956281516846841e-01 -2.210505785138650037e+00
1.183333333333333348e+00 -4.204557366321451939e-01 -2.021225406731230301e+00
1.199999999999999956e+00 -3.882274214598870898e-01 -1.848871918867091679e+00
1.216666666666666785e+00 -3.587406097256612969e-01 -1.692012462236323289e+00
1.233333333333333393e+00 -3.317484602642299940e-01 -1.549294252869807931e+00
1.250000000000000000e+00 -3.070259410710826087e-01 -1.419454007175404042e+00
1.266666666666666829e+00 -2.843682999748413653e-01 -1.301321685012105878e+00
1.283333333333333437e+00 -2.635895071232800535e-01 -1.193820386369257136e+00
1.300000000000000044e+00 -2.445207218254669412e-01 -1.095963715729232790e+00
1.316666666666666874e+00 -2.270088177138762653e-01 -1.006851549662373335e+00
1.333333333333333481e+00 -2.109149870087425882e-01 -9.256648685772904672e-01
1.350000000000000089e+00 -1.961134353989790469e-01 -8.516601145545824592e-01
1.366666666666666918e+00 -1.824901726191834883e-01 -7.841633933082319263e-01
1.383333333333333526e+00 -1.699418994130591221e-01 -7.225647346211716560e-01
1.399999999999999911e+00 -1.583749886556085340e-01 -6.663125512118371896e-01
1.416666666666666741e+00 -1.477045565408839911e-01 -6.149083829655760391e-01
1.433333333333333348e+00 -1.378536186236933581e-01 -5.679019760029511144e-01
1.449999999999999956e+00 -1.287523249103378065e-01 -5.248867199076306944e-01
1.466666666666666785e+00 -1.203372679639445331e-01 -4.854954484885820598e-01
1.483333333333333393e+00 -1.125508580075248871e-01 -4.493965974258556928e-01
1.500000000000000000e+00 -1.053407591884584493e-01 -4.162907043778184546e-01
1.516666666666666829e+00 -9.865938145148120397e-02 -3.859072323894605638e-01
1.533333333333333437e+00 -9.246342281070506208e-02 -3.580016948446007041e-01
1.550000000000000044e+00 -8.671345718473204289e-02 -3.323530590994935863e-01
1.566666666666666874e+00 -8.137356334183523665e-02 -3.087614058494090874e-01
1.583333333333333481e+00 -7.641099088046747478e-02 -2.870458218718204835e-01
1.600000000000000089e+00 -7.179585953489169003e-02 -2.670425048145806945e-01
1.616666666666666696e+00 -6.750088844082484385e-02 -2.486030599800124752e-01
1.633333333333333304e+00 -6.350115231845142316e-02 -2.315929704729320360e-01
1.650000000000000133e+00 -5.977386182849768470e-02 -2.158902235466566288e-01
1.666666666666666741e+00 -5.629816563097514437e-02 -2.013840774378585219e-01
1.683333333333333348e+00 -5.305497192619035990e-02 -1.879739543903376775e-01
1.700000000000000178e+00 -5.002678748469337189e-02 -1.755684469053065133e-01
1.716666666666666785e+00 -4.719757237831933433e-02 -1.640844255076428782e-01
1.733333333333333393e+00 -4.455260880986174760e-02 -1.534462374769569593e-01
1.750000000000000222e+00 -4.207838260576216710e-02 -1.435849870573383813e-01
1.766666666666666829e+00 -3.976247608607534623e-02 -1.344378886317578736e-01
1.783333333333333437e+00 -3.759347116039220282e-02 -1.259476852299029337e-01
1.800000000000000266e+00 -3.556086161882239527e-02 -1.180621255366999800e-01
1.816666666666666874e+00 -3.365497369491356888e-02 -1.107334932886195888e-01
1.833333333333333481e+00 0.000000000000000000e+00 -1.039181835921255959e-01
1.850000000000000311e+00 0.000000000000000000e+00 -9.757632127940586708e-02
1.866666666666666918e+00 0.000000000000000000e+00 -9.167141693675995295e-02
1.883333333333333526e+00 0.000000000000000000e+00 -8.617005670640555393e-02
1.900000000000000355e+00 0.000000000000000000e+00 -8.104162237833907600e-02
1.916666666666666963e+00 0.000000000000000000e+00 -7.625803866021627075e-02
1.933333333333333348e+00 0.000000000000000000e+00 -7.179354484456657026e-02
1.949999999999999956e+00 0.000000000000000000e+00 -6.762448838819942742e-02
1.966666666666666563e+00 0.000000000000000000e+00 -6.372913818219051729e-02
1.983333333333333393e+00 0.000000000000000000e+00 -6.008751552577359933e-02
2.000000000000000000e+00 0.000000000000000000e+00 -5.668124102690844796e-02
