0.000000000000000000e+00 3.294530864366170931e+20 2.372207019392885840e+23
1.666666666666666644e-02 1.647466538936322621e+20 1.186175908127974747e+23
3.333333333333333287e-02 4.022135064739744000e+16 1.447968630636184371e+19
5.000000000000000278e-02 3.099998587249654375e+14 7.439997038399713600e+16
6.666666666666666574e-02 9.819659422077591797e+12 1.767539268620565500e+15
8.333333333333334259e-02 6.748006265009556885e+11 9.717141030883359375e+13
1.000000000000000056e-01 7.568300939260623169e+10 9.081994642780162109e+12
1.166666666666666824e-01 1.190233143670954323e+10 1.224251197452994385e+12
1.333333333333333315e-01 2.397279924184197426e+09 2.157596669781304321e+11
1.499999999999999944e-01 5.832704527727967501e+08 4.666359781552710724e+10
1.666666666666666852e-01 1.647205921367112100e+08 1.186082085803058624e+10
1.833333333333333481e-01 5.247864985641278327e+07 3.435447629778220177e+09
2.000000000000000111e-01 1.846870555220197141e+07 1.108384174283806801e+09
2.166666666666666741e-01 7.065853601512906142e+06 3.914891054162847400e+08
2.333333333333333648e-01 2.902435444871547632e+06 1.493571127676010430e+08
2.500000000000000000e-01 1.267471564874035073e+06 6.089354718344829977e+07
2.666666666666666630e-01 5.837442876002065605e+05 2.630344451663960516e+07
2.833333333333333814e-01 2.816878164744043024e+05 1.195317215112502873e+07
2.999999999999999889e-01 1.416457379614238162e+05 5.681154469264515676e+06
3.166666666666667074e-01 7.388038320720769116e+04 2.810173863015823532e+06
3.333333333333333703e-01 3.981413569550667307e+04 1.440638761502150213e+06
3.499999999999999778e-01 2.209288290615197184e+04 7.626794774231285555e+05
3.666666666666666963e-01 1.258589952181371154e+04 4.156635517815324711e+05
3.833333333333333592e-01 7.341607665054517383e+03 2.325798120103769761e+05
4.000000000000000222e-01 4.374716585365210449e+03 1.332871315585235134e+05
4.166666666666666852e-01 2.657241134990440059e+03 7.806573119632888120e+04
4.333333333333333481e-01 1.642014787619907111e+03 4.663931414419194334e+04
4.500000000000000666e-01 1.030348519161103695e+03 2.837289407445984398e+04
4.666666666666667296e-01 6.553650434726472440e+02 1.754758908600450013e+04
4.833333333333333370e-01 4.218153245677664245e+02 1.101655831378234325e+04
5.000000000000000000e-01 2.742498492311264613e+02 7.010996924473646686e+03
5.166666666666667185e-01 1.797935975950094303e+02 4.516867308435733321e+03
5.333333333333333259e-01 1.186230172449565288e+02 2.942077064810809134e+03
5.500000000000000444e-01 7.859555132828120350e+01 1.934957140308852104e+03
5.666666666666667629e-01 5.216443912411758532e+01 1.283288631614766018e+03
5.833333333333333703e-01 3.457548090089296267e+01 8.570914746965511313e+02
5.999999999999999778e-01 2.279593332949186291e+01 5.756448447739273888e+02
6.166666666666666963e-01 1.486859526976435397e+01 3.881661378822525421e+02
6.333333333333334147e-01 9.516741403261853804e+00 2.623186397917074828e+02
6.500000000000000222e-01 5.899251102349261977e+00 1.772774872853990473e+02
6.666666666666667407e-01 3.456925798784476367e+00 1.194893242524184416e+02
6.833333333333334592e-01 1.814899534601233100e+00 8.004617401241318930e+01
6.999999999999999556e-01 7.199828006109200151e-01 5.303948694510225437e+01
7.166666666666666741e-01 1.656624961599336549e-05 3.451683177584909146e+01
7.333333333333333925e-01 -4.627527071675835435e-01 2.181350807583755014e+01
7.500000000000000000e-01 -7.492732836364129900e-01 1.312002686492949621e+01
7.666666666666667185e-01 -9.154223339462568276e-01 7.199557150535270011e+00
7.833333333333334370e-01 -9.998918474992486427e-01 3.201682171137878896e+00
8.000000000000000444e-01 -1.029527881937779554e+00 5.385973769272697220e-01
8.166666666666666519e-01 -1.022970610967367966e+00 -1.197841501441786471e+00
8.333333333333333703e-01 -9.931518164435947371e-01 -2.292116558317398134e+00
8.500000000000000888e-01 -9.490185132331619977e-01 -2.943116535448223381e+00
8.666666666666666963e-01 -8.967288399280294309e-01 -3.290187584502942908e+00
8.833333333333334147e-01 -8.404857646320660347e-01 -3.431069645545572033e+00
9.000000000000001332e-01 -7.831207442291593379e-01 -3.434316458234458302e+00
9.166666666666667407e-01 -7.265038052532784008e-01 -3.347941080293905358e+00
9.333333333333334592e-01 -6.718325196278939204e-01 -3.205463001292785830e+00
9.500000000000001776e-01 -6.198360965244874565e-01 -3.030156239805708474e+00
9.666666666666666741e-01 -5.709197320163695855e-01 -2.838045215629907414e+00
9.833333333333332815e-01 -5.252667581178839251e-01 -2.640024656888412480e+00
1.000000000000000000e+00 -4.829108889486277700e-01 -2.443363925769387102e+00
1.016666666666666607e+00 -4.437872236376116386e-01 -2.252776922096050960e+00
1.033333333333333437e+00 -4.077681283441556559e-01 -2.071184239162730645e+00
1.050000000000000044e+00 -3.746883416449060533e-01 -1.900256565991565783e+00
1.066666666666666652e+00 -3.443623957107062594e-01 -1.740802133001012386e+00
1.083333333333333481e+00 -3.165965606546858879e-01 -1.593042692878883448e+00
1.100000000000000089e+00 -2.911968912577895252e-01 -1.456809676924549768e+00
1.116666666666666696e+00 -2.679745078254759938e-01 -1.331683104045673360e+00
1.133333333333333526e+00 -2.467489231799131211e-01 -1.217089401331115539e+00
1.150000000000000133e+00 -2.273499986481077040e-01 -1.112369732033149150e+00
1.166666666666666741e+00 -2.096189472907644680e-01 -1.016827170853138007e+00
1.183333333333333348e+00 -1.934086841181341110e-01 -9.297587354229515100e-01
1.199999999999999956e+00 -1.785837376050478376e-01 -8.504766089872742851e-01
1.216666666666666785e+00 -1.650198751579370071e-01 -7.783216840101976342e-01
1.233333333333333393e+00 -1.526035506658964536e-01 -7.126716865015836344e-01
1.250000000000000000e+00 -1.412312501293652711e-01 -6.529455117109477236e-01
1.266666666666666829e+00 -1.308087881837401434e-01 -5.986049460876632367e-01
1.283333333333333437e+00 -1.212505916550321861e-01 -5.491546198743130214e-01
1.300000000000000044e+00 -1.124789943175029672e-01 -5.041407948139909889e-01
1.316666666666666874e+00 -1.044235584769541841e-01 -4.631494173277692084e-01
1.333333333333333481e+00 -9.702043293977070937e-02 -4.258037411899839864e-01
1.350000000000000089e+00 -9.021175266451009200e-02 -3.917617321906665118e-01
1.366666666666666918e+00 -8.394508243279005799e-02 -3.607134010874451513e-01
1.383333333333333526e+00 -7.817290485716543724e-02 -3.323781634478907288e-01
1.399999999999999911e+00 -7.285215170139520968e-02 -3.065022907637385274e-01
1.416666666666666741e+00 -6.794377663031801740e-02 -2.828564928276217083e-01
1.433333333333333348e+00 -6.341236699208085970e-02 -2.612336541303231230e-01
1.449999999999999956e+00 -5.922579196252346356e-02 -2.414467350076979490e-01
1.466666666666666785e+00 -5.535488427593559385e-02 -2.233268400102272344e-01
1.483333333333333393e+00 -5.177315277447475800e-02 -2.067214504363635852e-01
1.500000000000000000e+00 -4.845652309158792609e-02 -1.914928143958901097e-01
1.516666666666666829e+00 -4.538310391512752340e-02 -1.775164855898611893e-01
1.533333333333333437e+00 -4.253297643383387172e-02 -1.646800007991061354e-01
1.550000000000000044e+00 -3.988800474267817364e-02 -1.528816855647880946e-01
1.566666666666666874e+00 -3.743166515869473382e-02 -1.420295775049391362e-01
1.583333333333333481e+00 -3.514889257294101510e-02 -1.320404569832151487e-01
1.600000000000000089e+00 -3.302594213190602340e-02 -1.228389753174673332e-01
1.616666666666666696e+00 -3.105026470043152284e-02 -1.143568713056781205e-01
1.633333333333333304e+00 -2.921039470654111445e-02 -1.065322674986538681e-01
1.650000000000000133e+00 -2.749584910580540192e-02 -9.930903832322535152e-02
1.666666666666666741e+00 -2.589703632887189327e-02 -9.263624282982792224e-02
1.683333333333333348e+00 -2.440517419078191974e-02 -8.646761548655951257e-02
1.700000000000000178e+00 -2.301221584515043134e-02 -8.076110905706414267e-02
1.716666666666666785e+00 -2.171078296080553374e-02 -7.547848417543855104e-02
1.733333333333333393e+00 -2.049410538376048724e-02 -7.058494076467174139e-02
1.750000000000000222e+00 -1.935596662413949925e-02 -6.604878693503128673e-02
1.766666666666666829e+00 -1.829065457662040761e-02 -6.184114144597525897e-02
1.783333333333333437e+00 -1.729291694479144492e-02 -5.793566622125451843e-02
1.800000000000000266e+00 -1.635792089521181936e-02 -5.430832577416471602e-02
1.816666666666666874e+00 -1.548121651654228541e-02 -5.093717073103218307e-02
1.833333333333333481e+00 0.000000000000000000e+00 -4.780214293875729298e-02
1.850000000000000311e+00 0.000000000000000000e+00 -4.488489990939343449e-02
1.866666666666666918e+00 0.000000000000000000e+00 -4.216865659404800404e-02
1.883333333333333526e+00 0.000000000000000000e+00 -3.963804269246678363e-02
1.900000000000000355e+00 0.000000000000000000e+00 -3.727897389596476763e-02
1.916666666666666963e+00 0.000000000000000000e+00 -3.507853563217611798e-02
1.933333333333333348e+00 0.000000000000000000e+00 -3.302487803251569209e-02
1.949999999999999956e+00 0.000000000000000000e+00 -3.110712097919370381e-02
1.966666666666666563e+00 0.000000000000000000e+00 -2.931526820984795695e-02
1.983333333333333393e+00 0.000000000000000000e+00 -2.764012956592897668e-02
2.000000000000000000e+00 0.000000000000000000e+00 -2.607325056731695997e-02
