0.000000000000000000e+00 2.696970739322736148e+20 3.236562443592640600e+23
1.000000000000000021e-02 1.348649999786654433e+20 1.618379999871992196e+23
2.000000000000000042e-02 3.292602505727342400e+16 1.975561513436952166e+19
2.999999999999999889e-02 2.537722615438958438e+14 1.015089104706447680e+17
4.000000000000000083e-02 8.038575209014889648e+12 2.411573343997191500e+15
5.000000000000000278e-02 5.524056745919996338e+11 1.325775257510399062e+14
5.999999999999999778e-02 6.195566841349453735e+10 1.239117940993656250e+13
7.000000000000000666e-02 9.743493365824087143e+09 1.670328691877661865e+12
8.000000000000000167e-02 1.962462662614881277e+09 2.943755032416431885e+11
8.999999999999999667e-02 4.774771918412917256e+08 6.366630188721556854e+10
1.000000000000000056e-01 1.348436654999999106e+08 1.618251992999998856e+10
1.100000000000000006e-01 4.296010246144653857e+07 4.687213510470207214e+09
1.199999999999999956e-01 1.511886236664363183e+07 1.512243480708537579e+09
1.300000000000000044e-01 5.784253157928143628e+06 5.341350607721801996e+08
1.400000000000000133e-01 2.375993391010079067e+06 2.037780095806981027e+08
1.499999999999999944e-01 1.037578315500686294e+06 8.308118474622775614e+07
1.600000000000000033e-01 4.778650949974688119e+05 3.588756844833368063e+07
1.700000000000000122e-01 2.305954501032673870e+05 1.630852134072288312e+07
1.799999999999999933e-01 1.159541211975949700e+05 7.751183405698981136e+06
1.900000000000000022e-01 6.048000603017851245e+04 3.834110365458229091e+06
2.000000000000000111e-01 3.259267382812497817e+04 1.965560976562498603e+06
2.099999999999999922e-01 1.808569090093402338e+04 1.040575253437098116e+06
2.200000000000000011e-01 1.030307812759287117e+04 5.671179415025368799e+05
2.300000000000000100e-01 6.009992493126533191e+03 3.173244017181404051e+05
2.399999999999999911e-01 3.581234099361305653e+03 1.818526740631776629e+05
2.500000000000000000e-01 2.175273123839999698e+03 1.065103766323199961e+05
2.600000000000000089e-01 1.344187769250067504e+03 6.363318581909576460e+04
2.700000000000000178e-01 8.434650400856834267e+02 3.871107008367048547e+04
2.800000000000000266e-01 5.364957457650876904e+02 2.394137175917276181e+04
2.899999999999999800e-01 3.453070579789078351e+02 1.503064280262858847e+04
2.999999999999999889e-01 2.245068587105625113e+02 9.565582990397810136e+03
3.099999999999999978e-01 1.471829761463344539e+02 6.162672112814572756e+03
3.200000000000000067e-01 9.710743932567207537e+01 4.014078377240213740e+03
3.300000000000000155e-01 6.434009906129445255e+01 2.639995847165473151e+03
3.400000000000000244e-01 4.270302000112625507e+01 1.750879873370694895e+03
3.500000000000000333e-01 2.830431509142409041e+01 1.169389828929186024e+03
3.599999999999999867e-01 1.866131721764902807e+01 7.853928071975295779e+02
3.699999999999999956e-01 1.217182046232535875e+01 5.296026473438059838e+02
3.800000000000000044e-01 7.790670591675750600e+00 3.579001681467257185e+02
3.900000000000000133e-01 4.829308467825545570e+00 2.418725888017992247e+02
4.000000000000000222e-01 2.829962253570553088e+00 1.630281400680540855e+02
4.100000000000000311e-01 1.485758658084975536e+00 1.092130600247707122e+02
4.199999999999999845e-01 5.894312963428385288e-01 7.236590945586172552e+01
4.299999999999999933e-01 4.704826025658803701e-05 4.709411485412093157e+01
4.400000000000000022e-01 -3.787897135169675522e-01 2.976204188432610920e+01
4.500000000000000111e-01 -6.133450314239838885e-01 1.790087971659477972e+01
4.600000000000000200e-01 -7.493612114842718164e-01 9.823134077241665096e+00
4.700000000000000289e-01 -8.185123977406740803e-01 4.368522179433877994e+00
4.799999999999999822e-01 -8.427753955863903634e-01 7.350611659055985569e-01
4.899999999999999911e-01 -8.374094927443312963e-01 -1.634108889935045994e+00
5.000000000000000000e-01 -8.130009599999999947e-01 -3.127127039999997749e+00
5.100000000000000089e-01 -7.768740478248210568e-01 -4.015351372253622486e+00
5.200000000000000178e-01 -7.340699685968896659e-01 -4.488901860526531173e+00
5.300000000000000266e-01 -6.880293864964029948e-01 -4.681132204439411915e+00
5.400000000000000355e-01 -6.410702139462995941e-01 -4.685575310993256082e+00
5.500000000000000444e-01 -5.947233130227100872e-01 -4.567738976275116158e+00
5.600000000000000533e-01 -5.499690575687958827e-01 -4.373356384640448624e+00
5.700000000000000622e-01 -5.074044075013981470e-01 -4.134182085290682984e+00
5.799999999999999600e-01 -4.673610768268433024e-01 -3.872079471649235494e+00
5.899999999999999689e-01 -4.299891552905334979e-01 -3.601913120691129677e+00
5.999999999999999778e-01 -3.953162508573389022e-01 -3.333601251714677360e+00
6.099999999999999867e-01 -3.632892419731410527e-01 -3.073575472553117027e+00
6.199999999999999956e-01 -3.338036515202544297e-01 -2.825820643927695386e+00
6.300000000000000044e-01 -3.067241987659598546e-01 -2.592616282845285891e+00
6.400000000000000133e-01 -2.818990608317297752e-01 -2.375065183348752385e+00
6.500000000000000222e-01 -2.591696506956962520e-01 -2.173469957882228965e+00
6.600000000000000311e-01 -2.383772045029216025e-01 -1.987600668304243978e+00
6.700000000000000400e-01 -2.193671046634919353e-01 -1.816884350193685993e+00
6.800000000000000488e-01 -2.019916034644400615e-01 -1.660538477209759556e+00
6.900000000000000577e-01 -1.861114243391366885e-01 -1.517664186526814341e+00
7.000000000000000666e-01 -1.715965831796627816e-01 -1.387310644059263742e+00
7.099999999999999645e-01 -1.583266750720323801e-01 -1.268518747841958394e+00
7.199999999999999734e-01 -1.461908018958092692e-01 -1.160350084128889847e+00
7.299999999999999822e-01 -1.350872657538063348e-01 -1.061905406321620227e+00
7.399999999999999911e-01 -1.249231167517982494e-01 -9.723357199340610935e-01
7.500000000000000000e-01 -1.156136173388202931e-01 -8.908481984087790462e-01
7.600000000000000089e-01 -1.070816664459510459e-01 -8.167085327887255719e-01
7.700000000000000178e-01 -9.925721300662929125e-02 -7.492408672794284019e-01
7.800000000000000266e-01 -9.207667864490318155e-02 -6.878261454425180776e-01
7.900000000000000355e-01 -8.548240232180202847e-02 -6.318994541903555362e-01
8.000000000000000444e-01 -7.942211476620283928e-02 -5.809467803919684536e-01
8.100000000000000533e-01 -7.384844702648928061e-02 -5.345014700077851399e-01
8.200000000000000622e-01 -6.871847505611475282e-02 -4.921405893666127573e-01
8.300000000000000711e-01 -6.399330059330582410e-02 -4.534813231155864210e-01
8.399999999999999689e-01 -5.963766749629141606e-02 -4.181774966853413211e-01
8.499999999999999778e-01 -5.561961199289546659e-02 -3.859162778342806188e-01
8.599999999999999867e-01 -5.191014488215414668e-02 -3.564150883238638157e-01
8.699999999999999956e-01 -4.848296350216824147e-02 -3.294187403648075607e-01
8.800000000000000044e-01 -4.531419119195349149e-02 -3.046968012093959621e-01
8.900000000000000133e-01 -4.238214198164790003e-02 -2.820411817175141334e-01
9.000000000000000222e-01 -3.966710831341704879e-02 -2.612639398463340035e-01
9.100000000000000311e-01 -3.715116970209524777e-02 -2.421952870396098800e-01
9.200000000000000400e-01 -3.481802037392083687e-02 -2.246817838625810304e-01
9.300000000000000488e-01 -3.265281406237544037e-02 -2.085847105346193830e-01
9.400000000000000577e-01 -3.064202428431927680e-02 -1.937785979576993611e-01
9.500000000000000666e-01 -2.877331856205876670e-02 -1.801499052102484566e-01
9.599999999999999645e-01 -2.703544519424701600e-02 -1.675958301189833521e-01
9.699999999999999734e-01 -2.541813130846548585e-02 -1.560232403261999357e-01
9.799999999999999822e-01 -2.391199104975933604e-02 -1.453477131593011729e-01
9.899999999999999911e-01 -2.250844287173836208e-02 -1.354926735293880691e-01
1.000000000000000000e+00 -2.119963499999999793e-02 -1.263886199999999793e-01
1.010000000000000009e+00 -1.997837823176548677e-02 -1.179724300514857355e-01
1.020000000000000018e+00 -1.883808532112649092e-02 -1.101867364058921883e-01
1.030000000000000027e+00 -1.777271627667519407e-02 -1.029793670629104985e-01
1.040000000000000036e+00 -1.677672896809817571e-02 -9.630284242503786563e-02
1.050000000000000044e+00 -1.584503450114161174e-02 -9.011392355850909863e-02
1.060000000000000053e+00 -1.497295687679146316e-02 -8.437320624663763313e-02
1.070000000000000062e+00 -1.415619650113037961e-02 -7.904475604624697227e-02
1.080000000000000071e+00 -1.339079715767780079e-02 -7.409578005898892483e-02
1.090000000000000080e+00 -1.267311609460352109e-02 -6.949633158111417908e-02
1.100000000000000089e+00 0.000000000000000000e+00 -6.521904420147976722e-02
1.110000000000000098e+00 0.000000000000000000e+00 -6.123889228207021057e-02
1.120000000000000107e+00 0.000000000000000000e+00 -5.753297508180741510e-02
1.130000000000000115e+00 0.000000000000000000e+00 -5.408032207649855067e-02
1.140000000000000124e+00 0.000000000000000000e+00 -5.086171728877212500e-02
1.150000000000000133e+00 0.000000000000000000e+00 -4.785954067489690128e-02
1.159999999999999920e+00 0.000000000000000000e+00 -4.505762482333204588e-02
1.169999999999999929e+00 0.000000000000000000e+00 -4.244112540533870326e-02
1.179999999999999938e+00 0.000000000000000000e+00 -3.999640398337396541e-02
1.189999999999999947e+00 0.000000000000000000e+00 -3.771092193043439067e-02
1.199999999999999956e+00 0.000000000000000000e+00 -3.557314434496300359e-02
