0.000000000000000000e+00 4.440423472420398694e+20 3.197300060012993420e+23
1.666666666666666644e-02 2.220482791235724902e+20 1.598747609816179619e+23
3.333333333333333287e-02 5.421100510511583200e+16 1.951596193663714509e+19
5.000000000000000278e-02 4.178229635103797500e+14 1.002775170247578720e+17
6.666666666666666574e-02 1.323510022624728516e+13 2.382318812563952000e+15
8.333333333333334259e-02 9.095075032887185059e+11 1.309692423400381406e+14
1.000000000000000056e-01 1.020068183155106812e+11 1.224086337182032812e+13
1.166666666666666824e-01 1.604216018683608818e+10 1.650066117456618652e+12
1.333333333333333315e-01 3.231093735019204140e+09 2.908044661473602905e+11
1.499999999999999944e-01 7.861416120046844482e+08 6.289397288664724731e+10
1.666666666666666852e-01 2.220131518881452084e+08 1.598621151768641281e+10
1.833333333333333481e-01 7.073159633105215430e+07 4.630353417509441376e+09
2.000000000000000111e-01 2.489242813928514346e+07 1.493898609912158728e+09
2.166666666666666741e-01 9.523474799177579582e+06 5.276555206109325886e+08
2.333333333333333648e-01 3.911950645465043373e+06 2.013059971176107824e+08
2.500000000000000000e-01 1.708319180302318418e+06 8.207333366901294887e+07
2.666666666666666630e-01 7.867802102378952550e+05 3.545221880158019811e+07
2.833333333333333814e-01 3.796634905211779987e+05 1.611068348132367991e+07
2.999999999999999889e-01 1.909124580384542642e+05 7.657153995542018674e+06
3.166666666666667074e-01 9.957719250423135236e+04 3.787598744728511665e+06
3.333333333333333703e-01 5.366214205156546086e+04 1.941716658699807478e+06
3.499999999999999778e-01 2.977714595439627374e+04 1.027951926506867632e+06
3.666666666666666963e-01 1.696347786571016695e+04 5.602381351549923420e+05
3.833333333333333592e-01 9.895135693823542169e+03 3.134748563900149311e+05
4.000000000000000222e-01 5.896311736738251057e+03 1.796465517509766505e+05
4.166666666666666852e-01 3.581470641682600672e+03 1.052182452032122237e+05
4.333333333333333481e-01 2.213132350019696787e+03 6.286120866777381889e+04
4.500000000000000666e-01 1.388718886659701866e+03 3.824143198101800226e+04
4.666666666666667296e-01 8.833103115024233603e+02 2.365091186704928987e+04
4.833333333333333370e-01 5.685284193255311038e+02 1.484828446228162284e+04
5.000000000000000000e-01 3.696374553797586486e+02 9.449525604908334572e+03
5.166666666666667185e-01 2.423279367345917876e+02 6.087898828655183934e+03
5.333333333333333259e-01 1.598813612763988488e+02 3.965372354304256532e+03
5.500000000000000444e-01 1.059317975292596827e+02 2.607960931681522652e+03
5.666666666666667629e-01 7.030760235636179800e+01 1.729632501762661605e+03
5.833333333333333703e-01 4.660099121168696712e+01 1.155197852309212976e+03
5.999999999999999778e-01 3.072438596834277291e+01 7.758601725219205036e+02
6.166666666666666963e-01 2.003984129064208730e+01 5.231738686970782055e+02
6.333333333333334147e-01 1.282656782594635025e+01 3.535550132462086594e+02
6.500000000000000222e-01 7.950890977742195886e+00 2.389355348269608044e+02
6.666666666666667407e-01 4.659115014522980047e+00 1.610480143508764002e+02
6.833333333333334592e-01 2.445990473475237348e+00 1.078861479154817857e+02
6.999999999999999556e-01 9.702652088837041555e-01 7.148630591676617030e+01
7.166666666666666741e-01 -9.887320330645490974e-05 4.652134501924071941e+01
7.333333333333333925e-01 -6.238113773263969097e-01 2.939974496850451757e+01
7.500000000000000000e-01 -1.009975255166648767e+00 1.768265220523872117e+01
7.666666666666667185e-01 -1.233902308159268602e+00 9.703049951567477294e+00
7.833333333333334370e-01 -1.347741933213729926e+00 4.314736037462562734e+00
8.000000000000000444e-01 -1.387677438560559695e+00 7.254606780691017498e-01
8.166666666666666519e-01 -1.378832150047806016e+00 -1.614877366448336904e+00
8.333333333333333703e-01 -1.338635564053537230e+00 -3.089705850860419378e+00
8.500000000000000888e-01 -1.279146471018206999e+00 -3.967088745088253710e+00
8.666666666666666963e-01 -1.208664791472012778e+00 -4.434837813429342468e+00
8.833333333333334147e-01 -1.132855254255797250e+00 -4.624687507371275430e+00
9.000000000000001332e-01 -1.055534058722651825e+00 -4.629034818703340548e+00
9.166666666666667407e-01 -9.792215857502890586e-01 -4.512591817758452528e+00
9.333333333333334592e-01 -9.055318817709411272e-01 -4.320536025772753419e+00
9.500000000000001776e-01 -8.354477353154589059e-01 -4.084236048352856585e+00
9.666666666666666741e-01 -7.695152323576123221e-01 -3.825289443764585240e+00
9.833333333333332815e-01 -7.079814332397088572e-01 -3.558379954373380727e+00
1.000000000000000000e+00 -6.508917462254435460e-01 -3.293305050063692008e+00
1.016666666666666607e+00 -5.981586692115653525e-01 -3.036417952448711599e+00
1.033333333333333437e+00 -5.496101514065490079e-01 -2.791654873338990317e+00
1.050000000000000044e+00 -5.050234302013100196e-01 -2.561267414922752117e+00
1.066666666666666652e+00 -4.641485112307588423e-01 -2.346344770211010289e+00
1.083333333333333481e+00 -4.267242667542676116e-01 -2.147185690306471439e+00
1.100000000000000089e+00 -3.924892808214883733e-01 -1.963562863596328256e+00
1.116666666666666696e+00 -3.611889666086633977e-01 -1.794910136634980669e+00
1.133333333333333526e+00 -3.325800503490939919e-01 -1.640454355867703384e+00
1.150000000000000133e+00 -3.064332074391772354e-01 -1.499307459161479672e+00
1.166666666666666741e+00 -2.825344144310759642e-01 -1.370530057717885386e+00
1.183333333333333348e+00 -2.606854209098882214e-01 -1.253174607193606294e+00
1.199999999999999956e+00 -2.407036301046306948e-01 -1.146314010772360836e+00
1.216666666666666785e+00 -2.224215939775115447e-01 -1.049059872442053454e+00
1.233333333333333393e+00 -2.056862685307706828e-01 -9.605734462348646252e-01
1.250000000000000000e+00 -1.903581317540692930e-01 -8.800714792179651358e-01
1.266666666666666829e+00 -1.763102353984623560e-01 -8.068285317612221563e-01
1.283333333333333437e+00 -1.634272392814634933e-01 -7.401769131155754300e-01
1.300000000000000044e+00 -1.516044606984249532e-01 -6.795050470164928358e-01
1.316666666666666874e+00 -1.407469599968899643e-01 -6.242548473414389898e-01
1.333333333333333481e+00 -1.307686751981730067e-01 -5.739185135846288643e-01
1.350000000000000089e+00 -1.215916128044279149e-01 -5.280350325371652165e-01
1.366666666666666918e+00 -1.131450979399967471e-01 -4.861865833541287318e-01
1.383333333333333526e+00 -1.053650842546219046e-01 -4.479949788986713477e-01
1.399999999999999911e+00 -9.819352220703148060e-02 -4.131182301324587969e-01
1.416666666666666741e+00 -9.157778319081393004e-02 -3.812472874482868979e-01
1.433333333333333348e+00 -8.547013627114416479e-02 -3.521029896149329153e-01
1.449999999999999956e+00 -7.982727393310523611e-02 -3.254332347921676249e-01
1.466666666666666785e+00 -7.460988310008231927e-02 -3.010103769464823609e-01
1.483333333333333393e+00 -6.978225769162552106e-02 -2.786288435426207410e-01
1.500000000000000000e+00 -6.531194910215314120e-02 -2.581029655679665247e-01
1.516666666666666829e+00 -6.116945115757985163e-02 -2.392650080093376153e-01
1.533333333333333437e+00 -5.732791631990852982e-02 -2.219633872918830020e-01
1.550000000000000044e+00 -5.376290014142962037e-02 -2.060610615046228888e-01
1.566666666666666874e+00 -5.045213120758625103e-02 -1.914340791840007383e-01
1.583333333333333481e+00 -4.737530404211190427e-02 -1.779702727939954654e-01
1.600000000000000089e+00 -4.451389267406531680e-02 -1.655680836767594588e-01
1.616666666666666696e+00 -4.185098278035512959e-02 -1.541355060429906165e-01
1.633333333333333304e+00 -3.937112051727950646e-02 -1.435891384499023704e-01
1.650000000000000133e+00 -3.706017633957916363e-02 -1.338533321236371754e-01
1.666666666666666741e+00 -3.490522227533460892e-02 -1.248594263862332632e-01
1.683333333333333348e+00 -3.289442128003496751e-02 -1.165450623209968589e-01
1.700000000000000178e+00 -3.101692743393546017e-02 -1.088535666394206264e-01
1.716666666666666785e+00 -2.926279587422206049e-02 -1.017333984889701171e-01
1.733333333333333393e+00 -2.762290146844204042e-02 -9.513765265989869435e-02
1.750000000000000222e+00 -2.608886533910584685e-02 -8.902361330958290242e-02
1.766666666666666829e+00 -2.465298844228946615e-02 -8.335235292558994258e-02
1.783333333333333437e+00 -2.330819148641007435e-02 -7.808837179604226353e-02
1.800000000000000266e+00 -2.204796055200932900e-02 -7.319927375090579114e-02
1.816666666666666874e+00 -2.086629784020027634e-02 -6.865547438414260073e-02
1.833333333333333481e+00 0.000000000000000000e+00 -6.442993836797933360e-02
1.850000000000000311e+00 0.000000000000000000e+00 -6.049794283063140987e-02
1.866666666666666918e+00 0.000000000000000000e+00 -5.683686409137592849e-02
1.883333333333333526e+00 0.000000000000000000e+00 -5.342598533541075695e-02
1.900000000000000355e+00 0.000000000000000000e+00 -5.024632306878386301e-02
1.916666666666666963e+00 0.000000000000000000e+00 -4.728047042390421534e-02
1.933333333333333348e+00 0.000000000000000000e+00 -4.451245559158607812e-02
1.949999999999999956e+00 0.000000000000000000e+00 -4.192761383881776077e-02
1.966666666666666563e+00 0.000000000000000000e+00 -3.951247173483714292e-02
1.983333333333333393e+00 0.000000000000000000e+00 -3.725464235376027555e-02
2.000000000000000000e+00 0.000000000000000000e+00 -3.514273035186600558e-02
