0.000000000000000000e+00 1.806928878715555982e+02 5.037741876360402102e+02
1.000000000000000021e-02 1.756551459951951983e+02 5.037741876360383912e+02
2.000000000000000042e-02 1.706174041188348269e+02 5.037741876360366291e+02
2.999999999999999889e-02 1.655796622424744555e+02 5.037741876360366291e+02
4.000000000000000083e-02 1.605419203661140841e+02 5.037741876360366291e+02
4.999999999999999584e-02 1.555041784897537127e+02 5.037741876360366291e+02
5.999999999999999778e-02 1.504664366133933413e+02 5.037741876360383912e+02
6.999999999999999278e-02 1.454286947370329699e+02 5.037741876360366291e+02
8.000000000000000167e-02 1.403909528606726269e+02 5.037741876360366291e+02
8.999999999999999667e-02 1.353532109843122271e+02 5.037741876360366291e+02
9.999999999999999167e-02 1.303154691079518841e+02 5.037741876360366291e+02
1.099999999999999867e-01 1.252777272315914843e+02 5.037741876360383912e+02
1.199999999999999956e-01 1.202399853552311129e+02 5.037741876360366291e+02
1.300000000000000044e-01 1.152022434788707699e+02 5.037741876360366291e+02
1.399999999999999856e-01 1.101645016025103985e+02 5.037741876360366291e+02
1.499999999999999944e-01 1.051267597261500271e+02 5.037741876360366291e+02
1.600000000000000033e-01 1.000890178497896557e+02 5.037741876360374818e+02
1.699999999999999845e-01 9.505127597342928425e+01 5.037741876360374818e+02
1.799999999999999933e-01 9.001353409706891284e+01 5.037741876360374818e+02
1.899999999999999745e-01 8.497579222070852722e+01 5.037741876360370270e+02
1.999999999999999833e-01 7.993805034434817003e+01 5.037741876360362312e+02
2.099999999999999922e-01 7.490030846798781283e+01 5.037741876360370270e+02
2.199999999999999734e-01 6.986256659162744143e+01 5.037741876360370270e+02
2.299999999999999822e-01 6.482482471526707002e+01 5.037741876360374818e+02
2.399999999999999911e-01 5.978708283890668440e+01 5.037741876360374818e+02
2.500000000000000000e-01 5.474934096254631299e+01 5.037741876360370270e+02
2.600000000000000089e-01 4.971159908618594159e+01 5.037741876360374818e+02
2.700000000000000178e-01 4.467385720982557018e+01 5.037741876360369133e+02
2.799999999999999711e-01 3.963611533346521298e+01 5.037741876360366291e+02
2.899999999999999800e-01 3.459837345710484158e+01 5.037741876360369133e+02
2.999999999999999889e-01 2.956063158074447017e+01 5.037741876360362312e+02
3.099999999999999423e-01 2.452288970438411653e+01 5.037741876360370270e+02
3.200000000000000067e-01 1.948514782802372736e+01 5.037741876360385049e+02
3.300000000000000155e-01 1.444740595166334529e+01 4.273363116336036001e+02
3.399999999999999689e-01 1.093842159535165948e+01 3.005838800961111019e+02
3.500000000000000333e-01 8.435728349741122400e+00 2.236259016703451437e+02
3.599999999999999867e-01 6.465903561944756461e+00 1.788772682632954911e+02
3.699999999999999956e-01 4.858182984475213573e+00 1.472867757441116510e+02
3.799999999999999489e-01 3.520168047062523620e+00 1.222494616909329750e+02
3.900000000000000133e-01 2.413193750656553949e+00 1.012956149340259060e+02
3.999999999999999667e-01 1.494255748382006033e+00 8.369682366983244037e+01
4.099999999999999756e-01 7.392572772599050879e-01 6.901843995165472734e+01
4.199999999999999845e-01 1.138869493489115814e-01 5.682819864938326759e+01
4.299999999999999933e-01 -3.973066957277602840e-01 4.607961141158550333e+01
4.399999999999999467e-01 -8.077052788827983054e-01 3.638705940731496469e+01
4.499999999999999556e-01 -1.125047883874059629e+00 2.807365333849693201e+01
4.599999999999999645e-01 -1.369178345652736883e+00 2.127285948565489804e+01
4.699999999999999734e-01 -1.550505073587157501e+00 1.511546873063796070e+01
4.799999999999999822e-01 -1.671487720265496080e+00 9.331727008567899162e+00
4.899999999999999911e-01 -1.737139613758515333e+00 4.380283702253448652e+00
5.000000000000000000e-01 -1.759093394310565106e+00 3.113918071873202909e-01
5.100000000000000089e-01 -1.743367449902262001e+00 -3.077405792027004150e+00
5.200000000000000178e-01 -1.697545278470024899e+00 -5.444588056309854096e+00
5.299999999999999156e-01 -1.634475688776064750e+00 -6.518464514147238376e+00
5.400000000000000355e-01 -1.567175988187080371e+00 -6.483469197655324479e+00
5.499999999999999334e-01 -1.504806304822958296e+00 -5.709612861928670569e+00
5.599999999999999423e-01 -1.452983730948506746e+00 -4.730378843248757903e+00
5.699999999999999512e-01 -1.410198727957983067e+00 -4.306111163922254015e+00
5.799999999999999600e-01 -1.366861507670061870e+00 -4.682161015977179375e+00
5.899999999999999689e-01 -1.316555507638439426e+00 -5.329199618749553835e+00
5.999999999999999778e-01 -1.260277515295070927e+00 -6.026596961945649866e+00
6.099999999999999867e-01 -1.196023568399526393e+00 -6.843763641030266243e+00
6.199999999999998845e-01 -1.123402242474465407e+00 -7.547349407195843796e+00
6.300000000000000044e-01 -1.045076580255609677e+00 -7.900724078082907553e+00
6.400000000000000133e-01 -9.653877609128074244e-01 -8.299588911804551827e+00
6.499999999999999112e-01 -8.790848020195186630e-01 -8.770101989665848308e+00
6.600000000000000311e-01 -7.899857211194902806e-01 -8.612205021067017796e+00
6.700000000000000400e-01 -7.068407015981783559e-01 -7.793954762105149925e+00
6.799999999999999378e-01 -6.341066258773873088e-01 -6.826834333752076489e+00
6.899999999999999467e-01 -5.703040149231367595e-01 -5.907920207916729893e+00
7.000000000000000666e-01 -5.159482217190527464e-01 -5.221772666771155258e+00
7.099999999999999645e-01 -4.658685615877136699e-01 -5.076893453933203126e+00
7.199999999999999734e-01 -4.144103526403887239e-01 -5.177780426776962486e+00
7.299999999999998712e-01 -3.623129530521743691e-01 -4.979536161573547837e+00
7.399999999999999911e-01 -3.148196294089177782e-01 -4.331571508084666178e+00
7.500000000000000000e-01 -2.756815228904810899e-01 -3.398593086497446958e+00
7.599999999999998979e-01 -2.468477676789688491e-01 -2.280942603264182189e+00
7.699999999999999067e-01 -2.300626708251974351e-01 -1.413451324149610722e+00
7.800000000000000266e-01 -2.185787411959766446e-01 -1.357849982289302204e+00
7.899999999999999245e-01 -2.029056711794113843e-01 -1.991626641361396555e+00
7.999999999999999334e-01 -1.787462083687487158e-01 -2.494349486867481147e+00
8.100000000000000533e-01 -1.530186814420617658e-01 -2.323740261094747517e+00
8.199999999999999512e-01 -1.322714031468537610e-01 -1.670578318764182946e+00
8.299999999999999600e-01 -1.196071150667781108e-01 -9.184421953985772991e-01
8.399999999999999689e-01 -1.139025592388822200e-01 -4.653763759522249188e-01
8.499999999999999778e-01 -1.102995875477336268e-01 -5.756276873414905015e-01
8.599999999999999867e-01 -1.023900054920524189e-01 -9.436718612044796561e-01
8.699999999999999956e-01 -9.142615032364402594e-02 -1.069649439867534912e+00
8.799999999999998934e-01 -8.099701669470171783e-02 -8.945202987808333894e-01
8.900000000000000133e-01 -7.353574434802737092e-02 -5.629657813426595103e-01
8.999999999999999112e-01 -6.973770106784853151e-02 -2.561515102613540762e-01
9.099999999999999201e-01 -6.841271414280027108e-02 -1.736100050537882078e-01
9.199999999999999289e-01 -6.626550096677275015e-02 -3.519010782153617067e-01
9.299999999999999378e-01 -6.137469257849304666e-02 -5.872324372080868216e-01
9.399999999999999467e-01 -5.452085222261102149e-02 -6.913581176970462483e-01
9.499999999999999556e-01 -4.754753022455212447e-02 -6.412608569818507576e-01
9.599999999999999645e-01 -4.169563508297401133e-02 -5.508482054689208818e-01
9.699999999999999734e-01 -3.653056611517370433e-02 -5.054498568619802956e-01
9.799999999999999822e-01 -3.158663794573440126e-02 -4.707995572168595100e-01
9.899999999999998801e-01 -2.711457497083651080e-02 -3.922329792100578416e-01
1.000000000000000000e+00 -2.374197836153325164e-02 -2.824666268675500858e-01
1.010000000000000009e+00 -2.146524243348551034e-02 -1.794284349423740932e-01
1.020000000000000018e+00 -2.015340966268576797e-02 -1.310847448505401969e-01
1.029999999999999805e+00 -1.884354753647470709e-02 -8.886753273668622499e-02
1.040000000000000036e+00 -1.837605900795204195e-02 6.717055178618094868e-02
1.050000000000000044e+00 -2.018695857219832482e-02 3.047095750994548435e-01
1.059999999999999831e+00 -2.447025050994113687e-02 4.169592015969075804e-01
1.069999999999999840e+00 -2.852614260413648128e-02 2.561353662052295310e-01
1.080000000000000071e+00 -2.959295783404572791e-02 -9.828027376337679366e-02
1.089999999999999858e+00 -2.656053712886894541e-02 -4.125491258001326988e-01
1.099999999999999867e+00 -2.134197531804307713e-02 -4.907858005201941598e-01
1.109999999999999876e+00 -1.674482111846506069e-02 -3.522939639456542649e-01
1.119999999999999885e+00 -1.429609603912998864e-02 -1.421832134014820170e-01
1.129999999999999893e+00 -1.390115685043541958e-02 1.661954513629591498e-02
1.139999999999999902e+00 -1.462848694185590881e-02 5.027214624802220366e-02
1.149999999999999911e+00 -1.490659977539586338e-02 -5.828640609831831076e-02
1.159999999999999920e+00 -1.346275881988954169e-02 -5.218496515102766242e-01
1.169999999999999929e+00 -4.469606745190333151e-03 -6.443507205545409011e-01
1.179999999999999938e+00 -5.757444087987240340e-04 -2.211517562920248814e-01
1.189999999999999947e+00 -4.657161934983557639e-05 -2.878722043993620083e-02
1.199999999999999956e+00 0.000000000000000000e+00 -4.657161934983557530e-03
