0.000000000000000000e+00 3.760715075399999705e+02 1.260324458600000071e+03
1.001999999999999939e-02 3.634682639999999765e+02 1.260324458600000071e+03
1.998000000000000123e-02 3.508650204600000393e+02 1.260324458600000071e+03
2.999999999999999889e-02 3.382617769199999884e+02 1.260324458600000071e+03
4.001999999999999308e-02 3.256585333799999944e+02 1.260324458600000071e+03
4.997999999999999665e-02 3.130552898400000004e+02 1.260324458600000071e+03
5.999999999999999778e-02 3.004520463000000063e+02 1.260324458600000071e+03
7.001999999999999891e-02 2.878488027600000123e+02 1.260324458600000071e+03
7.997999999999999554e-02 2.752455592199999614e+02 1.260324458600000071e+03
8.999999999999999667e-02 2.626423156800000243e+02 1.260324458600000071e+03
1.000199999999999839e-01 2.500390721400000018e+02 1.260324458600000071e+03
1.099799999999999944e-01 2.374357972199999836e+02 1.260324458600000071e+03
1.199999999999999956e-01 2.248325536799999895e+02 1.260324458600000071e+03
1.300199999999999967e-01 2.122293101399999955e+02 1.260324458600000071e+03
1.399799999999999933e-01 1.996260666000000015e+02 1.260324458600000071e+03
1.499999999999999944e-01 1.870228230599999790e+02 1.260324458600000071e+03
1.600199999999999956e-01 1.744195795200000134e+02 1.260324458600000071e+03
1.699799999999999922e-01 1.618163359799999910e+02 1.260324458600000071e+03
1.799999999999999933e-01 1.492130924399999969e+02 1.260324458600000071e+03
1.900199999999999945e-01 1.366098489000000029e+02 1.260324458600000071e+03
1.999799999999999911e-01 1.240066053600000089e+02 1.260324458600000071e+03
2.099999999999999922e-01 1.114033618200000006e+02 1.260324458600000071e+03
2.200200000000000211e-01 9.880011827999999241e+01 1.260324458600000071e+03
2.299799999999999622e-01 8.619687473999999838e+01 1.260324458600000071e+03
2.399999999999999911e-01 7.359363120000000436e+01 1.260324458600000071e+03
2.500200000000000200e-01 6.099038765999999612e+01 1.260324458600000071e+03
2.599799999999999889e-01 4.838714411999998788e+01 1.260324458600000071e+03
2.700000000000000178e-01 3.578390058000000096e+01 1.260324458600000071e+03
2.800199999999999911e-01 2.318065703999999982e+01 1.276849532700000054e+03
2.899800000000000155e-01 1.024691933999999982e+01 8.515528886000000739e+02
2.999999999999999889e-01 6.149601360000000128e+00 3.595726462000000083e+02
3.100200000000000178e-01 3.055439220000000233e+00 2.746694538000000421e+02
3.199799999999999867e-01 6.562185600000001173e-01 2.181052779000000328e+02
3.300000000000000155e-01 -1.306663199999999803e+00 1.783527801000000181e+02
3.400199999999999889e-01 -2.910840179999999666e+00 1.475359465000000228e+02
3.499800000000000133e-01 -4.257387360000000065e+00 1.218241159000000096e+02
3.599999999999999867e-01 -5.347340280000000057e+00 1.008365966000000071e+02
3.700200000000000156e-01 -6.274117200000000061e+00 8.615347620000000006e+01
3.799799999999999844e-01 -7.070416080000000214e+00 7.399838090000001500e+01
3.900000000000000133e-01 -7.754060760000000663e+00 6.367315800000000081e+01
4.000199999999999867e-01 -8.343879239999999697e+00 5.272917380000000520e+01
4.099800000000000111e-01 -8.808648420000000812e+00 3.974915060000000011e+01
4.199999999999999845e-01 -9.138860160000000121e+00 2.809587379999999968e+01
4.300200000000000133e-01 -9.370570080000000246e+00 1.838674490000000361e+01
4.399799999999999822e-01 -9.506571000000000993e+00 9.497941499999999593e+00
4.499999999999999556e-01 -9.560544600000000059e+00 -1.243380200000000269e+00
4.600199999999999845e-01 -9.481718040000000514e+00 -1.316757100000000058e+01
4.699799999999999534e-01 -9.297172259999999966e+00 -2.233879440000000116e+01
4.799999999999999822e-01 -9.034929599999999894e+00 -2.710928660000000434e+01
4.900199999999999556e-01 -8.754988619999998889e+00 -2.802260150000000039e+01
4.999799999999999800e-01 -8.474482800000000537e+00 -2.881902589999999975e+01
5.100000000000000089e-01 -8.178600780000000015e+00 -3.007945590000000280e+01
5.200200000000000378e-01 -7.872896819999999352e+00 -3.005508410000000197e+01
5.299800000000000066e-01 -7.577516880000001009e+00 -2.846971420000000563e+01
5.400000000000000355e-01 -7.303506719999999675e+00 -2.695134060000000531e+01
5.500199999999999534e-01 -7.038471239999999796e+00 -2.678779850000000096e+01
5.599800000000000333e-01 -6.767755979999999560e+00 -2.720839510000000061e+01
5.699999999999999512e-01 -6.494310660000000013e+00 -2.761398160000000246e+01
5.800199999999999800e-01 -6.215467979999998782e+00 -2.738255410000000012e+01
5.899799999999999489e-01 -5.946666900000000311e+00 -2.753113839999999612e+01
5.999999999999999778e-01 -5.664843119999999566e+00 -2.738307710000000128e+01
6.100199999999998957e-01 -5.398991760000000362e+00 -2.724950290000000308e+01
6.199800000000000866e-01 -5.119866659999999570e+00 -2.866191669999999903e+01
6.300000000000000044e-01 -4.825773300000000710e+00 -2.900076839999999834e+01
6.400199999999999223e-01 -4.539838740000000428e+00 -2.815899990000000130e+01
6.499799999999998912e-01 -4.262596440000000264e+00 -2.737957300000000060e+01
6.600000000000000311e-01 -3.992257739999999888e+00 -2.655548190000000019e+01
6.700199999999999489e-01 -3.731489939999999450e+00 -2.403551099999999963e+01
6.799799999999999178e-01 -3.511547519999999700e+00 -2.157976449999999957e+01
6.899999999999999467e-01 -3.299889420000000406e+00 -2.002336880000000363e+01
7.000199999999999756e-01 -3.111075959999999974e+00 -1.715691040000000100e+01
7.099799999999999445e-01 -2.956749120000000008e+00 -1.486046969999999945e+01
7.199999999999999734e-01 -2.813875980000000165e+00 -1.364559300000000164e+01
7.300199999999998912e-01 -2.683837259999999780e+00 -1.281517360000000139e+01
7.399799999999999711e-01 -2.557564140000000208e+00 -1.047835729999999899e+01
7.500000000000000000e-01 -2.474250239999999934e+00 -7.494903799999999450e+00
7.600199999999999179e-01 -2.407661880000000032e+00 -5.827684399999999876e+00
7.699799999999999978e-01 -2.357704919999999760e+00 -3.534643200000000540e+00
7.800000000000000266e-01 -2.336962740000000149e+00 -2.128400800000000537e+00
7.900199999999999445e-01 -2.315153640000000124e+00 -2.238649200000000228e+00
7.999799999999999134e-01 -2.292183480000000273e+00 -1.675953500000000096e+00
8.100000000000000533e-01 -2.281608419999999970e+00 -8.097086000000000006e-01
8.200199999999999712e-01 -2.275991400000000109e+00 -3.932437000000000848e-01
8.299799999999999400e-01 -2.273763419999999869e+00 1.855081000000000091e-01
8.399999999999999689e-01 -2.279725619999999786e+00 1.139616999999999880e+00
8.500199999999999978e-01 -2.296545300000000012e+00 1.595045400000000058e+00
8.599799999999999667e-01 -2.311607700000000154e+00 1.535580300000000120e+00
8.699999999999999956e-01 -2.327266320000000110e+00 1.818314100000000266e+00
8.800199999999999134e-01 -2.347977119999999918e+00 1.809109300000000031e+00
8.899799999999999933e-01 -2.363447459999999722e+00 1.032192800000000021e+00
8.999999999999999112e-01 -2.368625159999999674e+00 3.003066000000000346e-01
9.100199999999999401e-01 -2.369441039999999887e+00 -4.348744999999999972e-01
9.199800000000000200e-01 -2.359932900000000000e+00 -1.090873399999999993e+00
9.299999999999999378e-01 -2.347631940000000306e+00 -1.586415899999999990e+00
9.400199999999999667e-01 -2.328207719999999981e+00 -2.590052900000000324e+00
9.499799999999999356e-01 -2.295823560000000096e+00 -3.766959800000000413e+00
9.599999999999999645e-01 -2.252864339999999910e+00 -4.276623299999999794e+00
9.700199999999999934e-01 -2.210313060000000274e+00 -4.395082800000000844e+00
9.799799999999999622e-01 -2.164968959999999942e+00 -5.200084400000000606e+00
9.899999999999998801e-01 -2.106288359999999749e+00 -6.772274700000000536e+00
1.000019999999999909e+00 -2.029501500000000291e+00 -8.338032099999999502e+00
1.009979999999999878e+00 -1.939535039999999766e+00 -9.063119300000000322e+00
1.020000000000000018e+00 -1.848250619999999955e+00 -9.225720000000000809e+00
1.030019999999999936e+00 -1.755020640000000132e+00 -1.027025560000000048e+01
1.039979999999999905e+00 -1.642837139999999696e+00 -1.123513830000000091e+01
1.050000000000000044e+00 -1.530308459999999871e+00 -1.147561370000000025e+01
1.060019999999999962e+00 -1.413323819999999786e+00 -1.154862449999999896e+01
1.069979999999999931e+00 -1.299351659999999908e+00 -1.123587050000000076e+01
1.080000000000000071e+00 -1.188611639999999969e+00 -1.226550060000000109e+01
1.090019999999999989e+00 -1.054022819999999916e+00 -1.498117810000000105e+01
1.099979999999999958e+00 -8.889954000000001022e-01 -1.675440960000000246e+01
1.110000000000000098e+00 -7.189471800000000190e-01 -1.650964560000000247e+01
1.120020000000000016e+00 -5.587836600000000153e-01 -1.541636640000000114e+01
1.129979999999999984e+00 -4.106073000000000084e-01 -1.392168470000000013e+01
1.139999999999999902e+00 -2.803489200000000015e-01 -1.155474360000000011e+01
1.150020000000000042e+00 -1.795249800000000007e-01 -8.797958299999999454e+00
1.159980000000000011e+00 -1.044012599999999957e-01 -8.239342000000000610e+00
1.169999999999999929e+00 -1.474860000000000060e-02 -5.156570800000000787e+00
1.180019999999999847e+00 -1.286580000000000059e-03 -7.313632000000001021e-01
1.189980000000000038e+00 -1.255200000000000044e-04 -6.359679999999999500e-02
1.199999999999999956e+00 0.000000000000000000e+00 -1.124449999999999929e-02
