0.000000000000000000e+00 3.477151712615424003e+03 2.044242404876109958e+03
1.000000200000000089e-02 3.356682136568658279e+03 2.204967280415282949e+04
1.999999800000000147e-02 3.036158256531426105e+03 3.744724163447896717e+04
2.999999999999999889e-02 2.607737303878973762e+03 4.291211431767125032e+04
4.000000199999999978e-02 2.177915970178523821e+03 3.966462803051504306e+04
4.999999799999999689e-02 1.814444743269509900e+03 3.210236348470127996e+04
5.999999999999999778e-02 1.535868700485126055e+03 2.490227980565295002e+04
7.000000199999999173e-02 1.316399147158020241e+03 2.035144443073438015e+04
7.999999800000000272e-02 1.128839811868974039e+03 1.764142258148609108e+04
8.999999999999999667e-02 9.635706955275659311e+02 1.528303383085867063e+04
1.000000019999999906e-01 8.231791352537879902e+02 1.301640853795477960e+04
1.099999979999999877e-01 7.032425247680520215e+02 1.111992713570962042e+04
1.199999999999999956e-01 6.007805925368759290e+02 9.499761715602478944e+03
1.300000020000000034e-01 5.132472904566300258e+02 8.115653236917461072e+03
1.399999979999999866e-01 4.384675278008280088e+02 6.933208372342260191e+03
1.499999999999999944e-01 3.745831230079020315e+02 5.923044877726660161e+03
1.600000020000000023e-01 3.200066302454579841e+02 5.060061480845150072e+03
1.699999979999999855e-01 2.733818933915219986e+02 4.322814146863780479e+03
1.799999999999999933e-01 2.335503473067180380e+02 3.692983221458530352e+03
1.900000019999999734e-01 1.995222289624559835e+02 3.154918210830809585e+03
1.999999979999999844e-01 1.704519830929260138e+02 2.695248886919820052e+03
2.099999999999999922e-01 1.456172512234319925e+02 2.302553054304160469e+03
2.200000019999999723e-01 1.244009220060059988e+02 1.967072723269070138e+03
2.299999980000000110e-01 1.062757967579459830e+02 1.680471636211710120e+03
2.399999999999999911e-01 9.079148928145799857e+01 1.435628122293730030e+03
2.500000019999999989e-01 7.756323431217600728e+01 1.226458133001280203e+03
2.599999980000000099e-01 6.626232661996800744e+01 1.047764061353979969e+03
2.700000000000000178e-01 5.660795308676999582e+01 8.951055879754001126e+02
2.800000019999999701e-01 4.836021486150599458e+01 7.646893448395200039e+02
2.899999979999999811e-01 4.131416618935200091e+01 6.532746549284300954e+02
2.999999999999999889e-01 3.529472176408800266e+01 5.580930055510000329e+02
3.100000019999999967e-01 3.015230607937800045e+01 4.767792543245200250e+02
3.199999980000000077e-01 2.575913667801599871e+01 4.073128584147299875e+02
3.300000000000000155e-01 2.200604891014199893e+01 3.479676666404200205e+02
3.400000020000000234e-01 1.879978334248799854e+01 2.972669077660800099e+02
3.499999979999999788e-01 1.606071075544799953e+01 2.539640077039300081e+02
3.599999999999999867e-01 1.372050318851399986e+01 2.169865475064500231e+02
3.700000019999999945e-01 1.172097980584199917e+01 1.853481943085400019e+02
3.799999980000000055e-01 1.001353930422600058e+01 1.581811225943699810e+02
3.900000000000000133e-01 8.557357351758000163e+00 1.348546418680300008e+02
4.000000020000000212e-01 7.316446466969999562e+00 1.150454879424399905e+02
4.099999979999999766e-01 6.256447592699998950e+00 9.869909742004000464e+01
4.199999999999999845e-01 5.342464518359999914e+00 8.585402968395999324e+01
4.300000019999999368e-01 4.539367001321999773e+00 7.633802566768000020e+01
4.399999980000000033e-01 3.815704003541999789e+00 6.956432060452000599e+01
4.499999999999999556e-01 3.148080589650000150e+00 6.460879672613999958e+01
4.600000019999999634e-01 2.523528070902000042e+00 6.052567829027999835e+01
4.699999980000000299e-01 1.937567021333999717e+00 5.663413097835999821e+01
4.799999999999999822e-01 1.390845450497999902e+00 5.264142297720000840e+01
4.900000019999999901e-01 8.847385617899999888e-01 4.856230487943000185e+01
4.999999979999999455e-01 4.195993519679999117e-01 4.451862095737000402e+01
5.100000000000000089e-01 -5.633855370000000369e-03 4.056844048154999882e+01
5.200000019999999612e-01 -3.917694560940000459e-01 3.670335727297000261e+01
5.299999979999999722e-01 -7.397010019799998837e-01 3.293302556644999868e+01
5.400000000000000355e-01 -1.050429966899999901e+00 2.929637182836000164e+01
5.500000019999999878e-01 -1.325628437291999973e+00 2.583519831379000209e+01
5.599999979999999988e-01 -1.567133934953999663e+00 2.255890571239000053e+01
5.699999999999999512e-01 -1.776806553317999748e+00 1.943150619542000257e+01
5.800000019999999035e-01 -1.955764057397999744e+00 1.641367628721000216e+01
5.899999980000000255e-01 -2.105080079376000057e+00 1.353367909604000197e+01
5.999999999999999778e-01 -2.226437641620000019e+00 1.086159826936000172e+01
6.100000019999999301e-01 -2.322312042461999848e+00 8.452444662610000492e+00
6.199999980000000521e-01 -2.395486534139999790e+00 6.291935375910000516e+00
6.300000000000000044e-01 -2.448150750293999867e+00 4.317645997440000549e+00
6.400000019999999568e-01 -2.481839452206000107e+00 2.464802349599999776e+00
6.499999980000000788e-01 -2.497446797285999942e+00 7.237765724600000450e-01
6.600000000000000311e-01 -2.496314986584000195e+00 -8.572488972900000892e-01
6.700000019999999834e-01 -2.480301819654000095e+00 -2.222468845660000358e+00
6.799999979999998834e-01 -2.451865608833999843e+00 -3.366529959709999797e+00
6.899999999999999467e-01 -2.412971222238000202e+00 -4.329386531559999973e+00
7.000000019999998990e-01 -2.365277877366000148e+00 -5.162543350169999989e+00
7.099999979999999100e-01 -2.309720353038000162e+00 -5.896202891499999765e+00
7.199999999999999734e-01 -2.247353820582000061e+00 -6.528139340770000132e+00
7.300000019999999257e-01 -2.179157568209999951e+00 -7.049586611300000527e+00
7.399999979999999367e-01 -2.106362087309999964e+00 -7.473654294310000168e+00
7.500000000000000000e-01 -2.029684479918000051e+00 -7.821494497199999785e+00
7.600000019999999523e-01 -1.949932197365999986e+00 -8.103711740559999654e+00
7.699999979999999633e-01 -1.867610247407999857e+00 -8.335635447270000498e+00
7.800000000000000266e-01 -1.783219489362000143e+00 -8.537773880350000510e+00
7.900000019999999790e-01 -1.696854769278000052e+00 -8.710602373579998670e+00
7.999999979999999900e-01 -1.609007441471999922e+00 -8.823653556730000957e+00
8.100000000000000533e-01 -1.520381698248000291e+00 -8.853164971870000954e+00
8.200000020000000056e-01 -1.431944140883999905e+00 -8.806113899239999654e+00
8.299999979999999056e-01 -1.344259421100000074e+00 -8.695099973679999650e+00
8.399999999999999689e-01 -1.258042143084000086e+00 -8.514579604390000611e+00
8.500000019999999212e-01 -1.173967827234000172e+00 -8.262426111239999926e+00
8.599999979999999322e-01 -1.092793619604000011e+00 -7.953340966700000791e+00
8.699999999999999956e-01 -1.014901006854000087e+00 -7.609868985330000335e+00
8.800000019999999479e-01 -9.405962389560000858e-01 -7.252708655710000230e+00
8.899999979999999589e-01 -8.698468344719998413e-01 -6.897585656900000473e+00
8.999999999999999112e-01 -8.026445279100000718e-01 -6.545171160029999768e+00
9.100000019999999745e-01 -7.389434134679999655e-01 -6.189834526180000296e+00
9.199999979999999855e-01 -6.788478359219999314e-01 -5.828881981090000330e+00
9.299999999999999378e-01 -6.223657720679999228e-01 -5.456222849810000497e+00
9.400000020000000012e-01 -5.697233807039999709e-01 -5.057899941170000524e+00
9.499999980000000122e-01 -5.212077731399999969e-01 -4.634874644229999952e+00
9.599999999999999645e-01 -4.770258879240000249e-01 -4.212857471630000461e+00
9.700000020000000278e-01 -4.369506248580000141e-01 -3.821111303680000404e+00
9.799999979999999278e-01 -4.006036603859999823e-01 -3.470426257979999818e+00
9.899999999999998801e-01 -3.675421003259999875e-01 -3.159035091380000271e+00
1.000000001999999943e+00 -3.374229581400000066e-01 -2.878732885740000302e+00
1.009999997999999843e+00 -3.099674413559999619e-01 -2.618515229440000258e+00
1.020000000000000018e+00 -2.850526533419999731e-01 -2.371192399640000392e+00
1.030000001999999970e+00 -2.625435942000000078e-01 -2.141858128690000029e+00
1.039999997999999870e+00 -2.422154921280000039e-01 -1.942898086900000099e+00
1.050000000000000044e+00 -2.236856303699999993e-01 -1.784054195269999976e+00
1.060000001999999997e+00 -2.065344081179999736e-01 -1.664975588789999961e+00
1.069999997999999897e+00 -1.903861189080000016e-01 -1.575441869450000087e+00
1.080000000000000071e+00 -1.750255712519999951e-01 -1.502771647049999881e+00
1.090000002000000023e+00 -1.603306875359999939e-01 -1.431430132300000047e+00
1.099999997999999923e+00 -1.463969665140000265e-01 -1.363817340820000057e+00
1.110000000000000098e+00 -1.330543411379999930e-01 -1.350877400340000145e+00
1.120000002000000050e+00 -1.193794203900000045e-01 -1.462375712810000117e+00
1.129999997999999950e+00 -1.038068255219999902e-01 -1.707305838529999953e+00
1.139999999999999902e+00 -8.523330163200000531e-02 -1.998859196729999788e+00
1.150000001999999855e+00 -6.382964064599999654e-02 -2.184049579459999890e+00
1.159999997999999977e+00 -4.155231025199999928e-02 -2.094792307460000114e+00
1.169999999999999929e+00 -2.193379470600000103e-02 -1.664623065870000307e+00
1.180000001999999881e+00 -8.259849876000001367e-03 -1.016895829270000107e+00
1.189999998000000003e+00 -1.595880107999999610e-03 -4.308273481799999582e-01
1.199999999999999956e+00 3.566964599999999930e-04 4.031211826000000165e-02
