0.000000000000000000e+00 0.000000000000000000e+00 0.000000000000000000e+00
1.666666666666666644e-02 0.000000000000000000e+00 0.000000000000000000e+00
3.333333333333333287e-02 0.000000000000000000e+00 0.000000000000000000e+00
5.000000000000000278e-02 0.000000000000000000e+00 0.000000000000000000e+00
6.666666666666666574e-02 0.000000000000000000e+00 0.000000000000000000e+00
8.333333333333334259e-02 0.000000000000000000e+00 0.000000000000000000e+00
1.000000000000000056e-01 0.000000000000000000e+00 0.000000000000000000e+00
1.166666666666666824e-01 0.000000000000000000e+00 0.000000000000000000e+00
1.333333333333333315e-01 0.000000000000000000e+00 0.000000000000000000e+00
1.499999999999999944e-01 0.000000000000000000e+00 0.000000000000000000e+00
1.666666666666666852e-01 0.000000000000000000e+00 0.000000000000000000e+00
1.833333333333333481e-01 0.000000000000000000e+00 0.000000000000000000e+00
2.000000000000000111e-01 0.000000000000000000e+00 0.000000000000000000e+00
2.166666666666666741e-01 0.000000000000000000e+00 0.000000000000000000e+00
2.333333333333333648e-01 0.000000000000000000e+00 0.000000000000000000e+00
2.500000000000000000e-01 0.000000000000000000e+00 0.000000000000000000e+00
2.666666666666666630e-01 0.000000000000000000e+00 0.000000000000000000e+00
2.833333333333333814e-01 0.000000000000000000e+00 0.000000000000000000e+00
2.999999999999999889e-01 0.000000000000000000e+00 0.000000000000000000e+00
3.166666666666667074e-01 0.000000000000000000e+00 0.000000000000000000e+00
3.333333333333333703e-01 0.000000000000000000e+00 0.000000000000000000e+00
3.499999999999999778e-01 0.000000000000000000e+00 0.000000000000000000e+00
3.666666666666666963e-01 0.000000000000000000e+00 0.000000000000000000e+00
3.833333333333333592e-01 0.000000000000000000e+00 0.000000000000000000e+00
4.000000000000000222e-01 0.000000000000000000e+00 0.000000000000000000e+00
4.166666666666666852e-01 0.000000000000000000e+00 0.000000000000000000e+00
4.333333333333333481e-01 0.000000000000000000e+00 0.000000000000000000e+00
4.500000000000000666e-01 0.000000000000000000e+00 0.000000000000000000e+00
4.666666666666667296e-01 0.000000000000000000e+00 0.000000000000000000e+00
4.833333333333333370e-01 0.000000000000000000e+00 0.000000000000000000e+00
5.000000000000000000e-01 0.000000000000000000e+00 0.000000000000000000e+00
5.166666666666667185e-01 0.000000000000000000e+00 0.000000000000000000e+00
5.333333333333333259e-01 0.000000000000000000e+00 0.000000000000000000e+00
5.500000000000000444e-01 0.000000000000000000e+00 0.000000000000000000e+00
5.666666666666667629e-01 0.000000000000000000e+00 0.000000000000000000e+00
5.833333333333333703e-01 0.000000000000000000e+00 0.000000000000000000e+00
5.999999999999999778e-01 0.000000000000000000e+00 0.000000000000000000e+00
6.166666666666666963e-01 0.000000000000000000e+00 0.000000000000000000e+00
6.333333333333334147e-01 0.000000000000000000e+00 0.000000000000000000e+00
6.500000000000000222e-01 0.000000000000000000e+00 0.000000000000000000e+00
6.666666666666667407e-01 0.000000000000000000e+00 0.000000000000000000e+00
6.833333333333334592e-01 0.000000000000000000e+00 0.000000000000000000e+00
6.999999999999999556e-01 0.000000000000000000e+00 0.000000000000000000e+00
7.166666666666666741e-01 0.000000000000000000e+00 0.000000000000000000e+00
7.333333333333333925e-01 0.000000000000000000e+00 0.000000000000000000e+00
7.500000000000000000e-01 0.000000000000000000e+00 0.000000000000000000e+00
7.666666666666667185e-01 0.000000000000000000e+00 0.000000000000000000e+00
7.833333333333334370e-01 -0.000000000000000000e+00 0.000000000000000000e+00
8.000000000000000444e-01 -0.000000000000000000e+00 0.000000000000000000e+00
8.166666666666666519e-01 -0.000000000000000000e+00 0.000000000000000000e+00
8.333333333333333703e-01 -0.000000000000000000e+00 0.000000000000000000e+00
8.500000000000000888e-01 -0.000000000000000000e+00 0.000000000000000000e+00
8.666666666666666963e-01 -0.000000000000000000e+00 0.000000000000000000e+00
8.833333333333334147e-01 -0.000000000000000000e+00 -0.000000000000000000e+00
9.000000000000001332e-01 -0.000000000000000000e+00 -0.000000000000000000e+00
9.166666666666667407e-01 -0.000000000000000000e+00 -0.000000000000000000e+00
9.333333333333334592e-01 -0.000000000000000000e+00 -0.000000000000000000e+00
9.500000000000001776e-01 -0.000000000000000000e+00 -0.000000000000000000e+00
9.666666666666666741e-01 -0.000000000000000000e+00 -0.000000000000000000e+00
9.833333333333332815e-01 -0.000000000000000000e+00 -0.000000000000000000e+00
1.000000000000000000e+00 -0.000000000000000000e+00 -0.000000000000000000e+00
1.016666666666666607e+00 -0.000000000000000000e+00 -0.000000000000000000e+00
1.033333333333333437e+00 -0.000000000000000000e+00 -0.000000000000000000e+00
1.050000000000000044e+00 -0.000000000000000000e+00 -0.000000000000000000e+00
1.066666666666666652e+00 -0.000000000000000000e+00 -0.000000000000000000e+00
1.083333333333333481e+00 -0.000000000000000000e+00 -0.000000000000000000e+00
1.100000000000000089e+00 -0.000000000000000000e+00 -0.000000000000000000e+00
1.116666666666666696e+00 -0.000000000000000000e+00 -0.000000000000000000e+00
1.133333333333333526e+00 -0.000000000000000000e+00 -0.000000000000000000e+00
1.150000000000000133e+00 -0.000000000000000000e+00 -0.000000000000000000e+00
1.166666666666666741e+00 -0.000000000000000000e+00 -0.000000000000000000e+00
1.183333333333333348e+00 -0.000000000000000000e+00 -0.000000000000000000e+00
1.199999999999999956e+00 -0.000000000000000000e+00 -0.000000000000000000e+00
1.216666666666666785e+00 -0.000000000000000000e+00 -0.000000000000000000e+00
1.233333333333333393e+00 -0.000000000000000000e+00 -0.000000000000000000e+00
1.250000000000000000e+00 -0.000000000000000000e+00 -0.000000000000000000e+00
1.266666666666666829e+00 -0.000000000000000000e+00 -0.000000000000000000e+00
1.283333333333333437e+00 -0.000000000000000000e+00 -0.000000000000000000e+00
1.300000000000000044e+00 -0.000000000000000000e+00 -0.000000000000000000e+00
1.316666666666666874e+00 -0.000000000000000000e+00 -0.000000000000000000e+00
1.333333333333333481e+00 -0.000000000000000000e+00 -0.000000000000000000e+00
1.350000000000000089e+00 -0.000000000000000000e+00 -0.000000000000000000e+00
1.366666666666666918e+00 -0.000000000000000000e+00 -0.000000000000000000e+00
1.383333333333333526e+00 -0.000000000000000000e+00 -0.000000000000000000e+00
1.399999999999999911e+00 -0.000000000000000000e+00 -0.000000000000000000e+00
1.416666666666666741e+00 -0.000000000000000000e+00 -0.000000000000000000e+00
1.433333333333333348e+00 -0.000000000000000000e+00 -0.000000000000000000e+00
1.449999999999999956e+00 -0.000000000000000000e+00 -0.000000000000000000e+00
1.466666666666666785e+00 -0.000000000000000000e+00 -0.000000000000000000e+00
1.483333333333333393e+00 -0.000000000000000000e+00 -0.000000000000000000e+00
1.500000000000000000e+00 -0.000000000000000000e+00 -0.000000000000000000e+00
1.516666666666666829e+00 -0.000000000000000000e+00 -0.000000000000000000e+00
1.533333333333333437e+00 -0.000000000000000000e+00 -0.000000000000000000e+00
1.550000000000000044e+00 -0.000000000000000000e+00 -0.000000000000000000e+00
1.566666666666666874e+00 -0.000000000000000000e+00 -0.000000000000000000e+00
1.583333333333333481e+00 -0.000000000000000000e+00 -0.000000000000000000e+00
1.600000000000000089e+00 -0.000000000000000000e+00 -0.000000000000000000e+00
1.616666666666666696e+00 -0.000000000000000000e+00 -0.000000000000000000e+00
1.633333333333333304e+00 -0.000000000000000000e+00 -0.000000000000000000e+00
1.650000000000000133e+00 -0.000000000000000000e+00 -0.000000000000000000e+00
1.666666666666666741e+00 -0.000000000000000000e+00 -0.000000000000000000e+00
1.683333333333333348e+00 -0.000000000000000000e+00 -0.000000000000000000e+00
1.700000000000000178e+00 -0.000000000000000000e+00 -0.000000000000000000e+00
1.716666666666666785e+00 -0.000000000000000000e+00 -0.000000000000000000e+00
1.733333333333333393e+00 -0.000000000000000000e+00 -0.000000000000000000e+00
1.750000000000000222e+00 -0.000000000000000000e+00 -0.000000000000000000e+00
1.766666666666666829e+00 -0.000000000000000000e+00 -0.000000000000000000e+00
1.783333333333333437e+00 -0.000000000000000000e+00 -0.000000000000000000e+00
1.800000000000000266e+00 -0.000000000000000000e+00 -0.000000000000000000e+00
1.816666666666666874e+00 -0.000000000000000000e+00 -0.000000000000000000e+00
1.833333333333333481e+00 0.000000000000000000e+00 -0.000000000000000000e+00
1.850000000000000311e+00 0.000000000000000000e+00 -0.000000000000000000e+00
1.866666666666666918e+00 0.000000000000000000e+00 -0.000000000000000000e+00
1.883333333333333526e+00 0.000000000000000000e+00 -0.000000000000000000e+00
1.900000000000000355e+00 0.000000000000000000e+00 -0.000000000000000000e+00
1.916666666666666963e+00 0.000000000000000000e+00 -0.000000000000000000e+00
1.933333333333333348e+00 0.000000000000000000e+00 -0.000000000000000000e+00
1.949999999999999956e+00 0.000000000000000000e+00 -0.000000000000000000e+00
1.966666666666666563e+00 0.000000000000000000e+00 -0.000000000000000000e+00
1.983333333333333393e+00 0.000000000000000000e+00 -0.000000000000000000e+00
2.000000000000000000e+00 0.000000000000000000e+00 -0.000000000000000000e+00
