0.000000000000000000e+00 5.327972446250313396e+02 8.418157722390174058e+02
1.666666666666666644e-02 5.187669817543810495e+02 8.418157722390174058e+02
3.333333333333333287e-02 5.047367188837307594e+02 8.418157722390208164e+02
5.000000000000000278e-02 4.907064560130803557e+02 8.418157722390208164e+02
6.666666666666666574e-02 4.766761931424300656e+02 8.418157722390208164e+02
8.333333333333332871e-02 4.626459302717796618e+02 8.418157722390208164e+02
1.000000000000000056e-01 4.486156674011293717e+02 8.418157722390208164e+02
1.166666666666666685e-01 4.345854045304789679e+02 8.418157722390208164e+02
1.333333333333333315e-01 4.205551416598286778e+02 8.418157722390191111e+02
1.499999999999999944e-01 4.065248787891783309e+02 8.418157722390208164e+02
1.666666666666666574e-01 3.924946159185279839e+02 8.418157722390208164e+02
1.833333333333333204e-01 3.784643530478776370e+02 8.418157722390208164e+02
2.000000000000000111e-01 3.644340901772272900e+02 8.418157722390208164e+02
2.166666666666666741e-01 3.504038273065769431e+02 8.418157722390208164e+02
2.333333333333333370e-01 3.363735644359265962e+02 8.418157722390208164e+02
2.500000000000000000e-01 3.223433015652762492e+02 8.418157722390208164e+02
2.666666666666666630e-01 3.083130386946259023e+02 8.418157722390191111e+02
2.833333333333333259e-01 2.942827758239756122e+02 8.418157722390208164e+02
2.999999999999999889e-01 2.802525129533252084e+02 8.418157722390208164e+02
3.166666666666666519e-01 2.662222500826749183e+02 8.418157722390191111e+02
3.333333333333333148e-01 2.521919872120245714e+02 8.418157722390208164e+02
3.499999999999999778e-01 2.381617243413742244e+02 8.418157722390208164e+02
3.666666666666666408e-01 2.241314614707238775e+02 8.418157722390208164e+02
3.833333333333333037e-01 2.101011986000735305e+02 8.418157722390225217e+02
4.000000000000000222e-01 1.960709357294231268e+02 8.418157722390225217e+02
4.166666666666666852e-01 1.820406728587727798e+02 8.418157722390191111e+02
4.333333333333333481e-01 1.680104099881224897e+02 8.418157722390191111e+02
4.500000000000000111e-01 1.539801471174721428e+02 8.418157722390208164e+02
4.666666666666666741e-01 1.399498842468217958e+02 8.418157722390208164e+02
4.833333333333333370e-01 1.259196213761714489e+02 8.418157722390208164e+02
5.000000000000000000e-01 1.118893585055211020e+02 8.418157722390191111e+02
5.166666666666666075e-01 9.785909563487081186e+01 8.418157722390203617e+02
5.333333333333333259e-01 8.382883276422042229e+01 8.418157722390234312e+02
5.500000000000000444e-01 6.979856989357003272e+01 8.418157722390203617e+02
5.666666666666666519e-01 5.576830702291974262e+01 8.418157722390203617e+02
5.833333333333333703e-01 4.173804415226935305e+01 8.418157722390203617e+02
5.999999999999999778e-01 2.770778128161906295e+01 8.278998011479146726e+02
6.166666666666666963e-01 1.414138411400553252e+01 4.678092813213589238e+02
6.333333333333333037e-01 1.211413857090709989e+01 1.531568619465191148e+02
6.500000000000000222e-01 9.036155382454895246e+00 1.724430850051026880e+02
6.666666666666666297e-01 6.366035737403676897e+00 1.447548216432400352e+02
6.833333333333333481e-01 4.210994661013560680e+00 1.151249021004491055e+02
6.999999999999999556e-01 2.528539000722040075e+00 9.036056013821553279e+01
7.166666666666666741e-01 1.198975989739709425e+00 7.023067075511951884e+01
7.333333333333332815e-01 1.875166422180560843e-01 5.283397040664216604e+01
7.500000000000000000e-01 -5.621563571483627619e-01 3.810573821117706217e+01
7.666666666666666075e-01 -1.082674631487845929e+00 2.704214826126250770e+01
7.833333333333333259e-01 -1.463561299190446308e+00 2.051536625197999797e+01
8.000000000000000444e-01 -1.766520173220512469e+00 1.744478145079013487e+01
8.166666666666666519e-01 -2.045054014216784122e+00 1.582457924964847606e+01
8.333333333333333703e-01 -2.294006148208795004e+00 1.366481862926272584e+01
8.499999999999999778e-01 -2.500547968525541620e+00 1.024726530205019337e+01
8.666666666666666963e-01 -2.635581658277134753e+00 5.685487135737807840e+00
8.833333333333333037e-01 -2.690064206383468548e+00 6.527484527179705509e-01
9.000000000000000222e-01 -2.657339940034400438e+00 -4.140912544785293470e+00
9.166666666666666297e-01 -2.552033788223958766e+00 -7.635552865014774149e+00
9.333333333333333481e-01 -2.402821511200574633e+00 -8.753208743165261652e+00
9.499999999999999556e-01 -2.260260163451783377e+00 -7.718375912068062839e+00
9.666666666666666741e-01 -2.145542314131639205e+00 -6.838017500862272335e+00
9.833333333333332815e-01 -2.032326246756374299e+00 -6.083870694770832088e+00
1.000000000000000000e+00 -1.942746624305944803e+00 -7.209415598269637293e+00
1.016666666666666607e+00 -1.792012393480719723e+00 -1.114483446161058922e+01
1.033333333333333215e+00 -1.571252142252258510e+00 -1.553273705235211999e+01
1.050000000000000044e+00 -1.274254491735649086e+00 -1.586140918708899683e+01
1.066666666666666652e+00 -1.042538502682625268e+00 -1.240463358562232088e+01
1.083333333333333259e+00 -8.607667055482384200e-01 -8.652378177851014485e+00
1.100000000000000089e+00 -7.541258967542581182e-01 -5.137241819504977158e+00
1.116666666666666696e+00 -6.895253115647391740e-01 -3.488407086465955764e+00
1.133333333333333304e+00 -6.378456605387262668e-01 -3.273641876921990157e+00
1.149999999999999911e+00 -5.804039156673395095e-01 -3.694480954867978006e+00
1.166666666666666741e+00 -5.146962953764603332e-01 -3.977243259511053175e+00
1.183333333333333348e+00 -4.478291403503044110e-01 -3.739469420814725442e+00
1.199999999999999956e+00 -3.900473146826361481e-01 -2.717353655137735302e+00
1.216666666666666563e+00 -3.572506851790465676e-01 -8.383300323636322382e-01
1.233333333333333393e+00 -3.621029802705150735e-01 1.328539267695460602e+00
1.250000000000000000e+00 -4.015353274355619173e-01 2.638644782087169904e+00
1.266666666666666607e+00 -4.500578063400874074e-01 2.477681885226898473e+00
1.283333333333333215e+00 -4.841247236097918627e-01 1.518116019150216323e+00
1.300000000000000044e+00 -5.006616736450946181e-01 7.583453637058135133e-01
1.316666666666666652e+00 -5.094029023999856465e-01 2.068410366547801527e-01
1.333333333333333259e+00 -5.075563748669206232e-01 -6.152891498253620917e-01
1.350000000000000089e+00 -4.888932640724735768e-01 -1.600462067891178064e+00
1.366666666666666696e+00 -4.542076392705480248e-01 -2.138272898449740556e+00
1.383333333333333304e+00 -4.176175007908155545e-01 -1.890833773447695432e+00
1.399999999999999911e+00 -3.911798468222915104e-01 -1.120790361212373742e+00
1.416666666666666741e+00 -3.802578220837364298e-01 -4.516471036484176471e-01
1.433333333333333348e+00 -3.761249433673442555e-01 -1.866134762895360621e-01
1.449999999999999956e+00 -3.740373728740852277e-01 -2.030789528314969061e-01
1.466666666666666563e+00 -3.693556449396276919e-01 -5.492785016859191849e-01
1.483333333333333393e+00 -3.557280894845545882e-01 -1.205502748352108133e+00
1.500000000000000000e+00 -3.291722199945574245e-01 -1.991414090780264212e+00
1.516666666666666607e+00 -2.893476197918791182e-01 -2.618797046333972478e+00
1.533333333333333215e+00 -2.418789851167583438e-01 -2.992084632727605609e+00
1.550000000000000044e+00 -1.896114653676256034e-01 -2.865349928597360041e+00
1.566666666666666652e+00 -1.463673208301796702e-01 -2.011158853865003149e+00
1.583333333333333259e+00 -1.225728369054588374e-01 -9.141194823439738881e-01
1.600000000000000089e+00 -1.158966714187138758e-01 2.500444469193249808e-01
1.616666666666666696e+00 -1.309076518027696701e-01 2.145648557208880425e-01
1.633333333333333304e+00 -1.230488332760768105e-01 -1.286078201104965180e+00
1.649999999999999911e+00 -8.803837843260416129e-02 -2.662673684029813970e+00
1.666666666666666741e+00 -3.429304380841634997e-02 -2.828666237998041844e+00
1.683333333333333348e+00 6.250496167330563818e-03 -2.434882465111252170e+00
1.699999999999999956e+00 4.686970502862538440e-02 -2.327287923022399951e+00
1.716666666666666563e+00 8.382676026807722724e-02 -1.973700978676931728e+00
1.733333333333333393e+00 1.126597376511897786e-01 -1.380504481210766965e+00
1.750000000000000000e+00 1.298435763084361261e-01 -6.932245792884295099e-01
1.766666666666666607e+00 1.357672236274707622e-01 -1.951573377030213496e-01
1.783333333333333215e+00 1.363488208985368377e-01 -3.829836344176218432e-02
1.800000000000000044e+00 1.370438357421961684e-01 -3.951846734630032332e-02
1.816666666666666652e+00 1.376661031434135152e-01 1.483750388707494317e-01
1.833333333333333259e+00 1.320980011131711873e-01 7.165277882583653835e-01
1.849999999999999867e+00 1.137818435348013357e-01 1.510926966835097751e+00
1.866666666666666696e+00 8.173376888533459561e-02 2.241840386514596606e+00
1.883333333333333304e+00 3.905383065098145395e-02 2.568030081357544514e+00
1.899999999999999911e+00 -3.867233826583554510e-03 2.018676726743636518e+00
1.916666666666666741e+00 -2.823539357380642004e-02 7.268455464800669397e-01
1.933333333333333348e+00 -2.809541870925245238e-02 -6.979376251854062518e-01
1.949999999999999956e+00 -4.970806067626211411e-03 -8.265796070941726637e-01
1.966666666666666563e+00 -5.427651394466979614e-04 -1.472208142085580651e-01
1.983333333333333393e+00 -6.344559400760917285e-05 -1.628295418340093906e-02
2.000000000000000000e+00 0.000000000000000000e+00 -3.806735640456550534e-03
