0.000000000000000000e+00 4.997955788613606179e+21 3.598747831510188463e+24
1.666666666666666644e-02 2.499282982559726698e+21 1.799483747526472674e+24
3.333333333333333287e-02 6.101765058477980160e+17 2.196635427573120041e+20
5.000000000000000278e-02 4.702841545469843000e+15 1.128682009078929280e+18
6.666666666666666574e-02 1.489688177761566250e+14 2.681439229427650400e+16
8.333333333333334259e-02 1.023704825850859961e+13 1.474136017633651000e+15
1.000000000000000056e-01 1.148149782283241943e+12 1.377782720471688438e+14
1.166666666666666824e-01 1.805652659657885742e+11 1.857252871051758984e+13
1.333333333333333315e-01 3.636846962361729431e+10 3.273202067440513672e+12
1.499999999999999944e-01 8.848790371944595337e+09 7.079206811350905762e+11
1.666666666666666852e-01 2.499051123326958656e+09 1.799400278202675781e+11
1.833333333333333481e-01 7.962177018732447624e+08 5.212035105937225342e+10
2.000000000000000111e-01 2.802335694444414377e+08 1.681634364463381767e+10
2.166666666666666741e-01 1.072261444795923382e+08 5.940008992372383118e+09
2.333333333333333648e-01 4.405300470485820621e+07 2.266374927517002106e+09
2.500000000000000000e-01 1.924248498390734196e+07 9.241278061653676033e+08
2.666666666666666630e-01 8.865416939130071551e+06 3.992547100339587927e+08
2.833333333333333814e-01 4.280108618618417531e+06 1.814786044454343021e+08
2.999999999999999889e-01 2.153638781541957520e+06 8.628189016420179605e+07
3.166666666666667074e-01 1.124275144297995605e+06 4.269749035571055114e+07
3.333333333333333703e-01 6.065537053358027479e+05 2.190114386651528254e+07
3.499999999999999778e-01 3.370657199418194941e+05 1.160288283613757417e+07
3.666666666666666963e-01 1.923760616724840947e+05 6.329407120899600908e+06
3.833333333333333592e-01 1.124801142939412093e+05 3.545631654103385285e+06
4.000000000000000222e-01 6.722208635572220373e+04 2.034861637291470077e+06
4.166666666666666852e-01 4.098131408030592866e+04 1.193937473199235275e+06
4.333333333333333481e-01 2.543942657740623326e+04 7.148687813830366358e+05
4.500000000000000666e-01 1.605291135728306108e+04 4.360572335984244710e+05
4.666666666666667296e-01 1.028150026863688618e+04 2.705675949324278045e+05
4.833333333333333370e-01 6.674021771061726213e+03 1.705386917829189042e+05
5.000000000000000000e-01 4.384790471714442901e+03 1.090515880228281167e+05
5.166666666666667185e-01 2.911787762053259485e+03 7.066247854688082589e+04
5.333333333333333259e-01 1.951846478133426899e+03 4.634582523538925307e+04
5.500000000000000444e-01 1.318938629444014396e+03 3.073537066887579931e+04
5.666666666666667629e-01 8.972036961357132441e+02 2.058879434055915772e+04
5.833333333333333703e-01 6.134739340608434759e+02 1.391736688192430847e+04
5.999999999999999778e-01 4.209402437971123732e+02 9.483952551906992085e+03
6.166666666666666963e-01 2.892919513208708509e+02 6.508720837564256726e+03
6.333333333333334147e-01 1.986786848407742525e+02 4.493966554854763672e+03
6.500000000000000222e-01 1.359626135123485824e+02 3.118319162704629434e+03
6.666666666666667407e-01 9.236255977623318358e+01 2.171982907428338876e+03
6.833333333333334592e-01 6.195523555712826891e+01 1.516582701595227945e+03
6.999999999999999556e-01 4.071093989392085888e+01 1.059963285376057684e+03
7.166666666666666741e-01 2.586648349632399402e+01 7.401908139875680490e+02
7.333333333333333925e-01 1.551328538623451436e+01 5.152856698154680544e+02
7.500000000000000000e-01 8.324225147937951874e+00 3.565652602614891293e+02
7.666666666666667185e-01 3.370875870215007453e+00 2.442852285461069926e+02
7.833333333333334370e-01 1.711615028465219863e-04 1.647590334604378484e+02
8.000000000000000444e-01 -2.249489611194871230e+00 1.084377075492949132e+02
8.166666666666666519e-01 -3.705741174471469446e+00 6.861902086375316401e+01
8.333333333333333703e-01 -4.601942638623325976e+00 4.057286730401530406e+01
8.500000000000000888e-01 -5.104758043398125444e+00 2.094420950816992999e+01
8.666666666666666963e-01 -5.333442373590130181e+00 7.342594847185067941e+00
8.833333333333334147e-01 -5.373406770865766902e+00 -1.941962524957124625e+00
9.000000000000001332e-01 -5.285812103908028803e+00 -8.136889998386241274e+00
9.166666666666667407e-01 -5.114388100254662284e+00 -1.212574460426935730e+01
9.333333333333334592e-01 -4.890302991213813399e+00 -1.454595344467398732e+01
9.500000000000001776e-01 -4.635655766344543238e+00 -1.585806403135789822e+01
9.666666666666666741e-01 -4.365990203484898302e+00 -1.639505442790385814e+01
9.833333333333332815e-01 -4.092110796845825682e+00 -1.639760863105060196e+01
1.000000000000000000e+00 -3.821398245144879802e+00 -1.603946095985185138e+01
1.016666666666666607e+00 -3.558764701028054755e+00 -1.544567781137697438e+01
1.033333333333333437e+00 -3.307348714859529082e+00 -1.470589276859065642e+01
1.050000000000000044e+00 -3.069021433068219284e+00 -1.388391945935675231e+01
1.066666666666666652e+00 -2.844755516414705365e+00 -1.302475364257829860e+01
1.083333333333333481e+00 -2.634893941626623715e+00 -1.215968621174719289e+01
1.100000000000000089e+00 -2.439345623380846817e+00 -1.131004437788309502e+01
1.116666666666666696e+00 -2.257727448940137549e+00 -1.048993336250300246e+01
1.133333333333333526e+00 -2.089467020774267159e+00 -9.708247692091095615e+00
1.150000000000000133e+00 -1.933876567300925720e+00 -8.970147311279665914e+00
1.166666666666666741e+00 -1.790205694838691519e+00 -8.278140641656994703e+00
1.183333333333333348e+00 -1.657678621558485332e+00 -7.632878402557012443e+00
1.199999999999999956e+00 -1.535520047553903478e+00 -7.033734257064454987e+00
1.216666666666666785e+00 -1.422972724456158522e+00 -6.479228167279061701e+00
1.233333333333333393e+00 -1.319308985712394966e+00 -5.967333619674121792e+00
1.250000000000000000e+00 -1.223837907082480081e+00 -5.495699103956840581e+00
1.266666666666666829e+00 -1.135909329835413484e+00 -5.061806315726206762e+00
1.283333333333333437e+00 -1.054915655637348459e+00 -4.663081726801201476e+00
1.300000000000000044e+00 -9.802920823708058951e-01 -4.296973865997034459e+00
1.316666666666666874e+00 -9.115157722572428955e-01 -3.961005470586540955e+00
1.333333333333333481e+00 -8.481043116251860692e-01 -3.652807308875564374e+00
1.350000000000000089e+00 -7.896137236542926097e-01 -3.370138721367101464e+00
1.366666666666666918e+00 -7.356362227027523071e-01 -3.110898623832091481e+00
1.383333333333333526e+00 -6.857978449283232969e-01 -2.873129744159316434e+00
1.399999999999999911e+00 -6.397560500454282373e-01 -2.655018140610478472e+00
1.416666666666666741e+00 -5.971973596550036456e-01 -2.454889508890904182e+00
1.433333333333333348e+00 -5.578350759822517935e-01 -2.271203382476382426e+00
1.449999999999999956e+00 -5.214071090764279548e-01 -2.102546030175656000e+00
1.466666666666666785e+00 -4.876739290838185692e-01 -1.947622631106288082e+00
1.483333333333333393e+00 -4.564166519908921527e-01 -1.805249140841987732e+00
1.500000000000000000e+00 -4.274352614187272303e-01 -1.674344139049178004e+00
1.516666666666666829e+00 -4.005469650100480505e-01 -1.553920857690263890e+00
1.533333333333333437e+00 -3.755846812204237661e-01 -1.443079521751189809e+00
1.550000000000000044e+00 -3.523956505563345387e-01 -1.341000085387989094e+00
1.566666666666666874e+00 -3.308401642337012727e-01 -1.246935410826200519e+00
1.583333333333333481e+00 -3.107904026659539798e-01 -1.160204911863964572e+00
1.600000000000000089e+00 -2.921293759853090810e-01 -1.080188665849052709e+00
1.616666666666666696e+00 -2.747499588464942799e-01 -1.006321985585086010e+00
1.633333333333333304e+00 -2.585540119786523539e-01 -9.380904343164757631e-01
1.650000000000000133e+00 -2.434515832796424750e-01 -8.750252616509056613e-01
1.666666666666666741e+00 -2.293601816443594787e-01 -8.166992351816443341e-01
1.683333333333333348e+00 -2.162041171538021389e-01 -7.627228410546728066e-01
1.700000000000000178e+00 -2.039139017021432687e-01 -7.127408263283461221e-01
1.716666666666666785e+00 -1.924257045893009166e-01 -6.664290563543145973e-01
1.733333333333333393e+00 -1.816808580457350830e-01 -6.234916613144463327e-01
1.750000000000000222e+00 -1.716254080772728341e-01 -5.836584472931659606e-01
1.766666666666666829e+00 -1.622097064162536795e-01 -5.466825487117252802e-01
1.783333333333333437e+00 -1.533880397386754857e-01 -5.123383005020943903e-01
1.800000000000000266e+00 -1.451182926541918217e-01 -4.804193099832516078e-01
1.816666666666666874e+00 -1.373616412966343348e-01 -4.507367099726681259e-01
1.833333333333333481e+00 0.000000000000000000e+00 -4.231175761873954833e-01
1.850000000000000311e+00 0.000000000000000000e+00 -3.974034934406587283e-01
1.866666666666666918e+00 0.000000000000000000e+00 -3.734492565079836068e-01
1.883333333333333526e+00 0.000000000000000000e+00 -3.511216928145819982e-01
1.900000000000000355e+00 0.000000000000000000e+00 -3.302985952803111913e-01
1.916666666666666963e+00 0.000000000000000000e+00 -3.108677547504504202e-01
1.933333333333333348e+00 0.000000000000000000e+00 -2.927260824423589813e-01
1.949999999999999956e+00 0.000000000000000000e+00 -2.757788137537377504e-01
1.966666666666666563e+00 0.000000000000000000e+00 -2.599387856125519591e-01
1.983333333333333393e+00 0.000000000000000000e+00 -2.451257803069452623e-01
2.000000000000000000e+00 0.000000000000000000e+00 -2.312659294212298933e-01
