0.000000000000000000e+00 2.634478369064400349e+22 3.161567021438459649e+25
1.000000000000000021e-02 1.317399999961587568e+22 1.580879999976952265e+25
2.000000000000000042e-02 3.216308587748124160e+18 1.929785154449436836e+21
2.999999999999999889e-02 2.478920467178205200e+16 9.915681974095538176e+18
4.000000000000000083e-02 7.852314964916990000e+14 2.355694630144042240e+17
5.000000000000000278e-02 5.396067941631996875e+13 1.295056600995839200e+16
5.999999999999999778e-02 6.052043817438109375e+12 1.210409586790091000e+15
7.000000000000000666e-02 9.517868257017539062e+11 1.631637356888259062e+14
8.000000000000000167e-02 1.917054659169911804e+11 2.875592978516220312e+13
8.999999999999999667e-02 4.664454018168645477e+10 6.219320210194705078e+12
1.000000000000000056e-01 1.317361587999999237e+10 1.580856952799999023e+12
1.100000000000000006e-01 4.197425566790228367e+09 4.579127977803529053e+11
1.199999999999999956e-01 1.477423129121717215e+09 1.477487449627118530e+11
1.300000000000000044e-01 5.653746158484383821e+08 5.219209902567964172e+10
1.400000000000000133e-01 2.323196125087124407e+08 1.991529600485039139e+10
1.499999999999999944e-01 1.015028620247215033e+08 8.121577860743153572e+09
1.600000000000000033e-01 4.678055466836666316e+07 3.509400175233166695e+09
1.700000000000000122e-01 2.259565020997320488e+07 1.595548736523089886e+09
1.799999999999999933e-01 1.137671006840420701e+07 7.588237907830221653e+08
1.900000000000000022e-01 5.943993158344142139e+06 3.756679298602673411e+08
2.000000000000000111e-01 3.210306718749998137e+06 1.927984593749998808e+08
2.099999999999999922e-01 1.786482281872359570e+06 1.022126644365259260e+08
2.200000000000000011e-01 1.021427135266468744e+06 5.580660470459670573e+07
2.300000000000000100e-01 5.985562971889835317e+05 3.129671401480900496e+07
2.399999999999999911e-01 3.587203968362211017e+05 1.798627023665577173e+07
2.500000000000000000e-01 2.194496880639999872e+05 1.057134555955200084e+07
2.600000000000000089e-01 1.368068951901788532e+05 6.342859294660417363e+06
2.700000000000000178e-01 8.677981072402610152e+04 3.878913384645445738e+06
2.800000000000000266e-01 5.593399938388781447e+04 2.414252349404651672e+06
2.899999999999999800e-01 3.658839901672425913e+04 1.527363509389050072e+06
2.999999999999999889e-01 2.426229161844871851e+04 9.810299363428871147e+05
3.099999999999999978e-01 1.629262210958967808e+04 6.390591037095867796e+05
3.200000000000000067e-01 1.106888390889792754e+04 4.217907645966965938e+05
3.300000000000000155e-01 7.601175743409527968e+03 2.818141902956315898e+05
3.400000000000000244e-01 5.271748528535616970e+03 1.904497040056133701e+05
3.500000000000000333e-01 3.689574379179875905e+03 1.300818272666660632e+05
3.599999999999999867e-01 2.603812037944982876e+03 8.973477279666790855e+04
3.699999999999999956e-01 1.851517854142334727e+03 6.247698966091399780e+04
3.800000000000000044e-01 1.325588632439621961e+03 4.387503466425658553e+04
3.900000000000000133e-01 9.548378705970077363e+02 3.105907231217547451e+04
4.000000000000000222e-01 6.914522933959956390e+02 2.215025825500486826e+04
4.100000000000000311e-01 5.029979762821923828e+02 1.590529092221966312e+04
4.199999999999999845e-01 3.672667761840787648e+02 1.149304439402913886e+04
4.299999999999999933e-01 2.689173501161142781e+02 8.352559197710994340e+03
4.400000000000000022e-01 1.972630154353401508e+02 6.101754533664430710e+03
4.500000000000000111e-01 1.448004660796913186e+02 4.478126176131549073e+03
4.600000000000000200e-01 1.062220208098506333e+02 3.299835907616688019e+03
4.700000000000000289e-01 7.774655737335011452e+01 2.439936532089695447e+03
4.799999999999999822e-01 5.666245161805188957e+01 1.809142500175629493e+03
4.899999999999999911e-01 4.101281061683846474e+01 1.344212760223266741e+03
5.000000000000000000e-01 2.937702399999999869e+01 1.000052736000000095e+03
5.100000000000000089e-01 2.071804254475873464e+01 7.443022282157705831e+02
5.200000000000000178e-01 1.427485711176155547e+01 5.535986956549012348e+02
5.300000000000000266e-01 9.486292386250848807e+00 4.109785937128048090e+02
5.400000000000000355e-01 5.936649531610132868e+00 3.040576390692655764e+02
5.500000000000000444e-01 3.316696774962062833e+00 2.237480728877298475e+02
5.600000000000000533e-01 1.395511353534145016e+00 1.633487150157081658e+02
5.700000000000000622e-01 4.138819766197343597e-05 1.178955439680495942e+02
5.799999999999999600e-01 -9.998073646669656256e-01 8.369551363332755045e+01
5.899999999999999689e-01 -1.702108237756674747e+00 5.799004012428599708e+01
5.999999999999999778e-01 -2.180972640895226355e+00 3.871079409567576590e+01
6.099999999999999867e-01 -2.492515589928448350e+00 2.430157363566058848e+01
6.199999999999999956e-01 -2.679290687699181994e+00 1.358774160138086984e+01
6.300000000000000044e-01 -2.773600747124968180e+00 5.680078965056594598e+00
6.400000000000000133e-01 -2.799978665738236838e+00 -9.633425583937338388e-02
6.500000000000000222e-01 -2.777053287297378326e+00 -4.254949836433219446e+00
6.600000000000000311e-01 -2.718957510096048580e+00 -7.187156513013150061e+00
6.700000000000000400e-01 -2.636394334228228331e+00 -9.191785240471801899e+00
6.800000000000000488e-01 -2.537446332035202978e+00 -1.049728316916155180e+01
6.900000000000000577e-01 -2.428191970361927687e+00 -1.127843625068312150e+01
7.000000000000000666e-01 -2.313176037391003081e+00 -1.166902240048389316e+01
7.099999999999999645e-01 -2.195769511771040072e+00 -1.177141539584398267e+01
7.199999999999999734e-01 -2.078445398533168564e+00 -1.166389571642408818e+01
7.299999999999999822e-01 -1.962990511192306720e+00 -1.140623107339694187e+01
7.399999999999999911e-01 -1.850668299944904671e+00 -1.104394699171300687e+01
7.500000000000000000e-01 -1.742344174604518736e+00 -1.061160259614143442e+01
7.600000000000000089e-01 -1.638582028943309066e+00 -1.013530869832281311e+01
7.700000000000000178e-01 -1.539718606919742383e+00 -9.634667158765871875e+00
7.800000000000000266e-01 -1.445920789193983591e+00 -9.124267057624997790e+00
7.900000000000000355e-01 -1.357229693648168922e+00 -8.614840627656260352e+00
8.000000000000000444e-01 -1.273594582453369650e+00 -8.114157384261487138e+00
8.100000000000000533e-01 -1.194898880738944458e+00 -7.627716375801535165e+00
8.200000000000000622e-01 -1.120980086014945032e+00 -7.159282456854509924e+00
8.300000000000000711e-01 -1.051644944149840111e+00 -6.711301836069670124e+00
8.399999999999999689e-01 -9.866809575904539331e-01 -6.285224035457133596e+00
8.499999999999999778e-01 -9.258650525232055006e-01 -5.881751198216206511e+00
8.599999999999999867e-01 -8.689700470992745007e-01 -5.501030932955783825e+00
8.699999999999999956e-01 -8.157694200023239972e-01 -5.142805234768120570e+00
8.800000000000000044e-01 -7.660407678812167775e-01 -4.806525215634009918e+00
8.900000000000000133e-01 -7.195682541446545288e-01 -4.491439209882792660e+00
9.000000000000000222e-01 -6.761442846925704853e-01 -4.196660144808909365e+00
9.100000000000000311e-01 -6.355705940250703234e-01 -3.921216768051460466e+00
9.200000000000000400e-01 -5.976588845062441591e-01 -3.664092315138013589e+00
9.300000000000000488e-01 -5.622311298107653954e-01 -3.424253416358853386e+00
9.400000000000000577e-01 -5.291196287712846003e-01 -3.200671431090278407e+00
9.500000000000000666e-01 -4.981668764458006549e-01 -2.992337920841910304e+00
9.599999999999999645e-01 -4.692253040509234419e-01 -2.798275599665197788e+00
9.699999999999999734e-01 -4.421569275378167130e-01 -2.617545808990490386e+00
9.799999999999999822e-01 -4.168329353052297459e-01 -2.449253335572025403e+00
9.899999999999999911e-01 -3.931332382887409160e-01 -2.292549212156981930e+00
1.000000000000000000e+00 -3.709459999999999980e-01 -2.146632000000000318e+00
1.010000000000000009e+00 -3.501671596722027435e-01 -2.010747942050849169e+00
1.020000000000000018e+00 -3.306999582302473928e-01 -1.884190289030203802e+00
1.030000000000000027e+00 -3.124544741356630739e-01 -1.766298032586412603e+00
1.040000000000000036e+00 -2.953471740922958277e-01 -1.656454226314200362e+00
1.050000000000000044e+00 -2.793004820089902140e-01 -1.554084033496679895e+00
1.060000000000000053e+00 -2.642423683979250870e-01 -1.458652607559405734e+00
1.070000000000000062e+00 -2.501059614613612703e-01 -1.369662885478451386e+00
1.080000000000000071e+00 -2.368291804219358476e-01 -1.286653354252964121e+00
1.090000000000000080e+00 -2.243543911323284401e-01 -1.209195834846674034e+00
1.100000000000000089e+00 0.000000000000000000e+00 -1.136893315784860192e+00
1.110000000000000098e+00 0.000000000000000000e+00 -1.069377859123525454e+00
1.120000000000000107e+00 0.000000000000000000e+00 -1.006308594202003359e+00
1.130000000000000115e+00 0.000000000000000000e+00 -9.473698089875085548e-01
1.140000000000000124e+00 0.000000000000000000e+00 -8.922691445555440692e-01
1.150000000000000133e+00 0.000000000000000000e+00 -8.407358950352796789e-01
1.159999999999999920e+00 0.000000000000000000e+00 -7.925194129560135803e-01
1.169999999999999929e+00 0.000000000000000000e+00 -7.473876181793728257e-01
1.179999999999999938e+00 0.000000000000000000e+00 -7.051256073495487664e-01
1.189999999999999947e+00 0.000000000000000000e+00 -6.655343599280030276e-01
1.199999999999999956e+00 0.000000000000000000e+00 -6.284295363110206090e-01
