0.000000000000000000e+00 7.734954336786568970e+20 5.569507079405878924e+23
1.666666666666666644e-02 3.867949330172047524e+20 2.784923517944154366e+23
3.333333333333333287e-02 9.443235575251326400e+16 3.399564824299898470e+19
5.000000000000000278e-02 7.278228222353452500e+14 1.746774874087550080e+17
6.666666666666666574e-02 2.305475964832487891e+13 4.149858081184517000e+15
8.333333333333334259e-02 1.584308129789674072e+12 2.281406526488717500e+14
1.000000000000000056e-01 1.776898277081169434e+11 2.132285801460048828e+13
1.166666666666666824e-01 2.794449162354563141e+10 2.874317314909612793e+12
1.333333333333333315e-01 5.628373659203401566e+09 5.065641331254906616e+11
1.499999999999999944e-01 1.369412064777481079e+09 1.095575707021743469e+11
1.666666666666666852e-01 3.867337440248563886e+08 2.784703237571699905e+10
1.833333333333333481e-01 1.232102461874649376e+08 8.065801047287660599e+09
2.000000000000000111e-01 4.336113369148711860e+07 2.602282784195965290e+09
2.166666666666666741e-01 1.658932840069048479e+07 9.191446260272173882e+08
2.333333333333333648e-01 6.814386090336591005e+06 3.506631098852117658e+08
2.500000000000000000e-01 2.975790745176353492e+06 1.429668808524612188e+08
2.666666666666666630e-01 1.370524497838101815e+06 6.175566331821979582e+07
2.833333333333333814e-01 6.613513069955823012e+05 2.806385563244870678e+07
2.999999999999999889e-01 3.325581959998780512e+05 1.333830846480653435e+07
3.166666666666667074e-01 1.734575757114390435e+05 6.597772607744336128e+06
3.333333333333333703e-01 9.347627774707213393e+04 3.382355420201957691e+06
3.499999999999999778e-01 5.187002886054824194e+04 1.790631403929996304e+06
3.666666666666666963e-01 2.954937738752388032e+04 9.759016869365245802e+05
3.833333333333333592e-01 1.723674335887805864e+04 5.460546684003919363e+05
4.000000000000000222e-01 1.027102832210346241e+04 3.129336833095001639e+05
4.166666666666666852e-01 6.238711776673041641e+03 1.832839763995411049e+05
4.333333333333333481e-01 3.855147137639603898e+03 1.095005228119657550e+05
4.500000000000000666e-01 2.419067405820805106e+03 6.661432605547783896e+04
4.666666666666667296e-01 1.538675354975070604e+03 4.119850095305378636e+04
4.833333333333333370e-01 9.903437438932975283e+02 2.586484277606396427e+04
5.000000000000000000e-01 6.438873046108850531e+02 1.646052252938198217e+04
5.166666666666667185e-01 4.221215343296011611e+02 1.060476613709091725e+04
5.333333333333333259e-01 2.785043785213553633e+02 6.907449419115065211e+03
5.500000000000000444e-01 1.845273488575408578e+02 4.542918071990374301e+03
5.666666666666667629e-01 1.224720414804793762e+02 3.012921133377427395e+03
5.833333333333333703e-01 8.117647211257994400e+01 2.012289327005764108e+03
5.999999999999999778e-01 5.352031929783463227e+01 1.351505017295847892e+03
6.166666666666666963e-01 3.490843656040644305e+01 9.113400065793306339e+02
6.333333333333334147e-01 2.234330922920820583e+01 6.158736530379161422e+02
6.500000000000000222e-01 1.385014208009145875e+01 4.162130221123598517e+02
6.666666666666667407e-01 8.116040813307455082e+00 2.805373386032948702e+02
6.833333333333334592e-01 4.260890008076471780e+00 1.879323219278949750e+02
6.999999999999999556e-01 1.690248009494623505e+00 1.245257928618684389e+02
7.166666666666666741e-01 -8.230695369152295107e-05 8.103817679508981087e+01
7.333333333333333925e-01 -1.086564084493979898e+00 5.121325304434205350e+01
7.500000000000000000e-01 -1.759248538803060979e+00 3.080267907016821383e+01
7.666666666666667185e-01 -2.149324642105525207e+00 1.690260710210274553e+01
7.833333333333334370e-01 -2.347633780712978790e+00 7.516418208600446071e+00
8.000000000000000444e-01 -2.417205320498338583e+00 1.264058054996374025e+00
8.166666666666666519e-01 -2.401802761015173981e+00 -2.812718867890123597e+00
8.333333333333333703e-01 -2.331787380497131856e+00 -5.381822409177819289e+00
8.500000000000000888e-01 -2.228164984251368885e+00 -6.910205280536477090e+00
8.666666666666666963e-01 -2.105393631400041876e+00 -7.725025397932285820e+00
8.833333333333334147e-01 -1.973341018887863285e+00 -8.055757152916848796e+00
9.000000000000001332e-01 -1.838654802951811273e+00 -8.063351276937799739e+00
9.166666666666667407e-01 -1.705725391003567459e+00 -7.860532898052358775e+00
9.333333333333334592e-01 -1.577364401398835048e+00 -7.525999027065539693e+00
9.500000000000001776e-01 -1.455283831839946362e+00 -7.114392288158565947e+00
9.666666666666666741e-01 -1.340434964373981908e+00 -6.663334659394491766e+00
9.833333333333332815e-01 -1.233248191357592782e+00 -6.198404611261793207e+00
1.000000000000000000e+00 -1.133802635174071316e+00 -5.736668975833079109e+00
1.016666666666666607e+00 -1.041945892849176714e+00 -5.289194874544763891e+00
1.033333333333333437e+00 -9.573782797507045528e-01 -4.862839112501721850e+00
1.050000000000000044e+00 -8.797117718462159619e-01 -4.461523980914317455e+00
1.066666666666666652e+00 -8.085109069414649907e-01 -4.087146903212023119e+00
1.083333333333333481e+00 -7.433208274089533329e-01 -3.740228383185354666e+00
1.100000000000000089e+00 -6.836861720792777319e-01 -3.420372540520877802e+00
1.116666666666666696e+00 -6.291634744341392249e-01 -3.126593240680654695e+00
1.133333333333333526e+00 -5.793289735290070297e-01 -2.857543757198818479e+00
1.150000000000000133e+00 -5.337832060872849116e-01 -2.611677191194629266e+00
1.166666666666666741e+00 -4.921533617218403767e-01 -2.387357228571023171e+00
1.183333333333333348e+00 -4.540941050280222768e-01 -2.182933342616557582e+00
1.199999999999999956e+00 -4.192873677096785601e-01 -1.996790619759635010e+00
1.216666666666666785e+00 -3.874414691354485241e-01 -1.827381556452251088e+00
1.233333333333333393e+00 -3.582898191966670809e-01 -1.673245132736447927e+00
1.250000000000000000e+00 -3.315893818834345641e-01 -1.533016990928912859e+00
1.266666666666666829e+00 -3.071190235822025549e-01 -1.405433477848885504e+00
1.283333333333333437e+00 -2.846778309364956239e-01 -1.289331532989888451e+00
1.300000000000000044e+00 -2.640834550159279481e-01 -1.183645841830483825e+00
1.316666666666666874e+00 -2.451705184738441345e-01 -1.087404264669208143e+00
1.333333333333333481e+00 -2.277891081379437022e-01 -9.997222547746128507e-01
1.350000000000000089e+00 -2.118033654689379930e-01 -9.197967647278316727e-01
1.366666666666666918e+00 -1.970901803727868051e-01 -8.468999844415737721e-01
1.383333333333333526e+00 -1.835379891117873141e-01 -7.803731423465620765e-01
1.399999999999999911e+00 -1.710456739084267042e-01 -7.196205208961974353e-01
1.416666666666666741e+00 -1.595215598211319197e-01 -6.641037802759086617e-01
1.433333333333333348e+00 -1.488825032632250245e-01 -6.133366437452559827e-01
1.449999999999999956e+00 -1.390530658956286858e-01 -5.668799697998656573e-01
1.466666666666666785e+00 -1.299647673760178923e-01 -5.243372169567096508e-01
1.483333333333333393e+00 -1.215554104661002721e-01 -4.853502939789842707e-01
1.500000000000000000e+00 -1.137684721937410603e-01 -4.495957799638566343e-01
1.516666666666666829e+00 -1.065525550727073612e-01 -4.167814935991987491e-01
1.533333333333333437e+00 -9.986089275374238072e-02 -3.866433880909891929e-01
1.550000000000000044e+00 -9.365090488410778014e-02 -3.589427470694109834e-01
1.566666666666666874e+00 -8.788379636628097791e-02 -3.334636566889398468e-01
1.583333333333333481e+00 -8.252419661505293325e-02 -3.100107297772106141e-01
1.600000000000000089e+00 -7.753983480597133326e-02 -2.884070589942267504e-01
1.616666666666666696e+00 -7.290124748078664896e-02 -2.684923773486687093e-01
1.633333333333333304e+00 -6.858151522382061049e-02 -2.501214059485562524e-01
1.650000000000000133e+00 -6.455602544538456555e-02 -2.331623704468625269e-01
1.666666666666666741e+00 -6.080225860420650219e-02 -2.174956692160611993e-01
1.683333333333333348e+00 -5.729959547081688725e-02 -2.030126778075563854e-01
1.700000000000000178e+00 -5.402914327908589498e-02 -1.896146756964847413e-01
1.716666666666666785e+00 -5.097357883502759424e-02 -1.772118826644086820e-01
1.733333333333333393e+00 -4.811700685220252072e-02 -1.657225934245704357e-01
1.750000000000000222e+00 -4.544483196324534263e-02 -1.550724002446141891e-01
1.766666666666666829e+00 -4.294364301890987029e-02 -1.451934943715652016e-01
1.783333333333333437e+00 -4.060110843120150886e-02 -1.360240380172967889e-01
1.800000000000000266e+00 -3.840588144722114489e-02 -1.275075995250704863e-01
1.816666666666666874e+00 -3.634751435674256348e-02 -1.195926451151747977e-01
1.833333333333333481e+00 0.000000000000000000e+00 -1.122320813067366196e-01
1.850000000000000311e+00 0.000000000000000000e+00 -1.053828427400248513e-01
1.866666666666666918e+00 0.000000000000000000e+00 -9.900552068542392559e-02
1.883333333333333526e+00 0.000000000000000000e+00 -9.306402802787752671e-02
1.900000000000000355e+00 0.000000000000000000e+00 -8.752529696474863063e-02
1.916666666666666963e+00 0.000000000000000000e+00 -8.235900605608031944e-02
1.933333333333333348e+00 0.000000000000000000e+00 -7.753733362410178409e-02
1.949999999999999956e+00 0.000000000000000000e+00 -7.303473481801145417e-02
1.966666666666666563e+00 0.000000000000000000e+00 -6.882773994468510681e-02
1.983333333333333393e+00 0.000000000000000000e+00 -6.489477191968924530e-02
2.000000000000000000e+00 0.000000000000000000e+00 -6.121598091918296208e-02
