0.000000000000000000e+00 5.553337315473030644e+21 3.998646940261726349e+24
1.666666666666666644e-02 2.777007647925931606e+21 1.999445506599415357e+24
3.333333333333333287e-02 6.779803788319339520e+17 2.440729371040645120e+20
5.000000000000000278e-02 5.225429465124925000e+15 1.254103114037271040e+18
6.666666666666666574e-02 1.655224915119703125e+14 2.979405413284446400e+16
8.333333333333334259e-02 1.137460683900572852e+13 1.637944571949520750e+15
1.000000000000000056e-01 1.275734180004394775e+12 1.530884329074756250e+14
1.166666666666666824e-01 2.006299918943705444e+11 2.063634035446363672e+13
1.333333333333333315e-01 4.040979712624564362e+10 3.636925965501261230e+12
1.499999999999999944e-01 9.832083324839485168e+09 7.865860566087316895e+11
1.666666666666666852e-01 2.776750023900571823e+09 1.999352761950285339e+11
1.833333333333333481e-01 8.846947955371489525e+08 5.791205497960768127e+10
2.000000000000000111e-01 3.113736102804444432e+08 1.868500495236010361e+10
2.166666666666666741e-01 1.191412998271441460e+08 6.600073106135263443e+09
2.333333333333333648e-01 4.894825106618639082e+07 2.518218444674732685e+09
2.500000000000000000e-01 2.138074331565123424e+07 1.026818492455321789e+09
2.666666666666666630e-01 9.850557453962622210e+06 4.436205865154538751e+08
2.833333333333333814e-01 4.755721713354895823e+06 2.016448219652044773e+08
2.999999999999999889e-01 2.392954857388232835e+06 9.586968352656741440e+07
3.166666666666667074e-01 1.249206546707865549e+06 4.744210955670230836e+07
3.333333333333333703e-01 6.739550034357070690e+05 2.433483695327436179e+07
3.499999999999999778e-01 3.745210458635932882e+05 1.289221528849531338e+07
3.666666666666666963e-01 2.137532220393349999e+05 7.032741804339407012e+06
3.833333333333333592e-01 1.249790986343502736e+05 3.939628380678396672e+06
4.000000000000000222e-01 7.469192032720218413e+04 2.260978981171065941e+06
4.166666666666666852e-01 4.553522808413002349e+04 1.326609867331548594e+06
4.333333333333333481e-01 2.826629921620620007e+04 7.943062332316288957e+05
4.500000000000000666e-01 1.783673824980213976e+04 4.845126640609686146e+05
4.666666666666667296e-01 1.142399803529679957e+04 3.006335308362374781e+05
4.833333333333333370e-01 7.415650337837365441e+03 1.894892433706311276e+05
5.000000000000000000e-01 4.872035740353308029e+03 1.211695867064677586e+05
5.166666666666667185e-01 3.235350458560524658e+03 7.851461336581411888e+04
5.333333333333333259e-01 2.168738869624577546e+03 5.149585180980175210e+04
5.500000000000000444e-01 1.465501231802868233e+03 3.415073681198899430e+04
5.666666666666667629e-01 9.969024046846772080e+02 2.287665560699499838e+04
5.833333333333333703e-01 6.816441185531555220e+02 1.546388778498726788e+04
5.999999999999999778e-01 4.677157665083489064e+02 1.053782494765218689e+04
6.166666666666666963e-01 3.214385005173525087e+02 7.231980472245357305e+03
6.333333333333334147e-01 2.207561415682924917e+02 4.993343318728500890e+03
6.500000000000000222e-01 1.510709606810515311e+02 3.464831699796671728e+03
6.666666666666667407e-01 1.026260009459281548e+02 2.413336998190066879e+03
6.833333333333334592e-01 6.883976850767649580e+01 1.685107650256387842e+03
6.999999999999999556e-01 4.523477525782943331e+01 1.177747946612798614e+03
7.166666666666666741e-01 2.874078169134871175e+01 8.224418484046049116e+02
7.333333333333333925e-01 1.723712214082611283e+01 5.725448918306269661e+02
7.500000000000000000e-01 9.249204381587340151e+00 3.961872262382312329e+02
7.666666666666667185e-01 3.745433186507904466e+00 2.714304687857406861e+02
7.833333333333334370e-01 1.723700591353467977e-04 1.830672069587212718e+02
8.000000000000000444e-01 -2.499472500928394680e+00 1.204873761970206090e+02
8.166666666666666519e-01 -4.117543440181567149e+00 7.624398371987007295e+01
8.333333333333333703e-01 -5.113330783938813795e+00 4.508130630975143305e+01
8.500000000000000888e-01 -5.672018533157436870e+00 2.327148942326337533e+01
8.666666666666666963e-01 -5.926113463311576623e+00 8.158449508560892127e+00
8.833333333333334147e-01 -5.970517725036364354e+00 -2.157815610400908302e+00
9.000000000000001332e-01 -5.873188467579365302e+00 -9.041126966853136437e+00
9.166666666666667407e-01 -5.682714723708786941e+00 -1.347322380147669918e+01
9.333333333333334592e-01 -5.433728177458593933e+00 -1.616236507152247981e+01
9.500000000000001776e-01 -5.150783483526590878e+00 -1.762027500186850304e+01
9.666666666666666741e-01 -4.851151660304526381e+00 -1.821693265124845595e+01
9.833333333333332815e-01 -4.546837806742743737e+00 -1.821976715155858884e+01
1.000000000000000000e+00 -4.246042769552118123e+00 -1.782181840659151106e+01
1.016666666666666607e+00 -3.954224541387429959e+00 -1.716205034577097877e+01
1.033333333333333437e+00 -3.674870427821075758e+00 -1.634005673823950033e+01
1.050000000000000044e+00 -3.410059495181788858e+00 -1.542674224784103565e+01
1.066666666666666652e+00 -3.160872483537213284e+00 -1.447210260191278053e+01
1.083333333333333481e+00 -2.927690477930969148e+00 -1.351090575958110307e+01
1.100000000000000089e+00 -2.710412268132859293e+00 -1.256684882054696040e+01
1.116666666666666696e+00 -2.508612166338300753e+00 -1.165560437899471324e+01
1.133333333333333526e+00 -2.321654166666557106e+00 -1.078705531597717915e+01
1.150000000000000133e+00 -2.148774068939583337e+00 -9.966934940340591353e+00
1.166666666666666741e+00 -1.989138092479558972e+00 -9.198030398476699787e+00
1.183333333333333348e+00 -1.841884247524203211e+00 -8.481064705495642286e+00
1.199999999999999956e+00 -1.706151079992299424e+00 -7.815341913319810097e+00
1.216666666666666785e+00 -1.581097193437459580e+00 -7.199217509664380898e+00
1.233333333333333393e+00 -1.465914060567608646e+00 -6.630439782595219711e+00
1.250000000000000000e+00 -1.359833979408552551e+00 -6.106395910322007126e+00
1.266666666666666829e+00 -1.262134543547701382e+00 -5.624287743455106181e+00
1.283333333333333437e+00 -1.172140636458298468e+00 -5.181255773090554406e+00
1.300000000000000044e+00 -1.089224693510434161e+00 -4.774464999048020353e+00
1.316666666666666874e+00 -1.012805777642841631e+00 -4.401162876397253676e+00
1.333333333333333481e+00 -9.423478679681623893e-01 -4.058716896374710004e+00
1.350000000000000089e+00 -8.773576516813158532e-01 -3.744637410047187309e+00
1.366666666666666918e+00 -8.173820288365899467e-01 -3.456589854002516837e+00
1.383333333333333526e+00 -7.620054796728320534e-01 -3.192399457953582598e+00
1.399999999999999911e+00 -7.108473998680985284e-01 -2.950050709416226713e+00
1.416666666666666741e+00 -6.635594764317762628e-01 -2.727683250376504720e+00
1.433333333333333348e+00 -6.198231529402747908e-01 -2.523585433114266863e+00
1.449999999999999956e+00 -5.793472152877663373e-01 -2.336186428501403345e+00
1.466666666666666785e+00 -5.418655164089141163e-01 -2.164047531422224946e+00
1.483333333333333393e+00 -5.071348493036065275e-01 -2.005853123051019704e+00
1.500000000000000000e+00 -4.749329712315620289e-01 -1.860401612564732687e+00
1.516666666666666829e+00 -4.450567774560041934e-01 -1.726596579489670047e+00
1.533333333333333437e+00 -4.173206198824973567e-01 -1.603438263302835232e+00
1.550000000000000044e+00 -3.915547639736286500e-01 -1.490015492393724328e+00
1.566666666666666874e+00 -3.676039761323174337e-01 -1.385498104980030565e+00
1.583333333333333481e+00 -3.453262331192879508e-01 -1.289129886255962143e+00
1.600000000000000089e+00 -3.245915448420116367e-01 -1.200222026073317183e+00
1.616666666666666696e+00 -3.052808819030597420e-01 -1.118147087660914973e+00
1.633333333333333304e+00 -2.872851995363634448e-01 -1.042333468659321749e+00
1.650000000000000133e+00 -2.705045499248647789e-01 -9.722603298692168439e-01
1.666666666666666741e+00 -2.548472753346080477e-01 -9.074529636711280434e-01
1.683333333333333348e+00 -2.402292749837843244e-01 -8.474785723883704325e-01
1.700000000000000178e+00 -2.265733390658253021e-01 -7.919424264236276656e-01
1.716666666666666785e+00 -2.138085438459246534e-01 -7.404843724229591695e-01
1.733333333333333393e+00 -2.018697022383970641e-01 -6.927756627277396051e-01
1.750000000000000222e+00 -1.906968647401566797e-01 -6.485160787579983266e-01
1.766666666666666829e+00 -1.802348660383666368e-01 -6.074313225785672454e-01
1.783333333333333437e+00 -1.704329130251913405e-01 -5.692706526229732722e-01
1.800000000000000266e+00 -1.612442103383342762e-01 -5.338047413112514405e-01
1.816666666666666874e+00 -1.526256199025160243e-01 -5.008237340423391526e-01
1.833333333333333481e+00 0.000000000000000000e+00 -4.701354907324106769e-01
1.850000000000000311e+00 0.000000000000000000e+00 -4.415639926833025419e-01
1.866666666666666918e+00 0.000000000000000000e+00 -4.149478990853353033e-01
1.883333333333333526e+00 0.000000000000000000e+00 -3.901392388785171472e-01
1.900000000000000355e+00 0.000000000000000000e+00 -3.670022250123415875e-01
1.916666666666666963e+00 0.000000000000000000e+00 -3.454121793576569455e-01
1.933333333333333348e+00 0.000000000000000000e+00 -3.252545576372320446e-01
1.949999999999999956e+00 0.000000000000000000e+00 -3.064240647590530942e-01
1.966666666666666563e+00 0.000000000000000000e+00 -2.888238518634333452e-01
1.983333333333333393e+00 0.000000000000000000e+00 -2.723647872375526413e-01
2.000000000000000000e+00 0.000000000000000000e+00 -2.569647940152255394e-01
