0.000000000000000000e+00 4.442574261754180665e+21 3.198848722758650040e+24
1.666666666666666644e-02 2.221558317193522315e+21 1.599521988453530260e+24
3.333333333333333287e-02 5.423726328636620160e+17 1.952541484105595290e+20
5.000000000000000278e-02 4.180253625814760000e+15 1.003260904120586880e+18
6.666666666666666574e-02 1.324151440403429219e+14 2.383473045570854400e+16
8.333333333333334259e-02 9.099489678011466797e+12 1.310327463317781250e+15
1.000000000000000056e-01 1.020565384562088989e+12 1.224681111868620156e+14
1.166666666666666824e-01 1.605005400372066040e+11 1.650871706657153906e+13
1.333333333333333315e-01 3.232714212098893356e+10 2.909478169379765625e+12
1.499999999999999944e-01 7.865497419049702644e+09 6.292553056614494629e+11
1.666666666666666852e-01 2.221352222753344536e+09 1.599447794455065918e+11
1.833333333333333481e-01 7.077406082093406916e+08 4.632864713913681793e+10
2.000000000000000111e-01 2.490935286084384024e+08 1.494768233690753174e+10
2.166666666666666741e-01 9.531098913204051554e+07 5.279944878609500885e+09
2.333333333333333648e-01 3.915775834353001416e+07 2.014531410359270573e+09
2.500000000000000000e-01 1.710422665216344595e+07 8.214371198754135370e+08
2.666666666666666630e-01 7.880276424297520891e+06 3.548888335524637103e+08
2.833333333333333814e-01 3.804495523881937843e+06 1.613123869256641269e+08
2.999999999999999889e-01 1.914322705695682205e+06 7.669409680183617771e+07
3.166666666666667074e-01 9.993437418881254271e+05 3.795287115471880138e+07
3.333333333333333703e-01 5.391524072358983103e+05 1.946745077975620329e+07
3.499999999999999778e-01 2.996103940200457582e+05 1.031355038377983123e+07
3.666666666666666963e-01 1.709989013056331605e+05 5.626072437459792942e+06
3.833333333333333592e-01 9.998112995353208680e+04 3.151634927528374363e+06
4.000000000000000222e-01 5.975225238424221607e+04 1.808744293411873048e+06
4.166666666666666852e-01 3.642740007648183382e+04 1.061265079066921491e+06
4.333333333333333481e-01 2.261255393860626282e+04 6.354313295344441431e+05
4.500000000000000666e-01 1.426908446476397694e+04 3.876018031358803273e+05
4.666666666666667296e-01 9.139002501976972781e+03 2.405016590286181017e+05
4.833333333333333370e-01 5.932393204286085165e+03 1.515881401952067099e+05
5.000000000000000000e-01 3.897545203075575955e+03 9.693358933918850380e+04
5.166666666666667185e-01 2.588225065545993857e+03 6.281034372794752562e+04
5.333333333333333259e-01 1.734954086642275797e+03 4.119579866097676131e+04
5.500000000000000444e-01 1.172376027085160331e+03 2.732000452576260795e+04
5.666666666666667629e-01 7.975049875867492801e+02 1.830093307412331706e+04
5.833333333333333703e-01 5.453037495685312024e+02 1.237084597886134543e+04
5.999999999999999778e-01 3.741647210858756694e+02 8.430080156161799096e+03
6.166666666666666963e-01 2.571454021243891361e+02 5.785461202883155238e+03
6.333333333333334147e-01 1.766012281132559281e+02 3.994589790981026454e+03
6.500000000000000222e-01 1.208542663436455911e+02 2.771806625612585322e+03
6.666666666666667407e-01 8.209911860653814131e+01 1.930628816666610874e+03
6.833333333333334592e-01 5.507070260658002780e+01 1.348057752934067821e+03
6.999999999999999556e-01 3.618710453001229155e+01 9.421786241393165255e+02
7.166666666666666741e-01 2.299218530129925497e+01 6.579397795705310727e+02
7.333333333333333925e-01 1.378944863164290524e+01 4.580264478003089152e+02
7.500000000000000000e-01 7.399245914288554715e+00 3.169432942847469690e+02
7.666666666666667185e-01 2.996318553922106442e+00 2.171399883064732137e+02
7.833333333333334370e-01 1.699529465449604014e-04 1.464508599621544818e+02
8.000000000000000444e-01 -1.999506721461349557e+00 9.638803890156914633e+01
8.166666666666666519e-01 -3.293938908761373519e+00 6.099405800763628349e+01
8.333333333333333703e-01 -4.090554493307839934e+00 3.606442829827917507e+01
8.500000000000000888e-01 -4.537497553638818459e+00 1.861692959307645268e+01
8.666666666666666963e-01 -4.740771283868688180e+00 6.526740185809254413e+00
8.833333333333334147e-01 -4.776295816695172114e+00 -1.726109439513351385e+00
9.000000000000001332e-01 -4.698435740236694080e+00 -7.232653029919333676e+00
9.166666666666667407e-01 -4.546061476800537626e+00 -1.077826540706201186e+01
9.333333333333334592e-01 -4.346877804969034642e+00 -1.292954181782549306e+01
9.500000000000001776e-01 -4.120528049162495599e+00 -1.409585306084729517e+01
9.666666666666666741e-01 -3.880828746665268891e+00 -1.457317620455926033e+01
9.833333333333332815e-01 -3.637383786948905851e+00 -1.457545011054260975e+01
1.000000000000000000e+00 -3.396753720737642812e+00 -1.425710351311218460e+01
1.016666666666666607e+00 -3.163304860668679108e+00 -1.372930527698296999e+01
1.033333333333333437e+00 -2.939827001897981962e+00 -1.307172879894181960e+01
1.050000000000000044e+00 -2.727983370954648823e+00 -1.234109667087246542e+01
1.066666666666666652e+00 -2.528638549292197446e+00 -1.157740468324380778e+01
1.083333333333333481e+00 -2.342097405322278725e+00 -1.080846666391327560e+01
1.100000000000000089e+00 -2.168278978628834341e+00 -1.005323993521922787e+01
1.116666666666666696e+00 -2.006842731541973901e+00 -9.324262346011289893e+00
1.133333333333333526e+00 -1.857279874881977433e+00 -8.629440068205008529e+00
1.150000000000000133e+00 -1.718979065662268102e+00 -7.973359682218736921e+00
1.166666666666666741e+00 -1.591273297197824288e+00 -7.358250884837286065e+00
1.183333333333333348e+00 -1.473472995592767676e+00 -6.784692099618381711e+00
1.199999999999999956e+00 -1.364889015115507309e+00 -6.252126600809098100e+00
1.216666666666666785e+00 -1.264848255474857464e+00 -5.759238824893738951e+00
1.233333333333333393e+00 -1.172703910857181064e+00 -5.304227456753021208e+00
1.250000000000000000e+00 -1.087841834756407833e+00 -4.885002297591672260e+00
1.266666666666666829e+00 -1.009684116123125808e+00 -4.499324887997306455e+00
1.283333333333333437e+00 -9.376906748163984506e-01 -4.144907680511848547e+00
1.300000000000000044e+00 -8.713594712311775181e-01 -3.819482732946046788e+00
1.316666666666666874e+00 -8.102257668716442707e-01 -3.520848064775826902e+00
1.333333333333333481e+00 -7.538607552822099711e-01 -3.246897721376418300e+00
1.350000000000000089e+00 -7.018697956272694771e-01 -2.995640032687016063e+00
1.366666666666666918e+00 -6.538904165689150005e-01 -2.765207393661665680e+00
1.383333333333333526e+00 -6.095902101838145404e-01 -2.553860030365049383e+00
1.399999999999999911e+00 -5.686647002227578351e-01 -2.359985571804730231e+00
1.416666666666666741e+00 -5.308352428782312504e-01 -2.182095767405302311e+00
1.433333333333333348e+00 -4.958469990242287961e-01 -2.018821331838497102e+00
1.449999999999999956e+00 -4.634670028650896834e-01 -1.868905631849908211e+00
1.466666666666666785e+00 -4.334823417587229666e-01 -1.731197730790350775e+00
1.483333333333333393e+00 -4.056984546781776668e-01 -1.604645158632955537e+00
1.500000000000000000e+00 -3.799375516058923763e-01 -1.488286665533622877e+00
1.516666666666666829e+00 -3.560371525640918522e-01 -1.381245135890857734e+00
1.533333333333333437e+00 -3.338487425583501200e-01 -1.282720780199544386e+00
1.550000000000000044e+00 -3.132365371390404274e-01 -1.191984678382253637e+00
1.566666666666666874e+00 -2.940763523350852227e-01 -1.108372716672370251e+00
1.583333333333333481e+00 -2.762545722126199532e-01 -1.031279937471967223e+00
1.600000000000000089e+00 -2.596672071286065253e-01 -9.601553056247880136e-01
1.616666666666666696e+00 -2.442190357899288455e-01 -8.944968835092568238e-01
1.633333333333333304e+00 -2.298228244209411797e-01 -8.338473999736296660e-01
1.650000000000000133e+00 -2.163986166344201434e-01 -7.777901934325944788e-01
1.666666666666666741e+00 -2.038730879541109098e-01 -7.259455066921605138e-01
1.683333333333333348e+00 -1.921789593238199811e-01 -6.779671097209746256e-01
1.700000000000000178e+00 -1.812544643384612630e-01 -6.335392262330646895e-01
1.716666666666666785e+00 -1.710428653326772075e-01 -5.923737402856696921e-01
1.733333333333333393e+00 -1.614920138530731297e-01 -5.542076599011528382e-01
1.750000000000000222e+00 -1.525539514143889330e-01 -5.188008158283333726e-01
1.766666666666666829e+00 -1.441845467941407222e-01 -4.859337748448832595e-01
1.783333333333333437e+00 -1.363431664521596587e-01 -4.554059483812153974e-01
1.800000000000000266e+00 -1.289923749700493949e-01 -4.270338786552516641e-01
1.816666666666666874e+00 -1.220976626907526452e-01 -4.006496859029970992e-01
1.833333333333333481e+00 0.000000000000000000e+00 -3.760996616423802341e-01
1.850000000000000311e+00 0.000000000000000000e+00 -3.532429941980148591e-01
1.866666666666666918e+00 0.000000000000000000e+00 -3.319506139306318548e-01
1.883333333333333526e+00 0.000000000000000000e+00 -3.121041467506467937e-01
1.900000000000000355e+00 0.000000000000000000e+00 -2.935949655482806842e-01
1.916666666666666963e+00 0.000000000000000000e+00 -2.763233301432438949e-01
1.933333333333333348e+00 0.000000000000000000e+00 -2.601976072474858626e-01
1.949999999999999956e+00 0.000000000000000000e+00 -2.451335627484222401e-01
1.966666666666666563e+00 0.000000000000000000e+00 -2.310537193616705454e-01
1.983333333333333393e+00 0.000000000000000000e+00 -2.178867733763378556e-01
2.000000000000000000e+00 0.000000000000000000e+00 -2.055670648272341361e-01
