0.000000000000000000e+00 1.145940403366363529e+21 8.251274553454789646e+23
1.666666666666666644e-02 5.730401528730208829e+20 4.125889101012090791e+23
3.333333333333333287e-02 1.399023796782384960e+17 5.036485693911924736e+19
5.000000000000000278e-02 1.078276021006568500e+15 2.587862599634028160e+17
6.666666666666666574e-02 3.415583262806412109e+13 6.148051864874931000e+15
8.333333333333334259e-02 2.347166664933077148e+12 3.379924174660035625e+14
1.000000000000000056e-01 2.632490691034397583e+11 3.159000486918180078e+13
1.166666666666666824e-01 4.140001430135578918e+10 4.258326811670266113e+12
1.333333333333333315e-01 8.338485925705891609e+09 7.504792944337622070e+11
1.499999999999999944e-01 2.028796226221762419e+09 1.623105210636470947e+11
1.666666666666666852e-01 5.729495028680684566e+08 4.125562760994261169e+10
1.833333333333333481e-01 1.825370829039581120e+08 1.194955643204641914e+10
2.000000000000000111e-01 6.423990808006642014e+07 3.855305240812077522e+09
2.166666666666666741e-01 2.457723882697320729e+07 1.361720996232454300e+09
2.333333333333333648e-01 1.009557421291727014e+07 5.195105406773692966e+08
2.500000000000000000e-01 4.408660783941730857e+06 2.118067170075914264e+08
2.666666666666666630e-01 2.030444423188735265e+06 9.149157029530575871e+07
2.833333333333333814e-01 9.797979609231670620e+05 4.157685491580084711e+07
2.999999999999999889e-01 4.926880016893774737e+05 1.976082448871633038e+07
3.166666666666667074e-01 2.569789931173932855e+05 9.774659950180314481e+06
3.333333333333333703e-01 1.384859733508603240e+05 5.010990380019117147e+06
3.499999999999999778e-01 7.684593541930752690e+04 2.652836847513315734e+06
3.666666666666666963e-01 4.377768484211969917e+04 1.445807371580718784e+06
3.833333333333333592e-01 2.553640320002775479e+04 8.089850904222826939e+05
4.000000000000000222e-01 1.521663097242960066e+04 4.636142104861125699e+05
4.166666666666666852e-01 9.242715631357552411e+03 2.715369703819502611e+05
4.333333333333333481e-01 5.711441551944200000e+03 1.622260951410981652e+05
4.500000000000000666e-01 3.583875249992281624e+03 9.868978988826127897e+04
4.666666666666667296e-01 2.279565522689983936e+03 6.103600193543087516e+04
4.833333333333333370e-01 1.467206534858329405e+03 3.831903837508881406e+04
5.000000000000000000e-01 9.539275917168578189e+02 2.438644484486375586e+04
5.166666666666667185e-01 6.253791210806647314e+02 1.571108250558208420e+04
5.333333333333333259e-01 4.126086225862421202e+02 1.023346941297696321e+04
5.500000000000000444e-01 2.733804931433799084e+02 6.730390942423131492e+03
5.666666666666667629e-01 1.814447418785904347e+02 4.463683552251612127e+03
5.833333333333333703e-01 1.202647762541920002e+02 2.981236020214622840e+03
5.999999999999999778e-01 7.929176638049300152e+01 2.002276117775728608e+03
6.166666666666666963e-01 5.171795395081944946e+01 1.350166086281213211e+03
6.333333333333334147e-01 3.310248817368069041e+01 9.124287269514995842e+02
6.500000000000000222e-01 2.051968756246249015e+01 6.166286521397048546e+02
6.666666666666667407e-01 1.202448376278119291e+01 4.156230466999466557e+02
6.833333333333334592e-01 6.312974965306882069e+00 2.784271766087206856e+02
6.999999999999999556e-01 2.504488193511103411e+00 1.844892529148801259e+02
7.166666666666666741e-01 1.999076280271912416e-04 1.200614782769175974e+02
7.333333333333333925e-01 -1.609474032364428320e+00 7.587518644825011904e+01
7.500000000000000000e-01 -2.606097435411022900e+00 4.563640463121674884e+01
7.666666666666667185e-01 -3.184028941934446966e+00 2.504304417397491633e+01
7.833333333333334370e-01 -3.477851700618967534e+00 1.113708649951273699e+01
8.000000000000000444e-01 -3.580944956814915425e+00 1.873960907343774185e+00
8.166666666666666519e-01 -3.558145284658302820e+00 -4.165988247125684829e+00
8.333333333333333703e-01 -3.454433652007648625e+00 -7.972280535372853194e+00
8.500000000000000888e-01 -3.300930732206591056e+00 -1.023671477948662023e+01
8.666666666666666963e-01 -3.119056590596514855e+00 -1.144398179866547594e+01
8.833333333333334147e-01 -2.923430577847474510e+00 -1.193405278378435597e+01
9.000000000000001332e-01 -2.723901482669639496e+00 -1.194538001527917892e+01
9.166666666666667407e-01 -2.526973924039559005e+00 -1.164496870943306384e+01
9.333333333333334592e-01 -2.336813501460785591e+00 -1.114941079576915328e+01
9.500000000000001776e-01 -2.155956692166552724e+00 -1.053966114796860154e+01
9.666666666666666741e-01 -1.985812945939423591e+00 -9.871458181387474440e+00
9.833333333333332815e-01 -1.827019992736492515e+00 -9.182697567090201574e+00
1.000000000000000000e+00 -1.679695138548285227e+00 -8.498664758992168444e+00
1.016666666666666607e+00 -1.543612670376635299e+00 -7.835756462850523185e+00
1.033333333333333437e+00 -1.418328665902929497e+00 -7.204131660746197596e+00
1.050000000000000044e+00 -1.303268318529678726e+00 -6.609601740842030893e+00
1.066666666666666652e+00 -1.197786534232971212e+00 -6.054978160226266226e+00
1.083333333333333481e+00 -1.101209478205635417e+00 -5.541032397405301069e+00
1.100000000000000089e+00 -1.012862564278400823e+00 -5.067178249341604435e+00
1.116666666666666696e+00 -9.320888237242062058e-01 -4.631955003680526595e+00
1.133333333333333526e+00 -8.582604778603784013e-01 -4.233367692058024545e+00
1.150000000000000133e+00 -7.907857418276470485e-01 -3.869124758513230233e+00
1.166666666666666741e+00 -7.291123143389115491e-01 -3.536802151840061637e+00
1.183333333333333348e+00 -6.727285960145843458e-01 -3.233954742745592359e+00
1.199999999999999956e+00 -6.211633817540229696e-01 -2.958190144369382768e+00
1.216666666666666785e+00 -5.739845581211232561e-01 -2.707215822362321056e+00
1.233333333333333393e+00 -5.307971818644497963e-01 -2.478867354835083248e+00
1.250000000000000000e+00 -4.912412039040590650e-01 -2.271123514107786345e+00
1.266666666666666829e+00 -4.549890225024476043e-01 -2.082112256950225060e+00
1.283333333333333437e+00 -4.217429913177365708e-01 -1.910110560304470573e+00
1.300000000000000044e+00 -3.912329664113158856e-01 -1.753540205079714864e+00
1.316666666666666874e+00 -3.632139465553517743e-01 -1.610961004946732000e+00
1.333333333333333481e+00 -3.374638400943396621e-01 -1.481062537646828936e+00
1.350000000000000089e+00 -3.137813767855929248e-01 -1.362655117929344240e+00
1.366666666666666918e+00 -2.919841727474601911e-01 -1.254660521011122576e+00
1.383333333333333526e+00 -2.719069496210148040e-01 -1.156102799529857394e+00
1.399999999999999911e+00 -2.533999043819478714e-01 -1.066099417935860716e+00
1.416666666666666741e+00 -2.363272232542828755e-01 -9.838528434271018863e-01
1.433333333333333348e+00 -2.205657313879505477e-01 -9.086426725911125324e-01
1.449999999999999956e+00 -2.060036690128245473e-01 -8.398183310766288434e-01
1.466666666666666785e+00 -1.925395844145039448e-01 -7.767923548996712446e-01
1.483333333333333393e+00 -1.800813341051536176e-01 -7.190342427470087783e-01
1.500000000000000000e+00 -1.685451808515702476e-01 -6.660648562048032684e-01
1.516666666666666829e+00 -1.578549806759942942e-01 -6.174513372584063964e-01
1.533333333333333437e+00 -1.479414504946710840e-01 -5.728025082538713564e-01
1.550000000000000044e+00 -1.387415086567896638e-01 -5.317647177428155292e-01
1.566666666666666874e+00 -1.301976812590578958e-01 -4.940180954944535241e-01
1.583333333333333481e+00 -1.222575677164171176e-01 -4.592731809056684877e-01
1.600000000000000089e+00 -1.148733596526323314e-01 -4.272678906793712650e-01
1.616666666666666696e+00 -1.080014077266432532e-01 -3.977647936933076944e-01
1.633333333333333304e+00 -1.016018315264896610e-01 -3.705486632486963972e-01
1.650000000000000133e+00 -9.563816813995480726e-02 -3.454242792336216783e-01
1.666666666666666741e+00 -9.007705544933079789e-02 -3.222144550669215901e-01
1.683333333333333348e+00 -8.488794659768637840e-02 -3.007582665429847646e-01
1.700000000000000178e+00 -8.004285243733373634e-02 -2.809094618378386587e-01
1.716666666666666785e+00 -7.551610909995835896e-02 -2.625350339398611066e-01
1.733333333333333393e+00 -7.128416812448769291e-02 -2.455139386234235221e-01
1.750000000000000222e+00 -6.732540684572599354e-02 -2.297359427877861127e-01
1.766666666666666829e+00 -6.361995698657942067e-02 -2.151005895389104805e-01
1.783333333333333437e+00 -6.014954961177133158e-02 -2.015162678043262434e-01
1.800000000000000266e+00 -5.689737479361717948e-02 -1.888993755487289594e-01
1.816666666666666874e+00 -5.384795451286816109e-02 -1.771735668097239036e-01
1.833333333333333481e+00 0.000000000000000000e+00 -1.662690738087438669e-01
1.850000000000000311e+00 0.000000000000000000e+00 -1.561220963214027535e-01
1.866666666666666918e+00 0.000000000000000000e+00 -1.466742513239195078e-01
1.883333333333333526e+00 0.000000000000000000e+00 -1.378720766768605777e-01
1.900000000000000355e+00 0.000000000000000000e+00 -1.296665832728416401e-01
1.916666666666666963e+00 0.000000000000000000e+00 -1.220128506689532322e-01
1.933333333333333348e+00 0.000000000000000000e+00 -1.148696617548299603e-01
1.949999999999999956e+00 0.000000000000000000e+00 -1.081991724801496801e-01
1.966666666666666563e+00 0.000000000000000000e+00 -1.019666130869954779e-01
1.983333333333333393e+00 0.000000000000000000e+00 -9.614001766841147323e-02
2.000000000000000000e+00 0.000000000000000000e+00 -9.068997920959340209e-02
