0.000000000000000000e+00 2.397307323842432532e+20 2.876944394304570094e+23
1.000000000000000021e-02 1.198799999810359624e+20 1.438559999886215621e+23
2.000000000000000042e-02 2.926757782868749200e+16 1.756054678610624512e+19
2.999999999999999889e-02 2.255753435945741250e+14 9.023014264057312000e+16
4.000000000000000083e-02 7.145400185791013672e+12 2.143620750219726000e+15
5.000000000000000278e-02 4.910272663039996948e+11 1.178466895564799219e+14
5.999999999999999778e-02 5.507170525643959808e+10 1.101438169772138867e+13
7.000000000000000666e-02 8.660882991843631744e+09 1.484736615002366211e+12
8.000000000000000167e-02 1.744411255657672405e+09 2.616671139925717468e+11
8.999999999999999667e-02 4.244241705255926847e+08 5.659226834419161987e+10
1.000000000000000056e-01 1.198610359999999255e+08 1.438446215999999046e+10
1.100000000000000006e-01 3.818675774350803345e+07 4.166412009306851387e+09
1.199999999999999956e-01 1.343898877034989558e+07 1.344216427296477795e+09
1.300000000000000044e-01 5.141558362602794543e+06 4.747867206863824129e+08
1.400000000000000133e-01 2.111994125342292711e+06 1.811360085161761045e+08
1.499999999999999944e-01 9.222918360006100265e+05 7.384994199664688110e+07
1.600000000000000033e-01 4.247689733310834272e+05 3.190006084296327457e+07
1.700000000000000122e-01 2.049737334251265565e+05 1.449646341397589631e+07
1.799999999999999933e-01 1.030703299534177640e+05 6.889940805065761320e+06
1.900000000000000022e-01 5.376000536015867692e+04 3.408098102629536763e+06
2.000000000000000111e-01 2.897126562499998181e+04 1.747165312499998836e+06
2.099999999999999922e-01 1.607616968971913411e+04 9.249557808329761028e+05
2.200000000000000011e-01 9.158291668971440231e+03 5.041048368911439320e+05
2.300000000000000100e-01 5.342215549445806573e+03 2.820661348605692619e+05
2.399999999999999911e-01 3.183319199432272399e+03 1.616468213894912624e+05
2.500000000000000000e-01 1.933576110080000035e+03 9.467589033983999980e+04
2.600000000000000089e-01 1.194833572666726695e+03 5.656283183919623116e+04
2.700000000000000178e-01 7.497467022983853440e+02 3.440984007437376567e+04
2.800000000000000266e-01 4.768851073467446327e+02 2.128121934148689979e+04
2.899999999999999800e-01 3.069396070923625075e+02 1.336057138011429925e+04
2.999999999999999889e-01 1.995616521871666578e+02 8.502740435909163352e+03
3.099999999999999978e-01 1.308293121300750670e+02 5.477930766946286894e+03
3.200000000000000067e-01 8.631772384504185425e+01 3.568069668657968123e+03
3.300000000000000155e-01 5.719119916559507999e+01 2.346662975258198458e+03
3.400000000000000244e-01 3.795824000100111562e+01 1.556337665218395614e+03
3.500000000000000333e-01 2.515939119237696531e+01 1.039457625714831920e+03
3.599999999999999867e-01 1.658783752679913448e+01 6.981269397311374405e+02
3.699999999999999956e-01 1.081939596651142921e+01 4.707579087500496939e+02
3.800000000000000044e-01 6.925040525934000435e+00 3.181334827970895276e+02
3.900000000000000133e-01 4.292718638067152703e+00 2.149978567127104156e+02
4.000000000000000222e-01 2.515522003173825460e+00 1.449139022827147301e+02
4.100000000000000311e-01 1.320674362742199737e+00 9.707827557757394743e+01
4.199999999999999845e-01 5.239389300825227913e-01 6.432525284965487344e+01
4.299999999999999933e-01 4.182067578328840796e-05 4.186143542588526856e+01
4.400000000000000022e-01 -3.367019675706384163e-01 2.645514834162320739e+01
4.500000000000000111e-01 -5.451955834879860241e-01 1.591189308141757408e+01
4.600000000000000200e-01 -6.660988546526862564e-01 8.731674735325920977e+00
4.700000000000000289e-01 -7.275665757694880220e-01 3.883130826163441185e+00
4.799999999999999822e-01 -7.491336849656803354e-01 6.533877030271959541e-01
4.899999999999999911e-01 -7.443639935505169669e-01 -1.452541235497822214e+00
5.000000000000000000e-01 -7.226675200000001187e-01 -2.779668480000001551e+00
5.100000000000000089e-01 -6.905547091776188529e-01 -3.569201219781001910e+00
5.200000000000000178e-01 -6.525066387527909129e-01 -3.990134987134696054e+00
5.300000000000000266e-01 -6.115816768856916497e-01 -4.161006403946145404e+00
5.400000000000000355e-01 -5.698401901744886144e-01 -4.164955831994006985e+00
5.500000000000000444e-01 -5.286429449090757071e-01 -4.060212423355661571e+00
5.600000000000000533e-01 -4.888613845055963525e-01 -3.887427897458178183e+00
5.700000000000000622e-01 -4.510261400012428035e-01 -3.674828520258385911e+00
5.799999999999999600e-01 -4.154320682905274231e-01 -3.441848419243766166e+00
5.899999999999999689e-01 -3.822125824804742389e-01 -3.201700551725450428e+00
5.999999999999999778e-01 -3.513922229843012834e-01 -2.963201112635269752e+00
6.099999999999999867e-01 -3.229237706427920962e-01 -2.732067086713882542e+00
6.199999999999999956e-01 -2.967143569068928510e-01 -2.511840572380174219e+00
6.300000000000000044e-01 -2.726437322364088089e-01 -2.304547806973588298e+00
6.400000000000000133e-01 -2.505769429615375965e-01 -2.111169051865558366e+00
6.500000000000000222e-01 -2.303730228406189462e-01 -1.931973295895315079e+00
6.600000000000000311e-01 -2.118908484470414522e-01 -1.766756149603772919e+00
6.700000000000000400e-01 -1.949929819231039363e-01 -1.615008311283276932e+00
6.800000000000000488e-01 -1.795480919683911658e-01 -1.476034201964231185e+00
6.900000000000000577e-01 -1.654323771903437601e-01 -1.349034832468279710e+00
7.000000000000000666e-01 -1.525302961597002904e-01 -1.233165016941568215e+00
7.099999999999999645e-01 -1.407348222862510323e-01 -1.127572220303963313e+00
7.199999999999999734e-01 -1.299473794629416035e-01 -1.031422297003458111e+00
7.299999999999999822e-01 -1.200775695589389735e-01 -9.439159167303293740e-01
7.399999999999999911e-01 -1.110427704460428960e-01 -8.642984177191657125e-01
7.500000000000000000e-01 -1.027676598567291572e-01 -7.918650652522482014e-01
7.600000000000000089e-01 -9.518370350751204079e-02 -7.259631402566451008e-01
7.700000000000000178e-01 -8.822863378367049036e-02 -6.659918820261587769e-01
7.800000000000000266e-01 -8.184593657324727711e-02 -6.114010181711272418e-01
7.900000000000000355e-01 -7.598435761937959165e-02 -5.616884037247605876e-01
8.000000000000000444e-01 -7.059743534773585405e-02 -5.163971381261943661e-01
8.100000000000000533e-01 -6.564306402354604109e-02 -4.751124177846980379e-01
8.200000000000000622e-01 -6.108308893876867457e-02 -4.374583016592114570e-01
8.300000000000000711e-01 -5.688293386071629348e-02 -4.030945094360769421e-01
8.399999999999999689e-01 -5.301125999670348865e-02 -3.717133303869701311e-01
8.499999999999999778e-01 -4.943965510479597647e-02 -3.430366914082495500e-01
8.599999999999999867e-01 -4.614235100635925152e-02 -3.168134118434345892e-01
8.699999999999999956e-01 -4.309596755748289210e-02 -2.928166581020512638e-01
8.800000000000000044e-01 -4.027928105951422699e-02 -2.708416010750187009e-01
8.900000000000000133e-01 -3.767301509479813876e-02 -2.507032726377904086e-01
9.000000000000000222e-01 -3.525965183414849630e-02 -2.322346131967414073e-01
9.100000000000000311e-01 -3.302326195741800419e-02 -2.152846995907643779e-01
9.200000000000000400e-01 -3.094935144348518949e-02 -1.997171412111831690e-01
9.300000000000000488e-01 -2.902472361100039491e-02 -1.854086315863283652e-01
9.400000000000000577e-01 -2.723735491939491271e-02 -1.722476426290661389e-01
9.500000000000000666e-01 -2.557628316627446122e-02 -1.601332490757764182e-01
9.599999999999999645e-01 -2.403150683933068243e-02 -1.489740712168741155e-01
9.699999999999999734e-01 -2.259389449641376751e-02 -1.386873247343999582e-01
9.799999999999999822e-01 -2.125510315534163627e-02 -1.291979672527121537e-01
9.899999999999999911e-01 -2.000750477487854562e-02 -1.204379320261227543e-01
1.000000000000000000e+00 -1.884412000000000240e-02 -1.123454400000000047e-01
1.010000000000000009e+00 -1.775855842823598901e-02 -1.048643822679873605e-01
1.020000000000000018e+00 -1.674496472989021878e-02 -9.794376569412641120e-02
1.030000000000000027e+00 -1.579797002371128786e-02 -9.153721516703157424e-02
1.040000000000000036e+00 -1.491264797164282632e-02 -8.560252660003367375e-02
1.050000000000000044e+00 -1.408447511212587711e-02 -8.010126538534143026e-02
1.060000000000000053e+00 -1.330929500159241420e-02 -7.499840555256678809e-02
1.070000000000000062e+00 -1.258328577878256235e-02 -7.026200537444175775e-02
1.080000000000000071e+00 -1.190293080682471374e-02 -6.586291560799016620e-02
1.090000000000000080e+00 -1.126499208409201952e-02 -6.177451696099039991e-02
1.100000000000000089e+00 0.000000000000000000e+00 -5.797248373464869431e-02
1.110000000000000098e+00 0.000000000000000000e+00 -5.443457091739575815e-02
1.120000000000000107e+00 0.000000000000000000e+00 -5.114042229493993841e-02
1.130000000000000115e+00 0.000000000000000000e+00 -4.807139740133205968e-02
1.140000000000000124e+00 0.000000000000000000e+00 -4.521041536779744907e-02
1.150000000000000133e+00 0.000000000000000000e+00 -4.254181393324169697e-02
1.159999999999999920e+00 0.000000000000000000e+00 -4.005122206518405004e-02
1.169999999999999929e+00 0.000000000000000000e+00 -3.772544480474552403e-02
1.179999999999999938e+00 0.000000000000000000e+00 -3.555235909633242680e-02
1.189999999999999947e+00 0.000000000000000000e+00 -3.352081949371946840e-02
1.199999999999999956e+00 0.000000000000000000e+00 -3.162057275107823390e-02
