0.000000000000000000e+00 9.294165318968622449e+20 1.115367919137915161e+24
1.000000000000000021e-02 4.647649999568833741e+20 5.577179999741299256e+23
2.000000000000000042e-02 1.134680169044296640e+17 6.808081034476639027e+19
2.999999999999999889e-02 8.745372836647375000e+14 3.498149252948387200e+17
4.000000000000000083e-02 2.770214220254516016e+13 8.310644239736936000e+15
5.000000000000000278e-02 1.903674680543999023e+12 4.568822544652796875e+14
5.999999999999999778e-02 2.135091693231087646e+11 4.270192627824485938e+13
7.000000000000000666e-02 3.357779667727096558e+10 5.756225129035280273e+12
8.000000000000000167e-02 6.763056404717265129e+09 1.014470796437188721e+12
8.999999999999999667e-02 1.645515167835105181e+09 2.194074311314473267e+11
1.000000000000000056e-01 4.647218834999997616e+08 5.576921300999996185e+10
1.100000000000000006e-01 1.480641138529488146e+08 1.615377631887833405e+10
1.199999999999999956e-01 5.211204803236011416e+07 5.211926784666587830e+09
1.300000000000000044e-01 1.993970244539482892e+07 1.841000197102738380e+09
1.400000000000000133e-01 8.192067424922190607e+06 7.024226213792752028e+08
1.499999999999999944e-01 3.578319694144789129e+06 2.864169860116928816e+08
1.600000000000000033e-01 1.648607029261256335e+06 1.237419000820863992e+08
1.700000000000000122e-01 7.959261471225622809e+05 5.624606738953410089e+07
1.799999999999999933e-01 4.004892323829735979e+05 2.674153804506237805e+07
1.900000000000000022e-01 2.090694560840446211e+05 1.323332810055159964e+07
2.000000000000000111e-01 1.127943222656249418e+05 6.787870195312495343e+06
2.099999999999999922e-01 6.268051613909966545e+04 3.596107259800822008e+06
2.200000000000000011e-01 3.577412378418543085e+04 1.961687209338451037e+06
2.300000000000000100e-01 2.091672672802783563e+04 1.098905492110061226e+06
2.399999999999999911e-01 1.250057407954909831e+04 6.306691839038375765e+05
2.500000000000000000e-01 7.620857610240000213e+03 3.700396897075200104e+05
2.600000000000000089e-01 4.730698613258189653e+03 2.215608662019421463e+05
2.700000000000000178e-01 2.985188535216017499e+03 1.351481842964208336e+05
2.800000000000000266e-01 1.911940805074116724e+03 8.385761341122600425e+04
2.899999999999999800e-01 1.241096531642367609e+03 5.285543365224102308e+04
2.999999999999999889e-01 8.153926240165892523e+02 3.379859933652091422e+04
3.099999999999999978e-01 5.414740372609230690e+02 2.190057764235111608e+04
3.200000000000000067e-01 3.629640083677720099e+02 1.436406349732410490e+04
3.300000000000000155e-01 2.452688967986842954e+02 9.525880826478247400e+03
3.400000000000000244e-01 1.668433579704674230e+02 6.381130040044542511e+03
3.500000000000000333e-01 1.140811673167158204e+02 4.313439833590511626e+03
3.599999999999999867e-01 7.827773619867332400e+01 2.939381984206801462e+03
3.699999999999999956e-01 5.379651210766508029e+01 2.017261893218161276e+03
3.800000000000000044e-01 3.694613331865757289e+01 1.392824690994978937e+03
3.900000000000000133e-01 2.528349770982585198e+01 9.664672947964670584e+02
4.000000000000000222e-01 1.717566347122191317e+01 6.731672430038447601e+02
4.100000000000000311e-01 1.152113999351883500e+01 4.700376392724336370e+02
4.199999999999999845e-01 7.570566846886213064e+00 3.285166007211740862e+02
4.299999999999999933e-01 4.810103253280279212e+00 2.294088344673574795e+02
4.400000000000000022e-01 2.884830815363138790e+00 1.597035053420804900e+02
4.500000000000000111e-01 1.547959145319103946e+00 1.105109544877684300e+02
4.600000000000000200e-01 6.268386264006915454e-01 7.571177017852542690e+01
4.700000000000000289e-01 2.549470143664578359e-05 5.106405280479337705e+01
4.799999999999999822e-01 -4.183191735682068035e-01 3.360827008565988194e+01
4.899999999999999911e-01 -6.891220953667414051e-01 2.126718534239570602e+01
5.000000000000000000e-01 -8.557785600000000770e-01 1.257478655999999972e+01
5.100000000000000089e-01 -9.492812884532231266e-01 6.491239782300411321e+00
5.200000000000000178e-01 -9.918068475370733772e-01 2.275666901989133351e+00
5.300000000000000266e-01 -9.992382272668141052e-01 -6.019116391032461877e-01
5.400000000000000355e-01 -9.829488544723659071e-01 -2.521915011382080962e+00
5.500000000000000444e-01 -9.510706737665177712e-01 -3.758185902573375259e+00
5.600000000000000533e-01 -9.093997032694444149e-01 -4.508283422350762848e+00
5.700000000000000622e-01 -8.620454517621183310e-01 -4.914946010507403429e+00
5.799999999999999600e-01 -8.118984259016612803e-01 -5.081374236287523161e+00
5.899999999999999689e-01 -7.609678188898427731e-01 -5.082163773607520696e+00
5.999999999999999778e-01 -7.106261376792063489e-01 -4.971160442198663709e+00
6.099999999999999867e-01 -6.617868404439567476e-01 -4.787126311383211430e+00
6.199999999999999956e-01 -6.150335678016739527e-01 -4.557841685330547676e+00
6.300000000000000044e-01 -5.707142750685800792e-01 -4.303084436874589080e+00
6.400000000000000133e-01 -5.290098360112180931e-01 -4.036800178861470911e+00
6.500000000000000222e-01 -4.899840289830801332e-01 -3.768686948066519271e+00
6.600000000000000311e-01 -4.536199146274967897e-01 -3.505354717810297949e+00
6.700000000000000400e-01 -4.198462485182767323e-01 -3.251175136516753827e+00
6.800000000000000488e-01 -3.885565870873177730e-01 -3.008904892314445689e+00
6.900000000000000577e-01 -3.596230319983198531e-01 -2.780143207771704095e+00
7.000000000000000666e-01 -3.329060398491761052e-01 -2.565667514466018595e+00
7.099999999999999645e-01 -3.082613461594724824e-01 -2.365679483412572726e+00
7.199999999999999734e-01 -2.855447761401848084e-01 -2.179984985791956209e+00
7.299999999999999822e-01 -2.646155119178698056e-01 -2.008125304237101894e+00
7.399999999999999911e-01 -2.453382366892313815e-01 -1.849472351743896903e+00
7.500000000000000000e-01 -2.275844662752027070e-01 -1.703297314998579504e+00
7.600000000000000089e-01 -2.112332972657359753e-01 -1.568819686387419310e+00
7.700000000000000178e-01 -1.961717407906959643e-01 -1.445241843158522332e+00
7.800000000000000266e-01 -1.822947663680782315e-01 -1.331772999158097992e+00
7.900000000000000355e-01 -1.695051472046849861e-01 -1.227645368192025410e+00
8.000000000000000444e-01 -1.577131737722083371e-01 -1.132124646683223101e+00
8.100000000000000533e-01 -1.468362842554651604e-01 -1.044516379998640110e+00
8.200000000000000622e-01 -1.367986469460290289e-01 -9.641693726196360892e-01
8.300000000000000711e-01 -1.275307196318407610e-01 -8.904770012474720886e-01
8.399999999999999689e-01 -1.189688036195870324e-01 -8.228770654684579577e-01
8.499999999999999778e-01 -1.110546045583701152e-01 -7.608506431732052766e-01
8.599999999999999867e-01 -1.037348082161922563e-01 -7.039202930311646567e-01
8.699999999999999956e-01 -9.696067642615247006e-02 -6.516478531991531931e-01
8.800000000000000044e-01 -9.068766629133137580e-02 -6.036320160792744138e-01
8.900000000000000133e-01 -8.487507420984000128e-02 -5.595058073628681461e-01
9.000000000000000222e-01 -7.948570519999499651e-02 -5.189340593390558976e-01
9.100000000000000311e-01 -7.448556725435129255e-02 -4.816109401681717972e-01
9.200000000000000400e-01 -6.984358994369872786e-02 -4.472575800177857053e-01
9.300000000000000488e-01 -6.553136616319610308e-02 -4.156198197528947480e-01
9.400000000000000577e-01 -6.152291571400705233e-02 -3.864660968504282645e-01
9.500000000000000666e-01 -5.779446930882600059e-02 -3.595854753102149526e-01
9.599999999999999645e-01 -5.432427155148635695e-02 -3.347858207618211734e-01
9.699999999999999734e-01 -5.109240144931756489e-02 -3.118921181188797909e-01
9.799999999999999822e-01 -4.808060905717823769e-02 -2.907449265583242348e-01
9.899999999999999911e-01 -4.527216691317770964e-02 -2.711989649621980303e-01
1.000000000000000000e+00 -4.265173500000000312e-02 -2.531218199999999974e-01
1.010000000000000009e+00 -4.020523804665764728e-02 -2.363927685592709937e-01
1.020000000000000018e+00 -3.791975406928174697e-02 -2.209017061090148837e-01
1.030000000000000027e+00 -3.578341313328289169e-02 -2.065481726986310995e-01
1.040000000000000036e+00 -3.378530540089574874e-02 -1.932404685758519480e-01
1.050000000000000044e+00 -3.191539760642386064e-02 -1.808948517929403477e-01
1.060000000000000053e+00 -3.016445717560444634e-02 -1.694348106189145498e-01
1.070000000000000062e+00 -2.852398327494813299e-02 -1.587904040563268004e-01
1.080000000000000071e+00 -2.698614414146827470e-02 -1.488976642523953675e-01
1.090000000000000080e+00 -2.554372010287489503e-02 -1.396980550808921695e-01
1.100000000000000089e+00 0.000000000000000000e+00 -1.311379816427856726e-01
1.110000000000000098e+00 0.000000000000000000e+00 -1.231683458835065581e-01
1.120000000000000107e+00 0.000000000000000000e+00 -1.157441439487308099e-01
1.130000000000000115e+00 0.000000000000000000e+00 -1.088241012965754928e-01
1.140000000000000124e+00 0.000000000000000000e+00 -1.023703419512467933e-01
1.150000000000000133e+00 0.000000000000000000e+00 -9.634808862160482157e-02
1.159999999999999920e+00 0.000000000000000000e+00 -9.072539071860620530e-02
1.169999999999999929e+00 0.000000000000000000e+00 -8.547287758937956170e-02
1.179999999999999938e+00 0.000000000000000000e+00 -8.056353454427596372e-02
1.189999999999999947e+00 0.000000000000000000e+00 -7.597249948825045285e-02
1.199999999999999956e+00 0.000000000000000000e+00 -7.167687818108919862e-02
