0.000000000000000000e+00 0.000000000000000000e+00 0.000000000000000000e+00
1.000000000000000021e-02 0.000000000000000000e+00 0.000000000000000000e+00
2.000000000000000042e-02 0.000000000000000000e+00 0.000000000000000000e+00
2.999999999999999889e-02 0.000000000000000000e+00 0.000000000000000000e+00
4.000000000000000083e-02 0.000000000000000000e+00 0.000000000000000000e+00
4.999999999999999584e-02 0.000000000000000000e+00 0.000000000000000000e+00
5.999999999999999778e-02 0.000000000000000000e+00 0.000000000000000000e+00
6.999999999999999278e-02 0.000000000000000000e+00 0.000000000000000000e+00
8.000000000000000167e-02 0.000000000000000000e+00 0.000000000000000000e+00
8.999999999999999667e-02 0.000000000000000000e+00 0.000000000000000000e+00
9.999999999999999167e-02 0.000000000000000000e+00 0.000000000000000000e+00
1.099999999999999867e-01 0.000000000000000000e+00 0.000000000000000000e+00
1.199999999999999956e-01 0.000000000000000000e+00 0.000000000000000000e+00
1.300000000000000044e-01 0.000000000000000000e+00 0.000000000000000000e+00
1.399999999999999856e-01 0.000000000000000000e+00 0.000000000000000000e+00
1.499999999999999944e-01 0.000000000000000000e+00 0.000000000000000000e+00
1.600000000000000033e-01 0.000000000000000000e+00 0.000000000000000000e+00
1.699999999999999845e-01 0.000000000000000000e+00 0.000000000000000000e+00
1.799999999999999933e-01 0.000000000000000000e+00 0.000000000000000000e+00
1.899999999999999745e-01 0.000000000000000000e+00 0.000000000000000000e+00
1.999999999999999833e-01 0.000000000000000000e+00 0.000000000000000000e+00
2.099999999999999922e-01 0.000000000000000000e+00 0.000000000000000000e+00
2.199999999999999734e-01 0.000000000000000000e+00 0.000000000000000000e+00
2.299999999999999822e-01 0.000000000000000000e+00 0.000000000000000000e+00
2.399999999999999911e-01 0.000000000000000000e+00 0.000000000000000000e+00
2.500000000000000000e-01 0.000000000000000000e+00 0.000000000000000000e+00
2.600000000000000089e-01 0.000000000000000000e+00 0.000000000000000000e+00
2.700000000000000178e-01 0.000000000000000000e+00 0.000000000000000000e+00
2.799999999999999711e-01 0.000000000000000000e+00 0.000000000000000000e+00
2.899999999999999800e-01 0.000000000000000000e+00 0.000000000000000000e+00
2.999999999999999889e-01 0.000000000000000000e+00 0.000000000000000000e+00
3.099999999999999423e-01 0.000000000000000000e+00 0.000000000000000000e+00
3.200000000000000067e-01 0.000000000000000000e+00 0.000000000000000000e+00
3.300000000000000155e-01 0.000000000000000000e+00 0.000000000000000000e+00
3.399999999999999689e-01 0.000000000000000000e+00 0.000000000000000000e+00
3.500000000000000333e-01 0.000000000000000000e+00 0.000000000000000000e+00
3.599999999999999867e-01 0.000000000000000000e+00 0.000000000000000000e+00
3.699999999999999956e-01 0.000000000000000000e+00 0.000000000000000000e+00
3.799999999999999489e-01 0.000000000000000000e+00 0.000000000000000000e+00
3.900000000000000133e-01 0.000000000000000000e+00 0.000000000000000000e+00
3.999999999999999667e-01 0.000000000000000000e+00 0.000000000000000000e+00
4.099999999999999756e-01 0.000000000000000000e+00 0.000000000000000000e+00
4.199999999999999845e-01 0.000000000000000000e+00 0.000000000000000000e+00
4.299999999999999933e-01 0.000000000000000000e+00 0.000000000000000000e+00
4.399999999999999467e-01 0.000000000000000000e+00 0.000000000000000000e+00
4.499999999999999556e-01 -0.000000000000000000e+00 0.000000000000000000e+00
4.599999999999999645e-01 -0.000000000000000000e+00 0.000000000000000000e+00
4.699999999999999734e-01 -0.000000000000000000e+00 0.000000000000000000e+00
4.799999999999999822e-01 -0.000000000000000000e+00 0.000000000000000000e+00
4.899999999999999911e-01 -0.000000000000000000e+00 0.000000000000000000e+00
5.000000000000000000e-01 -0.000000000000000000e+00 0.000000000000000000e+00
5.100000000000000089e-01 -0.000000000000000000e+00 0.000000000000000000e+00
5.200000000000000178e-01 -0.000000000000000000e+00 0.000000000000000000e+00
5.299999999999999156e-01 -0.000000000000000000e+00 0.000000000000000000e+00
5.400000000000000355e-01 -0.000000000000000000e+00 0.000000000000000000e+00
5.499999999999999334e-01 -0.000000000000000000e+00 -0.000000000000000000e+00
5.599999999999999423e-01 -0.000000000000000000e+00 -0.000000000000000000e+00
5.699999999999999512e-01 -0.000000000000000000e+00 -0.000000000000000000e+00
5.799999999999999600e-01 -0.000000000000000000e+00 -0.000000000000000000e+00
5.899999999999999689e-01 -0.000000000000000000e+00 -0.000000000000000000e+00
5.999999999999999778e-01 -0.000000000000000000e+00 -0.000000000000000000e+00
6.099999999999999867e-01 -0.000000000000000000e+00 -0.000000000000000000e+00
6.199999999999998845e-01 -0.000000000000000000e+00 -0.000000000000000000e+00
6.300000000000000044e-01 -0.000000000000000000e+00 -0.000000000000000000e+00
6.400000000000000133e-01 -0.000000000000000000e+00 -0.000000000000000000e+00
6.499999999999999112e-01 -0.000000000000000000e+00 -0.000000000000000000e+00
6.600000000000000311e-01 -0.000000000000000000e+00 -0.000000000000000000e+00
6.700000000000000400e-01 -0.000000000000000000e+00 -0.000000000000000000e+00
6.799999999999999378e-01 -0.000000000000000000e+00 -0.000000000000000000e+00
6.899999999999999467e-01 -0.000000000000000000e+00 -0.000000000000000000e+00
7.000000000000000666e-01 -0.000000000000000000e+00 -0.000000000000000000e+00
7.099999999999999645e-01 -0.000000000000000000e+00 -0.000000000000000000e+00
7.199999999999999734e-01 -0.000000000000000000e+00 -0.000000000000000000e+00
7.299999999999998712e-01 -0.000000000000000000e+00 -0.000000000000000000e+00
7.399999999999999911e-01 -0.000000000000000000e+00 -0.000000000000000000e+00
7.500000000000000000e-01 -0.000000000000000000e+00 -0.000000000000000000e+00
7.599999999999998979e-01 -0.000000000000000000e+00 -0.000000000000000000e+00
7.699999999999999067e-01 -0.000000000000000000e+00 -0.000000000000000000e+00
7.800000000000000266e-01 -0.000000000000000000e+00 -0.000000000000000000e+00
7.899999999999999245e-01 -0.000000000000000000e+00 -0.000000000000000000e+00
7.999999999999999334e-01 -0.000000000000000000e+00 -0.000000000000000000e+00
8.100000000000000533e-01 -0.000000000000000000e+00 -0.000000000000000000e+00
8.199999999999999512e-01 -0.000000000000000000e+00 -0.000000000000000000e+00
8.299999999999999600e-01 -0.000000000000000000e+00 -0.000000000000000000e+00
8.399999999999999689e-01 -0.000000000000000000e+00 -0.000000000000000000e+00
8.499999999999999778e-01 -0.000000000000000000e+00 -0.000000000000000000e+00
8.599999999999999867e-01 -0.000000000000000000e+00 -0.000000000000000000e+00
8.699999999999999956e-01 -0.000000000000000000e+00 -0.000000000000000000e+00
8.799999999999998934e-01 -0.000000000000000000e+00 -0.000000000000000000e+00
8.900000000000000133e-01 -0.000000000000000000e+00 -0.000000000000000000e+00
8.999999999999999112e-01 -0.000000000000000000e+00 -0.000000000000000000e+00
9.099999999999999201e-01 -0.000000000000000000e+00 -0.000000000000000000e+00
9.199999999999999289e-01 -0.000000000000000000e+00 -0.000000000000000000e+00
9.299999999999999378e-01 -0.000000000000000000e+00 -0.000000000000000000e+00
9.399999999999999467e-01 -0.000000000000000000e+00 -0.000000000000000000e+00
9.499999999999999556e-01 -0.000000000000000000e+00 -0.000000000000000000e+00
9.599999999999999645e-01 -0.000000000000000000e+00 -0.000000000000000000e+00
9.699999999999999734e-01 -0.000000000000000000e+00 -0.000000000000000000e+00
9.799999999999999822e-01 -0.000000000000000000e+00 -0.000000000000000000e+00
9.899999999999998801e-01 -0.000000000000000000e+00 -0.000000000000000000e+00
1.000000000000000000e+00 -0.000000000000000000e+00 -0.000000000000000000e+00
1.010000000000000009e+00 -0.000000000000000000e+00 -0.000000000000000000e+00
1.020000000000000018e+00 -0.000000000000000000e+00 -0.000000000000000000e+00
1.029999999999999805e+00 -0.000000000000000000e+00 -0.000000000000000000e+00
1.040000000000000036e+00 -0.000000000000000000e+00 -0.000000000000000000e+00
1.050000000000000044e+00 -0.000000000000000000e+00 -0.000000000000000000e+00
1.059999999999999831e+00 -0.000000000000000000e+00 -0.000000000000000000e+00
1.069999999999999840e+00 -0.000000000000000000e+00 -0.000000000000000000e+00
1.080000000000000071e+00 -0.000000000000000000e+00 -0.000000000000000000e+00
1.089999999999999858e+00 -0.000000000000000000e+00 -0.000000000000000000e+00
1.099999999999999867e+00 -0.000000000000000000e+00 -0.000000000000000000e+00
1.109999999999999876e+00 -0.000000000000000000e+00 -0.000000000000000000e+00
1.119999999999999885e+00 -0.000000000000000000e+00 -0.000000000000000000e+00
1.129999999999999893e+00 -0.000000000000000000e+00 -0.000000000000000000e+00
1.139999999999999902e+00 -0.000000000000000000e+00 -0.000000000000000000e+00
1.149999999999999911e+00 -0.000000000000000000e+00 -0.000000000000000000e+00
1.159999999999999920e+00 -0.000000000000000000e+00 -0.000000000000000000e+00
1.169999999999999929e+00 -0.000000000000000000e+00 -0.000000000000000000e+00
1.179999999999999938e+00 -0.000000000000000000e+00 -0.000000000000000000e+00
1.189999999999999947e+00 -0.000000000000000000e+00 -0.000000000000000000e+00
1.199999999999999956e+00 0.000000000000000000e+00 -0.000000000000000000e+00
