0.000000000000000000e+00 0.000000000000000000e+00 0.000000000000000000e+00
1.001999999999999939e-02 0.000000000000000000e+00 0.000000000000000000e+00
1.998000000000000123e-02 0.000000000000000000e+00 0.000000000000000000e+00
2.999999999999999889e-02 0.000000000000000000e+00 0.000000000000000000e+00
4.001999999999999308e-02 0.000000000000000000e+00 0.000000000000000000e+00
4.997999999999999665e-02 0.000000000000000000e+00 0.000000000000000000e+00
5.999999999999999778e-02 0.000000000000000000e+00 0.000000000000000000e+00
7.001999999999999891e-02 0.000000000000000000e+00 0.000000000000000000e+00
7.997999999999999554e-02 0.000000000000000000e+00 0.000000000000000000e+00
8.999999999999999667e-02 0.000000000000000000e+00 0.000000000000000000e+00
1.000199999999999839e-01 0.000000000000000000e+00 0.000000000000000000e+00
1.099799999999999944e-01 0.000000000000000000e+00 0.000000000000000000e+00
1.199999999999999956e-01 0.000000000000000000e+00 0.000000000000000000e+00
1.300199999999999967e-01 0.000000000000000000e+00 0.000000000000000000e+00
1.399799999999999933e-01 0.000000000000000000e+00 0.000000000000000000e+00
1.499999999999999944e-01 0.000000000000000000e+00 0.000000000000000000e+00
1.600199999999999956e-01 0.000000000000000000e+00 0.000000000000000000e+00
1.699799999999999922e-01 0.000000000000000000e+00 0.000000000000000000e+00
1.799999999999999933e-01 0.000000000000000000e+00 0.000000000000000000e+00
1.900199999999999945e-01 0.000000000000000000e+00 0.000000000000000000e+00
1.999799999999999911e-01 0.000000000000000000e+00 0.000000000000000000e+00
2.099999999999999922e-01 0.000000000000000000e+00 0.000000000000000000e+00
2.200200000000000211e-01 0.000000000000000000e+00 0.000000000000000000e+00
2.299799999999999622e-01 0.000000000000000000e+00 0.000000000000000000e+00
2.399999999999999911e-01 0.000000000000000000e+00 0.000000000000000000e+00
2.500200000000000200e-01 0.000000000000000000e+00 0.000000000000000000e+00
2.599799999999999889e-01 0.000000000000000000e+00 0.000000000000000000e+00
2.700000000000000178e-01 0.000000000000000000e+00 0.000000000000000000e+00
2.800199999999999911e-01 0.000000000000000000e+00 0.000000000000000000e+00
2.899800000000000155e-01 0.000000000000000000e+00 0.000000000000000000e+00
2.999999999999999889e-01 0.000000000000000000e+00 0.000000000000000000e+00
3.100200000000000178e-01 0.000000000000000000e+00 0.000000000000000000e+00
3.199799999999999867e-01 0.000000000000000000e+00 0.000000000000000000e+00
3.300000000000000155e-01 -0.000000000000000000e+00 0.000000000000000000e+00
3.400199999999999889e-01 -0.000000000000000000e+00 0.000000000000000000e+00
3.499800000000000133e-01 -0.000000000000000000e+00 0.000000000000000000e+00
3.599999999999999867e-01 -0.000000000000000000e+00 0.000000000000000000e+00
3.700200000000000156e-01 -0.000000000000000000e+00 0.000000000000000000e+00
3.799799999999999844e-01 -0.000000000000000000e+00 0.000000000000000000e+00
3.900000000000000133e-01 -0.000000000000000000e+00 0.000000000000000000e+00
4.000199999999999867e-01 -0.000000000000000000e+00 0.000000000000000000e+00
4.099800000000000111e-01 -0.000000000000000000e+00 0.000000000000000000e+00
4.199999999999999845e-01 -0.000000000000000000e+00 0.000000000000000000e+00
4.300200000000000133e-01 -0.000000000000000000e+00 0.000000000000000000e+00
4.399799999999999822e-01 -0.000000000000000000e+00 0.000000000000000000e+00
4.499999999999999556e-01 -0.000000000000000000e+00 -0.000000000000000000e+00
4.600199999999999845e-01 -0.000000000000000000e+00 -0.000000000000000000e+00
4.699799999999999534e-01 -0.000000000000000000e+00 -0.000000000000000000e+00
4.799999999999999822e-01 -0.000000000000000000e+00 -0.000000000000000000e+00
4.900199999999999556e-01 -0.000000000000000000e+00 -0.000000000000000000e+00
4.999799999999999800e-01 -0.000000000000000000e+00 -0.000000000000000000e+00
5.100000000000000089e-01 -0.000000000000000000e+00 -0.000000000000000000e+00
5.200200000000000378e-01 -0.000000000000000000e+00 -0.000000000000000000e+00
5.299800000000000066e-01 -0.000000000000000000e+00 -0.000000000000000000e+00
5.400000000000000355e-01 -0.000000000000000000e+00 -0.000000000000000000e+00
5.500199999999999534e-01 -0.000000000000000000e+00 -0.000000000000000000e+00
5.599800000000000333e-01 -0.000000000000000000e+00 -0.000000000000000000e+00
5.699999999999999512e-01 -0.000000000000000000e+00 -0.000000000000000000e+00
5.800199999999999800e-01 -0.000000000000000000e+00 -0.000000000000000000e+00
5.899799999999999489e-01 -0.000000000000000000e+00 -0.000000000000000000e+00
5.999999999999999778e-01 -0.000000000000000000e+00 -0.000000000000000000e+00
6.100199999999998957e-01 -0.000000000000000000e+00 -0.000000000000000000e+00
6.199800000000000866e-01 -0.000000000000000000e+00 -0.000000000000000000e+00
6.300000000000000044e-01 -0.000000000000000000e+00 -0.000000000000000000e+00
6.400199999999999223e-01 -0.000000000000000000e+00 -0.000000000000000000e+00
6.499799999999998912e-01 -0.000000000000000000e+00 -0.000000000000000000e+00
6.600000000000000311e-01 -0.000000000000000000e+00 -0.000000000000000000e+00
6.700199999999999489e-01 -0.000000000000000000e+00 -0.000000000000000000e+00
6.799799999999999178e-01 -0.000000000000000000e+00 -0.000000000000000000e+00
6.899999999999999467e-01 -0.000000000000000000e+00 -0.000000000000000000e+00
7.000199999999999756e-01 -0.000000000000000000e+00 -0.000000000000000000e+00
7.099799999999999445e-01 -0.000000000000000000e+00 -0.000000000000000000e+00
7.199999999999999734e-01 -0.000000000000000000e+00 -0.000000000000000000e+00
7.300199999999998912e-01 -0.000000000000000000e+00 -0.000000000000000000e+00
7.399799999999999711e-01 -0.000000000000000000e+00 -0.000000000000000000e+00
7.500000000000000000e-01 -0.000000000000000000e+00 -0.000000000000000000e+00
7.600199999999999179e-01 -0.000000000000000000e+00 -0.000000000000000000e+00
7.699799999999999978e-01 -0.000000000000000000e+00 -0.000000000000000000e+00
7.800000000000000266e-01 -0.000000000000000000e+00 -0.000000000000000000e+00
7.900199999999999445e-01 -0.000000000000000000e+00 -0.000000000000000000e+00
7.999799999999999134e-01 -0.000000000000000000e+00 -0.000000000000000000e+00
8.100000000000000533e-01 -0.000000000000000000e+00 -0.000000000000000000e+00
8.200199999999999712e-01 -0.000000000000000000e+00 -0.000000000000000000e+00
8.299799999999999400e-01 -0.000000000000000000e+00 0.000000000000000000e+00
8.399999999999999689e-01 -0.000000000000000000e+00 0.000000000000000000e+00
8.500199999999999978e-01 -0.000000000000000000e+00 0.000000000000000000e+00
8.599799999999999667e-01 -0.000000000000000000e+00 0.000000000000000000e+00
8.699999999999999956e-01 -0.000000000000000000e+00 0.000000000000000000e+00
8.800199999999999134e-01 -0.000000000000000000e+00 0.000000000000000000e+00
8.899799999999999933e-01 -0.000000000000000000e+00 0.000000000000000000e+00
8.999999999999999112e-01 -0.000000000000000000e+00 0.000000000000000000e+00
9.100199999999999401e-01 -0.000000000000000000e+00 -0.000000000000000000e+00
9.199800000000000200e-01 -0.000000000000000000e+00 -0.000000000000000000e+00
9.299999999999999378e-01 -0.000000000000000000e+00 -0.000000000000000000e+00
9.400199999999999667e-01 -0.000000000000000000e+00 -0.000000000000000000e+00
9.499799999999999356e-01 -0.000000000000000000e+00 -0.000000000000000000e+00
9.599999999999999645e-01 -0.000000000000000000e+00 -0.000000000000000000e+00
9.700199999999999934e-01 -0.000000000000000000e+00 -0.000000000000000000e+00
9.799799999999999622e-01 -0.000000000000000000e+00 -0.000000000000000000e+00
9.899999999999998801e-01 -0.000000000000000000e+00 -0.000000000000000000e+00
1.000019999999999909e+00 -0.000000000000000000e+00 -0.000000000000000000e+00
1.009979999999999878e+00 -0.000000000000000000e+00 -0.000000000000000000e+00
1.020000000000000018e+00 -0.000000000000000000e+00 -0.000000000000000000e+00
1.030019999999999936e+00 -0.000000000000000000e+00 -0.000000000000000000e+00
1.039979999999999905e+00 -0.000000000000000000e+00 -0.000000000000000000e+00
1.050000000000000044e+00 -0.000000000000000000e+00 -0.000000000000000000e+00
1.060019999999999962e+00 -0.000000000000000000e+00 -0.000000000000000000e+00
1.069979999999999931e+00 -0.000000000000000000e+00 -0.000000000000000000e+00
1.080000000000000071e+00 -0.000000000000000000e+00 -0.000000000000000000e+00
1.090019999999999989e+00 -0.000000000000000000e+00 -0.000000000000000000e+00
1.099979999999999958e+00 -0.000000000000000000e+00 -0.000000000000000000e+00
1.110000000000000098e+00 -0.000000000000000000e+00 -0.000000000000000000e+00
1.120020000000000016e+00 -0.000000000000000000e+00 -0.000000000000000000e+00
1.129979999999999984e+00 -0.000000000000000000e+00 -0.000000000000000000e+00
1.139999999999999902e+00 -0.000000000000000000e+00 -0.000000000000000000e+00
1.150020000000000042e+00 -0.000000000000000000e+00 -0.000000000000000000e+00
1.159980000000000011e+00 -0.000000000000000000e+00 -0.000000000000000000e+00
1.169999999999999929e+00 -0.000000000000000000e+00 -0.000000000000000000e+00
1.180019999999999847e+00 -0.000000000000000000e+00 -0.000000000000000000e+00
1.189980000000000038e+00 -0.000000000000000000e+00 -0.000000000000000000e+00
1.199999999999999956e+00 0.000000000000000000e+00 -0.000000000000000000e+00
