0.000000000000000000e+00 1.858833063793724621e+20 2.230735838275830389e+23
1.000000000000000021e-02 9.295299999137667482e+19 1.115435999948259952e+23
2.000000000000000042e-02 2.269360338088593600e+16 1.361616206895327846e+19
2.999999999999999889e-02 1.749074567329475000e+14 6.996298505896774400e+16
4.000000000000000083e-02 5.540428440509032227e+12 1.662128847947387250e+15
5.000000000000000278e-02 3.807349361087998047e+11 9.137645089305593750e+13
5.999999999999999778e-02 4.270183386462175751e+10 8.540385255648972656e+12
7.000000000000000666e-02 6.715559335454193115e+09 1.151245025807056152e+12
8.000000000000000167e-02 1.352611280943453074e+09 2.028941592874377441e+11
8.999999999999999667e-02 3.291030335670210719e+08 4.388148622628946686e+10
1.000000000000000056e-01 9.294437669999995828e+07 1.115384260199999237e+10
1.100000000000000006e-01 2.961282277058976516e+07 3.230755263775667191e+09
1.199999999999999956e-01 1.042240960647202283e+07 1.042385356933317661e+09
1.300000000000000044e-01 3.987940489078965969e+06 3.682000394205477238e+08
1.400000000000000133e-01 1.638413484984438168e+06 1.404845242758550346e+08
1.499999999999999944e-01 7.156639388289578492e+05 5.728339720233857632e+07
1.600000000000000033e-01 3.297214058522512787e+05 2.474838001641727984e+07
1.700000000000000122e-01 1.591852294245124795e+05 1.124921347790682130e+07
1.799999999999999933e-01 8.009784647659472830e+04 5.348307609012476169e+06
1.900000000000000022e-01 4.181389121680893004e+04 2.646665620110319927e+06
2.000000000000000111e-01 2.255886445312498836e+04 1.357574039062499069e+06
2.099999999999999922e-01 1.253610322781993455e+04 7.192214519601644715e+05
2.200000000000000011e-01 7.154824756837086170e+03 3.923374418676902424e+05
2.300000000000000100e-01 4.183345345605567672e+03 2.197810984220122627e+05
2.399999999999999911e-01 2.500114815909819754e+03 1.261338367807675240e+05
2.500000000000000000e-01 1.524171522048000043e+03 7.400793794150400208e+04
2.600000000000000089e-01 9.461397226516379533e+02 4.431217324038843071e+04
2.700000000000000178e-01 5.970377070432035680e+02 2.702963685928416817e+04
2.800000000000000266e-01 3.823881610148233676e+02 1.677152268224520230e+04
2.899999999999999800e-01 2.482193063284735217e+02 1.057108673044820534e+04
2.999999999999999889e-01 1.630785248033178618e+02 6.759719867304183026e+03
3.099999999999999978e-01 1.082948074521846138e+02 4.380115528470223580e+03
3.200000000000000067e-01 7.259280167355440483e+01 2.872812699464820980e+03
3.300000000000000155e-01 4.905377935973686476e+01 1.905176165295649525e+03
3.400000000000000244e-01 3.336867159409348460e+01 1.276226008008908593e+03
3.500000000000000333e-01 2.281623346334316693e+01 8.626879667181024161e+02
3.599999999999999867e-01 1.565554723973466622e+01 5.878763968413603607e+02
3.699999999999999956e-01 1.075930242153301641e+01 4.034523786436323007e+02
3.800000000000000044e-01 7.389226663731514932e+00 2.785649381989957760e+02
3.900000000000000133e-01 5.056699541965170575e+00 1.932934589592934174e+02
4.000000000000000222e-01 3.435132694244382723e+00 1.346334486007689577e+02
4.100000000000000311e-01 2.304227998703767266e+00 9.400752785448673876e+01
4.199999999999999845e-01 1.514113369377242613e+00 6.570332014423482292e+01
4.299999999999999933e-01 9.620206506560559090e-01 4.588176689347150017e+01
4.400000000000000022e-01 5.769661630726278245e-01 3.194070106841610013e+01
4.500000000000000111e-01 3.095918290638208226e-01 2.210219089755368671e+01
4.600000000000000200e-01 1.253677252801383146e-01 1.514235403570508609e+01
4.700000000000000289e-01 5.098940287329156718e-06 1.021281056095867612e+01
4.799999999999999822e-01 -8.366383471364136071e-02 6.721654017131976744e+00
4.899999999999999911e-01 -1.378244190733482755e-01 4.253437068479141381e+00
5.000000000000000000e-01 -1.711557120000000154e-01 2.514957311999999945e+00
5.100000000000000089e-01 -1.898562576906446253e-01 1.298247956460082397e+00
5.200000000000000178e-01 -1.983613695074146754e-01 4.551333803978266923e-01
5.300000000000000266e-01 -1.998476454533628377e-01 -1.203823278206492403e-01
5.400000000000000355e-01 -1.965897708944731870e-01 -5.043830022764161924e-01
5.500000000000000444e-01 -1.902141347533035654e-01 -7.516371805146750962e-01
5.600000000000000533e-01 -1.818799406538889052e-01 -9.016566844701525696e-01
5.700000000000000622e-01 -1.724090903524236884e-01 -9.829892021014807746e-01
5.799999999999999600e-01 -1.623796851803322727e-01 -1.016274847257504721e+00
5.899999999999999689e-01 -1.521935637779685546e-01 -1.016432754721504184e+00
5.999999999999999778e-01 -1.421252275358412809e-01 -9.942320884397327641e-01
6.099999999999999867e-01 -1.323573680887913662e-01 -9.574252622766423748e-01
6.199999999999999956e-01 -1.230067135603347961e-01 -9.115683370661096241e-01
6.300000000000000044e-01 -1.141428550137160158e-01 -8.606168873749178161e-01
6.400000000000000133e-01 -1.058019672022436214e-01 -8.073600357722942045e-01
6.500000000000000222e-01 -9.799680579661602942e-02 -7.537373896133039430e-01
6.600000000000000311e-01 -9.072398292549936627e-02 -7.010709435620596786e-01
6.700000000000000400e-01 -8.396924970365535201e-02 -6.502350273033508099e-01
6.800000000000000488e-01 -7.771131741746356569e-02 -6.017809784628891379e-01
6.900000000000000577e-01 -7.192460639966397062e-02 -5.560286415543408411e-01
7.000000000000000666e-01 -6.658120796983522938e-02 -5.131335028932036968e-01
7.099999999999999645e-01 -6.165226923189449926e-02 -4.731358966825145451e-01
7.199999999999999734e-01 -5.710895522803696722e-02 -4.359969971583912418e-01
7.299999999999999822e-01 -5.292310238357396390e-02 -4.016250608474203898e-01
7.399999999999999911e-01 -4.906764733784627769e-02 -3.698944703487794250e-01
7.500000000000000000e-01 -4.551689325504054695e-02 -3.406594629997159451e-01
7.600000000000000089e-01 -4.224665945314719923e-02 -3.137639372774838620e-01
7.700000000000000178e-01 -3.923434815813919840e-02 -2.890483686317044665e-01
7.800000000000000266e-01 -3.645895327361564631e-02 -2.663545998316196317e-01
7.900000000000000355e-01 -3.390102944093700138e-02 -2.455290736384050931e-01
8.000000000000000444e-01 -3.154263475444166881e-02 -2.264249293366446258e-01
8.100000000000000533e-01 -2.936725685109303416e-02 -2.089032759997280220e-01
8.200000000000000622e-01 -2.735972938920580577e-02 -1.928338745239272234e-01
8.300000000000000711e-01 -2.550614392636815428e-02 -1.780954002494944399e-01
8.399999999999999689e-01 -2.379376072391740926e-02 -1.645754130936916138e-01
8.499999999999999778e-01 -2.221092091167402305e-02 -1.521701286346410775e-01
8.599999999999999867e-01 -2.074696164323845335e-02 -1.407840586062329424e-01
8.699999999999999956e-01 -1.939213528523049679e-02 -1.303295706398306386e-01
8.800000000000000044e-01 -1.813753325826627724e-02 -1.207264032158548855e-01
8.900000000000000133e-01 -1.697501484196800234e-02 -1.119011614725736320e-01
9.000000000000000222e-01 -1.589714103999900069e-02 -1.037868118678111906e-01
9.100000000000000311e-01 -1.489711345087025955e-02 -9.632218803363436221e-02
9.200000000000000400e-01 -1.396871798873974661e-02 -8.945151600355714938e-02
9.300000000000000488e-01 -1.310627323263922200e-02 -8.312396395057895793e-02
9.400000000000000577e-01 -1.230458314280141047e-02 -7.729321937008565291e-02
9.500000000000000666e-01 -1.155889386176520151e-02 -7.191709506204299607e-02
9.599999999999999645e-01 -1.086485431029727243e-02 -6.695716415236423191e-02
9.699999999999999734e-01 -1.021848028986351367e-02 -6.237842362377596372e-02
9.799999999999999822e-01 -9.616121811435647884e-03 -5.814898531166484696e-02
9.899999999999999911e-01 -9.054433382635541927e-03 -5.423979299243961161e-02
1.000000000000000000e+00 -8.530347000000000623e-03 -5.062436400000000503e-02
1.010000000000000009e+00 -8.041047609331530496e-03 -4.727855371185420152e-02
1.020000000000000018e+00 -7.583950813856349393e-03 -4.418034122180297674e-02
1.030000000000000027e+00 -7.156682626656578339e-03 -4.130963453972621990e-02
1.040000000000000036e+00 -6.757061080179149748e-03 -3.864809371517038961e-02
1.050000000000000044e+00 -6.383079521284772129e-03 -3.617897035858807370e-02
1.060000000000000053e+00 -6.032891435120889267e-03 -3.388696212378291411e-02
1.070000000000000062e+00 -5.704796654989626598e-03 -3.175808081126536148e-02
1.080000000000000071e+00 -5.397228828293655460e-03 -2.977953285047907350e-02
1.090000000000000080e+00 -5.108744020574979353e-03 -2.793961101617843668e-02
1.100000000000000089e+00 0.000000000000000000e+00 -2.622759632855713521e-02
1.110000000000000098e+00 0.000000000000000000e+00 -2.463366917670131370e-02
1.120000000000000107e+00 0.000000000000000000e+00 -2.314882878974616406e-02
1.130000000000000115e+00 0.000000000000000000e+00 -2.176482025931510134e-02
1.140000000000000124e+00 0.000000000000000000e+00 -2.047406839024935865e-02
1.150000000000000133e+00 0.000000000000000000e+00 -1.926961772432096709e-02
1.159999999999999920e+00 0.000000000000000000e+00 -1.814507814372124175e-02
1.169999999999999929e+00 0.000000000000000000e+00 -1.709457551787591303e-02
1.179999999999999938e+00 0.000000000000000000e+00 -1.611270690885519344e-02
1.189999999999999947e+00 0.000000000000000000e+00 -1.519449989765009161e-02
1.199999999999999956e+00 0.000000000000000000e+00 -1.433537563621783972e-02
