0.000000000000000000e+00 2.509493627698665882e+20 3.011576176618653845e+23
1.000000000000000021e-02 1.254899999883579720e+20 1.505879999930147820e+23
2.000000000000000042e-02 3.063720684934374000e+16 1.838232416417812070e+19
2.999999999999999889e-02 2.361315583723914062e+14 9.445262654292089600e+16
4.000000000000000083e-02 7.479784030578611328e+12 2.243935635516357000e+15
5.000000000000000278e-02 5.140062949119997559e+11 1.233616001894399375e+14
5.999999999999999778e-02 5.764906061367821503e+10 1.152983707558200781e+13
7.000000000000000666e-02 9.066254352505277634e+09 1.554223513746667969e+12
8.000000000000000167e-02 1.826075431302189350e+09 2.739146454982459106e+11
8.999999999999999667e-02 4.443013097262218595e+08 5.924163506195748901e+10
1.000000000000000056e-01 1.254783579999999404e+08 1.505810147999999237e+10
1.100000000000000006e-01 3.997840970897898823e+07 4.361639510370091438e+09
1.199999999999999956e-01 1.407063972667684034e+07 1.407258916779909611e+09
1.300000000000000044e-01 5.383867628184910864e+06 4.970837170070155263e+08
1.400000000000000133e-01 2.211918985441743862e+06 1.896593206498524249e+08
1.499999999999999944e-01 9.661728599185992498e+05 7.733471153697216511e+07
1.600000000000000033e-01 4.451361222781996476e+05 3.341123106865779310e+07
1.700000000000000122e-01 2.149059586483392050e+05 1.518685538680026308e+07
1.799999999999999933e-01 1.081350590039945528e+05 7.220413556994645856e+06
1.900000000000000022e-01 5.645030030616407021e+04 3.573096668560935184e+06
2.000000000000000111e-01 3.045530078124998545e+04 1.832775234374999069e+06
2.099999999999999922e-01 1.692420201895819991e+04 9.709755794974524761e+05
2.200000000000000011e-01 9.659276992889836038e+03 5.296700542259595823e+05
2.300000000000000100e-01 5.647669964146031816e+03 2.967126005226742709e+05
2.399999999999999911e-01 3.375246617498173237e+03 1.702853317516715906e+05
2.500000000000000000e-01 2.057687203840000166e+03 9.991344095232000109e+04
2.600000000000000089e-01 1.277323013893456846e+03 5.982306174058006582e+04
2.700000000000000178e-01 8.060224832664669066e+02 3.649100007684574666e+04
2.800000000000000266e-01 5.162377431197198803e+02 2.264216810236390302e+04
2.899999999999999800e-01 3.351048981694595454e+02 1.427135161349461850e+04
2.999999999999999889e-01 2.201617526686876829e+02 9.125866540218017690e+03
3.099999999999999978e-01 1.462017560254724629e+02 5.913313628183314904e+03
3.200000000000000067e-01 9.800276708649133184e+01 3.878399842249801623e+03
3.300000000000000155e-01 6.622424861758032932e+01 2.572055367954064423e+03
3.400000000000000244e-01 4.504879953628214651e+01 1.722949908999942409e+03
3.500000000000000333e-01 3.080263964591363290e+01 1.164658676485018987e+03
3.599999999999999867e-01 2.113546650083706879e+01 7.936532328014055793e+02
3.699999999999999956e-01 1.452536993458152814e+01 5.446742638148706419e+02
3.800000000000000044e-01 9.975655542912713614e+00 3.760718260512284701e+02
3.900000000000000133e-01 6.826668137055401431e+00 2.609523602969927083e+02
4.000000000000000222e-01 4.637501716613766867e+00 1.817593288421629723e+02
4.100000000000000311e-01 3.110745965802055313e+00 1.269129587415299625e+02
4.199999999999999845e-01 2.044068265578371957e+00 8.870133537688910508e+01
4.299999999999999933e-01 1.298727999936805766e+00 6.194159170644459778e+01
4.400000000000000022e-01 7.788947351178233669e-01 4.312070921887634967e+01
4.500000000000000111e-01 4.179333707894272720e-01 2.983841685809985123e+01
4.600000000000000200e-01 1.692273399139356538e-01 2.044243028249394101e+01
4.700000000000000289e-01 -1.398433150665567871e-05 1.378740691003556584e+01
4.799999999999999822e-01 -1.129676738145368731e-01 9.074252504346761228e+00
4.899999999999999911e-01 -1.860843326725702684e-01 5.742098913102137381e+00
5.000000000000000000e-01 -2.310809600000000019e-01 3.395112960000000513e+00
5.100000000000000089e-01 -2.563257779694179672e-01 1.752532532605991511e+00
5.200000000000000178e-01 -2.678065886998401979e-01 6.143156763177956003e-01
5.300000000000000266e-01 -2.698118876122196919e-01 -1.626355026715671781e-01
5.400000000000000355e-01 -2.654125593301782104e-01 -6.810365745030879658e-01
5.500000000000000444e-01 -2.568042681318288278e-01 -1.014826741829988110e+00
5.600000000000000533e-01 -2.455519640491832800e-01 -1.217348135170703616e+00
5.700000000000000622e-01 -2.327652297753669552e-01 -1.327140946420226841e+00
5.799999999999999600e-01 -2.192245106371443486e-01 -1.372069889261928743e+00
5.899999999999999689e-01 -2.054722926757893697e-01 -1.372276176490745847e+00
5.999999999999999778e-01 -1.918791535066922127e-01 -1.342298433645503719e+00
6.099999999999999867e-01 -1.786917255054142062e-01 -1.292602584386337128e+00
6.199999999999999956e-01 -1.660675889896700841e-01 -1.230689413127732834e+00
6.300000000000000044e-01 -1.541006884545753353e-01 -1.161899004145787506e+00
6.400000000000000133e-01 -1.428398559509113097e-01 -1.089996701373523225e+00
6.500000000000000222e-01 -1.323023075925545411e-01 -1.017600982698006140e+00
6.600000000000000311e-01 -1.224834657051098175e-01 -9.464965352189201875e-01
6.700000000000000400e-01 -1.133640903497611652e-01 -8.778636895124360962e-01
6.800000000000000488e-01 -1.049154379936426962e-01 -8.124467314917979133e-01
6.900000000000000577e-01 -9.710297253190955380e-02 -7.506774283740398346e-01
7.000000000000000666e-01 -8.988901392856803174e-02 -6.927656624631043369e-01
7.099999999999999645e-01 -8.323460770058403735e-02 -6.387658604859171030e-01
7.199999999999999734e-01 -7.710082382397588641e-02 -5.886255837316040074e-01
7.299999999999999822e-01 -7.144963887661164026e-02 -5.422209555733669140e-01
7.399999999999999911e-01 -6.624451494846628208e-02 -4.993823708593401189e-01
7.500000000000000000e-01 -6.145075914760057822e-02 -4.599130297635297682e-01
7.600000000000000089e-01 -5.703572558459159281e-02 -4.236021764895573916e-01
7.700000000000000178e-01 -5.296890547573000069e-02 -3.902344356435707984e-01
7.800000000000000266e-01 -4.922193896732158375e-02 -3.595962791614710774e-01
7.900000000000000355e-01 -4.576857335270714117e-02 -3.314803903492256620e-01
8.000000000000000444e-01 -4.258458572439847989e-02 -3.056884941179304760e-01
8.100000000000000533e-01 -3.964768318256317592e-02 -2.820330758019821693e-01
8.200000000000000622e-01 -3.693739006968393968e-02 -2.603383018123980874e-01
8.300000000000000711e-01 -3.443492899505706806e-02 -2.404403740834967496e-01
8.399999999999999689e-01 -3.212310041104192437e-02 -2.221874896638250940e-01
8.499999999999999778e-01 -2.998616402652402174e-02 -2.054395315952340928e-01
8.599999999999999867e-01 -2.800972425845288036e-02 -1.900675835022221927e-01
8.699999999999999956e-01 -2.618062112996172308e-02 -1.759533351701766946e-01
8.800000000000000044e-01 -2.448682744903446507e-02 -1.629884276627620310e-01
8.900000000000000133e-01 -2.291735268926076499e-02 -1.510737726022436389e-01
9.000000000000000222e-01 -2.146215370221301114e-02 -1.401188699067324739e-01
9.100000000000000311e-01 -2.011205218814935552e-02 -1.300411406431223604e-01
9.200000000000000400e-01 -1.885865871469138977e-02 -1.207652860377547155e-01
9.300000000000000488e-01 -1.769430298431695289e-02 -1.122226795811710476e-01
9.400000000000000577e-01 -1.661196999783370529e-02 -1.043507961875247969e-01
9.500000000000000666e-01 -1.560524173265897922e-02 -9.709268023677609938e-02
9.599999999999999645e-01 -1.466824394442232775e-02 -9.039645282316831343e-02
9.699999999999999734e-01 -1.379559770269828817e-02 -8.421485749460198844e-02
9.799999999999999822e-01 -1.298237528255051509e-02 -7.850484307251126559e-02
9.899999999999999911e-01 -1.222406005006422894e-02 -7.322718169913774999e-02
1.000000000000000000e+00 -1.151651000000000064e-02 -6.834611999999999632e-02
1.010000000000000009e+00 -1.085592462555095075e-02 -6.382906112241046315e-02
1.020000000000000018e+00 -1.023881482280790574e-02 -5.964627537767155929e-02
1.030000000000000027e+00 -9.661975555145687830e-03 -5.577063724648700926e-02
1.040000000000000036e+00 -9.122461024798553947e-03 -5.217738658296203896e-02
1.050000000000000044e+00 -8.617562120036514201e-03 -4.884391195673951080e-02
1.060000000000000053e+00 -8.144785926363435485e-03 -4.574955419393295780e-02
1.070000000000000062e+00 -7.701837108906717418e-03 -4.287542830733606647e-02
1.080000000000000071e+00 -7.286600990600617007e-03 -4.020426213904518264e-02
1.090000000000000080e+00 -6.897128166874569484e-03 -3.772025017002554603e-02
1.100000000000000089e+00 0.000000000000000000e+00 -3.540892107849342996e-02
1.110000000000000098e+00 0.000000000000000000e+00 -3.325701775046020769e-02
1.120000000000000107e+00 0.000000000000000000e+00 -3.125238856027999501e-02
1.130000000000000115e+00 0.000000000000000000e+00 -2.938388884597002704e-02
1.140000000000000124e+00 0.000000000000000000e+00 -2.764129160320864115e-02
1.150000000000000133e+00 0.000000000000000000e+00 -2.601520651329644260e-02
1.159999999999999920e+00 0.000000000000000000e+00 -2.449700650420557485e-02
1.169999999999999929e+00 0.000000000000000000e+00 -2.307876112047103564e-02
1.179999999999999938e+00 0.000000000000000000e+00 -2.175317604750092587e-02
1.189999999999999947e+00 0.000000000000000000e+00 -2.051353819933985148e-02
1.199999999999999956e+00 0.000000000000000000e+00 -1.935366583647595007e-02
