0.000000000000000000e+00 1.243968588603294482e+21 8.957120570977884916e+23
1.666666666666666644e-02 6.220602293877985772e+20 4.478833651799898267e+23
3.333333333333333287e-02 1.518701723027828800e+17 5.467326219130539213e+19
5.000000000000000278e-02 1.170515988372034500e+15 2.809238467085368000e+17
6.666666666666666574e-02 3.707766491614608594e+13 6.673980952902913000e+15
8.333333333333334259e-02 2.547955006500954590e+12 3.669057868543018750e+14
1.000000000000000056e-01 2.857692874185892334e+11 3.429238870311006250e+13
1.166666666666666824e-01 4.494187795768881989e+10 4.622618387557627930e+12
1.333333333333333315e-01 9.051947587527631760e+09 8.146851891010682373e+11
1.499999999999999944e-01 2.202423899543785095e+09 1.761982554699308167e+11
1.666666666666666852e-01 6.220025215105159283e+08 4.478625903441680145e+10
1.833333333333333481e-01 1.981749849484546185e+08 1.297251963889424515e+10
2.000000000000000111e-01 6.974886813849146664e+07 4.185511876429489136e+09
2.166666666666666741e-01 2.668810251987396181e+07 1.478441374644898415e+09
2.333333333333333648e-01 1.096459371786765568e+07 5.640904708557885885e+08
2.500000000000000000e-01 4.789367546715219505e+06 2.300112326238741577e+08
2.666666666666666630e-01 2.206562225223002490e+06 9.937269250676620007e+07
2.833333333333333814e-01 1.065299709695190424e+06 4.516920450117763877e+07
2.999999999999999889e-01 5.360309758104592329e+05 2.147517267638733983e+07
3.166666666666667074e-01 2.798270157888350077e+05 1.062721255367370881e+07
3.333333333333333703e-01 1.509684867202437017e+05 5.451095878644834273e+06
3.499999999999999778e-01 8.389414280788725591e+04 2.887905222055591643e+06
3.666666666666666963e-01 4.788153896052639902e+04 1.575360923473309260e+06
3.833333333333333592e-01 2.799579732201150910e+04 8.824917692976137623e+05
4.000000000000000222e-01 1.673127760900617068e+04 5.064679229576933431e+05
4.166666666666666852e-01 1.020006713269598549e+04 2.971656859264245140e+05
4.333333333333333481e-01 6.331760914758030594e+03 1.779276436457205564e+05
4.500000000000000666e-01 3.995499185335106631e+03 1.085327018366581178e+05
4.666666666666667296e-01 2.559020647585384268e+03 6.734307285550527740e+04
4.833333333333333370e-01 1.661135237430511324e+03 4.244632645723322639e+04
5.000000000000000000e-01 1.091355662881630224e+03 2.714246076496882597e+04
5.166666666666667185e-01 7.247317462085748048e+02 1.758758223564862055e+04
5.333333333333333259e-01 4.858065391542805855e+02 1.153527503512050134e+04
5.500000000000000444e-01 3.282785070230824545e+02 7.649901804698775777e+03
5.666666666666667629e-01 2.233104834682063142e+02 5.124463519162378361e+03
5.833333333333333703e-01 1.526913425840860725e+02 3.463974347915246653e+03
5.999999999999999778e-01 1.047705071553245517e+02 2.360516736614054935e+03
6.166666666666666963e-01 7.200378435254815201e+01 1.619994349687367958e+03
6.333333333333334147e-01 4.945050395922024933e+01 1.118530581529654455e+03
6.500000000000000222e-01 3.384071737120996914e+01 7.761377302321283196e+02
6.666666666666667407e-01 2.298882768897206574e+01 5.405985602457250252e+02
6.833333333333334592e-01 1.542055409319449488e+01 3.774721216493954330e+02
6.999999999999999556e-01 1.013292127621675398e+01 2.638213742175070706e+02
7.166666666666666741e-01 6.438183147089303837e+00 1.842312540251817836e+02
7.333333333333333925e-01 3.861301907864300276e+00 1.282532161747807038e+02
7.500000000000000000e-01 2.071962782744879217e+00 8.874828680267557957e+01
7.666666666666667185e-01 8.390840997474390273e-01 6.080217979388459071e+01
7.833333333333334370e-01 1.202497054758536860e-04 4.100837292966179604e+01
8.000000000000000444e-01 -5.598193551093852971e-01 2.699016816951660758e+01
8.166666666666666519e-01 -9.222817457667233931e-01 1.707940818210936840e+01
8.333333333333333703e-01 -1.145349139579350028e+00 1.009878883365200686e+01
8.500000000000000888e-01 -1.270503620517444698e+00 5.213254771381411246e+00
8.666666666666666963e-01 -1.327427347109038536e+00 1.827831733223495680e+00
8.833333333333334147e-01 -1.337378877000701571e+00 -4.830891862839118978e-01
9.000000000000001332e-01 -1.315580966955849140e+00 -2.025010072000170691e+00
9.166666666666667407e-01 -1.272917826985557888e+00 -3.017845066734095028e+00
9.333333333333334592e-01 -1.217147155427768856e+00 -3.620247552857147166e+00
9.500000000000001776e-01 -1.153769347318547300e+00 -3.946846272984110282e+00
9.666666666666666741e-01 -1.086653226753827584e+00 -4.080518421072471646e+00
9.833333333333332815e-01 -1.018488024541084336e+00 -4.081169541222513963e+00
1.000000000000000000e+00 -9.511107983689792711e-01 -3.992041644414404900e+00
1.016666666666666607e+00 -8.857441909967246341e-01 -3.844263465306404726e+00
1.033333333333333437e+00 -8.231693993908152374e-01 -3.660144629283094364e+00
1.050000000000000044e+00 -7.638521658453925056e-01 -3.455568256588470444e+00
1.066666666666666652e+00 -7.080346006057562924e-01 -3.241733755649220061e+00
1.083333333333333481e+00 -6.558020858279623999e-01 -3.026429431272003256e+00
1.100000000000000089e+00 -6.071319653818247897e-01 -2.814963652072508538e+00
1.116666666666666696e+00 -5.619288969464861783e-01 -2.610847248701430701e+00
1.133333333333333526e+00 -5.200504244516460650e-01 -2.416294118639607191e+00
1.150000000000000133e+00 -4.813253743531015205e-01 -2.232588626341855509e+00
1.166666666666666741e+00 -4.455669855473536889e-01 -2.060355173555884267e+00
1.183333333333333348e+00 -4.125821768971052461e-01 -1.899755779302210401e+00
1.199999999999999956e+00 -3.821779863140453148e-01 -1.750634601362607956e+00
1.216666666666666785e+00 -3.541659438755582201e-01 -1.612623308605780625e+00
1.233333333333333393e+00 -3.283649417607643617e-01 -1.485217548931182963e+00
1.250000000000000000e+00 -3.046030165532513934e-01 -1.367832075152587867e+00
1.266666666666666829e+00 -2.827183506716871575e-01 -1.259840121600134477e+00
1.283333333333333437e+00 -2.625597191741521064e-01 -1.160601174045154949e+00
1.300000000000000044e+00 -2.439865485084493635e-01 -1.069480205025546304e+00
1.316666666666666874e+00 -2.268687095099989337e-01 -9.858606545267591947e-01
1.333333333333333481e+00 -2.110861340870663350e-01 -9.091528486255660013e-01
1.350000000000000089e+00 -1.965283206381968073e-01 -8.387991123995969245e-01
1.366666666666666918e+00 -1.830937751461699514e-01 -7.742765088053219502e-01
1.383333333333333526e+00 -1.706894214779236252e-01 -7.150978934375413765e-01
1.399999999999999911e+00 -1.592300044968626704e-01 -6.608117948207210546e-01
1.416666666666666741e+00 -1.486375022749301666e-01 -6.110014954244352703e-01
1.433333333333333348e+00 -1.388405583152224898e-01 -5.652835882970449477e-01
1.449999999999999956e+00 -1.297739407680461587e-01 -5.233062094277580734e-01
1.466666666666666785e+00 -1.213780327751575738e-01 -4.847470902434669049e-01
1.483333333333333393e+00 -1.135983560324158176e-01 -4.493115332252253791e-01
1.500000000000000000e+00 -1.063851282134937321e-01 -4.167303829051570152e-01
1.516666666666666829e+00 -9.969285389178351997e-02 -3.867580417949730842e-01
1.533333333333333437e+00 -9.347994791817534899e-02 -3.591705640911997954e-01
1.550000000000000044e+00 -8.770838977210838883e-02 -3.337638477904746326e-01
1.566666666666666874e+00 -8.234340713717601401e-02 -3.103519369971589059e-01
1.583333333333333481e+00 -7.735318681204586544e-02 -2.887654398627472752e-01
1.600000000000000089e+00 -7.270861101631628798e-02 -2.688500631211425129e-01
1.616666666666666696e+00 -6.838301716225923810e-02 -2.504652610937222468e-01
1.633333333333333304e+00 -6.435197921727578430e-02 -2.334829949707698804e-01
1.650000000000000133e+00 -6.059310886363766108e-02 -2.177865968589312029e-01
1.666666666666666741e+00 -5.708587476099426239e-02 -2.032697323135755352e-01
1.683333333333333348e+00 -5.381143832541362276e-02 -1.898354546972338408e-01
1.700000000000000178e+00 -5.075250455085317247e-02 -1.773953446063575301e-01
1.716666666666666785e+00 -4.789318651101579644e-02 -1.658687277034293084e-01
1.733333333333333393e+00 -4.521888228886272731e-02 -1.551819645169268125e-01
1.750000000000000222e+00 -4.271616318585635258e-02 -1.452678060813976102e-01
1.766666666666666829e+00 -4.037267216218404231e-02 -1.360648096500563786e-01
1.783333333333333437e+00 -3.817703155214652311e-02 -1.275168090983709035e-01
1.800000000000000266e+00 -3.611875918530059459e-02 -1.195724350316043072e-01
1.816666666666666874e+00 -3.418819212379524408e-02 -1.121846800000339955e-01
1.833333333333333481e+00 0.000000000000000000e+00 -1.053105046042738524e-01
1.850000000000000311e+00 0.000000000000000000e+00 -9.891048063438569182e-02
1.866666666666666918e+00 0.000000000000000000e+00 -9.294846772697139270e-02
1.883333333333333526e+00 0.000000000000000000e+00 -8.739132034244287417e-02
1.900000000000000355e+00 0.000000000000000000e+00 -8.220862215949548135e-02
1.916666666666666963e+00 0.000000000000000000e+00 -7.737244525557998576e-02
1.933333333333333348e+00 0.000000000000000000e+00 -7.285713169150942470e-02
1.949999999999999956e+00 0.000000000000000000e+00 -6.863909534623489905e-02
1.966666666666666563e+00 0.000000000000000000e+00 -6.469664205548124325e-02
1.983333333333333393e+00 0.000000000000000000e+00 -6.100980629665957861e-02
2.000000000000000000e+00 0.000000000000000000e+00 -5.756020283364932100e-02
