0.000000000000000000e+00 7.774863422910731387e+20 5.598243375267879636e+23
1.666666666666666644e-02 3.887906309390750188e+20 2.799292542891185553e+23
3.333333333333333287e-02 9.491958707684779200e+16 3.417105144910744781e+19
5.000000000000000278e-02 7.315781143745258750e+14 1.755787533870640640e+17
6.666666666666666574e-02 2.317371864552251562e+13 4.171270148711631500e+15
8.333333333333334259e-02 1.592484116099425537e+12 2.293178789213000625e+14
1.000000000000000056e-01 1.786071770889006653e+11 2.143290763487028906e+13
1.166666666666666824e-01 2.808888956086983871e+10 2.889158693024783203e+12
1.333333333333333315e-01 5.657510713675907135e+09 5.091821557744252930e+11
1.499999999999999944e-01 1.376525513641904831e+09 1.101247558503296204e+11
1.666666666666666852e-01 3.887545626195026636e+08 2.799162696940724564e+10
1.833333333333333481e-01 1.238603170192765594e+08 8.107887066054939270e+09
2.000000000000000111e-01 4.359337736244565248e+07 2.615965018326525211e+09
2.166666666666666741e-01 1.668019212173514068e+07 9.240329561186792850e+08
2.333333333333333648e-01 6.852923651149913669e+06 3.525592513305656314e+08
2.500000000000000000e-01 2.993377664262680337e+06 1.437581237615138292e+08
2.666666666666666630e-01 1.379111951329282951e+06 6.210840924414341897e+07
2.833333333333333814e-01 6.658174092300810153e+05 2.823096920442850888e+07
2.999999999999999889e-01 3.350219160773333861e+05 1.342208569760299660e+07
3.166666666666667074e-01 1.748932156347345444e+05 6.642058636066929437e+06
3.333333333333333703e-01 9.435601958353245573e+04 3.406960930031068623e+06
3.499999999999999778e-01 5.243423495506883046e+04 1.804954509792628232e+06
3.666666666666666963e-01 2.992618635067386276e+04 9.846080538098637480e+05
3.833333333333333592e-01 1.749750359959866546e+04 5.515615286978440126e+05
4.000000000000000222e-01 1.045712562131221057e+04 3.165448356689453358e+05
4.166666666666666852e-01 6.375088409942639373e+03 1.857299443860802858e+05
4.333333333333333481e-01 3.957378977140608185e+03 1.112056040625998576e+05
4.500000000000000666e-01 2.497204581987846723e+03 6.783343859111452184e+04
4.666666666666667296e-01 1.599398910193644952e+03 4.208972744514762599e+04
4.833333333333333370e-01 1.038216460493992599e+03 2.652914497214799849e+04
5.000000000000000000e-01 6.821016814908772403e+02 1.696415814410262465e+04
5.166666666666667185e-01 4.529601244589584894e+02 1.099231526415473490e+04
5.333333333333333259e-01 3.036308435589182295e+02 7.209595810745172457e+03
5.500000000000000444e-01 2.051751641238284378e+02 4.781220138444176882e+03
5.666666666666667629e-01 1.395697238880533178e+02 3.202810067273835102e+03
5.833333333333333703e-01 9.543248565224044455e+01 2.164997139723911459e+03
5.999999999999999778e-01 6.548178573532955227e+01 1.475331453063296294e+03
6.166666666666666963e-01 4.500246973032793107e+01 1.012501901096976326e+03
6.333333333333334147e-01 3.090659684783655692e+01 6.990850374223448398e+02
6.500000000000000222e-01 2.115043493558635035e+01 4.850881848164846133e+02
6.666666666666667407e-01 1.436797656247081534e+01 3.378753361236978208e+02
6.833333333333334592e-01 9.637790030986941758e+00 2.359207444901028907e+02
6.999999999999999556e-01 6.333011671346370441e+00 1.648886591559762849e+02
7.166666666666666741e-01 4.023797447144764838e+00 1.151445986072752703e+02
7.333333333333333925e-01 2.413246915919252000e+00 8.015817798912632952e+01
7.500000000000000000e-01 1.294912131618492612e+00 5.546750901452000448e+01
7.666666666666667185e-01 5.243662451679500514e-01 3.800114297442758016e+01
7.833333333333334370e-01 1.772042843161196108e-05 2.562999009518548732e+01
8.000000000000000444e-01 -3.499404059862480931e-01 1.686860507879236692e+01
8.166666666666666519e-01 -5.764752503021960406e-01 1.067438351443376554e+01
8.333333333333333703e-01 -7.158883365200763294e-01 6.311506233269600585e+00
8.500000000000000888e-01 -7.941060492194674802e-01 3.258060908363728636e+00
8.666666666666666963e-01 -8.296797822197352623e-01 1.142186815406419864e+00
8.833333333333334147e-01 -8.358961541718749055e-01 -3.021227952176022691e-01
9.000000000000001332e-01 -8.222693922264708855e-01 -1.265807484072073441e+00
9.166666666666667407e-01 -7.956021217525283129e-01 -1.886314059030607115e+00
9.333333333333334592e-01 -7.607428922437713403e-01 -2.262801157891644266e+00
9.500000000000001776e-01 -7.211294352254782325e-01 -2.466911888391089214e+00
9.666666666666666741e-01 -6.791797487583044468e-01 -2.550444554462683477e+00
9.833333333333332815e-01 -6.365745846330419511e-01 -2.550840123359054523e+00
1.000000000000000000e+00 -5.944620867181068524e-01 -2.495124819355015955e+00
1.016666666666666607e+00 -5.536063902824931438e-01 -2.402754048334698744e+00
1.033333333333333437e+00 -5.144957279667264904e-01 -2.287671261683484669e+00
1.050000000000000044e+00 -4.774211743636068705e-01 -2.159803340177816278e+00
1.066666666666666652e+00 -4.425340352027244406e-01 -2.026149843925072691e+00
1.083333333333333481e+00 -4.098876623148349774e-01 -1.891578395091675580e+00
1.100000000000000089e+00 -3.794678847140907640e-01 -1.759406659120243077e+00
1.116666666666666696e+00 -3.512151035930957121e-01 -1.631828844496156172e+00
1.133333333333333526e+00 -3.250402750235717453e-01 -1.510228581152152083e+00
1.150000000000000133e+00 -3.008364075494215362e-01 -1.395408545658430199e+00
1.166666666666666741e+00 -2.784867683043029118e-01 -1.287758942575552901e+00
1.183333333333333348e+00 -2.578706751387073726e-01 -1.187380991725016210e+00
1.199999999999999956e+00 -2.388675209745883543e-01 -1.094177253834123453e+00
1.216666666666666785e+00 -2.213595069362663814e-01 -1.007917487920566568e+00
1.233333333333333393e+00 -2.052334359988464696e-01 -9.282864434279615162e-01
1.250000000000000000e+00 -1.903818268712841044e-01 -8.549183135782674192e-01
1.266666666666666829e+00 -1.767035398396852308e-01 -7.874213454370703191e-01
1.283333333333333437e+00 -1.641040559742098226e-01 -7.253951958247965015e-01
1.300000000000000044e+00 -1.524955138068947447e-01 -6.684429531251969703e-01
1.316666666666666874e+00 -1.417965799185236520e-01 -6.161792499640106335e-01
1.333333333333333481e+00 -1.319322093340067337e-01 -5.682355246371293411e-01
1.350000000000000089e+00 -1.228333363789408800e-01 -5.242632164767527803e-01
1.366666666666666918e+00 -1.144365253371939506e-01 -4.839354774684218596e-01
1.383333333333333526e+00 -1.066836018650867274e-01 -4.469478313130648139e-01
1.399999999999999911e+00 -9.952127991587803035e-02 -4.130180984639218456e-01
1.416666666666666741e+00 -9.290079435388663709e-02 -3.818858216318909427e-01
1.433333333333333348e+00 -8.677754607723668634e-02 -3.533113635665805496e-01
1.449999999999999956e+00 -8.111076401331195063e-02 -3.270748021804392724e-01
1.466666666666666785e+00 -7.586318657092962214e-02 -3.029747132685973732e-01
1.483333333333333393e+00 -7.100076385544643043e-02 -2.808269051887147816e-01
1.500000000000000000e+00 -6.649238104829012508e-02 -2.604631506626952087e-01
1.516666666666666829e+00 -6.230960272398289312e-02 -2.417299466687294618e-01
1.533333333333333437e+00 -5.842643745307919689e-02 -2.244873229509416479e-01
1.550000000000000044e+00 -5.481912176428049843e-02 -2.086077120416665598e-01
1.566666666666666874e+00 -5.146592237267819114e-02 -1.939748881595351193e-01
1.583333333333333481e+00 -4.834695549326239322e-02 -1.804829783823951594e-01
1.600000000000000089e+00 -4.544402202688219150e-02 -1.680355466970375189e-01
1.616666666666666696e+00 -4.274045741293216322e-02 -1.565447495964231717e-01
1.633333333333333304e+00 -4.022099497672079749e-02 -1.459305606030706359e-01
1.650000000000000133e+00 -3.787164165057541054e-02 -1.361200602742461685e-01
1.666666666666666741e+00 -3.567956500956023097e-02 -1.270467877629063158e-01
1.683333333333333348e+00 -3.363299063037129139e-02 -1.186501497723162352e-01
1.700000000000000178e+00 -3.172110885205534081e-02 -1.108748826804753645e-01
1.716666666666666785e+00 -2.993399008724196425e-02 -1.036705636697538291e-01
1.733333333333333393e+00 -2.826250790090449605e-02 -9.699116683809133610e-02
1.750000000000000222e+00 -2.669826913916921798e-02 -9.079466046173277627e-02
1.766666666666666829e+00 -2.523355045268184729e-02 -8.504264180459353284e-02
1.783333333333333437e+00 -2.386124061712547109e-02 -7.970000611064888274e-02
1.800000000000000266e+00 -2.257478810749041082e-02 -7.473464666232505771e-02
1.816666666666666874e+00 -2.136815343260427616e-02 -7.011718303210227876e-02
1.833333333333333481e+00 0.000000000000000000e+00 -6.582071489124713404e-02
1.850000000000000311e+00 0.000000000000000000e+00 -6.182059896538780186e-02
1.866666666666666918e+00 0.000000000000000000e+00 -5.809424693947420892e-02
1.883333333333333526e+00 0.000000000000000000e+00 -5.462094231342577016e-02
1.900000000000000355e+00 0.000000000000000000e+00 -5.138167439404633247e-02
1.916666666666666963e+00 0.000000000000000000e+00 -4.835898777864830467e-02
1.933333333333333348e+00 0.000000000000000000e+00 -4.553684584167244642e-02
1.949999999999999956e+00 0.000000000000000000e+00 -4.290050687803148577e-02
1.966666666666666563e+00 0.000000000000000000e+00 -4.043641168669590003e-02
1.983333333333333393e+00 0.000000000000000000e+00 -3.813208149599822683e-02
2.000000000000000000e+00 0.000000000000000000e+00 -3.597602523912082212e-02
