0.000000000000000000e+00 3.253002856145849549e+20 3.903841713686802218e+23
1.000000000000000021e-02 1.626699999849089597e+20 1.952039999909453439e+23
2.000000000000000042e-02 3.971435523295311200e+16 2.382861321051092992e+19
2.999999999999999889e-02 3.060922830543016250e+14 1.224369173619126560e+17
4.000000000000000083e-02 9.695883881286619141e+12 2.908765717034911500e+15
5.000000000000000278e-02 6.662953541759996338e+11 1.599110009011199062e+14
5.999999999999999778e-02 7.472924289399603271e+10 1.494588092404954688e+13
7.000000000000000666e-02 1.175239139226794052e+10 2.014706661935948975e+12
8.000000000000000167e-02 2.367102482601999760e+09 3.550696899600325928e+11
8.999999999999999667e-02 5.759382749077728987e+08 7.679366307962986755e+10
1.000000000000000056e-01 1.626549089999999106e+08 1.951949453999998856e+10
1.100000000000000006e-01 5.182315664086530358e+07 5.653899914062312126e+09
1.199999999999999956e-01 1.823946908844726160e+07 1.824199606113030434e+09
1.300000000000000044e-01 6.978992383733984083e+06 6.443589814000923634e+08
1.400000000000000133e-01 2.867263255641123746e+06 2.458513179278477728e+08
1.499999999999999944e-01 1.252429214727505576e+06 1.002473316363623142e+08
1.600000000000000033e-01 5.770204404361719498e+05 4.331026404624934494e+07
1.700000000000000122e-01 2.785780040218658978e+05 1.968639585855481401e+07
1.799999999999999933e-01 1.401731696867563005e+05 9.359667759795157239e+06
1.900000000000000022e-01 7.317532142157292401e+04 4.631728888884006068e+06
2.000000000000000111e-01 3.947855859374997817e+04 2.375787421874998603e+06
2.099999999999999922e-01 2.193848390520080284e+04 1.258654944828726118e+06
2.200000000000000011e-01 1.252111636912194444e+04 6.866000161900783423e+05
2.300000000000000100e-01 7.320955506072081334e+03 3.846222393452965771e+05
2.399999999999999911e-01 4.375261359957028617e+03 2.207372654064778762e+05
2.500000000000000000e-01 2.667336990720000358e+03 1.295156812185599993e+05
2.600000000000000089e-01 1.655767364035630635e+03 7.754737456631963141e+04
2.700000000000000178e-01 1.044830397103715086e+03 4.730251784420385957e+04
2.800000000000000266e-01 6.691885040250209613e+02 2.935056993841627991e+04
2.899999999999999800e-01 4.343897670706865028e+02 1.849965709391120254e+04
2.999999999999999889e-01 2.853913435357830508e+02 1.182967294582089744e+04
3.099999999999999978e-01 1.895185160736282342e+02 7.665307844203901368e+03
3.200000000000000067e-01 1.270391449450513903e+02 5.027491478692967576e+03
3.300000000000000155e-01 8.584528866940982539e+01 3.334104176541739434e+03
3.400000000000000244e-01 5.839597247476150699e+01 2.233426220245621153e+03
3.500000000000000333e-01 3.992895199689740338e+01 1.509724672100807766e+03
3.599999999999999867e-01 2.739757915166188340e+01 1.028797799936138745e+03
3.699999999999999956e-01 1.882903333516920696e+01 7.060513256982916346e+02
3.800000000000000044e-01 1.293132012113481544e+01 4.874952994291818413e+02
3.900000000000000133e-01 8.849341977049329344e+00 3.382681608786953120e+02
4.000000000000000222e-01 6.011561393737789416e+00 2.356117343902586185e+02
4.100000000000000311e-01 4.032451348964936066e+00 1.645153991577650743e+02
4.199999999999999845e-01 2.649732083291321594e+00 1.149823583181008075e+02
4.299999999999999933e-01 1.683556851885369632e+00 8.029416676213996595e+01
4.400000000000000022e-01 1.009702509620614919e+00 5.589696945108408954e+01
4.500000000000000111e-01 5.417912358691773234e-01 3.867934295279194856e+01
4.600000000000000200e-01 2.193948369782703078e-01 2.649946370083416980e+01
4.700000000000000289e-01 7.414227255786443377e-06 1.787264642637601497e+01
4.799999999999999822e-01 -1.464150658646461989e-01 1.176304060827787623e+01
4.899999999999999911e-01 -2.411972447264387753e-01 7.443603437398479628e+00
5.000000000000000000e-01 -2.995276799999999073e-01 4.401223680000001082e+00
5.100000000000000089e-01 -3.322539709934251850e-01 2.271954473432306720e+00
5.200000000000000178e-01 -3.471380208807372525e-01 7.964849392767434644e-01
5.300000000000000266e-01 -3.497389509055124357e-01 -2.106802958650746405e-01
5.400000000000000355e-01 -3.440375137075554202e-01 -8.826897522262591167e-01
5.500000000000000444e-01 -3.328799277412578528e-01 -1.315389670497343566e+00
5.600000000000000533e-01 -3.182948261147939273e-01 -1.577926674103106608e+00
5.700000000000000622e-01 -3.017205556983400538e-01 -1.720259890171386363e+00
5.799999999999999600e-01 -2.841688068804745781e-01 -1.778510002645311339e+00
5.899999999999999689e-01 -2.663428062104647442e-01 -1.778785846022380657e+00
5.999999999999999778e-01 -2.487229370828559216e-01 -1.739933707363564341e+00
6.099999999999999867e-01 -2.316289136941951377e-01 -1.675520489705396576e+00
6.199999999999999956e-01 -2.152650125812783366e-01 -1.595269426480616870e+00
6.300000000000000044e-01 -1.997530193537331022e-01 -1.506102862550664057e+00
6.400000000000000133e-01 -1.851562403288198877e-01 -1.412901824497084124e+00
6.500000000000000222e-01 -1.714969979125269550e-01 -1.319060667510595142e+00
6.600000000000000311e-01 -1.587693629643755766e-01 -1.226892910293182926e+00
6.700000000000000400e-01 -1.469483993433512159e-01 -1.137928647561986084e+00
6.800000000000000488e-01 -1.359968510698624233e-01 -1.053132730590100818e+00
6.900000000000000577e-01 -1.258699529186779464e-01 -9.730648925058119625e-01
7.000000000000000666e-01 -1.165188638585203385e-01 -8.979972359560188799e-01
7.099999999999999645e-01 -1.078930904780351779e-01 -8.280003448962447443e-01
7.199999999999999734e-01 -9.994217077576778019e-02 -7.630062716736620843e-01
7.299999999999999822e-01 -9.261681770213386899e-02 -7.028544615766083581e-01
7.399999999999999911e-01 -8.586966962191734665e-02 -6.473250798837653086e-01
7.500000000000000000e-01 -7.965575636294526529e-02 -5.961630373352451162e-01
7.600000000000000089e-01 -7.393276106892429644e-02 -5.490951515514503889e-01
7.700000000000000178e-01 -6.866113701960939453e-02 -5.058422498884914686e-01
7.800000000000000266e-01 -6.380412297680475298e-02 -4.661275526459707219e-01
7.900000000000000355e-01 -5.932768903791029586e-02 -4.296823303082367151e-01
8.000000000000000444e-01 -5.520043638534841840e-02 -3.962495725136248592e-01
8.100000000000000533e-01 -5.139346794094885873e-02 -3.655862162897889900e-01
8.200000000000000622e-01 -4.788024220108195311e-02 -3.374643396213128366e-01
8.300000000000000711e-01 -4.463641902035228592e-02 -3.116716210356438865e-01
8.399999999999999689e-01 -4.163970351680337106e-02 -2.880112873288415143e-01
8.499999999999999778e-01 -3.886969235766616487e-02 -2.663017129513052805e-01
8.599999999999999867e-01 -3.630772527871582722e-02 -2.463757908604288505e-01
8.699999999999999956e-01 -3.393674366316971891e-02 -2.280801620538263352e-01
8.800000000000000044e-01 -3.174115726127695741e-02 -2.112743667193018871e-01
8.900000000000000133e-01 -2.970671959711878793e-02 -1.958299618849304591e-01
9.000000000000000222e-01 -2.782041223060459367e-02 -1.816296370621194589e-01
9.100000000000000311e-01 -2.607033777971444477e-02 -1.685663494769940041e-01
9.200000000000000400e-01 -2.444562143036833890e-02 -1.565424932044566508e-01
9.300000000000000488e-01 -2.293632054617496252e-02 -1.454691111970554951e-01
9.400000000000000577e-01 -2.153334192072855341e-02 -1.352651553432491494e-01
9.500000000000000666e-01 -2.022836617838098469e-02 -1.258567969253235608e-01
9.599999999999999645e-01 -1.901377881604750589e-02 -1.171767878967341636e-01
9.699999999999999734e-01 -1.788260738157081489e-02 -1.091638720519057526e-01
9.799999999999999822e-01 -1.682846429825998399e-02 -1.017622442605412569e-01
9.899999999999999911e-01 -1.584549486660074766e-02 -9.492105536457434711e-02
1.000000000000000000e+00 -1.492832999999999834e-02 -8.859395999999999938e-02
1.010000000000000009e+00 -1.407204327974734964e-02 -8.273870444122852219e-02
1.020000000000000018e+00 -1.327211194369995462e-02 -7.731675152251815675e-02
1.030000000000000027e+00 -1.252438145250203694e-02 -7.229293973237500837e-02
1.040000000000000036e+00 -1.182503330573844019e-02 -6.763517367509568057e-02
1.050000000000000044e+00 -1.117055580782840007e-02 -6.331414322864832578e-02
1.060000000000000053e+00 -1.055771750940208593e-02 -5.930306888506989282e-02
1.070000000000000062e+00 -9.983543074205297393e-03 -5.557747092782582693e-02
1.080000000000000071e+00 -9.445291344173987677e-03 -5.211496027252801588e-02
1.090000000000000080e+00 -8.940435396201628845e-03 -4.889504896771933173e-02
1.100000000000000089e+00 0.000000000000000000e+00 -4.589897851749633745e-02
1.110000000000000098e+00 0.000000000000000000e+00 -4.310956434519709612e-02
1.120000000000000107e+00 0.000000000000000000e+00 -4.051105486579334447e-02
1.130000000000000115e+00 0.000000000000000000e+00 -3.808900377322890773e-02
1.140000000000000124e+00 0.000000000000000000e+00 -3.583015427744831033e-02
1.150000000000000133e+00 0.000000000000000000e+00 -3.372233414431075049e-02
1.159999999999999920e+00 0.000000000000000000e+00 -3.175436050025958606e-02
1.169999999999999929e+00 0.000000000000000000e+00 -2.991595346294728675e-02
1.179999999999999938e+00 0.000000000000000000e+00 -2.819765774952261161e-02
1.189999999999999947e+00 0.000000000000000000e+00 -2.659077149654276093e-02
1.199999999999999956e+00 0.000000000000000000e+00 -2.508728160008025232e-02
