0.000000000000000000e+00 8.885148523508362117e+20 6.397697445517300618e+23
1.666666666666666644e-02 4.443116634387044762e+20 3.199043976907060654e+23
3.333333333333333287e-02 1.084745265727324160e+17 3.905082968211190579e+19
5.000000000000000278e-02 8.360507251629520000e+14 2.006521808241173760e+17
6.666666666666666574e-02 2.648302880806858594e+13 4.766946091141709000e+15
8.333333333333334259e-02 1.819897935602293457e+12 2.620654926635562500e+14
1.000000000000000056e-01 2.041130769124178162e+11 2.449362223737240625e+13
1.166666666666666824e-01 3.210010800744132233e+10 3.301743413314308105e+12
1.333333333333333315e-01 6.465428424197787285e+09 5.818956338759531250e+11
1.499999999999999944e-01 1.573099483809940577e+09 1.258510611322899017e+11
1.666666666666666852e-01 4.442704445506689548e+08 3.198895588910131836e+10
1.833333333333333481e-01 1.415481216418681443e+08 9.265729427827363968e+09
2.000000000000000111e-01 4.981870572168768197e+07 2.989536467381506443e+09
2.166666666666666741e-01 1.906219782640810311e+07 1.055988975721900225e+09
2.333333333333333648e-01 7.831551668706003577e+06 4.029062820718541145e+08
2.500000000000000000e-01 3.420845330432689283e+06 1.642874239750827253e+08
2.666666666666666630e-01 1.576055284859504318e+06 7.097776671049274504e+07
2.833333333333333814e-01 7.608991047763875686e+05 3.226247738513282686e+07
2.999999999999999889e-01 3.828645411391364760e+05 1.533881936036723666e+07
3.166666666666667074e-01 1.998687483776251029e+05 7.590574230943760835e+06
3.333333333333333703e-01 1.078304814471796708e+05 3.893490155951241031e+06
3.499999999999999778e-01 5.992207880400915747e+04 2.062710076755966293e+06
3.666666666666666963e-01 3.419978026112663065e+04 1.125214487491958542e+06
3.833333333333333592e-01 1.999622599070641809e+04 6.303269855056749657e+05
4.000000000000000222e-01 1.195045047684844394e+04 3.617488586823746446e+05
4.166666666666666852e-01 7.285480015296367128e+03 2.122530158133843215e+05
4.333333333333333481e-01 4.522510787721253109e+03 1.270862659068888315e+05
4.500000000000000666e-01 2.853816892952795570e+03 7.752036062717606546e+04
4.666666666666667296e-01 1.827800500395394693e+03 4.810033180572362471e+04
4.833333333333333370e-01 1.186478640857216988e+03 3.031762803904134489e+04
5.000000000000000000e-01 7.795090406151152820e+02 1.938671786783770222e+04
5.166666666666667185e-01 5.176450131091987714e+02 1.256206874558950585e+04
5.333333333333333259e-01 3.469908173284551935e+02 8.239159732195352262e+03
5.500000000000000444e-01 2.344752054170320719e+02 5.464000905152522137e+03
5.666666666666667629e-01 1.595009975173498731e+02 3.660186614824663593e+03
5.833333333333333703e-01 1.090607499137062462e+02 2.474169195772269177e+03
5.999999999999999778e-01 7.483294421717513956e+01 1.686016031232359865e+03
6.166666666666666963e-01 5.142908042487783149e+01 1.157092240576631184e+03
6.333333333333334147e-01 3.532024562265118561e+01 7.989179581962052907e+02
6.500000000000000222e-01 2.417085326872911821e+01 5.543613251225170870e+02
6.666666666666667407e-01 1.641982372130762968e+01 3.861257633333221975e+02
6.833333333333334592e-01 1.101414052131600663e+01 2.696115505868135642e+02
6.999999999999999556e-01 7.237420906002459020e+00 1.884357248278633108e+02
7.166666666666666741e-01 4.598437060259850995e+00 1.315879559141062316e+02
7.333333333333333925e-01 2.757889726328581315e+00 9.160528956006179158e+01
7.500000000000000000e-01 1.479849182857710943e+00 6.338865885694939806e+01
7.666666666666667185e-01 5.992637107844213107e-01 4.342799766129464700e+01
7.833333333333334370e-01 3.399058930899207892e-05 2.929017199243089919e+01
8.000000000000000444e-01 -3.999013442922699224e-01 1.927760778031382927e+01
8.166666666666666519e-01 -6.587877817522747037e-01 1.219881160152725741e+01
8.333333333333333703e-01 -8.181108986615680534e-01 7.212885659655835724e+00
8.500000000000000888e-01 -9.074995107277636919e-01 3.723385918615290890e+00
8.666666666666666963e-01 -9.481542567737376581e-01 1.305348037161850883e+00
8.833333333333334147e-01 -9.552591633390344894e-01 -3.452218879026702769e-01
9.000000000000001332e-01 -9.396871480473388827e-01 -1.446530605983866735e+00
9.166666666666667407e-01 -9.092122953601076141e-01 -2.155653081412402639e+00
9.333333333333334592e-01 -8.693755609938069728e-01 -2.585908363565098789e+00
9.500000000000001776e-01 -8.241056098324991419e-01 -2.819170612169459300e+00
9.666666666666666741e-01 -7.761657493330538227e-01 -2.914635240911852332e+00
9.833333333333332815e-01 -7.274767573897812367e-01 -2.915090022108522305e+00
1.000000000000000000e+00 -6.793507441475286068e-01 -2.851420702622437187e+00
1.016666666666666607e+00 -6.326609721337358438e-01 -2.745861055396594086e+00
1.033333333333333437e+00 -5.879654003795964368e-01 -2.614345759788363921e+00
1.050000000000000044e+00 -5.455966741909298312e-01 -2.468219334174493351e+00
1.066666666666666652e+00 -5.057277098584395114e-01 -2.315480936648761645e+00
1.083333333333333481e+00 -4.684194810644557450e-01 -2.161693332782655297e+00
1.100000000000000089e+00 -4.336557957257669016e-01 -2.010647987043845841e+00
1.116666666666666696e+00 -4.013685463083948024e-01 -1.864852469202258112e+00
1.133333333333333526e+00 -3.714559749763954866e-01 -1.725888013641001750e+00
1.150000000000000133e+00 -3.437958131324536648e-01 -1.594671936443747384e+00
1.166666666666666741e+00 -3.182546594395648798e-01 -1.471650176967457258e+00
1.183333333333333348e+00 -2.946945991185535574e-01 -1.356938419923676475e+00
1.199999999999999956e+00 -2.729778030231014840e-01 -1.250425320161819620e+00
1.216666666666666785e+00 -2.529696510949714927e-01 -1.151847764978747746e+00
1.233333333333333393e+00 -2.345407821714362295e-01 -1.060845491350604242e+00
1.250000000000000000e+00 -2.175683669512815666e-01 -9.770004595183344742e-01
1.266666666666666829e+00 -2.019368232246251671e-01 -8.998649775994613798e-01
1.283333333333333437e+00 -1.875381349632797012e-01 -8.289815361023697982e-01
1.300000000000000044e+00 -1.742718942462355147e-01 -7.638965465892093576e-01
1.316666666666666874e+00 -1.620451533743288708e-01 -7.041696129551654471e-01
1.333333333333333481e+00 -1.507721510564420109e-01 -6.493795442752836600e-01
1.350000000000000089e+00 -1.403739591254538899e-01 -5.991280065374032793e-01
1.366666666666666918e+00 -1.307780833137830168e-01 -5.530414787323331138e-01
1.383333333333333526e+00 -1.219180420367629164e-01 -5.107720060730098766e-01
1.399999999999999911e+00 -1.137329400445515754e-01 -4.719971143609460462e-01
1.416666666666666741e+00 -1.061670485756462529e-01 -4.364191534810604733e-01
1.433333333333333348e+00 -9.916939980484576478e-02 -4.037642663676994648e-01
1.449999999999999956e+00 -9.269340057301794777e-02 -3.737811263699816755e-01
1.466666666666666785e+00 -8.669646835174460442e-02 -3.462395461580701772e-01
1.483333333333333393e+00 -8.113969093563554169e-02 -3.209290317265911519e-01
1.500000000000000000e+00 -7.598751032117848081e-02 -2.976573331067245975e-01
1.516666666666666829e+00 -7.120743051281837321e-02 -2.762490271781715689e-01
1.533333333333333437e+00 -6.676974851167002956e-02 -2.565441560399088772e-01
1.550000000000000044e+00 -6.264730742780809380e-02 -2.383969356764507330e-01
1.566666666666666874e+00 -5.881527046701704592e-02 -2.216745433344740612e-01
1.583333333333333481e+00 -5.525091444252399481e-02 -2.062559874943934446e-01
1.600000000000000089e+00 -5.193344142572130923e-02 -1.920310611249576027e-01
1.616666666666666696e+00 -4.884380715798577327e-02 -1.788993767018513814e-01
1.633333333333333304e+00 -4.596456488418823594e-02 -1.667694799947259388e-01
1.650000000000000133e+00 -4.327972332688403284e-02 -1.555580386865189069e-01
1.666666666666666741e+00 -4.077461759082218196e-02 -1.451891013384321028e-01
1.683333333333333348e+00 -3.843579186476400039e-02 -1.355934219441949362e-01
1.700000000000000178e+00 -3.625089286769225122e-02 -1.267078452466129379e-01
1.716666666666666785e+00 -3.420857306653544289e-02 -1.184747480571339412e-01
1.733333333333333393e+00 -3.229840277061462456e-02 -1.108415319802305704e-01
1.750000000000000222e+00 -3.051079028287778661e-02 -1.037601631656666773e-01
1.766666666666666829e+00 -2.883690935882814513e-02 -9.718675496897666299e-02
1.783333333333333437e+00 -2.726863329043193243e-02 -9.108118967624308226e-02
1.800000000000000266e+00 -2.579847499400987967e-02 -8.540677573105033560e-02
1.816666666666666874e+00 -2.441953253815053182e-02 -8.012993718059942261e-02
1.833333333333333481e+00 0.000000000000000000e+00 -7.521993232847605515e-02
1.850000000000000311e+00 0.000000000000000000e+00 -7.064859883960297737e-02
1.866666666666666918e+00 0.000000000000000000e+00 -6.639012278612636819e-02
1.883333333333333526e+00 0.000000000000000000e+00 -6.242082935012936012e-02
1.900000000000000355e+00 0.000000000000000000e+00 -5.871899310965614238e-02
1.916666666666666963e+00 0.000000000000000000e+00 -5.526466602864878175e-02
1.933333333333333348e+00 0.000000000000000000e+00 -5.203952144949717390e-02
1.949999999999999956e+00 0.000000000000000000e+00 -4.902671254968445080e-02
1.966666666666666563e+00 0.000000000000000000e+00 -4.621074387233411324e-02
1.983333333333333393e+00 0.000000000000000000e+00 -4.357735467526757667e-02
2.000000000000000000e+00 0.000000000000000000e+00 -4.111341296544682861e-02
