0.000000000000000000e+00 6.886348570559913656e+20 4.958473630716156151e+23
1.666666666666666644e-02 3.443594645952054559e+20 2.479388145200482977e+23
3.333333333333333287e-02 8.407213441958948800e+16 3.026596848089894912e+19
5.000000000000000278e-02 6.479730418595418750e+14 1.555135353048096640e+17
6.666666666666666574e-02 2.052541576494905859e+13 3.694575539618466500e+15
8.333333333333334259e-02 1.410494322600381592e+12 2.031113296593497500e+14
1.000000000000000056e-01 1.581958694181497498e+11 1.898354541236250000e+13
1.166666666666666824e-01 2.487887876825176239e+10 2.558984352111263184e+12
1.333333333333333315e-01 5.010967874903066635e+09 4.509925925509421997e+11
1.499999999999999944e-01 1.219215567059836626e+09 9.753964980905767822e+10
1.666666666666666852e-01 3.443275191204586625e+08 2.479273141491394043e+10
1.833333333333333481e-01 1.097055053947397470e+08 7.181314140933476448e+09
2.000000000000000111e-01 3.861150711044702679e+07 2.317011381193478584e+09
2.166666666666666741e-01 1.477397253715954162e+07 8.184340640313719511e+08
2.333333333333333648e-01 6.069768611249015667e+06 3.122686263883153200e+08
2.500000000000000000e-01 2.651293215150095522e+06 1.273293833783419728e+08
2.666666666666666630e-01 1.221506479826740222e+06 5.501063385522082448e+07
2.833333333333333814e-01 5.897275383597010514e+05 2.500472230465717986e+07
2.999999999999999889e-01 2.967354900716359261e+05 1.188820432373059541e+07
3.166666666666667074e-01 1.549063611180484586e+05 5.883001598003476858e+06
3.333333333333333703e-01 8.357298637667298317e+04 3.017612183317397721e+06
3.499999999999999778e-01 4.644203822152793146e+04 1.598683693206059979e+06
3.666666666666666963e-01 2.650621675659290122e+04 8.720867430393683026e+05
3.833333333333333592e-01 1.549788745857648064e+04 4.885289312297741417e+05
4.000000000000000222e-01 9.262085576285955540e+03 2.803700248405866441e+05
4.166666666666666852e-01 5.646544324282982416e+03 1.645046991932695964e+05
4.333333333333333481e-01 3.505130993137409860e+03 9.849702032255764061e+04
4.500000000000000666e-01 2.211825360354891927e+03 6.008143543056124327e+04
4.666666666666667296e-01 1.416620844055703856e+03 3.727971977188152232e+04
4.833333333333333370e-01 9.195702036467746439e+02 2.349740212017011800e+04
5.000000000000000000e-01 6.041520888462991934e+02 1.502550209432205702e+04
5.166666666666667185e-01 4.011967003525223845e+02 9.736120899067207574e+03
5.333333333333333259e-01 2.689326521918227968e+02 6.385689854140326133e+03
5.500000000000000444e-01 1.817283838427956368e+02 4.234828123499874891e+03
5.666666666666667629e-01 1.236202429997385934e+02 2.836797958462878341e+03
5.833333333333333703e-01 8.452693072877053737e+01 1.917585569416520229e+03
5.999999999999999778e-01 5.799893050448964971e+01 1.306734241848836746e+03
6.166666666666666963e-01 3.985993430081290967e+01 8.967963024628320454e+02
6.333333333333334147e-01 2.737488980239099945e+01 6.191962496568044116e+02
6.500000000000000222e-01 1.873362130310480822e+01 4.296545602524609535e+02
6.666666666666667407e-01 1.272622759437924778e+01 2.992648604267183146e+02
6.833333333333334592e-01 8.536577242426842460e+00 2.089613566237566431e+02
6.999999999999999556e-01 5.609443750433809939e+00 1.460465795562272149e+02
7.166666666666666741e-01 3.564104977954431153e+00 1.019870691847212925e+02
7.333333333333333925e-01 2.137589693781689615e+00 7.099872699171801571e+01
7.500000000000000000e-01 1.147042344586144624e+00 4.912956417885244775e+01
7.666666666666667185e-01 4.645407810966494799e-01 3.365913291531052209e+01
7.833333333333334370e-01 1.030126995618944516e-04 2.270165223378966957e+01
8.000000000000000444e-01 -3.098721050165453850e-01 1.494143054981454810e+01
8.166666666666666519e-01 -5.105274017485662563e-01 9.455009810122358971e+00
8.333333333333333703e-01 -6.340160611854686046e-01 5.590658202676863198e+00
8.500000000000000888e-01 -7.033017672017012334e-01 2.886105829055071847e+00
8.666666666666666963e-01 -7.348160007778810066e-01 1.011986782367407578e+00
8.833333333333334147e-01 -7.403271044970652914e-01 -2.673076252438189582e-01
9.000000000000001332e-01 -7.282621201979125880e-01 -1.120897375314856559e+00
9.166666666666667407e-01 -7.046463546146789492e-01 -1.670522686586422667e+00
9.333333333333334592e-01 -6.737743376819096408e-01 -2.004011045704899185e+00
9.500000000000001776e-01 -6.386909989658883235e-01 -2.184818772797259001e+00
9.666666666666666741e-01 -6.015380607233751231e-01 -2.258825155947624452e+00
9.833333333333332815e-01 -5.638042438668100509e-01 -2.259192826066655169e+00
1.000000000000000000e+00 -5.265065214137674143e-01 -2.209859803755252816e+00
1.016666666666666607e+00 -4.903217368579816382e-01 -2.128058430729307116e+00
1.033333333333333437e+00 -4.556823566087075950e-01 -2.026138955459144242e+00
1.050000000000000044e+00 -4.228462163272136976e-01 -1.912894031804365902e+00
1.066666666666666652e+00 -3.919473522520349751e-01 -1.794523495457940543e+00
1.083333333333333481e+00 -3.630330380348654185e-01 -1.675338855313892372e+00
1.100000000000000089e+00 -3.360907385685388826e-01 -1.558278770017811787e+00
1.116666666666666696e+00 -3.110676803126559697e-01 -1.445286810801958755e+00
1.133333333333333526e+00 -2.878850077849903211e-01 -1.337588587041889099e+00
1.150000000000000133e+00 -2.664479674591430647e-01 -1.235895132307796018e+00
1.166666666666666741e+00 -2.466531762993977583e-01 -1.140552133708214066e+00
1.183333333333333348e+00 -2.283937521446848806e-01 -1.051649308752645950e+00
1.199999999999999956e+00 -2.115628783148153502e-01 -9.691004100306268576e-01
1.216666666666666785e+00 -1.960562245318123176e-01 -8.927015576393423357e-01
1.233333333333333393e+00 -1.817735357040034527e-01 -8.221735706716609693e-01
1.250000000000000000e+00 -1.686196186123961882e-01 -7.571924841203869772e-01
1.266666666666666829e+00 -1.565048963169170526e-01 -6.974113472546238368e-01
1.283333333333333437e+00 -1.453456555283223206e-01 -6.424755967360993303e-01
1.300000000000000044e+00 -1.350640791574059807e-01 -5.920337051207441581e-01
1.316666666666666874e+00 -1.255881317457147039e-01 -5.457443668870335385e-01
1.333333333333333481e+00 -1.168513472902500960e-01 -5.032811589880950010e-01
1.350000000000000089e+00 -1.087925554700652220e-01 -4.643353713948779604e-01
1.366666666666666918e+00 -1.013555722625109623e-01 -4.286175234050703664e-01
1.383333333333333526e+00 -9.448887351064039208e-02 -3.958579476421829613e-01
1.399999999999999911e+00 -8.814526451005279262e-02 -3.658067238790982945e-01
1.416666666666666741e+00 -8.228155463175253204e-02 -3.382331703867847428e-01
1.433333333333333348e+00 -7.685824302119501072e-02 -3.129250449856181837e-01
1.449999999999999956e+00 -7.183921923926950281e-02 -2.896875665776177389e-01
1.466666666666666785e+00 -6.719148113426616498e-02 -2.683423371012444436e-01
1.483333333333333393e+00 -6.288487110205516484e-02 -2.487262209201233087e-01
1.500000000000000000e+00 -5.889183109033754859e-02 -2.306902216486836910e-01
1.516666666666666829e+00 -5.518717614618308398e-02 -2.140983838460060462e-01
1.533333333333333437e+00 -5.174788592992560915e-02 -1.988267377609162501e-01
1.550000000000000044e+00 -4.855291337474553631e-02 -1.847622985511021276e-01
1.566666666666666874e+00 -4.558300952394427757e-02 -1.718021264991558272e-01
1.583333333333333481e+00 -4.282056350011707174e-02 -1.598524512371510831e-01
1.600000000000000089e+00 -4.024945653211511876e-02 -1.488278605138107502e-01
1.616666666666666696e+00 -3.785492897195327777e-02 -1.386505523276306828e-01
1.633333333333333304e+00 -3.562345926363943982e-02 -1.292496481048377166e-01
1.650000000000000133e+00 -3.354265387115118457e-02 -1.205605638720094880e-01
1.666666666666666741e+00 -3.160114722753346733e-02 -1.125244359464627197e-01
1.683333333333333348e+00 -2.978851082703518754e-02 -1.050875974583967976e-01
1.700000000000000178e+00 -2.809517064427064642e-02 -9.820110196399475799e-02
1.716666666666666785e+00 -2.651233212642332970e-02 -9.182029046113333870e-02
1.733333333333333393e+00 -2.503191206502302160e-02 -8.590439824415285752e-02
1.750000000000000222e+00 -2.364647671184067976e-02 -8.041619820559778309e-02
1.766666666666666829e+00 -2.234918555834737586e-02 -7.532167739219963742e-02
1.783333333333333437e+00 -2.113374024962738629e-02 -7.058974383607355407e-02
1.800000000000000266e+00 -1.999433815146716559e-02 -6.619196090047917147e-02
1.816666666666666874e+00 -1.892563013354364720e-02 -6.210230659580006501e-02
1.833333333333333481e+00 0.000000000000000000e+00 -5.829695553103278471e-02
1.850000000000000311e+00 0.000000000000000000e+00 -5.475408136605541820e-02
1.866666666666666918e+00 0.000000000000000000e+00 -5.145367781843784849e-02
1.883333333333333526e+00 0.000000000000000000e+00 -4.837739645459115251e-02
1.900000000000000355e+00 0.000000000000000000e+00 -4.550839965826130457e-02
1.916666666666666963e+00 0.000000000000000000e+00 -4.283122731981428566e-02
1.933333333333333348e+00 0.000000000000000000e+00 -4.033167592778621330e-02
1.949999999999999956e+00 0.000000000000000000e+00 -3.799668887032958686e-02
1.966666666666666563e+00 0.000000000000000000e+00 -3.581425686913790318e-02
1.983333333333333393e+00 0.000000000000000000e+00 -3.377332757290431309e-02
2.000000000000000000e+00 0.000000000000000000e+00 -3.186372343212676844e-02
