0.000000000000000000e+00 5.109318865858246083e+20 3.678934141612699115e+23
1.666666666666666644e-02 2.554971319074648228e+20 1.839579349819071786e+23
3.333333333333333287e-02 6.237722910504673600e+16 2.245580254447724544e+19
5.000000000000000278e-02 4.807628968272795000e+14 1.153830991400255520e+17
6.666666666666666574e-02 1.522881000339369141e+13 2.741186321395377500e+15
8.333333333333334259e-02 1.046514735495219360e+12 1.506982311277398750e+14
1.000000000000000056e-01 1.173732540407889404e+11 1.408482096519538477e+13
1.166666666666666824e-01 1.845885716879502106e+10 1.898635669552880127e+12
1.333333333333333315e-01 3.717882190975244522e+09 3.346134658167797241e+11
1.499999999999999944e-01 9.045956707475800514e+08 7.236943760058895874e+10
1.666666666666666852e-01 2.554734304493306875e+08 1.839494024569788742e+10
1.833333333333333481e-01 8.139588120127864182e+07 5.328168259783322334e+09
2.000000000000000111e-01 2.864776604615204036e+07 1.719104090118453741e+09
2.166666666666666741e-01 1.096153302139422670e+07 6.072362702582125664e+08
2.333333333333333648e-01 4.503458309250241145e+06 2.316873707901784182e+08
2.500000000000000000e-01 1.967124170046228683e+06 9.447189908690956235e+07
2.666666666666666630e-01 9.062954371006916044e+05 4.081508083365394920e+07
2.833333333333333814e-01 4.375477273062383174e+05 1.855222703731610253e+07
2.999999999999999889e-01 2.201625888708627026e+05 8.820440592198230326e+06
3.166666666666667074e-01 1.149326165227925667e+05 4.364886848072455265e+06
3.333333333333333703e-01 6.200689382170169119e+04 2.238914219347513281e+06
3.499999999999999778e-01 3.445762524744110851e+04 1.186141725627124077e+06
3.666666666666666963e-01 1.966626281237549847e+04 6.470438800356518477e+05
3.833333333333333592e-01 1.149864387494731272e+04 3.624635593992635258e+05
4.000000000000000222e-01 6.871996731580916276e+03 2.080202718640815001e+05
4.166666666666666852e-01 4.189449300191205111e+03 1.220541101277246635e+05
4.333333333333333481e-01 2.600629609285391780e+03 7.307977785384154413e+04
4.500000000000000666e-01 1.641062598679914117e+03 4.457737153066712199e+04
4.666666666666667296e-01 1.051061239952024835e+03 2.765965978756337427e+04
4.833333333333333370e-01 6.822748772849573697e+02 1.743388150034341743e+04
5.000000000000000000e-01 4.482506085775096381e+02 1.114816245500531841e+04
5.166666666666667185e-01 2.976679670318035846e+02 7.223710277317161854e+03
5.333333333333333259e-01 1.995347113175693323e+02 4.737860411854929225e+03
5.500000000000000444e-01 1.348335278245568531e+02 3.142029961362108679e+03
5.666666666666667629e-01 9.172019821212370516e+01 2.104762273665822704e+03
5.833333333333333703e-01 6.271491076300446110e+01 1.422753067579525577e+03
5.999999999999999778e-01 4.303245145877404809e+01 9.695321335795588311e+02
6.166666666666666963e-01 2.957421136908053683e+01 6.653787607033855238e+02
6.333333333333334147e-01 2.031092005706565473e+01 4.594134100310832878e+02
6.500000000000000222e-01 1.389951857295683624e+01 3.187829222150147075e+02
6.666666666666667407e-01 9.442321201127521491e+00 2.220402329191421984e+02
6.833333333333334592e-01 6.333799454056518563e+00 1.550394883044776861e+02
6.999999999999999556e-01 4.162003111655240950e+00 1.083598078114139156e+02
7.166666666666666741e-01 2.644455375111375517e+00 7.566979454411419681e+01
7.333333333333333925e-01 1.586044686139798099e+00 5.267793856935512764e+01
7.500000000000000000e-01 8.511012908279594891e-01 3.645206266996942901e+01
7.666666666666667185e-01 3.447132656915510296e-01 2.497373080980470661e+01
7.833333333333334370e-01 1.183874142156249651e-04 1.684378766976531594e+01
8.000000000000000444e-01 -2.298722945229718650e-01 1.108605555601517700e+01
8.166666666666666519e-01 -3.787525778035105706e-01 7.015374353777243499e+00
8.333333333333333703e-01 -4.703785850860421336e-01 4.148191204588910885e+00
8.500000000000000888e-01 -5.217882823199007092e-01 2.141524523470232033e+00
8.666666666666666963e-01 -5.451730604820133053e-01 7.510008676043304909e-01
8.833333333333334147e-01 -5.492644884940316441e-01 -1.981900023674053879e-01
9.000000000000001332e-01 -5.403150512824888008e-01 -8.315269920783739943e-01
9.166666666666667407e-01 -5.227952611421977647e-01 -1.239335554228205183e+00
9.333333333333334592e-01 -4.998914758675278569e-01 -1.486779554034319606e+00
9.500000000000001776e-01 -4.738629081803033549e-01 -1.620940636769145904e+00
9.666666666666666741e-01 -4.462986325813583233e-01 -1.675859139159285638e+00
9.833333333333332815e-01 -4.183032261320405176e-01 -1.676140247874563061e+00
1.000000000000000000e+00 -3.906312498618650930e-01 -1.639544926896385313e+00
1.016666666666666607e+00 -3.637849033784500419e-01 -1.578858841633554722e+00
1.033333333333333437e+00 -3.380850687027735502e-01 -1.503245370940095249e+00
1.050000000000000044e+00 -3.137230588347026394e-01 -1.419228321230467049e+00
1.066666666666666652e+00 -2.907983322891357081e-01 -1.331407744427624218e+00
1.083333333333333481e+00 -2.693459727785932900e-01 -1.242982637132482138e+00
1.100000000000000089e+00 -2.493566877801417503e-01 -1.156133400009530909e+00
1.116666666666666696e+00 -2.307913288885769798e-01 -1.072302120268014303e+00
1.133333333333333526e+00 -2.135913953544757438e-01 -9.923981861271480298e-01
1.150000000000000133e+00 -1.976865901383941526e-01 -9.169491900924816585e-01
1.166666666666666741e+00 -1.830002128962476549e-01 -8.462116505220742546e-01
1.183333333333333348e+00 -1.694529665504323490e-01 -7.802521645229097969e-01
1.199999999999999956e+00 -1.569656021208293006e-01 -7.190067680514342641e-01
1.216666666666666785e+00 -1.454607149890787543e-01 -6.623242161977554998e-01
1.233333333333333393e+00 -1.348639237502913535e-01 -6.099973914962300015e-01
1.250000000000000000e+00 -1.251046023311999378e-01 -5.617859463402082865e-01
1.266666666666666829e+00 -1.161162913719155920e-01 -5.174324766291065192e-01
1.283333333333333437e+00 -1.078368817982764960e-01 -4.766739281460103950e-01
1.300000000000000044e+00 -1.002086390019425455e-01 -4.392494974665192564e-01
1.316666666666666874e+00 -9.317811786200493052e-02 -4.049059638506353753e-01
1.333333333333333481e+00 -8.669600534443358542e-02 -3.734011473276617199e-01
1.350000000000000089e+00 -8.071691739589187398e-02 -3.445060089803638204e-01
1.366666666666666918e+00 -7.519916941392817966e-02 -3.180057761110741676e-01
1.383333333333333526e+00 -7.010453406559528922e-02 -2.937003756616857197e-01
1.399999999999999911e+00 -6.539799615079996964e-02 -2.714043852197268181e-01
1.416666666666666741e+00 -6.104751120048092228e-02 -2.509466557163226308e-01
1.433333333333333348e+00 -5.702377229133659409e-02 -2.321697187260301498e-01
1.449999999999999956e+00 -5.329998794548075625e-02 -2.149290605621656247e-01
1.466666666666666785e+00 -4.985167281354499491e-02 -1.990923224817438830e-01
1.483333333333333393e+00 -4.665645199997112136e-02 -1.845384693008220167e-01
1.500000000000000000e+00 -4.369387929464316200e-02 -1.711569561015040264e-01
1.516666666666666829e+00 -4.094526916198992089e-02 -1.588469133841451664e-01
1.533333333333333437e+00 -3.839354205959495669e-02 -1.475163641564258554e-01
1.550000000000000044e+00 -3.602308247749537451e-02 -1.370814814350821420e-01
1.566666666666666874e+00 -3.381960898003280591e-02 -1.274658910005280477e-01
1.583333333333333481e+00 -3.177005547438904037e-02 -1.186000216393211792e-01
1.600000000000000089e+00 -2.986246290892211747e-02 -1.104205032711364914e-01
1.616666666666666696e+00 -2.808588060906104522e-02 -1.028696120876085862e-01
1.633333333333333304e+00 -2.643027648063616189e-02 -9.589476098120242042e-02
1.650000000000000133e+00 -2.488645534409042459e-02 -8.944803300130953205e-02
1.666666666666666741e+00 -2.344598470363289111e-02 -8.348575525812620968e-02
1.683333333333333348e+00 -2.210112729986746238e-02 -7.796811053968281946e-02
1.700000000000000178e+00 -2.084477984047832660e-02 -7.285878386671733320e-02
1.716666666666666785e+00 -1.967041734957496874e-02 -6.812464124897976703e-02
1.733333333333333393e+00 -1.857204262119509577e-02 -6.373543799912788355e-02
1.750000000000000222e+00 -1.754414030550493012e-02 -5.966355408757235967e-02
1.766666666666666829e+00 -1.658163519696883095e-02 -5.588375416953026559e-02
1.783333333333333437e+00 -1.567985433192728081e-02 -5.237297007408717869e-02
1.800000000000000266e+00 -1.483449253850962525e-02 -4.911010370708388667e-02
1.816666666666666874e+00 -1.404158111460214291e-02 -4.607584848011960638e-02
1.833333333333333481e+00 0.000000000000000000e+00 -4.325252753349587836e-02
1.850000000000000311e+00 0.000000000000000000e+00 -4.062394716929179639e-02
1.866666666666666918e+00 0.000000000000000000e+00 -3.817526405060664429e-02
1.883333333333333526e+00 0.000000000000000000e+00 -3.589286485360985296e-02
1.900000000000000355e+00 0.000000000000000000e+00 -3.376425718012522614e-02
1.916666666666666963e+00 0.000000000000000000e+00 -3.177797065009223959e-02
1.933333333333333348e+00 0.000000000000000000e+00 -2.992346719565264906e-02
1.949999999999999956e+00 0.000000000000000000e+00 -2.819105967220932388e-02
1.966666666666666563e+00 0.000000000000000000e+00 -2.657183798708992462e-02
1.983333333333333393e+00 0.000000000000000000e+00 -2.505760202395901359e-02
2.000000000000000000e+00 0.000000000000000000e+00 -2.364080071142506123e-02
