0.000000000000000000e+00 9.995911577227212882e+20 7.197495663020377731e+23
1.666666666666666644e-02 4.998565965119453921e+20 3.598967495052945617e+23
3.333333333333333287e-02 1.220353011695596160e+17 4.393270855146240410e+19
5.000000000000000278e-02 9.405683090939686250e+14 2.257364018157858560e+17
6.666666666666666574e-02 2.979376355523132812e+13 5.362878458855301000e+15
8.333333333333334259e-02 2.047409651701719971e+12 2.948272035267301875e+14
1.000000000000000056e-01 2.296299564566484070e+11 2.755565440943376953e+13
1.166666666666666824e-01 3.611305319315771484e+10 3.714505742103518066e+12
1.333333333333333315e-01 7.273693924723459244e+09 6.546404134881027832e+11
1.499999999999999944e-01 1.769758074388919115e+09 1.415841362270181274e+11
1.666666666666666852e-01 4.998102246653917432e+08 3.598800556405352020e+10
1.833333333333333481e-01 1.592435403746489584e+08 1.042407021187445068e+10
2.000000000000000111e-01 5.604671388888829201e+07 3.363268728926763535e+09
2.166666666666666741e-01 2.144522889591846988e+07 1.188001798474476576e+09
2.333333333333333648e-01 8.810600940971640870e+06 4.532749855034004450e+08
2.500000000000000000e-01 3.848496996781468391e+06 1.848255612330735326e+08
2.666666666666666630e-01 1.773083387826014310e+06 7.985094200679175556e+07
2.833333333333333814e-01 8.560217237236835063e+05 3.629572088908686489e+07
2.999999999999999889e-01 4.307277563083915156e+05 1.725637803284035996e+07
3.166666666666667074e-01 2.248550288595991442e+05 8.539498071142110974e+06
3.333333333333333703e-01 1.213107410671605612e+05 4.380228773303057067e+06
3.499999999999999778e-01 6.741314398836389591e+04 2.320576567227514926e+06
3.666666666666666963e-01 3.847521233449682040e+04 1.265881424179920228e+06
3.833333333333333592e-01 2.249602285878824478e+04 7.091263308206771035e+05
4.000000000000000222e-01 1.344441727114444075e+04 4.069723274582940503e+05
4.166666666666666852e-01 8.196262816061185731e+03 2.387874946398470784e+05
4.333333333333333481e-01 5.087885315481246835e+03 1.429737562766073388e+05
4.500000000000000666e-01 3.210582271456612489e+03 8.721144671968490002e+04
4.666666666666667296e-01 2.056300053727377417e+03 5.411351898648556380e+04
4.833333333333333370e-01 1.334804354212345288e+03 3.410773835658378084e+04
5.000000000000000000e-01 8.769580943428886712e+02 2.181031760456562552e+04
5.166666666666667185e-01 5.823575524106519197e+02 1.413249570937616591e+04
5.333333333333333259e-01 3.903692956266854139e+02 9.269165047077851341e+03
5.500000000000000444e-01 2.637877258888028678e+02 6.147074133775160590e+03
5.666666666666667629e-01 1.794407392271426716e+02 4.117758868111831362e+03
5.833333333333333703e-01 1.226947868121687009e+02 2.783473376384861695e+03
5.999999999999999778e-01 8.418804875942248600e+01 1.896790510381398462e+03
6.166666666666666963e-01 5.785839026417417585e+01 1.301744167512851391e+03
6.333333333333334147e-01 3.973573696815485334e+01 8.987933109709528026e+02
6.500000000000000222e-01 2.719252270246971648e+01 6.236638325409259096e+02
6.666666666666667407e-01 1.847251195524663814e+01 4.343965814856678094e+02
6.833333333333334592e-01 1.239104711142565485e+01 3.033165403190456004e+02
6.999999999999999556e-01 8.142187978784171776e+00 2.119926570752115538e+02
7.166666666666666741e-01 5.173296699264799514e+00 1.480381627975136212e+02
7.333333333333333925e-01 3.102657077246902873e+00 1.030571339630936194e+02
7.500000000000000000e-01 1.664845029587590508e+00 7.131305205229783439e+01
7.666666666666667185e-01 6.741751740430015349e-01 4.885704570922140277e+01
7.833333333333334370e-01 3.423230056930439726e-05 3.295180669208757251e+01
8.000000000000000444e-01 -4.498979222389742905e-01 2.168754150985898477e+01
8.166666666666666519e-01 -7.411482348942939336e-01 1.372380417275063280e+01
8.333333333333333703e-01 -9.203885277246652841e-01 8.114573460803061522e+00
8.500000000000000888e-01 -1.020951608679625089e+00 4.188841901633986176e+00
8.666666666666666963e-01 -1.066688474718026081e+00 1.468518969437013766e+00
8.833333333333334147e-01 -1.074681354173153469e+00 -3.883925049914249694e-01
9.000000000000001332e-01 -1.057162420781605716e+00 -1.627377999677248388e+00
9.166666666666667407e-01 -1.022877620050932412e+00 -2.425148920853871459e+00
9.333333333333334592e-01 -9.780605982427627021e-01 -2.909190688934797819e+00
9.500000000000001776e-01 -9.271311532689087143e-01 -3.171612806271579821e+00
9.666666666666666741e-01 -8.731980406969797048e-01 -3.279010885580771806e+00
9.833333333333332815e-01 -8.184221593691651808e-01 -3.279521726210120391e+00
1.000000000000000000e+00 -7.642796490289760492e-01 -3.207892191970370455e+00
1.016666666666666607e+00 -7.117529402056109733e-01 -3.089135562275394875e+00
1.033333333333333437e+00 -6.614697429719058608e-01 -2.941178553718131639e+00
1.050000000000000044e+00 -6.138042866136439457e-01 -2.776783891871350551e+00
1.066666666666666652e+00 -5.689511032829410730e-01 -2.604950728515659897e+00
1.083333333333333481e+00 -5.269787883253247429e-01 -2.431937242349438755e+00
1.100000000000000089e+00 -4.878691246761693856e-01 -2.262008875576619005e+00
1.116666666666666696e+00 -4.515454897880275542e-01 -2.097986672500600669e+00
1.133333333333333526e+00 -4.178934041548534317e-01 -1.941649538418219301e+00
1.150000000000000133e+00 -3.867753134601851772e-01 -1.794029462255933183e+00
1.166666666666666741e+00 -3.580411389677383149e-01 -1.655628128331398941e+00
1.183333333333333348e+00 -3.315357243116970887e-01 -1.526575680511402577e+00
1.199999999999999956e+00 -3.071040095107807066e-01 -1.406746851412891131e+00
1.216666666666666785e+00 -2.845945448912317044e-01 -1.295845633455812385e+00
1.233333333333333393e+00 -2.638617971424789821e-01 -1.193466723934824447e+00
1.250000000000000000e+00 -2.447675814164960162e-01 -1.099139820791368072e+00
1.266666666666666829e+00 -2.271818659670827023e-01 -1.012361263145241441e+00
1.283333333333333437e+00 -2.109831311274696919e-01 -9.326163453602402953e-01
1.300000000000000044e+00 -1.960584164741611957e-01 -8.593947731994069361e-01
1.316666666666666874e+00 -1.823031544514485958e-01 -7.922010941173082132e-01
1.333333333333333481e+00 -1.696208623250372305e-01 -7.305614617751129414e-01
1.350000000000000089e+00 -1.579227447308585441e-01 -6.740277442734203817e-01
1.366666666666666918e+00 -1.471272445405504559e-01 -6.221797247664183628e-01
1.383333333333333526e+00 -1.371595689856646705e-01 -5.746259488318633535e-01
1.399999999999999911e+00 -1.279512100090856586e-01 -5.310036281220956722e-01
1.416666666666666741e+00 -1.194394719310007402e-01 -4.909779017781808474e-01
1.433333333333333348e+00 -1.115670151964503615e-01 -4.542406764952764964e-01
1.449999999999999956e+00 -1.042814218152856021e-01 -4.205092060351312000e-01
1.466666666666666785e+00 -9.753478581676372494e-02 -3.895245262212576609e-01
1.483333333333333393e+00 -9.128333039817843053e-02 -3.610498281683975907e-01
1.500000000000000000e+00 -8.548705228374545162e-02 -3.348688278098356230e-01
1.516666666666666829e+00 -8.010939300200961566e-02 -3.107841715380528225e-01
1.533333333333333437e+00 -7.511693624408476155e-02 -2.886159043502379840e-01
1.550000000000000044e+00 -7.047913011126691329e-02 -2.682000170775978298e-01
1.566666666666666874e+00 -6.616803284674026286e-02 -2.493870821652401093e-01
1.583333333333333481e+00 -6.215808053319080151e-02 -2.320409823727929144e-01
1.600000000000000089e+00 -5.842587519706182037e-02 -2.160377331698105641e-01
1.616666666666666696e+00 -5.494999176929885737e-02 -2.012643971170172130e-01
1.633333333333333304e+00 -5.171080239573047632e-02 -1.876180868632951748e-01
1.650000000000000133e+00 -4.869031665592849639e-02 -1.750050523301811545e-01
1.666666666666666741e+00 -4.587203632887189991e-02 -1.633398470363288668e-01
1.683333333333333348e+00 -4.324082343076043194e-02 -1.525445682109345669e-01
1.700000000000000178e+00 -4.078278034042865513e-02 -1.425481652656692411e-01
1.716666666666666785e+00 -3.848514091786018471e-02 -1.332858112708629195e-01
1.733333333333333393e+00 -3.633617160914701799e-02 -1.246983322628892749e-01
1.750000000000000222e+00 -3.432508161545456959e-02 -1.167316894586332005e-01
1.766666666666666829e+00 -3.244194128325073728e-02 -1.093365097423450588e-01
1.783333333333333437e+00 -3.067760794773509783e-02 -1.024676601004188836e-01
1.800000000000000266e+00 -2.902365853083836711e-02 -9.608386199665032434e-02
1.816666666666666874e+00 -2.747232825932686973e-02 -9.014734199453362795e-02
1.833333333333333481e+00 0.000000000000000000e+00 -8.462351523747910220e-02
1.850000000000000311e+00 0.000000000000000000e+00 -7.948069868813174843e-02
1.866666666666666918e+00 0.000000000000000000e+00 -7.468985130159672137e-02
1.883333333333333526e+00 0.000000000000000000e+00 -7.022433856291640519e-02
1.900000000000000355e+00 0.000000000000000000e+00 -6.605971905606224104e-02
1.916666666666666963e+00 0.000000000000000000e+00 -6.217355095009008403e-02
1.933333333333333348e+00 0.000000000000000000e+00 -5.854521648847180182e-02
1.949999999999999956e+00 0.000000000000000000e+00 -5.515576275074755147e-02
1.966666666666666563e+00 0.000000000000000000e+00 -5.198775712251039322e-02
1.983333333333333393e+00 0.000000000000000000e+00 -4.902515606138905385e-02
2.000000000000000000e+00 0.000000000000000000e+00 -4.625318588424598421e-02
