0.000000000000000000e+00 4.647032665587832586e+20 5.576779599351688452e+23
1.000000000000000021e-02 2.323799999784419328e+20 2.788559999870651670e+23
2.000000000000000042e-02 5.673339810065623200e+16 3.404003896144686694e+19
2.999999999999999889e-02 4.372639376416537500e+14 1.749055809710647680e+17
4.000000000000000083e-02 1.385092208972167578e+13 4.155277416394042000e+15
5.000000000000000278e-02 9.518271002879995117e+11 2.284386696345598750e+14
5.999999999999999778e-02 1.067534361827677612e+11 2.135073344282926953e+13
7.000000000000000666e-02 1.678871772172092628e+10 2.878081601435861816e+12
8.000000000000000167e-02 3.381491823524235725e+09 5.072299413219093018e+11
8.999999999999999667e-02 8.227487326225681305e+08 1.097025353616977844e+11
1.000000000000000056e-01 2.323584419999998808e+08 2.788430651999998474e+10
1.100000000000000006e-01 7.403126049054862559e+07 8.076801267822618484e+09
1.199999999999999956e-01 2.605574370826759189e+07 2.605935357355822563e+09
1.300000000000000044e-01 9.969743969535423443e+06 9.204901958689981699e+08
1.400000000000000133e-01 4.095989649218477309e+06 3.512075324173027277e+08
1.499999999999999944e-01 1.789140600653695408e+06 1.432069524144355655e+08
1.600000000000000033e-01 8.242946477475923020e+05 6.187028446602196991e+07
1.700000000000000122e-01 3.979587929735376965e+05 2.812273117008052021e+07
1.799999999999999933e-01 2.002424624662473507e+05 1.337062519583860412e+07
1.900000000000000022e-01 1.045336038285141840e+05 6.616592879508081824e+06
2.000000000000000111e-01 5.639655468749997090e+04 3.393898593749998137e+06
2.099999999999999922e-01 3.133992111786548776e+04 1.798034292235479923e+06
2.200000000000000011e-01 1.788686962025155299e+04 9.808330569785360713e+05
2.300000000000000100e-01 1.045825097372243181e+04 5.494468381586137693e+05
2.399999999999999911e-01 6.250219892980278928e+03 3.153312019073247211e+05
2.500000000000000000e-01 3.810387886080000499e+03 1.850178561638400133e+05
2.600000000000000089e-01 2.365323918412134844e+03 1.107792426613711868e+05
2.700000000000000178e-01 1.492578256743443262e+03 6.757336621436975838e+04
2.800000000000000266e-01 9.559601555936362729e+02 4.192835643396058731e+04
2.899999999999999800e-01 6.205416202702308510e+02 2.642743314209068922e+04
2.999999999999999889e-01 4.076919507527648534e+02 1.689911835932870599e+04
3.099999999999999978e-01 2.707341263723446900e+02 1.095017141075221116e+04
3.200000000000000067e-01 1.814800686101846736e+02 7.181954799073684626e+03
3.300000000000000155e-01 1.226331430772640090e+02 4.762889427378731853e+03
3.400000000000000244e-01 8.342079322401379216e+01 3.190530901988902770e+03
3.500000000000000333e-01 5.703997984052805492e+01 2.156696883079557665e+03
3.599999999999999867e-01 3.913845534141864135e+01 1.469675319365891710e+03
3.699999999999999956e-01 2.689797372329205771e+01 1.008620209862485922e+03
3.800000000000000044e-01 1.847287392643471549e+01 6.964049481853348880e+02
3.900000000000000133e-01 1.264161798979039375e+01 4.832285277316425436e+02
4.000000000000000222e-01 8.587743759155268108e+00 3.365800666809079758e+02
4.100000000000000311e-01 5.760511828722369110e+00 2.350163469557575979e+02
4.199999999999999845e-01 3.785245993575166779e+00 1.642565802875983252e+02
4.299999999999999933e-01 2.405028611932060301e+00 1.147032231241622497e+02
4.400000000000000022e-01 1.442402380744329138e+00 7.985092758064477891e+01
4.500000000000000111e-01 7.739734226512287041e-01 5.525491181935865370e+01
4.600000000000000200e-01 3.134178490469814449e-01 3.785550271331796779e+01
4.700000000000000289e-01 1.442392654844582079e-05 2.553177313050966291e+01
4.799999999999999822e-01 -2.091558588776880612e-01 1.680397273361114330e+01
4.899999999999999911e-01 -3.445560350743935851e-01 1.063349426279788013e+01
5.000000000000000000e-01 -4.278835199999999617e-01 6.287339520000000626e+00
5.100000000000000089e-01 -4.746345108546143887e-01 3.245597058231132426e+00
5.200000000000000178e-01 -4.958971746099127831e-01 1.137831758127292536e+00
5.300000000000000266e-01 -4.996129232310429491e-01 -3.009433504639134060e-01
5.400000000000000355e-01 -4.914684109670413026e-01 -1.260935840977117639e+00
5.500000000000000444e-01 -4.755295680799513369e-01 -1.879065612845950417e+00
5.600000000000000533e-01 -4.546943738897351039e-01 -2.254111181975002154e+00
5.700000000000000622e-01 -4.310175619015050863e-01 -2.457441020260594300e+00
5.799999999999999600e-01 -4.059443709342828166e-01 -2.540654873760785026e+00
5.899999999999999689e-01 -3.804793876682328047e-01 -2.541050192070704927e+00
5.999999999999999778e-01 -3.553088589561212429e-01 -2.485549607105962622e+00
6.099999999999999867e-01 -3.308895096233001598e-01 -2.393533954890192827e+00
6.199999999999999956e-01 -3.075131574000676271e-01 -2.278893246426469066e+00
6.300000000000000044e-01 -2.853537785568120988e-01 -2.151516318832229935e+00
6.400000000000000133e-01 -2.645018094223940408e-01 -2.018375909546769265e+00
6.500000000000000222e-01 -2.449891391932634832e-01 -1.884320989936244750e+00
6.600000000000000311e-01 -2.268072985973576816e-01 -1.752656515505616186e+00
6.700000000000000400e-01 -2.099206660791890222e-01 -1.625568290723796272e+00
6.800000000000000488e-01 -1.942760206666575007e-01 -1.504434648068284197e+00
6.900000000000000577e-01 -1.798094140888643333e-01 -1.390055193012834422e+00
7.000000000000000666e-01 -1.664510755786895169e-01 -1.282818639574217379e+00
7.099999999999999645e-01 -1.541288738328253360e-01 -1.182825824259792435e+00
7.199999999999999734e-01 -1.427707223737556264e-01 -1.089979685511002883e+00
7.299999999999999822e-01 -1.323062131468466240e-01 -1.004050868681192421e+00
7.399999999999999911e-01 -1.226676885882974910e-01 -9.247253350126133364e-01
7.500000000000000000e-01 -1.137909073969076701e-01 -8.516386829595760100e-01
7.600000000000000089e-01 -1.056154186040716425e-01 -7.844006639538722014e-01
7.700000000000000178e-01 -9.808472845883041413e-02 -7.226124718203627006e-01
7.800000000000000266e-01 -9.114632235295312690e-02 -6.658787185338973513e-01
7.900000000000000355e-01 -8.475158747315299224e-02 -6.138155158282037061e-01
8.000000000000000444e-01 -7.885566959157583322e-02 -5.660557164810595676e-01
8.100000000000000533e-01 -7.341728829269250634e-02 -5.222520974545811212e-01
8.200000000000000622e-01 -6.839852817304585553e-02 -4.820790649715510634e-01
8.300000000000000711e-01 -6.376461853902258559e-02 -4.452333110692596740e-01
8.399999999999999689e-01 -5.948371042096248923e-02 -4.114337389399164713e-01
8.499999999999999778e-01 -5.552665698781104192e-02 -3.804208906525098910e-01
8.599999999999999867e-01 -5.186680143804220378e-02 -3.519560484050031079e-01
8.699999999999999956e-01 -4.847977497528028340e-02 -3.258201338949957560e-01
8.800000000000000044e-01 -4.534330641309793075e-02 -3.018124957156863575e-01
8.900000000000000133e-01 -4.243704418972579773e-02 -2.797496488948489346e-01
9.000000000000000222e-01 -3.974239103265711504e-02 -2.594640115656947077e-01
9.100000000000000311e-01 -3.724235113751843407e-02 -2.408026696194926763e-01
9.200000000000000400e-01 -3.492138947176737923e-02 -2.236261897886354655e-01
9.300000000000000488e-01 -3.276530264931324515e-02 -2.078074940058447506e-01
9.400000000000000577e-01 -3.076110072275232282e-02 -1.932308023745482606e-01
9.500000000000000666e-01 -2.889689918742201560e-02 -1.797906481364981990e-01
9.599999999999999645e-01 -2.716182047237953451e-02 -1.673909652363586575e-01
9.699999999999999734e-01 -2.554590419764804152e-02 -1.559442471591089563e-01
9.799999999999999822e-01 -2.404002549720289650e-02 -1.453707744290201054e-01
9.899999999999999911e-01 -2.263582073771268702e-02 -1.355979073390934653e-01
1.000000000000000000e+00 -2.132562000000000346e-02 -1.265594399999999953e-01
1.010000000000000009e+00 -2.010238573064307421e-02 -1.181950115624313957e-01
1.020000000000000018e+00 -1.895965701302826378e-02 -1.104495704052152888e-01
1.030000000000000027e+00 -1.789149894902697380e-02 -1.032728871405887150e-01
1.040000000000000036e+00 -1.689245668330906572e-02 -9.661911242842875780e-02
1.050000000000000044e+00 -1.595751364145631124e-02 -9.044637578411550416e-02
1.060000000000000053e+00 -1.508205359009051963e-02 -8.471642178895751052e-02
1.070000000000000062e+00 -1.426182616194801057e-02 -7.939428035248402571e-02
1.080000000000000071e+00 -1.349291552111181285e-02 -7.444796792154254050e-02
1.090000000000000080e+00 -1.277171187344254034e-02 -6.984821677443824040e-02
1.100000000000000089e+00 0.000000000000000000e+00 -6.556822977414687725e-02
1.110000000000000098e+00 0.000000000000000000e+00 -6.158345817956459994e-02
1.120000000000000107e+00 0.000000000000000000e+00 -5.787140032576809645e-02
1.130000000000000115e+00 0.000000000000000000e+00 -5.441141918225719798e-02
1.140000000000000124e+00 0.000000000000000000e+00 -5.118457698172124148e-02
1.150000000000000133e+00 0.000000000000000000e+00 -4.817348528108122974e-02
1.159999999999999920e+00 0.000000000000000000e+00 -4.536216897180597035e-02
1.169999999999999929e+00 0.000000000000000000e+00 -4.273594289839593996e-02
1.179999999999999938e+00 0.000000000000000000e+00 -4.028129987322017630e-02
1.189999999999999947e+00 0.000000000000000000e+00 -3.798580899339734640e-02
1.199999999999999956e+00 0.000000000000000000e+00 -3.583802327199012150e-02
