0.000000000000000000e+00 5.268956738128800907e+21 6.323134042876919297e+24
1.000000000000000021e-02 2.634799999923175031e+21 3.161759999953904960e+24
2.000000000000000042e-02 6.432617175496248320e+17 3.859570308898873672e+20
2.999999999999999889e-02 4.957840934356411000e+15 1.983136394819107840e+18
4.000000000000000083e-02 1.570462992983398125e+14 4.711389260288084800e+16
5.000000000000000278e-02 1.079213588326399414e+13 2.590113201991678500e+15
5.999999999999999778e-02 1.210408763487621826e+12 2.420819173580182188e+14
7.000000000000000666e-02 1.903573651403507996e+11 3.263274713776518359e+13
8.000000000000000167e-02 3.834109318339823914e+10 5.751185957032441406e+12
8.999999999999999667e-02 9.328908036337291718e+09 1.243864042038941162e+12
1.000000000000000056e-01 2.634723175999998569e+09 3.161713905599998169e+11
1.100000000000000006e-01 8.394851133580456972e+08 9.158255955607058716e+10
1.199999999999999956e-01 2.954846258243434429e+08 2.954974899254237366e+10
1.300000000000000044e-01 1.130749231696876884e+08 1.043841980513592911e+10
1.400000000000000133e-01 4.646392250174248964e+07 3.983059200970078468e+09
1.499999999999999944e-01 2.030057240494430065e+07 1.624315572148630857e+09
1.600000000000000033e-01 9.356110933673333377e+06 7.018800350466333628e+08
1.700000000000000122e-01 4.519130041994641535e+06 3.191097473046180010e+08
1.799999999999999933e-01 2.275342013680841308e+06 1.517647581566044390e+08
1.900000000000000022e-01 1.188798631668828428e+06 7.513358597205346823e+07
2.000000000000000111e-01 6.420613437499996508e+05 3.855969187499997765e+07
2.099999999999999922e-01 3.572964563744719489e+05 2.044253288730518520e+07
2.200000000000000011e-01 2.042854270532937662e+05 1.116132094091934152e+07
2.300000000000000100e-01 1.197112594377967180e+05 6.259342802961801179e+06
2.399999999999999911e-01 7.174407936724422325e+04 3.597254047331154346e+06
2.500000000000000000e-01 4.388993761280000035e+04 2.114269111910400447e+06
2.600000000000000089e-01 2.736137903803577137e+04 1.268571858932083473e+06
2.700000000000000178e-01 1.735596214480522030e+04 7.757826769290892407e+05
2.800000000000000266e-01 1.118679987677756435e+04 4.828504698809303809e+05
2.899999999999999800e-01 7.317679803344852189e+03 3.054727018778100028e+05
2.999999999999999889e-01 4.852458323689744248e+03 1.962059872685774462e+05
3.099999999999999978e-01 3.258524421917935797e+03 1.278118207419173559e+05
3.200000000000000067e-01 2.213776781779585690e+03 8.435815291933932167e+04
3.300000000000000155e-01 1.520235148681905684e+03 5.636283805912631942e+04
3.400000000000000244e-01 1.054349705707123348e+03 3.808994080112267693e+04
3.500000000000000333e-01 7.379148758359751810e+02 2.601636545333321556e+04
3.599999999999999867e-01 5.207624075889965525e+02 1.794695455933358244e+04
3.699999999999999956e-01 3.703035708284669454e+02 1.249539793218280101e+04
3.800000000000000044e-01 2.651177264879244149e+02 8.775006932851318197e+03
3.900000000000000133e-01 1.909675741194015473e+02 6.211814462435095265e+03
4.000000000000000222e-01 1.382904586791991335e+02 4.430051651000973834e+03
4.100000000000000311e-01 1.005995952564384766e+02 3.181058184443932987e+03
4.199999999999999845e-01 7.345335523681575296e+01 2.298608878805827771e+03
4.299999999999999933e-01 5.378347002322286130e+01 1.670511839542198913e+03
4.400000000000000022e-01 3.945260308706803443e+01 1.220350906732886187e+03
4.500000000000000111e-01 2.896009321593826513e+01 8.956252352263098828e+02
4.600000000000000200e-01 2.124440416197012738e+01 6.599671815233376719e+02
4.700000000000000289e-01 1.554931147467002361e+01 4.879873064179391235e+02
4.799999999999999822e-01 1.133249032361037933e+01 3.618285000351258986e+02
4.899999999999999911e-01 8.202562123367693303e+00 2.688425520446533596e+02
5.000000000000000000e-01 5.875404800000000094e+00 2.000105472000000191e+02
5.100000000000000089e-01 4.143608508951746927e+00 1.488604456431541223e+02
5.200000000000000178e-01 2.854971422352311272e+00 1.107197391309802583e+02
5.300000000000000266e-01 1.897258477250169939e+00 8.219571874256097033e+01
5.400000000000000355e-01 1.187329906322026618e+00 6.081152781385311812e+01
5.500000000000000444e-01 6.633393549924125887e-01 4.474961457754596950e+01
5.600000000000000533e-01 2.791022707068290254e-01 3.266974300314163315e+01
5.700000000000000622e-01 8.277639532394686855e-06 2.357910879360991885e+01
5.799999999999999600e-01 -1.999614729333931418e-01 1.673910272666551080e+01
5.899999999999999689e-01 -3.404216475513349716e-01 1.159800802485720084e+01
5.999999999999999778e-01 -4.361945281790453044e-01 7.742158819135153358e+00
6.099999999999999867e-01 -4.985031179856896921e-01 4.860314727132117874e+00
6.199999999999999956e-01 -5.358581375398364655e-01 2.717548320276174323e+00
6.300000000000000044e-01 -5.547201494249937026e-01 1.136015793011319053e+00
6.400000000000000133e-01 -5.599957331476473898e-01 -1.926685116787467747e-02
6.500000000000000222e-01 -5.554106574594757095e-01 -8.509899672866438891e-01
6.600000000000000311e-01 -5.437915020192097826e-01 -1.437431302602630190e+00
6.700000000000000400e-01 -5.272788668456457328e-01 -1.838357048094360513e+00
6.800000000000000488e-01 -5.074892664070406179e-01 -2.099456633832310626e+00
6.900000000000000577e-01 -4.856383940723855708e-01 -2.255687250136624300e+00
7.000000000000000666e-01 -4.626352074782006385e-01 -2.333804480096778544e+00
7.099999999999999645e-01 -4.391539023542080367e-01 -2.354283079168796533e+00
7.199999999999999734e-01 -4.156890797066337129e-01 -2.332779143284817724e+00
7.299999999999999822e-01 -3.925981022384613661e-01 -2.281246214679388373e+00
7.399999999999999911e-01 -3.701336599889809564e-01 -2.208789398342601462e+00
7.500000000000000000e-01 -3.484688349209037472e-01 -2.122320519228286795e+00
7.600000000000000089e-01 -3.277164057886618465e-01 -2.027061739664562712e+00
7.700000000000000178e-01 -3.079437213839484877e-01 -1.926933431753174553e+00
7.800000000000000266e-01 -2.891841578387967515e-01 -1.824853411524999691e+00
7.900000000000000355e-01 -2.714459387296337955e-01 -1.722968125531252115e+00
8.000000000000000444e-01 -2.547189164906739633e-01 -1.622831476852297561e+00
8.100000000000000533e-01 -2.389797761477888971e-01 -1.525543275160307077e+00
8.200000000000000622e-01 -2.241960172029890119e-01 -1.431856491370901985e+00
8.300000000000000711e-01 -2.103289888299680332e-01 -1.342260367213934158e+00
8.399999999999999689e-01 -1.973361915180907866e-01 -1.257044807091426852e+00
8.499999999999999778e-01 -1.851730105046411057e-01 -1.176350239643241258e+00
8.599999999999999867e-01 -1.737940094198549001e-01 -1.100206186591156765e+00
8.699999999999999956e-01 -1.631538840004648216e-01 -1.028561046953624158e+00
8.800000000000000044e-01 -1.532081535762433722e-01 -9.613050431268019835e-01
8.900000000000000133e-01 -1.439136508289309002e-01 -8.982878419765585321e-01
9.000000000000000222e-01 -1.352288569385141082e-01 -8.393320289617819396e-01
9.100000000000000311e-01 -1.271141188050140813e-01 -7.842433536102921821e-01
9.200000000000000400e-01 -1.195317769012488318e-01 -7.328184630276027844e-01
9.300000000000000488e-01 -1.124462259621530902e-01 -6.848506832717706772e-01
9.400000000000000577e-01 -1.058239257542569201e-01 -6.401342862180556814e-01
9.500000000000000666e-01 -9.963337528916013652e-02 -5.984675841683820829e-01
9.599999999999999645e-01 -9.384506081018469115e-02 -5.596551199330396242e-01
9.699999999999999734e-01 -8.843138550756335370e-02 -5.235091617980981438e-01
9.799999999999999822e-01 -8.336658706104595196e-02 -4.898506671144051139e-01
9.899999999999999911e-01 -7.862664765774818321e-02 -4.585098424313964194e-01
1.000000000000000000e+00 -7.418919999999999682e-02 -4.293264000000001079e-01
1.010000000000000009e+00 -7.003343193444054593e-02 -4.021495884101698448e-01
1.020000000000000018e+00 -6.613999164604948688e-02 -3.768380578060407937e-01
1.030000000000000027e+00 -6.249089482713261756e-02 -3.532596065172825539e-01
1.040000000000000036e+00 -5.906943481845916555e-02 -3.312908452628400835e-01
1.050000000000000044e+00 -5.586009640179804420e-02 -3.108168066993359790e-01
1.060000000000000053e+00 -5.284847367958502018e-02 -2.917305215118811690e-01
1.070000000000000062e+00 -5.002119229227225405e-02 -2.739325770956902995e-01
1.080000000000000071e+00 -4.736583608438717230e-02 -2.573306708505928575e-01
1.090000000000000080e+00 -4.487087822646568941e-02 -2.418391669693348289e-01
1.100000000000000089e+00 0.000000000000000000e+00 -2.273786631569720551e-01
1.110000000000000098e+00 0.000000000000000000e+00 -2.138755718247050963e-01
1.120000000000000107e+00 0.000000000000000000e+00 -2.012617188404006718e-01
1.130000000000000115e+00 0.000000000000000000e+00 -1.894739617975017276e-01
1.140000000000000124e+00 0.000000000000000000e+00 -1.784538289111088361e-01
1.150000000000000133e+00 0.000000000000000000e+00 -1.681471790070559469e-01
1.159999999999999920e+00 0.000000000000000000e+00 -1.585038825912027383e-01
1.169999999999999929e+00 0.000000000000000000e+00 -1.494775236358745762e-01
1.179999999999999938e+00 0.000000000000000000e+00 -1.410251214699097533e-01
1.189999999999999947e+00 0.000000000000000000e+00 -1.331068719856006166e-01
1.199999999999999956e+00 0.000000000000000000e+00 -1.256859072622041329e-01
