0.000000000000000000e+00 4.442717647690546545e+20 3.198951966934746813e+23
1.666666666666666644e-02 2.221630018914356756e+20 1.599573613692533017e+23
3.333333333333333287e-02 5.423901381664898400e+16 1.952604503195976909e+19
5.000000000000000278e-02 4.180388545242531250e+14 1.003293284784432320e+17
6.666666666666666574e-02 1.324194177941929297e+13 2.383549973155909000e+15
8.333333333333334259e-02 9.099783367801142578e+11 1.310369754680534531e+14
1.000000000000000056e-01 1.020598323724229279e+11 1.224720638955397656e+13
1.166666666666666824e-01 1.605057202546413422e+10 1.650924989207059570e+12
1.333333333333333315e-01 3.232818549100031376e+09 2.909572073911630859e+11
1.499999999999999944e-01 7.865751280282530785e+08 6.292756150997533417e+10
1.666666666666666852e-01 2.221423917304014266e+08 1.599499417112809563e+10
1.833333333333333481e-01 7.077634505399082601e+07 4.633014240596079826e+09
2.000000000000000111e-01 2.491015680323141441e+07 1.494816477437835932e+09
2.166666666666666741e-01 9.531406522655272856e+06 5.280115288057566881e+08
2.333333333333333648e-01 3.915902210765865631e+06 2.014596428430043459e+08
2.500000000000000000e-01 1.710477865269975737e+06 8.214636310086794198e+07
2.666666666666666630e-01 7.880530732606388628e+05 3.549002870423128456e+07
2.833333333333333814e-01 3.804618294084905647e+05 1.613175928954132833e+07
2.999999999999999889e-01 1.914384476018038404e+05 7.669657183096284047e+06
3.166666666666667074e-01 9.993759851053758757e+04 3.795409589068336412e+06
3.333333333333333703e-01 5.391698005048993946e+04 1.946807895405113464e+06
3.499999999999999778e-01 2.996200580262890435e+04 1.031388315430446062e+06
3.666666666666666963e-01 1.710044157943854225e+04 5.626253946477392456e+05
3.833333333333333592e-01 9.998435338445429807e+03 3.151736593049888615e+05
4.000000000000000222e-01 5.975417820052151001e+03 1.808802630699342990e+05
4.166666666666666852e-01 3.642857366271510728e+03 1.061299301264397800e+05
4.333333333333333481e-01 2.261328209014431195e+03 6.354518151107327139e+04
4.500000000000000666e-01 1.426954366738058297e+03 3.876142953052222583e+04
4.666666666666667296e-01 9.139296391367670367e+02 2.405094074891759374e+04
4.833333333333333370e-01 5.932583803261795765e+02 1.515930219471539931e+04
5.000000000000000000e-01 3.897670286886182112e+02 9.693670937816705191e+03
5.166666666666667185e-01 2.588308017499632001e+02 6.281236417500320385e+03
5.333333333333333259e-01 1.735009600228355851e+02 4.119712284127372186e+03
5.500000000000000444e-01 1.172413464620861845e+02 2.732088191150549392e+03
5.666666666666667629e-01 7.975303918282382654e+01 1.830152019133234035e+03
5.833333333333333703e-01 5.453210674795212043e+01 1.237124235255404983e+03
5.999999999999999778e-01 3.741765592670809326e+01 8.430349859101725087e+02
6.166666666666666963e-01 2.571534995586284822e+01 5.785645965252851965e+02
6.333333333333334147e-01 1.766067558253230274e+01 3.994717086983687295e+02
6.500000000000000222e-01 1.208580196454390787e+01 2.771894726949714709e+02
6.666666666666667407e-01 8.210164183184472719e+00 1.930689989494774750e+02
6.833333333333334592e-01 5.507237090592177253e+00 1.348100303840631966e+02
6.999999999999999556e-01 3.618817804438916319e+00 9.422082238657000630e+01
7.166666666666666741e-01 2.299284537896883140e+00 6.579603283002604996e+01
7.333333333333333925e-01 1.378982225316987886e+00 4.580406462965979841e+01
7.500000000000000000e-01 7.399422300760535309e-01 3.169530243435040973e+01
7.666666666666667185e-01 2.996360546848430007e-01 2.171465683896522592e+01
7.833333333333334370e-01 1.218675976895114061e-05 1.464552183693882625e+01
8.000000000000000444e-01 -1.999613640383397783e-01 9.639083198564019739e+00
8.166666666666666519e-01 -3.294082673837196440e-01 6.099575146002592874e+00
8.333333333333333703e-01 -4.090719694072658119e-01 3.606535342256214083e+00
8.500000000000000888e-01 -4.537673462969518123e-01 1.861732251137785399e+00
8.666666666666666963e-01 -4.740950514039548036e-01 6.526769317368451562e-01
8.833333333333334147e-01 -4.776473361696051967e-01 -1.726324012724415602e-01
9.000000000000001332e-01 -4.698608290976892810e-01 -7.233025845264093867e-01
9.166666666666667407e-01 -4.546226930050276116e-01 -1.077873585824103975e+00
9.333333333333334592e-01 -4.347034910465796265e-01 -1.293006717691423502e+00
9.500000000000001776e-01 -4.120676155650662142e-01 -1.409640347181855713e+00
9.666666666666666741e-01 -3.880967619032797966e-01 -1.457373107921851707e+00
9.833333333333332815e-01 -3.637513474616839715e-01 -1.457599552659900821e+00
1.000000000000000000e+00 -3.396874463093720875e-01 -1.425763033135372115e+00
1.016666666666666607e+00 -3.163417019330577173e-01 -1.372980777643368455e+00
1.033333333333333437e+00 -2.939931012436300395e-01 -1.307220368641648589e+00
1.050000000000000044e+00 -2.728079708740822618e-01 -1.234154236197301024e+00
1.066666666666666652e+00 -2.528727705598556863e-01 -1.157782078067343567e+00
1.083333333333333481e+00 -2.342179870856023749e-01 -1.080885357954068704e+00
1.100000000000000089e+00 -2.168355232445013658e-01 -1.005359861704674396e+00
1.116666666666666696e+00 -2.006913233834974886e-01 -9.324594081788012412e-01
1.133333333333333526e+00 -1.857345062558880544e-01 -8.629746345070112845e-01
1.150000000000000133e+00 -1.719039349896366586e-01 -7.973642087299341874e-01
1.166666666666666741e+00 -1.591329062376558856e-01 -7.358511035753400042e-01
1.183333333333333348e+00 -1.473524599232660104e-01 -6.784931596785581664e-01
1.199999999999999956e+00 -1.364936788433005754e-01 -6.252346995579224354e-01
1.216666666666666785e+00 -1.264892504387523098e-01 -5.759441599150387781e-01
1.233333333333333393e+00 -1.172744917252540181e-01 -5.304414010737754648e-01
1.250000000000000000e+00 -1.087879857912058823e-01 -4.885173943590572221e-01
1.266666666666666829e+00 -1.009719394195678632e-01 -4.499482848147473568e-01
1.283333333333333437e+00 -9.377234263417588700e-02 -4.145053087452741369e-01
1.300000000000000044e+00 -8.713898965969324450e-02 -3.819616632384602029e-01
1.316666666666666874e+00 -8.102540497355879834e-02 -3.520971419288791981e-01
1.333333333333333481e+00 -7.538870639206900204e-02 -3.247011414961442632e-01
1.350000000000000089e+00 -7.018942842039443963e-02 -2.995744875713117206e-01
1.366666666666666918e+00 -6.539132263194505357e-02 -2.765304127972187387e-01
1.383333333333333526e+00 -6.096114705154912633e-02 -2.553949334361774737e-01
1.399999999999999911e+00 -5.686845297303395885e-02 -2.360068065397107062e-01
1.416666666666666741e+00 -5.308537502790158791e-02 -2.182172016749154564e-01
1.433333333333333348e+00 -4.958642840162154342e-02 -2.018891853817872117e-01
1.449999999999999956e+00 -4.634831569127747380e-02 -1.868970898276730019e-01
1.466666666666666785e+00 -4.334974488113355062e-02 -1.731258172311494481e-01
1.483333333333333393e+00 -4.057125918252390412e-02 -1.604701168344746243e-01
1.500000000000000000e+00 -3.799507896749283048e-02 -1.488338602310867731e-01
1.516666666666666829e+00 -3.560495566651591254e-02 -1.381293327442175423e-01
1.533333333333333437e+00 -3.338603725798218458e-02 -1.282765525863630296e-01
1.550000000000000044e+00 -3.132474481988341969e-02 -1.192026251681342491e-01
1.566666666666666874e+00 -2.940865951912383092e-02 -1.108411367639851597e-01
1.583333333333333481e+00 -2.762641936368355824e-02 -1.031315894771170916e-01
1.600000000000000089e+00 -2.596762502461107125e-02 -9.601887784755865074e-02
1.616666666666666696e+00 -2.442275403887073093e-02 -8.945280634384697449e-02
1.633333333333333304e+00 -2.298308272331656132e-02 -8.338764624043716600e-02
1.650000000000000133e+00 -2.164061515926277157e-02 -7.778172991267630343e-02
1.666666666666666741e+00 -2.038801864244742246e-02 -7.259708030592734729e-02
1.683333333333333348e+00 -1.921856503186311974e-02 -6.779907320055572617e-02
1.700000000000000178e+00 -1.812607747097598129e-02 -6.335612985918208373e-02
1.716666666666666785e+00 -1.710488199487709970e-02 -5.923943767647163461e-02
1.733333333333333393e+00 -1.614976357595399037e-02 -5.542269653227110959e-02
1.750000000000000222e+00 -1.525592619809935935e-02 -5.188188865954312251e-02
1.766666666666666829e+00 -1.441895658489696433e-02 -4.859506996718390703e-02
1.783333333333333437e+00 -1.363479124041497986e-02 -4.554218089569602584e-02
1.800000000000000266e+00 -1.289968649209764610e-02 -4.270487502458758522e-02
1.816666666666666874e+00 -1.221019125376429128e-02 -4.006636378993083669e-02
1.833333333333333481e+00 0.000000000000000000e+00 -3.761127580577026952e-02
1.850000000000000311e+00 0.000000000000000000e+00 -3.532552941209556735e-02
1.866666666666666918e+00 0.000000000000000000e+00 -3.319621719370864643e-02
1.883333333333333526e+00 0.000000000000000000e+00 -3.121150132788971798e-02
1.900000000000000355e+00 0.000000000000000000e+00 -2.936051872406696128e-02
1.916666666666666963e+00 0.000000000000000000e+00 -2.763329501575664468e-02
1.933333333333333348e+00 0.000000000000000000e+00 -2.602066655409356055e-02
1.949999999999999956e+00 0.000000000000000000e+00 -2.451420963366526817e-02
1.966666666666666563e+00 0.000000000000000000e+00 -2.310617625552847942e-02
1.983333333333333393e+00 0.000000000000000000e+00 -2.178943579968942168e-02
2.000000000000000000e+00 0.000000000000000000e+00 -2.055742204046535557e-02
