0.000000000000000000e+00 4.182289403911865631e+20 5.019053642346210127e+23
1.000000000000000021e-02 2.091399999805979361e+20 2.509679999883587533e+23
2.000000000000000042e-02 5.105957000934374400e+16 3.063574209655311565e+19
2.999999999999999889e-02 3.935337805249165000e+14 1.574135175328746880e+17
4.000000000000000083e-02 1.246571067150878711e+13 3.739713911975097000e+15
5.000000000000000278e-02 8.566361982719996338e+11 2.055928365926398750e+14
5.999999999999999778e-02 9.607717378146168518e+10 1.921547634151181641e+13
7.000000000000000666e-02 1.510970145601718903e+10 2.590248670826853516e+12
8.000000000000000167e-02 3.043313538104295254e+09 4.565025816723703613e+11
8.999999999999999667e-02 7.404667783243236542e+08 9.873133766230731201e+10
1.000000000000000056e-01 2.091205979999999106e+08 2.509563587999998474e+10
1.100000000000000006e-01 6.662749729275313020e+07 7.269051627747117996e+09
1.199999999999999956e-01 2.344994509111085907e+07 2.345319393638263226e+09
1.300000000000000044e-01 8.972683770052287728e+06 8.284332541362017393e+08
1.400000000000000133e-01 3.686355433702534530e+06 3.160837565577045679e+08
1.499999999999999944e-01 1.610211143453366356e+06 1.288850246998632699e+08
1.600000000000000033e-01 7.418580894664045190e+05 5.568272355940279365e+07
1.700000000000000122e-01 3.581594892059891718e+05 2.531021603332324326e+07
1.799999999999999933e-01 1.802164932394310308e+05 1.203344761490067840e+07
1.900000000000000022e-01 9.407934407485627162e+04 5.954876654943099245e+06
2.000000000000000111e-01 5.075641406249997817e+04 3.054479531249998137e+06
2.099999999999999922e-01 2.820565944473145646e+04 1.618215392879987136e+06
2.200000000000000011e-01 1.609802884075346810e+04 8.827413131281310925e+05
2.300000000000000100e-01 9.412335964117000913e+03 4.944974280256188940e+05
2.399999999999999911e-01 5.625144186246834579e+03 2.837953696809170651e+05
2.500000000000000000e-01 3.429316362240000672e+03 1.665144795955200389e+05
2.600000000000000089e-01 2.128771215997353920e+03 9.970036604355418240e+04
2.700000000000000178e-01 1.343307622377446705e+03 6.081544884586027183e+04
2.800000000000000266e-01 8.603559424795347468e+02 3.773516057324260328e+04
2.899999999999999800e-01 5.584821418024451987e+02 2.378446288065776025e+04
2.999999999999999889e-01 3.669192666730646124e+02 1.520906147625043013e+04
3.099999999999999978e-01 2.436583999286167455e+02 9.855060341338314174e+03
3.200000000000000067e-01 1.633305132902051753e+02 6.463697759495622449e+03
3.300000000000000155e-01 1.103687845118751341e+02 4.286559695952545553e+03
3.400000000000000244e-01 7.507800529263649025e+01 2.871450517363317431e+03
3.500000000000000333e-01 5.133549880221139006e+01 1.941008767799043653e+03
3.599999999999999867e-01 3.522427960094235999e+01 1.322695249239295435e+03
3.699999999999999956e-01 2.420795048653047488e+01 9.077495994789617271e+02
3.800000000000000044e-01 1.662543234747598930e+01 6.267585355170776893e+02
3.900000000000000133e-01 1.137735149871333107e+01 4.349015792252056940e+02
4.000000000000000222e-01 7.728899002075192648e+00 3.029192161560056888e+02
4.100000000000000311e-01 5.184414111420494464e+00 2.115127341158144816e+02
4.199999999999999845e-01 3.406691450323297232e+00 1.478295462004475382e+02
4.299999999999999933e-01 2.164507338972391892e+00 1.032319455241328399e+02
4.400000000000000022e-01 1.298151721120104130e+00 7.186517475026394663e+01
4.500000000000000111e-01 6.965711603794478846e-01 4.972896829780235350e+01
4.600000000000000200e-01 2.820748928195918603e-01 3.406964654123039082e+01
4.700000000000000289e-01 1.432279455819696170e-05 2.297839319994906759e+01
4.799999999999999822e-01 -1.882372906647868105e-01 1.512344561287499722e+01
4.899999999999999911e-01 -3.100964214797725660e-01 9.570066109798109011e+00
5.000000000000000000e-01 -3.850905599999999152e-01 5.658562560000001795e+00
5.100000000000000089e-01 -4.271661530715551436e-01 2.921019086072766502e+00
5.200000000000000178e-01 -4.463024578220221028e-01 1.024047228020744216e+00
5.300000000000000266e-01 -4.496466785860473436e-01 -2.708390401473536602e-01
5.400000000000000355e-01 -4.423167568550238626e-01 -1.134824925108267824e+00
5.500000000000000444e-01 -4.279719962293101476e-01 -1.691137180808766516e+00
5.600000000000000533e-01 -4.092205543047718885e-01 -2.028675640417199055e+00
5.700000000000000622e-01 -3.879116745277113587e-01 -2.211671330240048583e+00
5.799999999999999600e-01 -3.653460602276162872e-01 -2.286563590878325058e+00
5.899999999999999689e-01 -3.424278314800586753e-01 -2.286919817077190498e+00
5.999999999999999778e-01 -3.197746051537235790e-01 -2.236970155200671773e+00
6.099999999999999867e-01 -2.977974301820275893e-01 -2.154157198760042302e+00
6.199999999999999956e-01 -2.767589404594454350e-01 -2.050981844792777231e+00
6.300000000000000044e-01 -2.568157135191486140e-01 -1.936343967264955168e+00
6.400000000000000133e-01 -2.380491416135825655e-01 -1.816518974684920185e+00
6.500000000000000222e-01 -2.204879250353158904e-01 -1.695870903665008589e+00
6.600000000000000311e-01 -2.041244417645092790e-01 -1.577374189235429158e+00
6.700000000000000400e-01 -1.889266329273107115e-01 -1.462996039623752242e+00
6.800000000000000488e-01 -1.748466002983906920e-01 -1.353976944790304948e+00
6.900000000000000577e-01 -1.618267911517414781e-01 -1.251036545013137546e+00
7.000000000000000666e-01 -1.498044125441017060e-01 -1.154524681489762283e+00
7.099999999999999645e-01 -1.387145470520140533e-01 -1.064532107876618117e+00
7.199999999999999734e-01 -1.284923175793106498e-01 -9.809714710519227276e-01
7.299999999999999822e-01 -1.190743575824913525e-01 -9.036363550631865138e-01
7.399999999999999911e-01 -1.103997759244132182e-01 -8.322441288238842105e-01
7.500000000000000000e-01 -1.024107560646619342e-01 -7.664668350318475376e-01
7.600000000000000089e-01 -9.505289272062740491e-02 -7.059532541666150296e-01
7.700000000000000178e-01 -8.827534206373331693e-02 -6.503444648312076692e-01
7.800000000000000266e-01 -8.203084145278904948e-02 -5.992846218443864670e-01
7.900000000000000355e-01 -7.627563982248608543e-02 -5.524282296311362472e-01
8.000000000000000444e-01 -7.096936879679557886e-02 -5.094448593445121132e-01
8.100000000000000533e-01 -6.607487639539121049e-02 -4.700220136733317955e-01
8.200000000000000622e-01 -6.155803911576632204e-02 -4.338666614037824387e-01
8.300000000000000711e-01 -5.738756366360209249e-02 -4.007058283187526770e-01
8.399999999999999689e-01 -5.353478626780144162e-02 -3.702865300104747348e-01
8.499999999999999778e-01 -4.997347505593070782e-02 -3.423752568399847651e-01
8.599999999999999867e-01 -4.667963915819483417e-02 -3.167571650760394597e-01
8.699999999999999956e-01 -4.363134688751549306e-02 -2.932350863418315412e-01
8.800000000000000044e-01 -4.080855438573394167e-02 -2.716284362849569756e-01
8.900000000000000133e-01 -3.819294543859785840e-02 -2.517720801760959248e-01
9.000000000000000222e-01 -3.576778267551909696e-02 -2.335151959260587384e-01
9.100000000000000311e-01 -3.351777003204082367e-02 -2.167201622858688226e-01
9.200000000000000400e-01 -3.142892612452505979e-02 -2.012614906335659648e-01
9.300000000000000488e-01 -2.948846803855407345e-02 -1.870248119087782324e-01
9.400000000000000577e-01 -2.768470494307612162e-02 -1.739059252965607927e-01
9.500000000000000666e-01 -2.600694089508702803e-02 -1.618099117079609406e-01
9.599999999999999645e-01 -2.444538618245066519e-02 -1.506503125970812262e-01
9.699999999999999734e-01 -2.299107655627464358e-02 -1.403483729229333399e-01
9.799999999999999822e-01 -2.163579972237363036e-02 -1.308323459060045102e-01
9.899999999999999911e-01 -2.037202848884048234e-02 -1.220368564915796511e-01
1.000000000000000000e+00 -1.919286000000000256e-02 -1.139023200000000013e-01
1.010000000000000009e+00 -1.809196052343016101e-02 -1.063744122324250391e-01
1.020000000000000018e+00 -1.706351529443534895e-02 -9.940358724526002221e-02
1.030000000000000027e+00 -1.610218296003270225e-02 -9.294463905954841731e-02
1.040000000000000036e+00 -1.520305420126711118e-02 -8.695630369798812431e-02
1.050000000000000044e+00 -1.436161414790619074e-02 -8.140089811582021384e-02
1.060000000000000053e+00 -1.357370823291210830e-02 -7.624399279366195215e-02
1.070000000000000062e+00 -1.283551116533236496e-02 -7.145411497669210132e-02
1.080000000000000071e+00 -1.214349872930277352e-02 -6.700247976566416075e-02
1.090000000000000080e+00 -1.149442214370236144e-02 -6.286274648418811728e-02
1.100000000000000089e+00 0.000000000000000000e+00 -5.901079795893542784e-02
1.110000000000000098e+00 0.000000000000000000e+00 -5.542454055185720707e-02
1.120000000000000107e+00 0.000000000000000000e+00 -5.208372297431345527e-02
1.130000000000000115e+00 0.000000000000000000e+00 -4.896977209120703667e-02
1.140000000000000124e+00 0.000000000000000000e+00 -4.606564408842740016e-02
1.150000000000000133e+00 0.000000000000000000e+00 -4.335568952919615499e-02
1.159999999999999920e+00 0.000000000000000000e+00 -4.082553096462767511e-02
1.169999999999999929e+00 0.000000000000000000e+00 -3.846195189152129545e-02
1.179999999999999938e+00 0.000000000000000000e+00 -3.625279596676391630e-02
1.189999999999999947e+00 0.000000000000000000e+00 -3.418687549347530080e-02
1.199999999999999956e+00 0.000000000000000000e+00 -3.225388828994753265e-02
