0.000000000000000000e+00 2.005347910579005030e+20 1.443938632129219354e+23
1.666666666666666644e-02 1.002796366954170450e+20 7.220133842641131405e+22
3.333333333333333287e-02 2.448233293359000800e+16 8.813639900709919744e+18
5.000000000000000278e-02 1.886938063612347188e+14 4.528651613805530400e+16
6.666666666666666574e-02 5.977128251332852539e+12 1.075883433814258250e+15
8.333333333333334259e-02 4.107443766730399780e+11 5.914726334225617969e+13
1.000000000000000056e-01 4.606748911078516388e+10 5.528119094536165039e+12
1.166666666666666824e-01 7.244829824759742737e+09 7.451894309833725586e+11
1.333333333333333315e-01 1.459200256174682617e+09 1.313307462927901154e+11
1.499999999999999944e-01 3.550308766482512951e+08 2.840366416888292313e+10
1.666666666666666852e-01 1.002637727055448890e+08 7.219562739005731583e+09
1.833333333333333481e-01 3.194322782734873518e+07 2.091122524550020218e+09
2.000000000000000111e-01 1.124171577313069254e+07 6.746623310905339718e+08
2.166666666666666741e-01 4.300914159203966148e+06 2.382954912833026052e+08
2.333333333333333648e-01 1.766683298304716125e+06 9.091217571704627573e+07
2.500000000000000000e-01 7.714971952065841760e+05 3.706529076471810788e+07
2.666666666666666630e-01 3.553192686226958176e+05 1.601064237762019970e+07
2.833333333333333814e-01 1.714605310178259388e+05 7.275775658569201827e+06
2.999999999999999889e-01 8.621832723078777781e+04 3.458061503472308163e+06
3.166666666666667074e-01 4.497023886109726300e+04 1.710524474233942106e+06
3.333333333333333703e-01 2.423445809183794336e+04 8.769022429194545839e+05
3.499999999999999778e-01 1.344771099140736987e+04 4.642352604194949381e+05
3.666666666666666963e-01 7.660906815063358408e+03 2.530101707366888586e+05
3.833333333333333592e-01 4.468759883283222734e+03 1.415689514319335867e+05
4.000000000000000222e-01 2.662843724969909090e+03 8.113050473888128181e+04
4.166666666666666852e-01 1.617434158011472391e+03 4.751780088266156963e+04
4.333333333333333481e-01 9.994764524878369230e+02 2.838886237182590048e+04
4.500000000000000666e-01 6.271616281636001986e+02 1.727028037371883329e+04
4.666666666666667296e-01 3.989131782069245560e+02 1.068102930302867571e+04
4.833333333333333370e-01 2.567539866817653547e+02 6.705659014612505416e+03
5.000000000000000000e-01 1.669325033816298856e+02 4.267515978050272679e+03
5.166666666666667185e-01 1.094380425217531894e+02 2.749365835505964242e+03
5.333333333333333259e-01 7.220421331684798361e+01 1.790807999620392366e+03
5.500000000000000444e-01 4.783996825189956326e+01 1.177785130947143671e+03
5.666666666666667629e-01 3.175167358899356174e+01 7.811217747346440774e+02
5.833333333333333703e-01 2.104549854683358490e+01 5.217004164462176732e+02
5.999999999999999778e-01 1.387544491510728939e+01 3.503871345583668244e+02
6.166666666666666963e-01 9.050185720432379455e+00 2.362710936417964831e+02
6.333333333333334147e-01 5.792592414915438859e+00 1.596692799893837673e+02
6.500000000000000222e-01 3.590684366175465936e+00 1.079058234390966931e+02
6.666666666666667407e-01 2.104083848956891600e+00 7.273094376004216599e+01
6.833333333333334592e-01 1.104614377164895300e+00 4.872245394680643216e+01
6.999999999999999556e-01 4.381625652080382571e-01 3.228388616103925557e+01
7.166666666666666741e-01 -6.263717190770846303e-05 2.100944065637462188e+01
7.333333333333333925e-01 -2.817362849623213927e-01 1.327714536593519767e+01
7.500000000000000000e-01 -4.561304963727070838e-01 7.985585950157335411e+00
7.666666666666667185e-01 -5.572569181063099508e-01 4.381918540833435571e+00
7.833333333333334370e-01 -6.086667904283883379e-01 1.948505188249962661e+00
8.000000000000000444e-01 -6.267008867487801060e-01 3.275569314560076162e-01
8.166666666666666519e-01 -6.227051678352100161e-01 -7.293581195806448925e-01
8.333333333333333703e-01 -6.045509751434035017e-01 -1.395400198852771778e+00
8.500000000000000888e-01 -5.776841799642918884e-01 -1.791629939963306661e+00
8.666666666666666963e-01 -5.458531068976016920e-01 -2.002865171157018231e+00
8.833333333333334147e-01 -5.116159996270651655e-01 -2.088598575313650674e+00
9.000000000000001332e-01 -4.766962863877592382e-01 -2.090557599575112668e+00
9.166666666666667407e-01 -4.422321903995176662e-01 -2.037966874596290889e+00
9.333333333333334592e-01 -4.089526251369860477e-01 -1.951229015205094841e+00
9.500000000000001776e-01 -3.773014218843779299e-01 -1.844510381050572523e+00
9.666666666666666741e-01 -3.475251930112934762e-01 -1.727564623132769261e+00
9.833333333333332815e-01 -3.197355083202486070e-01 -1.607023041246345985e+00
1.000000000000000000e+00 -2.939528699455406513e-01 -1.487310244884337829e+00
1.016666666666666607e+00 -2.701377567994169282e-01 -1.371295387050017078e+00
1.033333333333333437e+00 -2.482124651750983180e-01 -1.260756076170848061e+00
1.050000000000000044e+00 -2.280763897918047789e-01 -1.156709135755338069e+00
1.066666666666666652e+00 -2.096166275963140535e-01 -1.059646435526403696e+00
1.083333333333333481e+00 -1.927152479216233949e-01 -9.697028756081063072e-01
1.100000000000000089e+00 -1.772541902413351245e-01 -8.867757827728870446e-01
1.116666666666666696e+00 -1.631184784001028509e-01 -8.106094611718538401e-01
1.133333333333333526e+00 -1.501982455734737487e-01 -7.408547332543988784e-01
1.150000000000000133e+00 -1.383899247338848393e-01 -6.771105290902581508e-01
1.166666666666666741e+00 -1.275968592004926849e-01 -6.189526004601036968e-01
1.183333333333333348e+00 -1.177295157223061106e-01 -5.659530172315735408e-01
1.199999999999999956e+00 -1.087054305417688715e-01 -5.176930846659617558e-01
1.216666666666666785e+00 -1.004489813549195310e-01 -4.737715866631926342e-01
1.233333333333333393e+00 -9.289105098528310789e-02 -4.338097304406020038e-01
1.250000000000000000e+00 -8.596862902656854377e-02 -3.974537851885894257e-01
1.266666666666666829e+00 -7.962438360232940160e-02 -3.643761298392006465e-01
1.283333333333333437e+00 -7.380622523787165601e-02 -3.342752238944827758e-01
1.300000000000000044e+00 -6.846687755555440347e-02 -3.068748692470975592e-01
1.316666666666666874e+00 -6.356346430274313619e-02 -2.819230249393095966e-01
1.333333333333333481e+00 -5.905711853094967184e-02 -2.591903599127805546e-01
1.350000000000000089e+00 -5.491261714975474023e-02 -2.384686730841658331e-01
1.366666666666666918e+00 -5.109804227744005334e-02 -2.195692697949881700e-01
1.383333333333333526e+00 -4.758446958134005672e-02 -2.023213546496247239e-01
1.399999999999999911e+00 -4.434568298393986446e-02 -1.865704799267275948e-01
1.416666666666666741e+00 -4.135791458842474899e-02 -1.721770739034478304e-01
1.433333333333333348e+00 -3.859960836427034359e-02 -1.590150629428951357e-01
1.449999999999999956e+00 -3.605120596735844618e-02 -1.469705938737609907e-01
1.466666666666666785e+00 -3.369495300486227002e-02 -1.359408581658439752e-01
1.483333333333333393e+00 -3.151472406008036520e-02 -1.258330160382997165e-01
1.500000000000000000e+00 -2.949586484297430158e-02 -1.165632164616019067e-01
1.516666666666666829e+00 -2.762504991152241185e-02 -1.080557076876303146e-01
1.533333333333333437e+00 -2.589015450517834216e-02 -1.002420322153085713e-01
1.550000000000000044e+00 -2.428013913632214721e-02 -9.306029978981611439e-02
1.566666666666666874e+00 -2.278494569281280802e-02 -8.645453200941259631e-02
1.583333333333333481e+00 -2.139540391067893885e-02 -8.037407227975425228e-02
1.600000000000000089e+00 -2.010314717805799026e-02 -7.477305514256220309e-02
1.616666666666666696e+00 -1.890053672812677665e-02 -6.960992936465874859e-02
1.633333333333333304e+00 -1.778059336905948168e-02 -6.484702957021065695e-02
1.650000000000000133e+00 -1.673693598258641987e-02 -6.045019160953723353e-02
1.666666666666666741e+00 -1.576372609942638947e-02 -5.638840726577437623e-02
1.683333333333333348e+00 -1.485561792986459656e-02 -5.263351429528620451e-02
1.700000000000000178e+00 -1.400771329133119331e-02 -4.915991817223953897e-02
1.716666666666666785e+00 -1.321552093237213059e-02 -4.594434225829435725e-02
1.733333333333333393e+00 -1.247491980431312403e-02 -4.296560344300488776e-02
1.750000000000000222e+00 -1.178212587863560964e-02 -4.020441059874347439e-02
1.766666666666666829e+00 -1.113366215004960025e-02 -3.764318346615891375e-02
1.783333333333333437e+00 -1.052633150288775736e-02 -3.526588983337446137e-02
1.800000000000000266e+00 -9.957192152163235263e-03 -3.305789909571053148e-02
1.816666666666666874e+00 -9.423535400811712190e-03 -3.100585048427911827e-02
1.833333333333333481e+00 0.000000000000000000e+00 -2.909753443303614295e-02
1.850000000000000311e+00 0.000000000000000000e+00 -2.732178571650015902e-02
1.866666666666666918e+00 0.000000000000000000e+00 -2.566838713601595282e-02
1.883333333333333526e+00 0.000000000000000000e+00 -2.412798266275309814e-02
1.900000000000000355e+00 0.000000000000000000e+00 -2.269199906207736150e-02
1.916666666666666963e+00 0.000000000000000000e+00 -2.135257512790730838e-02
1.933333333333333348e+00 0.000000000000000000e+00 -2.010249774844851192e-02
1.949999999999999956e+00 0.000000000000000000e+00 -1.893514410745191293e-02
1.966666666666666563e+00 0.000000000000000000e+00 -1.784442939893269783e-02
1.983333333333333393e+00 0.000000000000000000e+00 -1.682475949907036999e-02
2.000000000000000000e+00 0.000000000000000000e+00 -1.587098809765621552e-02
