0.000000000000000000e+00 1.776169388968159478e+20 1.278920024005197368e+23
1.666666666666666644e-02 8.881931164942899610e+19 6.394990439264718474e+22
3.333333333333333287e-02 2.168440204204633600e+16 7.806384774654858240e+18
5.000000000000000278e-02 1.671291854041519062e+14 4.011100680990315200e+16
6.666666666666666574e-02 5.294040090498914062e+12 9.529275250255808750e+14
8.333333333333334259e-02 3.638030013154874268e+11 5.238769693601525781e+13
1.000000000000000056e-01 4.080272732620427704e+10 4.896345348728131836e+12
1.166666666666666824e-01 6.416864074734436035e+09 6.600264469826474609e+11
1.333333333333333315e-01 1.292437494007681847e+09 1.163217864589441223e+11
1.499999999999999944e-01 3.144566448018738031e+08 2.515758915465890121e+10
1.666666666666666852e-01 8.880526075525808334e+07 6.394484607074565887e+09
1.833333333333333481e-01 2.829263853242086247e+07 1.852141367003776550e+09
2.000000000000000111e-01 9.956971255714057013e+06 5.975594439648635387e+08
2.166666666666666741e-01 3.809389919671032112e+06 2.110622082443730533e+08
2.333333333333333648e-01 1.564780258186017396e+06 8.052239884704431891e+07
2.500000000000000000e-01 6.833276721209273674e+05 3.282933346760518104e+07
2.666666666666666630e-01 3.147120840951581486e+05 1.418088752063208073e+07
2.833333333333333814e-01 1.518653962084712111e+05 6.444273392529472709e+06
2.999999999999999889e-01 7.636498321538171149e+04 3.062861598216807470e+06
3.166666666666667074e-01 3.983087700169254094e+04 1.515039497891404666e+06
3.333333333333333703e-01 2.146485682062618434e+04 7.766866634799230378e+05
3.499999999999999778e-01 1.191085838175850949e+04 4.111807706027470995e+05
3.666666666666666963e-01 6.785391146284066963e+03 2.240952540619969368e+05
3.833333333333333592e-01 3.958054277529417050e+03 1.253899425560059753e+05
4.000000000000000222e-01 2.358524694695300695e+03 7.185862070039066020e+04
4.166666666666666852e-01 1.432588256673040405e+03 4.208729808128489094e+04
4.333333333333333481e-01 8.852529400078788058e+02 2.514448346710953047e+04
4.500000000000000666e-01 5.554875546638808146e+02 1.529657279240720163e+04
4.666666666666667296e-01 3.533241246009693555e+02 9.460364746819715947e+03
4.833333333333333370e-01 2.274113677302124472e+02 5.939313784912649680e+03
5.000000000000000000e-01 1.478549821519034708e+02 3.779810241963334192e+03
5.166666666666667185e-01 9.693117469383672358e+01 2.435159531462073573e+03
5.333333333333333259e-01 6.395254451055954092e+01 1.586148941721702613e+03
5.500000000000000444e-01 4.237271901170387878e+01 1.043184372672609015e+03
5.666666666666667629e-01 2.812304094254471920e+01 6.918530007050646873e+02
5.833333333333333703e-01 1.864039648467478827e+01 4.620791409236852019e+02
5.999999999999999778e-01 1.228975438733711023e+01 3.103440690087682015e+02
6.166666666666666963e-01 8.015936516256834565e+00 2.092695474788312993e+02
6.333333333333334147e-01 5.130627130378540457e+00 1.414220052984834695e+02
6.500000000000000222e-01 3.180356391096878621e+00 9.557421393078432459e+01
6.666666666666667407e-01 1.863646005809192152e+00 6.441920574035056291e+01
6.833333333333334592e-01 9.783961893900949836e-01 4.315445916619271571e+01
6.999999999999999556e-01 3.881060835534816955e-01 2.859452236670647096e+01
7.166666666666666741e-01 -3.954928132258196660e-05 1.860853800769628918e+01
7.333333333333333925e-01 -2.495245509305587805e-01 1.175989798740180703e+01
7.500000000000000000e-01 -4.039901020666595288e-01 7.073060882095488999e+00
7.666666666666667185e-01 -4.935609232637074850e-01 3.881219980626990917e+00
7.833333333333334370e-01 -5.390967732854919925e-01 1.725894414985025271e+00
8.000000000000000444e-01 -5.550709754242239002e-01 2.901842712276407332e-01
8.166666666666666519e-01 -5.515328600191223840e-01 -6.459509465793348282e-01
8.333333333333333703e-01 -5.354542256214148699e-01 -1.235882340344167885e+00
8.500000000000000888e-01 -5.116585884072828438e-01 -1.586835498035301661e+00
8.666666666666666963e-01 -4.834659165888051113e-01 -1.773935125371737032e+00
8.833333333333334147e-01 -4.531421017023189446e-01 -1.849875002948510261e+00
9.000000000000001332e-01 -4.222136234890607742e-01 -1.851613927481336352e+00
9.166666666666667407e-01 -3.916886343001156345e-01 -1.805036727103381144e+00
9.333333333333334592e-01 -3.622127527083764953e-01 -1.728214410309101501e+00
9.500000000000001776e-01 -3.341790941261835735e-01 -1.633694419341142678e+00
9.666666666666666741e-01 -3.078060929430449510e-01 -1.530115777505834274e+00
9.833333333333332815e-01 -2.831925732958835429e-01 -1.423351981749352291e+00
1.000000000000000000e+00 -2.603566984901774517e-01 -1.317322020025476936e+00
1.016666666666666607e+00 -2.392634676846261410e-01 -1.214567180979484684e+00
1.033333333333333437e+00 -2.198440605626196254e-01 -1.116661949335596260e+00
1.050000000000000044e+00 -2.020093720805240245e-01 -1.024506965969100847e+00
1.066666666666666652e+00 -1.856594044923035591e-01 -9.385379080844041821e-01
1.083333333333333481e+00 -1.706897067017070502e-01 -8.588742761225885980e-01
1.100000000000000089e+00 -1.569957123285953549e-01 -7.854251454385313691e-01
1.116666666666666696e+00 -1.444755866434653535e-01 -7.179640546539922674e-01
1.133333333333333526e+00 -1.330320201396376079e-01 -6.561817423470813759e-01
1.150000000000000133e+00 -1.225732829756708969e-01 -5.997229836645918688e-01
1.166666666666666741e+00 -1.130137657724303857e-01 -5.482120230871542210e-01
1.183333333333333348e+00 -1.042741683639552969e-01 -5.012698428774425841e-01
1.199999999999999956e+00 -9.628145204185228900e-02 -4.585256043089443456e-01
1.216666666666666785e+00 -8.896863759100462343e-02 -4.196239489768214259e-01
1.233333333333333393e+00 -8.227450741230828146e-02 -3.842293784939458945e-01
1.250000000000000000e+00 -7.614325270162772274e-02 -3.520285916871860876e-01
1.266666666666666829e+00 -7.052409415938494519e-02 -3.227314127044889069e-01
1.283333333333333437e+00 -6.537089571258540566e-02 -2.960707652462301609e-01
1.300000000000000044e+00 -6.064178427936998267e-02 -2.718020188065971565e-01
1.316666666666666874e+00 -5.629878399875598571e-02 -2.497019389365756070e-01
1.333333333333333481e+00 -5.230747007926920406e-02 -2.295674054338515679e-01
1.350000000000000089e+00 -4.863664512177116872e-02 -2.112140130148660866e-01
1.366666666666666918e+00 -4.525803917599870163e-02 -1.944746333416514927e-01
1.383333333333333526e+00 -4.214603370184876602e-02 -1.791979915594685557e-01
1.399999999999999911e+00 -3.927740888281259363e-02 -1.652472920529835243e-01
1.416666666666666741e+00 -3.663111327632557340e-02 -1.524989149793147813e-01
1.433333333333333348e+00 -3.418805450845766730e-02 -1.408411958459731828e-01
1.449999999999999956e+00 -3.193090957324209306e-02 -1.301732939168670500e-01
1.466666666666666785e+00 -2.984395324003293049e-02 -1.204041507785929555e-01
1.483333333333333393e+00 -2.791290307665020981e-02 -1.114515374170483020e-01
1.500000000000000000e+00 -2.612477964086125717e-02 -1.032411862271866154e-01
1.516666666666666829e+00 -2.446778046303194065e-02 -9.570600320373505443e-02
1.533333333333333437e+00 -2.293116652796341193e-02 -8.878535491675321190e-02
1.550000000000000044e+00 -2.150516005657185023e-02 -8.242442460184916386e-02
1.566666666666666874e+00 -2.018085248303450041e-02 -7.657363167360030365e-02
1.583333333333333481e+00 -1.895012161684476309e-02 -7.118810911759819449e-02
1.600000000000000089e+00 -1.780555706962612741e-02 -6.622723347070379185e-02
1.616666666666666696e+00 -1.674039311214205183e-02 -6.165420241719624800e-02
1.633333333333333304e+00 -1.574844820691180189e-02 -5.743565537996095371e-02
1.650000000000000133e+00 -1.482407053583166545e-02 -5.354133284945487153e-02
1.666666666666666741e+00 -1.396208891013384426e-02 -4.994377055449331082e-02
1.683333333333333348e+00 -1.315776851201398701e-02 -4.661802492839874773e-02
1.700000000000000178e+00 -1.240677097357418407e-02 -4.354142665576825333e-02
1.716666666666666785e+00 -1.170511834968882524e-02 -4.069335939558804682e-02
1.733333333333333393e+00 -1.104916058737681617e-02 -3.805506106395947774e-02
1.750000000000000222e+00 -1.043554613564233978e-02 -3.560944532383316513e-02
1.766666666666666829e+00 -9.861195376915786459e-03 -3.334094117023597703e-02
1.783333333333333437e+00 -9.323276594564030087e-03 -3.123534871841690541e-02
1.800000000000000266e+00 -8.819184220803731947e-03 -2.927970950036231854e-02
1.816666666666666874e+00 -8.346519136080110882e-03 -2.746218975365704099e-02
1.833333333333333481e+00 0.000000000000000000e+00 -2.577197534719173622e-02
1.850000000000000311e+00 0.000000000000000000e+00 -2.419917713225256534e-02
1.866666666666666918e+00 0.000000000000000000e+00 -2.273474563655037209e-02
1.883333333333333526e+00 0.000000000000000000e+00 -2.137039413416430556e-02
1.900000000000000355e+00 0.000000000000000000e+00 -2.009852922751354659e-02
1.916666666666666963e+00 0.000000000000000000e+00 -1.891218816956168752e-02
1.933333333333333348e+00 0.000000000000000000e+00 -1.780498223663443125e-02
1.949999999999999956e+00 0.000000000000000000e+00 -1.677104553552710361e-02
1.966666666666666563e+00 0.000000000000000000e+00 -1.580498869393485648e-02
1.983333333333333393e+00 0.000000000000000000e+00 -1.490185694150411057e-02
2.000000000000000000e+00 0.000000000000000000e+00 -1.405709214074640258e-02
