0.000000000000000000e+00 1.546990867357313925e+20 1.113901415881175885e+23
1.666666666666666644e-02 7.735898660344094720e+19 5.569847035888308899e+22
3.333333333333333287e-02 1.888647115050265200e+16 6.799129648599797760e+18
5.000000000000000278e-02 1.455645644470690625e+14 3.493549748175100400e+16
6.666666666666666574e-02 4.610951929664975586e+12 8.299716162369035000e+14
8.333333333333334259e-02 3.168616259579348145e+11 4.562813052977435156e+13
1.000000000000000056e-01 3.553796554162339020e+10 4.264571602920097656e+12
1.166666666666666824e-01 5.588898324709126472e+09 5.748634629819226074e+11
1.333333333333333315e-01 1.125674731840680361e+09 1.013128266250981445e+11
1.499999999999999944e-01 2.738824129554962516e+08 2.191151414043487167e+10
1.666666666666666852e-01 7.734674880497127771e+07 5.569406475143400192e+09
1.833333333333333481e-01 2.464204923749298975e+07 1.613160209457532167e+09
2.000000000000000111e-01 8.672226738297423348e+06 5.204565568391931057e+08
2.166666666666666741e-01 3.317865680138097145e+06 1.838289252054435015e+08
2.333333333333333648e-01 1.362877218067318201e+06 7.013262197704236209e+07
2.500000000000000000e-01 5.951581490352706751e+05 2.859337617049224675e+07
2.666666666666666630e-01 2.741048995676203631e+05 1.235113266364395991e+07
2.833333333333333814e-01 1.322702613991164544e+05 5.612771126489741728e+06
2.999999999999999889e-01 6.651163919997561607e+04 2.667661692961307243e+06
3.166666666666667074e-01 3.469151514228781161e+04 1.319554521548867226e+06
3.333333333333333703e-01 1.869525554941442897e+04 6.764710840403916081e+05
3.499999999999999778e-01 1.037400577210964912e+04 3.581262807859992608e+05
3.666666666666666963e-01 5.909875477504776427e+03 1.951803373873049277e+05
3.833333333333333592e-01 3.447348671775611820e+03 1.092109336800783931e+05
4.000000000000000222e-01 2.054205664420692756e+03 6.258673666190003860e+04
4.166666666666666852e-01 1.247742355334608419e+03 3.665679527990821953e+04
4.333333333333333481e-01 7.710294275279208023e+02 2.190010456239315317e+04
4.500000000000000666e-01 4.838134811641610327e+02 1.332286521109556816e+04
4.666666666666667296e-01 3.077350709950141550e+02 8.239700190610758000e+03
4.833333333333333370e-01 1.980687487786595113e+02 5.172968555212793035e+03
5.000000000000000000e-01 1.287774609221770277e+02 3.292104505876396615e+03
5.166666666666667185e-01 8.442430686592024358e+01 2.120953227418183360e+03
5.333333333333333259e-01 5.570087570427107693e+01 1.381489883823013088e+03
5.500000000000000444e-01 3.690546977150817298e+01 9.085836143980749284e+02
5.666666666666667629e-01 2.449440829609587666e+01 6.025842266754855245e+02
5.833333333333333703e-01 1.623529442251598809e+01 4.024578654011528442e+02
5.999999999999999778e-01 1.070406385956692752e+01 2.703010034591695785e+02
6.166666666666666963e-01 6.981687312081288788e+00 1.822680013158661438e+02
6.333333333333334147e-01 4.468661845841641167e+00 1.231747306075832284e+02
6.500000000000000222e-01 2.770028416018291750e+00 8.324260442247197034e+01
6.666666666666667407e-01 1.623208162661491150e+00 5.610746772065897403e+01
6.833333333333334592e-01 8.521780016152944448e-01 3.758646438557899927e+01
6.999999999999999556e-01 3.380496018989247453e-01 2.490515857237368991e+01
7.166666666666666741e-01 -1.646139073830459021e-05 1.620763535901796359e+01
7.333333333333333925e-01 -2.173128168987960018e-01 1.024265060886841106e+01
7.500000000000000000e-01 -3.518497077606121959e-01 6.160535814033643476e+00
7.666666666666667185e-01 -4.298649284211050747e-01 3.380521420420549372e+00
7.833333333333334370e-01 -4.695267561425957581e-01 1.503283641720089214e+00
8.000000000000000444e-01 -4.834410640996677500e-01 2.528116109992747940e-01
8.166666666666666519e-01 -4.803605522030348074e-01 -5.625437735780247639e-01
8.333333333333333703e-01 -4.663574760994264046e-01 -1.076364481835563991e+00
8.500000000000000888e-01 -4.456329968502737993e-01 -1.382041056107295551e+00
8.666666666666666963e-01 -4.210787262800084196e-01 -1.545005079586457164e+00
8.833333333333334147e-01 -3.946682037775726681e-01 -1.611151430583369848e+00
9.000000000000001332e-01 -3.677309605903622547e-01 -1.612670255387560037e+00
9.166666666666667407e-01 -3.411450782007134919e-01 -1.572106579610471844e+00
9.333333333333334592e-01 -3.154728802797670539e-01 -1.505199805413107939e+00
9.500000000000001776e-01 -2.910567663679892725e-01 -1.422878457631713278e+00
9.666666666666666741e-01 -2.680869928747963704e-01 -1.332666931878898398e+00
9.833333333333332815e-01 -2.466496382715185620e-01 -1.239680922252358819e+00
1.000000000000000000e+00 -2.267605270348142799e-01 -1.147333795166615822e+00
1.016666666666666607e+00 -2.083891785698353538e-01 -1.057838974908952734e+00
1.033333333333333437e+00 -1.914756559501409328e-01 -9.725678225003444588e-01
1.050000000000000044e+00 -1.759423543692432146e-01 -8.923047961828635133e-01
1.066666666666666652e+00 -1.617021813882930092e-01 -8.174293806424046682e-01
1.083333333333333481e+00 -1.486641654817906777e-01 -7.480456766370709998e-01
1.100000000000000089e+00 -1.367372344158555575e-01 -6.840745081041755826e-01
1.116666666666666696e+00 -1.258326948868278561e-01 -6.253186481361310278e-01
1.133333333333333526e+00 -1.158657947058014115e-01 -5.715087514397637625e-01
1.150000000000000133e+00 -1.067566412174569823e-01 -5.223354382389259198e-01
1.166666666666666741e+00 -9.843067234436808643e-02 -4.774714457142046342e-01
1.183333333333333348e+00 -9.081882100560445537e-02 -4.365866685233115163e-01
1.199999999999999956e+00 -8.385747354193572034e-02 -3.993581239519270465e-01
1.216666666666666785e+00 -7.748829382708971591e-02 -3.654763112904502176e-01
1.233333333333333393e+00 -7.165796383933341340e-02 -3.346490265472896186e-01
1.250000000000000000e+00 -6.631787637668691560e-02 -3.066033981857825830e-01
1.266666666666666829e+00 -6.142380471644051654e-02 -2.810866955697771119e-01
1.283333333333333437e+00 -5.693556618729912755e-02 -2.578663065979777125e-01
1.300000000000000044e+00 -5.281669100318558963e-02 -2.367291683660967816e-01
1.316666666666666874e+00 -4.903410369476882830e-02 -2.174808529338416452e-01
1.333333333333333481e+00 -4.555782162758874321e-02 -1.999444509549225812e-01
1.350000000000000089e+00 -4.236067309378760415e-02 -1.839593529455663401e-01
1.366666666666666918e+00 -3.941803607455736380e-02 -1.693799968883147600e-01
1.383333333333333526e+00 -3.670759782235746144e-02 -1.560746284693124153e-01
1.399999999999999911e+00 -3.420913478168534361e-02 -1.439241041792394815e-01
1.416666666666666741e+00 -3.190431196422638394e-02 -1.328207560551817323e-01
1.433333333333333348e+00 -2.977650065264500490e-02 -1.226673287490512021e-01
1.449999999999999956e+00 -2.781061317912573994e-02 -1.133759939599731370e-01
1.466666666666666785e+00 -2.599295347520358054e-02 -1.048674433913419357e-01
1.483333333333333393e+00 -2.431108209322005442e-02 -9.707005879579685970e-02
1.500000000000000000e+00 -2.275369443874821276e-02 -8.991915599277133797e-02
1.516666666666666829e+00 -2.131051101454147292e-02 -8.335629871983975259e-02
1.533333333333333437e+00 -1.997217855074847823e-02 -7.732867761819783858e-02
1.550000000000000044e+00 -1.873018097682155672e-02 -7.178854941388219946e-02
1.566666666666666874e+00 -1.757675927325619628e-02 -6.669273133778796936e-02
1.583333333333333481e+00 -1.650483932301058734e-02 -6.200214595544212282e-02
1.600000000000000089e+00 -1.550796696119426804e-02 -5.768141179884535286e-02
1.616666666666666696e+00 -1.458024949615733049e-02 -5.369847546973374741e-02
1.633333333333333304e+00 -1.371630304476412210e-02 -5.002428118971125048e-02
1.650000000000000133e+00 -1.291120508907691450e-02 -4.663247408937250954e-02
1.666666666666666741e+00 -1.216045172084130079e-02 -4.349913384321224541e-02
1.683333333333333348e+00 -1.145991909416337745e-02 -4.060253556151127707e-02
1.700000000000000178e+00 -1.080582865581718004e-02 -3.792293513929695381e-02
1.716666666666666785e+00 -1.019471576700551989e-02 -3.544237653288173640e-02
1.733333333333333393e+00 -9.623401370440504837e-03 -3.314451868491408854e-02
1.750000000000000222e+00 -9.088966392649068179e-03 -3.101448004892283852e-02
1.766666666666666829e+00 -8.588728603781974405e-03 -2.903869887431304031e-02
1.783333333333333437e+00 -8.120221686240302814e-03 -2.720480760345935986e-02
1.800000000000000266e+00 -7.681176289444229498e-03 -2.550151990501409865e-02
1.816666666666666874e+00 -7.269502871348513043e-03 -2.391852902303496023e-02
1.833333333333333481e+00 0.000000000000000000e+00 -2.244641626134732601e-02
1.850000000000000311e+00 0.000000000000000000e+00 -2.107656854800497165e-02
1.866666666666666918e+00 0.000000000000000000e+00 -1.980110413708478789e-02
1.883333333333333526e+00 0.000000000000000000e+00 -1.861280560557550603e-02
1.900000000000000355e+00 0.000000000000000000e+00 -1.750505939294972821e-02
1.916666666666666963e+00 0.000000000000000000e+00 -1.647180121121606319e-02
1.933333333333333348e+00 0.000000000000000000e+00 -1.550746672482035751e-02
1.949999999999999956e+00 0.000000000000000000e+00 -1.460694696360229083e-02
1.966666666666666563e+00 0.000000000000000000e+00 -1.376554798893702206e-02
1.983333333333333393e+00 0.000000000000000000e+00 -1.297895438393784941e-02
2.000000000000000000e+00 0.000000000000000000e+00 -1.224319618383659311e-02
