0.000000000000000000e+00 2.864803213103782298e+20 2.062784223638329785e+23
1.666666666666666644e-02 1.432576481608938619e+20 1.031455066840020738e+23
3.333333333333333287e-02 3.497501140946163200e+16 1.259100417114453402e+19
5.000000000000000278e-02 2.695645079370552188e+14 6.469548563534985600e+16
6.666666666666666574e-02 8.538815698496011719e+12 1.536987323685129250e+15
8.333333333333334259e-02 5.867818765583171387e+11 8.449669465330779688e+13
1.000000000000000056e-01 6.581116929866587067e+10 7.897369460032163086e+12
1.166666666666666824e-01 1.034983089939294434e+10 1.064563941963120117e+12
1.333333333333333315e-01 2.084586701514358997e+09 1.876166934163503113e+11
1.499999999999999944e-01 5.071905940646148920e+08 4.057695326664571381e+10
1.666666666666666852e-01 1.432349856596557498e+08 1.031373481835563469e+10
1.833333333333333481e-01 4.563350918005809188e+07 2.987339261368820190e+09
2.000000000000000111e-01 1.605970895917820930e+07 9.638102265527157784e+08
2.166666666666666741e-01 6.144207120743259788e+06 3.404245673719574213e+08
2.333333333333333648e-01 2.523851396015936974e+06 1.298754670840827525e+08
2.500000000000000000e-01 1.102146774984884774e+06 5.295079504387156665e+07
2.666666666666666630e-01 5.076026146077029407e+05 2.287251047029979900e+07
2.833333333333333814e-01 2.449453879888781812e+05 1.039403998693975247e+07
2.999999999999999889e-01 1.231699343845451367e+05 4.940123480667113326e+06
3.166666666666667074e-01 6.424366842517087935e+04 2.443624066755197011e+06
3.333333333333333703e-01 3.462090982761709165e+04 1.252726588641251670e+06
3.499999999999999778e-01 1.921115893457043785e+04 6.631980717552507995e+05
3.666666666666666963e-01 1.094423528623025959e+04 3.614457580999178463e+05
3.833333333333333592e-01 6.383991737797419773e+03 2.022428584842291893e+05
4.000000000000000222e-01 3.804092298566776662e+03 1.159015892853094265e+05
4.166666666666666852e-01 2.310638809330784170e+03 6.788308775843976764e+04
4.333333333333333481e-01 1.427835342575883487e+03 4.055583022006993997e+04
4.500000000000000666e-01 8.959528888286024539e+02 2.467202284087950829e+04
4.666666666666667296e-01 5.698810883840731094e+02 1.525873582501255805e+04
4.833333333333333370e-01 3.667948786057660300e+02 9.579591880725731244e+03
5.000000000000000000e-01 2.384774006146276122e+02 6.096503275665854744e+03
5.166666666666667185e-01 1.563417459039239930e+02 3.927700150792476052e+03
5.333333333333333259e-01 1.031500826022536899e+02 2.558320709747336878e+03
5.500000000000000444e-01 6.834369030282064728e+01 1.682566470521615429e+03
5.666666666666667629e-01 4.536018394574291790e+01 1.115899679321391886e+03
5.833333333333333703e-01 3.006548678287316534e+01 7.452944552797731603e+02
5.999999999999999778e-01 1.982243719136366877e+01 5.005589413687405909e+02
6.166666666666666963e-01 1.292912541998702913e+01 3.375344564687671323e+02
6.333333333333334147e-01 8.275358407146383044e+00 2.281021865242662159e+02
6.500000000000000222e-01 5.129728856957996186e+00 1.541535993366315722e+02
6.666666666666667407e-01 3.005978482175280408e+00 1.039031974216263308e+02
6.833333333333334592e-01 1.578137815455786797e+00 6.960493399054426789e+01
6.999999999999999556e-01 6.260427221432925959e-01 4.612095335041458810e+01
7.166666666666666741e-01 -9.834890892331804037e-06 3.001436806935759094e+01
7.333333333333333925e-01 -4.024138997658299188e-01 1.896805383920342081e+01
7.500000000000000000e-01 -6.515590212151775029e-01 1.140854656000543876e+01
7.666666666666667185e-01 -7.960338619996076837e-01 6.260344280634658531e+00
7.833333333333334370e-01 -8.694834951422955038e-01 2.783956510175238819e+00
8.000000000000000444e-01 -8.952522168747796272e-01 4.682505617701826495e-01
8.166666666666666519e-01 -8.895487965899819827e-01 -1.041680374154740241e+00
8.333333333333333703e-01 -8.636182026768642883e-01 -1.993211105162523644e+00
8.500000000000000888e-01 -8.252404021435385539e-01 -2.559287670286585215e+00
8.666666666666666963e-01 -7.797702622512202586e-01 -2.861080113387634682e+00
8.833333333333334147e-01 -7.308625096303991153e-01 -2.983579288801598839e+00
9.000000000000001332e-01 -6.809792582820262119e-01 -2.986396838681343979e+00
9.166666666666667407e-01 -6.317466003020248966e-01 -2.911283011728033276e+00
9.333333333333334592e-01 -5.842058881309245555e-01 -2.787385005930222537e+00
9.500000000000001776e-01 -5.389912049777842995e-01 -2.634940953553996934e+00
9.666666666666666741e-01 -4.964548856813442157e-01 -2.467885018130861141e+00
9.833333333333332815e-01 -4.567563415186721709e-01 -2.295690785007724166e+00
1.000000000000000000e+00 -4.199248826142654156e-01 -2.124679365474370751e+00
1.016666666666666607e+00 -3.859040680248800315e-01 -1.958949743747373295e+00
1.033333333333333437e+00 -3.545829072878032284e-01 -1.801041518165436450e+00
1.050000000000000044e+00 -3.258176910272056470e-01 -1.652407422579489804e+00
1.066666666666666652e+00 -2.994471396725755241e-01 -1.513750233842809934e+00
1.083333333333333481e+00 -2.753027897436650107e-01 -1.385262753788624401e+00
1.100000000000000089e+00 -2.532159909189714009e-01 -1.266798378873995823e+00
1.116666666666666696e+00 -2.330224980170182703e-01 -1.157991889754400372e+00
1.133333333333333526e+00 -2.145653639777666821e-01 -1.058344511972209911e+00
1.150000000000000133e+00 -1.976966406767000917e-01 -9.672833310521854466e-01
1.166666666666666741e+00 -1.822782512606738736e-01 -8.842023140554600147e-01
1.183333333333333348e+00 -1.681822946528580831e-01 -8.084901626924921869e-01
1.199999999999999956e+00 -1.552909685839548581e-01 -7.395487675468367383e-01
1.216666666666666785e+00 -1.434962438902645243e-01 -6.768049848945293379e-01
1.233333333333333393e+00 -1.326993841056920143e-01 -6.197177011479232389e-01
1.250000000000000000e+00 -1.228103764284330518e-01 -5.677816028701616613e-01
1.266666666666666829e+00 -1.137473199899365489e-01 -5.205286740048423733e-01
1.283333333333333437e+00 -1.054358028493120325e-01 -4.775281545477028655e-01
1.300000000000000044e+00 -9.780828873018677927e-02 -4.383854862916931605e-01
1.316666666666666874e+00 -9.080352708555050611e-02 -4.027406198649493563e-01
1.333333333333333481e+00 -8.436599480349704638e-02 -3.702659474309162313e-01
1.350000000000000089e+00 -7.844537415959162985e-02 -3.406640458218330170e-01
1.366666666666666918e+00 -7.299606904767340365e-02 -3.136653573232928149e-01
1.383333333333333526e+00 -6.797675976522364605e-02 -2.890258938484686624e-01
1.399999999999999911e+00 -6.334999546224341638e-02 -2.665250204847348647e-01
1.416666666666666741e+00 -5.908182261635359922e-02 -2.459633531862304157e-01
1.433333333333333348e+00 -5.514144744947734739e-02 -2.271607904011804513e-01
1.449999999999999956e+00 -5.150092996413512675e-02 -2.099546879630522778e-01
1.466666666666666785e+00 -4.813490718557781461e-02 -1.941981793954328239e-01
1.483333333333333393e+00 -4.502034320300996040e-02 -1.797586389703422771e-01
1.500000000000000000e+00 -4.213630367538338112e-02 -1.665162817511273985e-01
1.516666666666666829e+00 -3.946375258059248159e-02 -1.543628929557842311e-01
1.533333333333333437e+00 -3.698536912428202622e-02 -1.432006779378402761e-01
1.550000000000000044e+00 -3.468538287389281993e-02 -1.329412236397974345e-01
1.566666666666666874e+00 -3.254942533673409882e-02 -1.235045623397636461e-01
1.583333333333333481e+00 -3.056439635218699200e-02 -1.148183287487282017e-01
1.600000000000000089e+00 -2.871834381395667671e-02 -1.068170019258322806e-01
1.616666666666666696e+00 -2.700035537632993962e-02 -9.944122399200500118e-02
1.633333333333333304e+00 -2.540046092738057135e-02 -9.263718818917282549e-02
1.650000000000000133e+00 -2.390954473139907457e-02 -8.635608941866265709e-02
1.666666666666666741e+00 -2.251926625239005983e-02 -8.055363097514341153e-02
1.683333333333333348e+00 -2.122198877047614535e-02 -7.518958175613507655e-02
1.700000000000000178e+00 -2.001071499387735084e-02 -7.022737876212260810e-02
1.716666666666666785e+00 -1.887902895132773443e-02 -6.563377020305714848e-02
1.733333333333333393e+00 -1.782104352394469834e-02 -6.137849499078278787e-02
1.750000000000000222e+00 -1.683135304230486823e-02 -5.743399482293535391e-02
1.766666666666666829e+00 -1.590499043443013849e-02 -5.377515545270315084e-02
1.783333333333333437e+00 -1.503738846415688182e-02 -5.037907409196117764e-02
1.800000000000000266e+00 -1.422434464752895915e-02 -4.722485021467999478e-02
1.816666666666666874e+00 -1.346198947796542825e-02 -4.429339731544783970e-02
1.833333333333333481e+00 0.000000000000000000e+00 -4.156727343685023834e-02
1.850000000000000311e+00 0.000000000000000000e+00 -3.903052851176234961e-02
1.866666666666666918e+00 0.000000000000000000e+00 -3.666856677470398118e-02
1.883333333333333526e+00 0.000000000000000000e+00 -3.446802268256222296e-02
1.900000000000000355e+00 0.000000000000000000e+00 -3.241664895133563457e-02
1.916666666666666963e+00 0.000000000000000000e+00 -3.050321546408650900e-02
1.933333333333333348e+00 0.000000000000000000e+00 -2.871741793782663088e-02
1.949999999999999956e+00 0.000000000000000000e+00 -2.704979535527977236e-02
1.966666666666666563e+00 0.000000000000000000e+00 -2.549165527287620969e-02
1.983333333333333393e+00 0.000000000000000000e+00 -2.403500621030944112e-02
2.000000000000000000e+00 0.000000000000000000e+00 -2.267249641076338196e-02
