0.000000000000000000e+00 1.317812345746468372e+20 9.488828077571544030e+22
1.666666666666666644e-02 6.589866155745290650e+19 4.744703632511899324e+22
3.333333333333333287e-02 1.608854025895897600e+16 5.791874522544738304e+18
5.000000000000000278e-02 1.239999434899861875e+14 2.975998815359885600e+16
6.666666666666666574e-02 3.927863768831037109e+12 7.070157074482262500e+14
8.333333333333334259e-02 2.699202506003822937e+11 3.886856412353343750e+13
1.000000000000000056e-01 3.027320375704249573e+10 3.632797857112064941e+12
1.166666666666666824e-01 4.760932574683817863e+09 4.897004789811977539e+11
1.333333333333333315e-01 9.589119696736789942e+08 8.630386679125218201e+10
1.499999999999999944e-01 2.333081811091187000e+08 1.866543912621084213e+10
1.666666666666666852e-01 6.588823685468448699e+07 4.744328343212234497e+09
1.833333333333333481e-01 2.099145994256511331e+07 1.374179051911288261e+09
2.000000000000000111e-01 7.387482220880788751e+06 4.433536697135227323e+08
2.166666666666666741e-01 2.826341440605162643e+06 1.565956421665138900e+08
2.333333333333333648e-01 1.160974177948619006e+06 5.974284510704042017e+07
2.500000000000000000e-01 5.069886259496140410e+05 2.435741887337931991e+07
2.666666666666666630e-01 2.334977150400826358e+05 1.052137780665584281e+07
2.833333333333333814e-01 1.126751265897617268e+05 4.781268860450011678e+06
2.999999999999999889e-01 5.665829518456952792e+04 2.272461787705806550e+06
3.166666666666667074e-01 2.955215328288307865e+04 1.124069545206329552e+06
3.333333333333333703e-01 1.592565427820266996e+04 5.762555046008600621e+05
3.499999999999999778e-01 8.837153162460788735e+03 3.050717909692514222e+05
3.666666666666666963e-01 5.034359808725484982e+03 1.662654207126130059e+05
3.833333333333333592e-01 2.936643066021807044e+03 9.303192480415079626e+04
4.000000000000000222e-01 1.749886634146084361e+03 5.331485262340940972e+04
4.166666666666666852e-01 1.062896453996175978e+03 3.122629247853155539e+04
4.333333333333333481e-01 6.568059150479629125e+02 1.865572565767677952e+04
4.500000000000000666e-01 4.121394076644414781e+02 1.134915762978393832e+04
4.666666666666667296e-01 2.621460173890588976e+02 7.019035634401800053e+03
4.833333333333333370e-01 1.687261298271065755e+02 4.406623325512937299e+03
5.000000000000000000e-01 1.096999396924505845e+02 2.804398769789459038e+03
5.166666666666667185e-01 7.191743903800377780e+01 1.806746923374293374e+03
5.333333333333333259e-01 4.744920689798261293e+01 1.176830825924323790e+03
5.500000000000000444e-01 3.143822053131248140e+01 7.739828561235408415e+02
5.666666666666667629e-01 2.086577564964703413e+01 5.133154526459064755e+02
5.833333333333333703e-01 1.383019236035718613e+01 3.428365898786204866e+02
5.999999999999999778e-01 9.118373331796744807e+00 2.302579379095709555e+02
6.166666666666666963e-01 5.947438107905742122e+00 1.552664551529010168e+02
6.333333333333334147e-01 3.806696561304741877e+00 1.049274559166830016e+02
6.500000000000000222e-01 2.359700440939704880e+00 7.091099491415961609e+01
6.666666666666667407e-01 1.382770319513790591e+00 4.779572970096737805e+01
6.833333333333334592e-01 7.259598138404932399e-01 3.201846960496527572e+01
6.999999999999999556e-01 2.879931202443680172e-01 2.121579477804090175e+01
7.166666666666666741e-01 6.626499846397346195e-06 1.380673271033963800e+01
7.333333333333333925e-01 -1.851010828670334174e-01 8.725403230335020410e+00
7.500000000000000000e-01 -2.997093134545651960e-01 5.248010745971798841e+00
7.666666666666667185e-01 -3.661689335785027755e-01 2.879822860214108271e+00
7.833333333333334370e-01 -3.999567389996994682e-01 1.280672868455151603e+00
8.000000000000000444e-01 -4.118111527751118217e-01 2.154389507709079110e-01
8.166666666666666519e-01 -4.091882443869472308e-01 -4.791366005767145886e-01
8.333333333333333703e-01 -3.972607265774379393e-01 -9.168466233269593202e-01
8.500000000000000888e-01 -3.796074052932648102e-01 -1.177246614179289441e+00
8.666666666666666963e-01 -3.586915359712117835e-01 -1.316075033801177296e+00
8.833333333333334147e-01 -3.361943058528264472e-01 -1.372427858218228991e+00
9.000000000000001332e-01 -3.132482976916637352e-01 -1.373726583293783499e+00
9.166666666666667407e-01 -2.906015221013113492e-01 -1.339176432117562321e+00
9.333333333333334592e-01 -2.687330078511575571e-01 -1.282185200517114376e+00
9.500000000000001776e-01 -2.479344386097949993e-01 -1.212062495922283434e+00
9.666666666666666741e-01 -2.283678928065478453e-01 -1.135218086251962966e+00
9.833333333333332815e-01 -2.101067032471535811e-01 -1.056009862755365125e+00
1.000000000000000000e+00 -1.931643555794511080e-01 -9.773455703077549295e-01
1.016666666666666607e+00 -1.775148894550446776e-01 -9.011107688384204506e-01
1.033333333333333437e+00 -1.631072513376622679e-01 -8.284736956650923245e-01
1.050000000000000044e+00 -1.498753366579624324e-01 -7.601026263966264018e-01
1.066666666666666652e+00 -1.377449582842825149e-01 -6.963208532004050433e-01
1.083333333333333481e+00 -1.266386242618743607e-01 -6.372170771515534016e-01
1.100000000000000089e+00 -1.164787565031158156e-01 -5.827238707698199072e-01
1.116666666666666696e+00 -1.071898031301904003e-01 -5.326732416182693441e-01
1.133333333333333526e+00 -9.869956927196525676e-02 -4.868357605324462600e-01
1.150000000000000133e+00 -9.093999945924308159e-02 -4.449478928132596933e-01
1.166666666666666741e+00 -8.384757891630578719e-02 -4.067308683412552139e-01
1.183333333333333348e+00 -7.736347364725365550e-02 -3.719034941691806151e-01
1.199999999999999956e+00 -7.143349504201913780e-02 -3.401906435949097474e-01
1.216666666666666785e+00 -6.600795006317480840e-02 -3.113286736040790648e-01
1.233333333333333393e+00 -6.104142026635858698e-02 -2.850686746006334538e-01
1.250000000000000000e+00 -5.649250005174610845e-02 -2.611782046843790783e-01
1.266666666666666829e+00 -5.232351527349606013e-02 -2.394419784350653169e-01
1.283333333333333437e+00 -4.850023666201287720e-02 -2.196618479497252086e-01
1.300000000000000044e+00 -4.499159772700118964e-02 -2.016563179255964067e-01
1.316666666666666874e+00 -4.176942339078167782e-02 -1.852597669311076833e-01
1.333333333333333481e+00 -3.880817317590828930e-02 -1.703214964759935945e-01
1.350000000000000089e+00 -3.608470106580403958e-02 -1.567046928762666214e-01
1.366666666666666918e+00 -3.357803297311602597e-02 -1.442853604349780550e-01
1.383333333333333526e+00 -3.126916194286617767e-02 -1.329512653791563026e-01
1.399999999999999911e+00 -2.914086068055808665e-02 -1.226009163054954110e-01
1.416666666666666741e+00 -2.717751065212720835e-02 -1.131425971310486833e-01
1.433333333333333348e+00 -2.536494679683234596e-02 -1.044934616521292492e-01
1.449999999999999956e+00 -2.369031678500938681e-02 -9.657869400307918240e-02
1.466666666666666785e+00 -2.214195371037423754e-02 -8.933073600409090209e-02
1.483333333333333393e+00 -2.070926110978990597e-02 -8.268858017454544518e-02
1.500000000000000000e+00 -1.938260923663517182e-02 -7.659712575835604664e-02
1.516666666666666829e+00 -1.815324156605100867e-02 -7.100659423594447850e-02
1.533333333333333437e+00 -1.701319057353354799e-02 -6.587200031964245139e-02
1.550000000000000044e+00 -1.595520189707127015e-02 -6.115267422591524199e-02
1.566666666666666874e+00 -1.497266606347789387e-02 -5.681183100197565589e-02
1.583333333333333481e+00 -1.405955702917640639e-02 -5.281618279328606502e-02
1.600000000000000089e+00 -1.321037685276241040e-02 -4.913559012698693468e-02
1.616666666666666696e+00 -1.242010588017260914e-02 -4.574274852227125376e-02
1.633333333333333304e+00 -1.168415788261644578e-02 -4.261290699946154725e-02
1.650000000000000133e+00 -1.099833964232216181e-02 -3.972361532929014061e-02
1.666666666666666741e+00 -1.035881453154875731e-02 -3.705449713193117306e-02
1.683333333333333348e+00 -9.762069676312767896e-03 -3.458704619462380642e-02
1.700000000000000178e+00 -9.204886338060172535e-03 -3.230444362282566123e-02
1.716666666666666785e+00 -8.684313184322214538e-03 -3.019139367017542250e-02
1.733333333333333393e+00 -8.197642153504195242e-03 -2.823397630586869933e-02
1.750000000000000222e+00 -7.742386649655800049e-03 -2.641951477401251538e-02
1.766666666666666829e+00 -7.316261830648163218e-03 -2.473645657839010359e-02
1.783333333333333437e+00 -6.917166777916578142e-03 -2.317426648850180737e-02
1.800000000000000266e+00 -6.543168358084727916e-03 -2.172333030966588918e-02
1.816666666666666874e+00 -6.192486606616914337e-03 -2.037486829241287600e-02
1.833333333333333481e+00 0.000000000000000000e+00 -1.912085717550291927e-02
1.850000000000000311e+00 0.000000000000000000e+00 -1.795395996375737449e-02
1.866666666666666918e+00 0.000000000000000000e+00 -1.686746263761920370e-02
1.883333333333333526e+00 0.000000000000000000e+00 -1.585521707698671345e-02
1.900000000000000355e+00 0.000000000000000000e+00 -1.491158955838590809e-02
1.916666666666666963e+00 0.000000000000000000e+00 -1.403141425287044754e-02
1.933333333333333348e+00 0.000000000000000000e+00 -1.320995121300627684e-02
1.949999999999999956e+00 0.000000000000000000e+00 -1.244284839167748152e-02
1.966666666666666563e+00 0.000000000000000000e+00 -1.172610728393918417e-02
1.983333333333333393e+00 0.000000000000000000e+00 -1.105605182637159171e-02
2.000000000000000000e+00 0.000000000000000000e+00 -1.042930022692678538e-02
