0.000000000000000000e+00 1.145940403366363628e+20 8.251274553454790653e+22
1.666666666666666644e-02 5.730401528730209485e+19 4.125889101012090959e+22
3.333333333333333287e-02 1.399023796782385000e+16 5.036485693911924736e+18
5.000000000000000278e-02 1.078276021006568594e+14 2.587862599634028400e+16
6.666666666666666574e-02 3.415583262806412109e+12 6.148051864874931250e+14
8.333333333333334259e-02 2.347166664933077393e+11 3.379924174660035938e+13
1.000000000000000056e-01 2.632490691034397888e+10 3.159000486918180176e+12
1.166666666666666824e-01 4.140001430135579109e+09 4.258326811670266113e+11
1.333333333333333315e-01 8.338485925705891848e+08 7.504792944337622070e+10
1.499999999999999944e-01 2.028796226221762598e+08 1.623105210636470985e+10
1.666666666666666852e-01 5.729495028680685163e+07 4.125562760994261265e+09
1.833333333333333481e-01 1.825370829039581120e+07 1.194955643204642057e+09
2.000000000000000111e-01 6.423990808006642386e+06 3.855305240812077522e+08
2.166666666666666741e-01 2.457723882697321009e+06 1.361720996232454479e+08
2.333333333333333648e-01 1.009557421291727107e+06 5.195105406773693115e+07
2.500000000000000000e-01 4.408660783941731206e+05 2.118067170075914264e+07
2.666666666666666630e-01 2.030444423188735382e+05 9.149157029530575499e+06
2.833333333333333814e-01 9.797979609231671202e+04 4.157685491580084898e+06
2.999999999999999889e-01 4.926880016893774882e+04 1.976082448871633038e+06
3.166666666666667074e-01 2.569789931173932928e+04 9.774659950180314481e+05
3.333333333333333703e-01 1.384859733508603313e+04 5.010990380019117147e+05
3.499999999999999778e-01 7.684593541930753418e+03 2.652836847513315734e+05
3.666666666666666963e-01 4.377768484211969735e+03 1.445807371580718900e+05
3.833333333333333592e-01 2.553640320002775752e+03 8.089850904222828103e+04
4.000000000000000222e-01 1.521663097242960248e+03 4.636142104861125699e+04
4.166666666666666852e-01 9.242715631357552866e+02 2.715369703819502683e+04
4.333333333333333481e-01 5.711441551944200228e+02 1.622260951410981761e+04
4.500000000000000666e-01 3.583875249992281624e+02 9.868978988826129353e+03
4.666666666666667296e-01 2.279565522689983936e+02 6.103600193543087698e+03
4.833333333333333370e-01 1.467206534858329405e+02 3.831903837508881679e+03
5.000000000000000000e-01 9.539275917168578189e+01 2.438644484486375859e+03
5.166666666666667185e-01 6.253791210806647882e+01 1.571108250558208510e+03
5.333333333333333259e-01 4.126086225862421486e+01 1.023346941297696389e+03
5.500000000000000444e-01 2.733804931433799368e+01 6.730390942423132401e+02
5.666666666666667629e-01 1.814447418785904276e+01 4.463683552251612241e+02
5.833333333333333703e-01 1.202647762541920073e+01 2.981236020214623181e+02
5.999999999999999778e-01 7.929176638049300507e+00 2.002276117775728608e+02
6.166666666666666963e-01 5.171795395081945301e+00 1.350166086281213325e+02
6.333333333333334147e-01 3.310248817368069307e+00 9.124287269514996979e+01
6.500000000000000222e-01 2.051968756246249193e+00 6.166286521397049114e+01
6.666666666666667407e-01 1.202448376278119291e+00 4.156230466999466699e+01
6.833333333333334592e-01 6.312974965306882291e-01 2.784271766087206856e+01
6.999999999999999556e-01 2.504488193511103522e-01 1.844892529148801330e+01
7.166666666666666741e-01 1.999076280271912552e-05 1.200614782769176081e+01
7.333333333333333925e-01 -1.609474032364428542e-01 7.587518644825012260e+00
7.500000000000000000e-01 -2.606097435411022789e-01 4.563640463121674706e+00
7.666666666666667185e-01 -3.184028941934446966e-01 2.504304417397491989e+00
7.833333333333334370e-01 -3.477851700618967978e-01 1.113708649951273832e+00
8.000000000000000444e-01 -3.580944956814915425e-01 1.873960907343774351e-01
8.166666666666666519e-01 -3.558145284658302820e-01 -4.165988247125684829e-01
8.333333333333333703e-01 -3.454433652007649069e-01 -7.972280535372853194e-01
8.500000000000000888e-01 -3.300930732206591167e-01 -1.023671477948661979e+00
8.666666666666666963e-01 -3.119056590596515077e-01 -1.144398179866547682e+00
8.833333333333334147e-01 -2.923430577847474510e-01 -1.193405278378435685e+00
9.000000000000001332e-01 -2.723901482669639496e-01 -1.194538001527917892e+00
9.166666666666667407e-01 -2.526973924039558894e-01 -1.164496870943306339e+00
9.333333333333334592e-01 -2.336813501460785758e-01 -1.114941079576915461e+00
9.500000000000001776e-01 -2.155956692166552946e-01 -1.053966114796860198e+00
9.666666666666666741e-01 -1.985812945939423591e-01 -9.871458181387474662e-01
9.833333333333332815e-01 -1.827019992736492737e-01 -9.182697567090202240e-01
1.000000000000000000e+00 -1.679695138548285283e-01 -8.498664758992169332e-01
1.016666666666666607e+00 -1.543612670376635354e-01 -7.835756462850523851e-01
1.033333333333333437e+00 -1.418328665902929553e-01 -7.204131660746198040e-01
1.050000000000000044e+00 -1.303268318529678671e-01 -6.609601740842031559e-01
1.066666666666666652e+00 -1.197786534232971323e-01 -6.054978160226266448e-01
1.083333333333333481e+00 -1.101209478205635445e-01 -5.541032397405301069e-01
1.100000000000000089e+00 -1.012862564278400879e-01 -5.067178249341605101e-01
1.116666666666666696e+00 -9.320888237242062890e-02 -4.631955003680526817e-01
1.133333333333333526e+00 -8.582604778603784845e-02 -4.233367692058024878e-01
1.150000000000000133e+00 -7.907857418276470485e-02 -3.869124758513230455e-01
1.166666666666666741e+00 -7.291123143389115213e-02 -3.536802151840061637e-01
1.183333333333333348e+00 -6.727285960145844290e-02 -3.233954742745592803e-01
1.199999999999999956e+00 -6.211633817540229696e-02 -2.958190144369383101e-01
1.216666666666666785e+00 -5.739845581211232978e-02 -2.707215822362321056e-01
1.233333333333333393e+00 -5.307971818644498241e-02 -2.478867354835083414e-01
1.250000000000000000e+00 -4.912412039040590928e-02 -2.271123514107786512e-01
1.266666666666666829e+00 -4.549890225024476320e-02 -2.082112256950225115e-01
1.283333333333333437e+00 -4.217429913177365985e-02 -1.910110560304470739e-01
1.300000000000000044e+00 -3.912329664113159411e-02 -1.753540205079714975e-01
1.316666666666666874e+00 -3.632139465553518159e-02 -1.610961004946732111e-01
1.333333333333333481e+00 -3.374638400943396482e-02 -1.481062537646828936e-01
1.350000000000000089e+00 -3.137813767855929248e-02 -1.362655117929344184e-01
1.366666666666666918e+00 -2.919841727474602189e-02 -1.254660521011122520e-01
1.383333333333333526e+00 -2.719069496210148318e-02 -1.156102799529857422e-01
1.399999999999999911e+00 -2.533999043819478922e-02 -1.066099417935860716e-01
1.416666666666666741e+00 -2.363272232542829032e-02 -9.838528434271019696e-02
1.433333333333333348e+00 -2.205657313879505477e-02 -9.086426725911125879e-02
1.449999999999999956e+00 -2.060036690128245682e-02 -8.398183310766288434e-02
1.466666666666666785e+00 -1.925395844145039517e-02 -7.767923548996713556e-02
1.483333333333333393e+00 -1.800813341051536384e-02 -7.190342427470088060e-02
1.500000000000000000e+00 -1.685451808515702615e-02 -6.660648562048032684e-02
1.516666666666666829e+00 -1.578549806759943150e-02 -6.174513372584064519e-02
1.533333333333333437e+00 -1.479414504946710909e-02 -5.728025082538713841e-02
1.550000000000000044e+00 -1.387415086567896777e-02 -5.317647177428155847e-02
1.566666666666666874e+00 -1.301976812590579027e-02 -4.940180954944535519e-02
1.583333333333333481e+00 -1.222575677164171315e-02 -4.592731809056685433e-02
1.600000000000000089e+00 -1.148733596526323349e-02 -4.272678906793712927e-02
1.616666666666666696e+00 -1.080014077266432636e-02 -3.977647936933077083e-02
1.633333333333333304e+00 -1.016018315264896610e-02 -3.705486632486964388e-02
1.650000000000000133e+00 -9.563816813995481420e-03 -3.454242792336217199e-02
1.666666666666666741e+00 -9.007705544933080830e-03 -3.222144550669216179e-02
1.683333333333333348e+00 -8.488794659768638187e-03 -3.007582665429847646e-02
1.700000000000000178e+00 -8.004285243733373634e-03 -2.809094618378386865e-02
1.716666666666666785e+00 -7.551610909995835896e-03 -2.625350339398611205e-02
1.733333333333333393e+00 -7.128416812448769985e-03 -2.455139386234235499e-02
1.750000000000000222e+00 -6.732540684572599528e-03 -2.297359427877861127e-02
1.766666666666666829e+00 -6.361995698657942760e-03 -2.151005895389104805e-02
1.783333333333333437e+00 -6.014954961177133852e-03 -2.015162678043262712e-02
1.800000000000000266e+00 -5.689737479361718121e-03 -1.888993755487289664e-02
1.816666666666666874e+00 -5.384795451286816456e-03 -1.771735668097238967e-02
1.833333333333333481e+00 0.000000000000000000e+00 -1.662690738087438738e-02
1.850000000000000311e+00 0.000000000000000000e+00 -1.561220963214027604e-02
1.866666666666666918e+00 0.000000000000000000e+00 -1.466742513239195113e-02
1.883333333333333526e+00 0.000000000000000000e+00 -1.378720766768605846e-02
1.900000000000000355e+00 0.000000000000000000e+00 -1.296665832728416401e-02
1.916666666666666963e+00 0.000000000000000000e+00 -1.220128506689532356e-02
1.933333333333333348e+00 0.000000000000000000e+00 -1.148696617548299742e-02
1.949999999999999956e+00 0.000000000000000000e+00 -1.081991724801496801e-02
1.966666666666666563e+00 0.000000000000000000e+00 -1.019666130869954779e-02
1.983333333333333393e+00 0.000000000000000000e+00 -9.614001766841148364e-03
2.000000000000000000e+00 0.000000000000000000e+00 -9.068997920959340556e-03
