0.000000000000000000e+00 7.431492723442779750e+19 8.918335634062910580e+22
1.000000000000000021e-02 3.716199999412109312e+19 4.459439999647264591e+22
2.000000000000000042e-02 9.072753814392186000e+15 5.443652316192654336e+18
2.999999999999999889e-02 6.992685117309715625e+13 2.797074208210580000e+16
4.000000000000000083e-02 2.215026373864745605e+12 6.645081274511717500e+14
5.000000000000000278e-02 1.522151757503999329e+11 3.653168733004797656e+13
5.999999999999999778e-02 1.707186111328386879e+10 3.414384823179750488e+12
7.000000000000000666e-02 2.684815928868887901e+09 4.602584423625662231e+11
8.000000000000000167e-02 5.407558474928139448e+08 8.111505909070370483e+10
8.999999999999999667e-02 1.315686601851039976e+08 1.754322550384880829e+10
1.000000000000000056e-01 3.715612109999998659e+07 4.459087265999997139e+09
1.100000000000000006e-01 1.183763996196488850e+07 1.291559913257300377e+09
1.199999999999999956e-01 4.165996773390762042e+06 4.166981189248315096e+08
1.300000000000000044e-01 1.593848742390359752e+06 1.471807132157427967e+08
1.400000000000000133e-01 6.547040600250296993e+05 5.615095279600557685e+07
1.499999999999999944e-01 2.859042980153960525e+05 2.289298853807668015e+07
1.600000000000000033e-01 1.316755359854141425e+05 9.888805564387436956e+06
1.700000000000000122e-01 6.354048177362434944e+04 4.493806645723885857e+06
1.799999999999999933e-01 3.195110897731570367e+04 2.135835487823187374e+06
1.900000000000000022e-01 1.666523893750815841e+04 1.056487543196272803e+06
2.000000000000000111e-01 8.980896093749995998e+03 5.416094999999996508e+05
2.099999999999999922e-01 4.983503146927760099e+03 2.867300573669822770e+05
2.200000000000000011e-01 2.839007655605253603e+03 1.562690904992325231e+05
2.300000000000000100e-01 1.656049909718308299e+03 8.743858660905483703e+04
2.399999999999999911e-01 9.868067322605137406e+02 5.010941150173908682e+04
2.500000000000000000e-01 5.993949265920000471e+02 2.934887586201600061e+04
2.600000000000000089e-01 3.703898300992964892e+02 1.753408647106437638e+04
2.700000000000000178e-01 2.324159928713677061e+02 1.066681009390528925e+04
2.800000000000000266e-01 1.478308137330455736e+02 6.597027683448948665e+03
2.899999999999999800e-01 9.514891625832089517e+01 4.141681479345754269e+03
2.999999999999999889e-01 6.186252453235641013e+01 2.635787675395765291e+03
3.099999999999999978e-01 4.055600349190128640e+01 1.698117913272885971e+03
3.200000000000000067e-01 2.675774462321811242e+01 1.106074528693934099e+03
3.300000000000000155e-01 1.772874563449689944e+01 7.274472358770327673e+02
3.400000000000000244e-01 1.176668033036071215e+01 4.824521591583318241e+02
3.500000000000000333e-01 7.799141889187930943e+00 3.222231876041165037e+02
3.599999999999999867e-01 5.142033235661847002e+00 2.164132641221143842e+02
3.699999999999999956e-01 3.353867838401859647e+00 1.459306311085717027e+02
3.800000000000000044e-01 2.146654391350381275e+00 9.861827836147581650e+01
3.900000000000000133e-01 1.330661114034934034e+00 6.664708518106694157e+01
4.000000000000000222e-01 7.797494888305659400e-01 4.492165946960446377e+01
4.100000000000000311e-01 4.093609656408156994e-01 3.009304285855838756e+01
4.199999999999999845e-01 1.623835853587767275e-01 1.993991359704997990e+01
4.299999999999999933e-01 -1.654741930536829522e-05 1.297635383736687942e+01
4.400000000000000022e-01 -1.044010721093457938e-01 8.200568863214860116e+00
4.500000000000000111e-01 -1.690294587046903274e-01 4.932281121781254996e+00
4.600000000000000200e-01 -2.065058902935351937e-01 2.706504066490555527e+00
4.700000000000000289e-01 -2.255580899426498365e-01 1.203523705382890885e+00
4.799999999999999822e-01 -2.322416961174952610e-01 2.023551651360747938e-01
4.899999999999999911e-01 -2.307613486320008178e-01 -4.504431267479894752e-01
5.000000000000000000e-01 -2.240340480000000134e-01 -8.618219519999996692e-01
5.100000000000000089e-01 -2.140779533896071118e-01 -1.106553287296617061e+00
5.200000000000000178e-01 -2.022821395007560474e-01 -1.237024094092558091e+00
5.300000000000000266e-01 -1.895946553522502576e-01 -1.289979502056094463e+00
5.400000000000000355e-01 -1.766541800678230190e-01 -1.291192112096985145e+00
5.500000000000000444e-01 -1.638825245911683659e-01 -1.258712277700091198e+00
5.600000000000000533e-01 -1.515498157331847118e-01 -1.205141515455546930e+00
5.700000000000000622e-01 -1.398205329823952181e-01 -1.139229575087223667e+00
5.799999999999999600e-01 -1.287860692873699919e-01 -1.067000735514068266e+00
5.899999999999999689e-01 -1.184877726669976844e-01 -9.925507819398817766e-01
5.999999999999999778e-01 -1.089332426482902405e-01 -9.186125552977659758e-01
6.099999999999999867e-01 -1.001078348792475703e-01 -8.469581808696940994e-01
6.199999999999999956e-01 -9.198275493940004377e-02 -7.786855993366890161e-01
6.300000000000000044e-01 -8.452072127849125094e-02 -7.144228576024530541e-01
6.400000000000000133e-01 -7.767989483957980779e-02 -6.544737679041912060e-01
6.500000000000000222e-01 -7.141657328399422799e-02 -5.989216618828184791e-01
6.600000000000000311e-01 -6.568700603828429851e-02 -5.477031347524692340e-01
6.700000000000000400e-01 -6.044858545162590246e-02 -5.006602674453839441e-01
6.800000000000000488e-01 -5.566059722642437146e-02 -4.575774016633647467e-01
6.900000000000000577e-01 -5.128466159702069899e-02 -4.182068272754421168e-01
7.000000000000000666e-01 -4.728495959918487673e-02 -3.822865174327755300e-01
7.099999999999999645e-01 -4.362831204347888958e-02 -3.495521704332033019e-01
7.199999999999999734e-01 -4.028415953431099816e-02 -3.197451880714372030e-01
7.299999999999999822e-01 -3.722447796807633325e-02 -2.926177670865034997e-01
7.399999999999999911e-01 -3.442365390130978225e-02 -2.679359532697782598e-01
7.500000000000000000e-01 -3.185833693036103920e-02 -2.454812712698644095e-01
7.600000000000000089e-01 -2.950728099628666112e-02 -2.250513717925969326e-01
7.700000000000000178e-01 -2.735118276614573185e-02 -2.064600136317045198e-01
7.800000000000000266e-01 -2.537252254248840294e-02 -1.895366077811337646e-01
7.900000000000000355e-01 -2.355541122507950544e-02 -1.741254854184387524e-01
8.000000000000000444e-01 -2.188544548116623523e-02 -1.600850040558725040e-01
8.100000000000000533e-01 -2.034957231894905794e-02 -1.472865717423666176e-01
8.200000000000000622e-01 -1.893596359123785738e-02 -1.356136443169116690e-01
8.300000000000000711e-01 -1.763390050085352281e-02 -1.249607327808027329e-01
8.399999999999999689e-01 -1.643366787656878880e-02 -1.152324449916138499e-01
8.499999999999999778e-01 -1.532645779481461856e-02 -1.063425767122421761e-01
8.599999999999999867e-01 -1.430428200633868802e-02 -9.821326056992529807e-02
8.699999999999999956e-01 -1.335989256544449326e-02 -9.077417695802864062e-02
8.800000000000000044e-01 -1.248671003562977673e-02 -8.396182780960548264e-02
8.900000000000000133e-01 -1.167875864727044820e-02 -7.771887209215501413e-02
9.000000000000000222e-01 -1.093060780173635109e-02 -7.199352052909147037e-02
9.100000000000000311e-01 -1.023731934573256404e-02 -6.673898623407124864e-02
9.200000000000000400e-01 -9.594400075299892514e-03 -6.191298749528256762e-02
9.300000000000000488e-01 -8.997758967669661212e-03 -5.747729875568947933e-02
9.400000000000000577e-01 -8.443668678901635957e-03 -5.339734582039060845e-02
9.500000000000000666e-01 -7.928730884487849434e-03 -4.964184142467181066e-02
9.599999999999999645e-01 -7.449845077931571864e-03 -4.618245747357077602e-02
9.699999999999999734e-01 -7.004180478120233984e-03 -4.299353048559152041e-02
9.799999999999999822e-01 -6.589150729771897641e-03 -4.005179701829277711e-02
9.899999999999999911e-01 -6.202391112191969064e-03 -3.733615610701986748e-02
1.000000000000000000e+00 -5.841737999999999965e-03 -3.482745599999999969e-02
1.010000000000000009e+00 -5.505210345426652524e-03 -3.250830271673672833e-02
1.020000000000000018e+00 -5.190992975343439002e-03 -3.036288818795572844e-02
1.030000000000000027e+00 -4.897421517509804867e-03 -2.837683595185673535e-02
1.040000000000000036e+00 -4.622968789758459887e-03 -2.653706258193441400e-02
1.050000000000000044e+00 -4.366232503152754976e-03 -2.483165320581966207e-02
1.060000000000000053e+00 -4.125924145701564960e-03 -2.324974964271122116e-02
1.070000000000000062e+00 -3.900858927165590500e-03 -2.178144983964272474e-02
1.080000000000000071e+00 -3.689946677984281501e-03 -2.041771742491932384e-02
1.090000000000000080e+00 -3.492183606535918111e-03 -1.915030032155017742e-02
1.100000000000000089e+00 0.000000000000000000e+00 -1.797165747544170189e-02
1.110000000000000098e+00 0.000000000000000000e+00 -1.687489285355745633e-02
1.120000000000000107e+00 0.000000000000000000e+00 -1.585369595722112626e-02
1.130000000000000115e+00 0.000000000000000000e+00 -1.490228817622390838e-02
1.140000000000000124e+00 0.000000000000000000e+00 -1.401537438131944535e-02
1.150000000000000133e+00 0.000000000000000000e+00 -1.318809921690768452e-02
1.159999999999999920e+00 0.000000000000000000e+00 -1.241600761301307754e-02
1.169999999999999929e+00 0.000000000000000000e+00 -1.169500908677423463e-02
1.179999999999999938e+00 0.000000000000000000e+00 -1.102134544923724126e-02
1.189999999999999947e+00 0.000000000000000000e+00 -1.039156157387553271e-02
1.199999999999999956e+00 0.000000000000000000e+00 -9.802478919480493366e-03
