0.000000000000000000e+00 3.831989149393684005e+21 2.759200606209524034e+24
1.666666666666666644e-02 1.916228489305986171e+21 1.379684512364303621e+24
3.333333333333333287e-02 4.678292182878504960e+17 1.684185190835793428e+20
5.000000000000000278e-02 3.605721726204596000e+15 8.653732435501916160e+17
6.666666666666666574e-02 1.142160750254526875e+14 2.055889741046532800e+16
8.333333333333334259e-02 7.848860516214144531e+12 1.130236733458049000e+15
1.000000000000000056e-01 8.802994053059169922e+11 1.056361572389653750e+14
1.166666666666666824e-01 1.384414287659626465e+11 1.423976752164660156e+13
1.333333333333333315e-01 2.788411643231433105e+10 2.509600993625847656e+12
1.499999999999999944e-01 6.784467530606849670e+09 5.427707820044171143e+11
1.666666666666666852e-01 1.916050728369979858e+09 1.379620518427341309e+11
1.833333333333333481e-01 6.104691090095897913e+08 3.996126194837491608e+10
2.000000000000000111e-01 2.148582453461402655e+08 1.289328067588840103e+10
2.166666666666666741e-01 8.221149766045668721e+07 4.554272026936594009e+09
2.333333333333333648e-01 3.377593731937680393e+07 1.737655280926337957e+09
2.500000000000000000e-01 1.475343127534671500e+07 7.085392431518216133e+08
2.666666666666666630e-01 6.797215778255186975e+06 3.061131062524045706e+08
2.833333333333333814e-01 3.281607954796787351e+06 1.391417027798707485e+08
2.999999999999999889e-01 1.651219416531470139e+06 6.615330444148673117e+07
3.166666666666667074e-01 8.619946239209442865e+05 3.273665136054341495e+07
3.333333333333333703e-01 4.650517036627626512e+05 1.679185664510634914e+07
3.499999999999999778e-01 2.584321893558083102e+05 8.896062942203428596e+06
3.666666666666666963e-01 1.474969710928162385e+05 4.852829100267387927e+06
3.833333333333333592e-01 8.623982906210483634e+04 2.718476695494476240e+06
4.000000000000000222e-01 5.153997548685687070e+04 1.560152038980611134e+06
4.166666666666666852e-01 3.142086975143403833e+04 9.154058259579349542e+05
4.333333333333333481e-01 1.950472206964043653e+04 5.480983339038116392e+05
4.500000000000000666e-01 1.230796949009935452e+04 3.343302864800033858e+05
4.666666666666667296e-01 7.882959299640186146e+03 2.074474484067253070e+05
4.833333333333333370e-01 5.117061579637180330e+03 1.307541112525756180e+05
5.000000000000000000e-01 3.361879564331321944e+03 8.361121841253989260e+04
5.166666666666667185e-01 2.232509752738526913e+03 5.417782707987871254e+04
5.333333333333333259e-01 1.496510334881769950e+03 3.553395308891196328e+04
5.500000000000000444e-01 1.011251458684176441e+03 2.356522471021581441e+04
5.666666666666667629e-01 6.879014865909277887e+02 1.578571705249366823e+04
5.833333333333333703e-01 4.703618307225334547e+02 1.067064800684644069e+04
5.999999999999999778e-01 3.227433859408053536e+02 7.271491001846690779e+03
6.166666666666666963e-01 2.218065852681040155e+02 4.990340705275391883e+03
6.333333333333334147e-01 1.523319004279923945e+02 3.445600575233124800e+03
6.500000000000000222e-01 1.042463892971762789e+02 2.390871916612610221e+03
6.666666666666667407e-01 7.081740900845640851e+01 1.665301746893566360e+03
6.833333333333334592e-01 4.750349590542388967e+01 1.162796162283582589e+03
6.999999999999999556e-01 3.121502333741430846e+01 8.126985585856043599e+02
7.166666666666666741e-01 1.983341531333531549e+01 5.675234590808564690e+02
7.333333333333333925e-01 1.189533514604848463e+01 3.950845392701634182e+02
7.500000000000000000e-01 6.383259681209695557e+00 2.733904700247707069e+02
7.666666666666667185e-01 2.585349492686632278e+00 1.873029810735352783e+02
7.833333333333334370e-01 8.879056066171871773e-04 1.263284075232398749e+02
8.000000000000000444e-01 -1.724042208922289099e+00 8.314541667011383197e+01
8.166666666666666519e-01 -2.840644333526328946e+00 5.261530765332932447e+01
8.333333333333333703e-01 -3.527839388145316057e+00 3.111143403441682764e+01
8.500000000000000888e-01 -3.913412117399255319e+00 1.606143392602673714e+01
8.666666666666666963e-01 -4.088797953615099345e+00 5.632506507032478460e+00
8.833333333333334147e-01 -4.119483663705237220e+00 -1.486425017755540257e+00
9.000000000000001332e-01 -4.052362884618665895e+00 -6.236452440587804347e+00
9.166666666666667407e-01 -3.920964458566483124e+00 -9.295016656711537095e+00
9.333333333333334592e-01 -3.749186069006458677e+00 -1.115084665525739638e+01
9.500000000000001776e-01 -3.553971811352274912e+00 -1.215705477576859295e+01
9.666666666666666741e-01 -3.347239744360187341e+00 -1.256894354369464040e+01
9.833333333333332815e-01 -3.137274195990303660e+00 -1.257105185905922262e+01
1.000000000000000000e+00 -2.929734373963988059e+00 -1.229658695172288851e+01
1.016666666666666607e+00 -2.728386775338375259e+00 -1.184144131225166063e+01
1.033333333333333437e+00 -2.535638015270801571e+00 -1.127434028205071215e+01
1.050000000000000044e+00 -2.352922941260269685e+00 -1.064421240922850131e+01
1.066666666666666652e+00 -2.180987492168517505e+00 -9.985558083207180857e+00
1.083333333333333481e+00 -2.020094795839449731e+00 -9.322369778493614589e+00
1.100000000000000089e+00 -1.870175158351063072e+00 -8.671000500071482264e+00
1.116666666666666696e+00 -1.730934966664327224e+00 -8.042265902010106160e+00
1.133333333333333526e+00 -1.601935465158567995e+00 -7.442986395953610668e+00
1.150000000000000133e+00 -1.482649426037955909e+00 -6.877118925693611828e+00
1.166666666666666741e+00 -1.372501596721857231e+00 -6.346587378915556243e+00
1.183333333333333348e+00 -1.270897249128242645e+00 -5.851891233921822533e+00
1.199999999999999956e+00 -1.177242015906219574e+00 -5.392550760385756980e+00
1.216666666666666785e+00 -1.090955362418090768e+00 -4.967431621483165749e+00
1.233333333333333393e+00 -1.011479428127185054e+00 -4.574980436221724567e+00
1.250000000000000000e+00 -9.382845174839995472e-01 -4.213394597551562093e+00
1.266666666666666829e+00 -8.708721852893669402e-01 -3.880743574718298561e+00
1.283333333333333437e+00 -8.087766134870736368e-01 -3.575054461095077407e+00
1.300000000000000044e+00 -7.515647925145690911e-01 -3.294371230998894173e+00
1.316666666666666874e+00 -6.988358839650369303e-01 -3.036794728879764982e+00
1.333333333333333481e+00 -6.502200400832518490e-01 -2.800508604957463010e+00
1.350000000000000089e+00 -6.053768804691890271e-01 -2.583795067352728569e+00
1.366666666666666918e+00 -5.639937706044613197e-01 -2.385043320833055702e+00
1.383333333333333526e+00 -5.257840054919646899e-01 -2.202752817462642732e+00
1.399999999999999911e+00 -4.904849711309997584e-01 -2.035532889147951163e+00
1.416666666666666741e+00 -4.578563340036069240e-01 -1.882099917872419814e+00
1.433333333333333348e+00 -4.276782921850244557e-01 -1.741272890445225929e+00
1.449999999999999956e+00 -3.997499095911056788e-01 -1.611967954216241949e+00
1.466666666666666785e+00 -3.738875461015874757e-01 -1.493192418613078942e+00
1.483333333333333393e+00 -3.499233899997833963e-01 -1.384038519756165098e+00
1.500000000000000000e+00 -3.277040947098236456e-01 -1.283677170761280184e+00
1.516666666666666829e+00 -3.070895187149244032e-01 -1.191351850381088706e+00
1.533333333333333437e+00 -2.879515654469621544e-01 -1.106372731173193902e+00
1.550000000000000044e+00 -2.701731185812152880e-01 -1.028111110763116010e+00
1.566666666666666874e+00 -2.536470673502460582e-01 -9.559941825039603991e-01
1.583333333333333481e+00 -2.382754160579177993e-01 -8.895001622949088027e-01
1.600000000000000089e+00 -2.239684718169158706e-01 -8.281537745335236789e-01
1.616666666666666696e+00 -2.106441045679578183e-01 -7.715220906570643411e-01
1.633333333333333304e+00 -1.982270736047712090e-01 -7.192107073590181532e-01
1.650000000000000133e+00 -1.866484150806781706e-01 -6.708602475098214279e-01
1.666666666666666741e+00 -1.758448852772466764e-01 -6.261431644359465309e-01
1.683333333333333348e+00 -1.657584547490059401e-01 -5.847608290476210557e-01
1.700000000000000178e+00 -1.563358488035874461e-01 -5.464408790003800753e-01
1.716666666666666785e+00 -1.475281301218122620e-01 -5.109348093673482527e-01
1.733333333333333393e+00 -1.392903196589632131e-01 -4.780157849934590919e-01
1.750000000000000222e+00 -1.315810522912869707e-01 -4.474766556567926767e-01
1.766666666666666829e+00 -1.243622639772662269e-01 -4.191281562714769815e-01
1.783333333333333437e+00 -1.175989074894545905e-01 -3.927972755556538020e-01
1.800000000000000266e+00 -1.112586940388221868e-01 -3.683257778031291396e-01
1.816666666666666874e+00 -1.053118583595160640e-01 -3.455688636008970027e-01
1.833333333333333481e+00 0.000000000000000000e+00 -3.243939565012190496e-01
1.850000000000000311e+00 0.000000000000000000e+00 -3.046796037696885007e-01
1.866666666666666918e+00 0.000000000000000000e+00 -2.863144803795498183e-01
1.883333333333333526e+00 0.000000000000000000e+00 -2.691964864020738868e-01
1.900000000000000355e+00 0.000000000000000000e+00 -2.532319288509391475e-01
1.916666666666666963e+00 0.000000000000000000e+00 -2.383347798756917935e-01
1.933333333333333348e+00 0.000000000000000000e+00 -2.244260039673948715e-01
1.949999999999999956e+00 0.000000000000000000e+00 -2.114329475415699378e-01
1.966666666666666563e+00 0.000000000000000000e+00 -1.992887849031744207e-01
1.983333333333333393e+00 0.000000000000000000e+00 -1.879320151796926019e-01
2.000000000000000000e+00 0.000000000000000000e+00 -1.773060053356879662e-01
