0.000000000000000000e+00 3.343835507266696823e+02 8.805392977620122110e+02
1.000000000000000021e-02 3.255781577490495238e+02 8.805392977620122110e+02
2.000000000000000042e-02 3.167727647714294221e+02 8.805392977620158490e+02
2.999999999999999889e-02 3.079673717938092068e+02 8.805392977620158490e+02
4.000000000000000083e-02 2.991619788161891051e+02 8.805392977620158490e+02
4.999999999999999584e-02 2.903565858385689467e+02 8.805392977620158490e+02
5.999999999999999778e-02 2.815511928609487882e+02 8.805392977620158490e+02
6.999999999999999278e-02 2.727457998833286297e+02 8.805392977620158490e+02
8.000000000000000167e-02 2.639404069057084712e+02 8.805392977620140300e+02
8.999999999999999667e-02 2.551350139280883127e+02 8.805392977620158490e+02
9.999999999999999167e-02 2.463296209504681542e+02 8.805392977620158490e+02
1.099999999999999867e-01 2.375242279728479957e+02 8.805392977620158490e+02
1.199999999999999956e-01 2.287188349952278372e+02 8.805392977620158490e+02
1.300000000000000044e-01 2.199134420176077072e+02 8.805392977620158490e+02
1.399999999999999856e-01 2.111080490399875487e+02 8.805392977620158490e+02
1.499999999999999944e-01 2.023026560623673902e+02 8.805392977620158490e+02
1.600000000000000033e-01 1.934972630847472317e+02 8.805392977620140300e+02
1.699999999999999845e-01 1.846918701071271016e+02 8.805392977620158490e+02
1.799999999999999933e-01 1.758864771295068863e+02 8.805392977620158490e+02
1.899999999999999745e-01 1.670810841518867846e+02 8.805392977620140300e+02
1.999999999999999833e-01 1.582756911742666261e+02 8.805392977620158490e+02
2.099999999999999922e-01 1.494702981966464677e+02 8.805392977620158490e+02
2.199999999999999734e-01 1.406649052190263092e+02 8.805392977620158490e+02
2.299999999999999822e-01 1.318595122414061507e+02 8.805392977620175543e+02
2.399999999999999911e-01 1.230541192637859353e+02 8.805392977620175543e+02
2.500000000000000000e-01 1.142487262861658053e+02 8.805392977620140300e+02
2.600000000000000089e-01 1.054433333085456752e+02 8.805392977620140300e+02
2.700000000000000178e-01 9.663794033092551672e+01 8.805392977620158490e+02
2.799999999999999711e-01 8.783254735330535823e+01 8.805392977620158490e+02
2.899999999999999800e-01 7.902715437568519974e+01 8.805392977620158490e+02
2.999999999999999889e-01 7.022176139806504125e+01 8.805392977620140300e+02
3.099999999999999423e-01 6.141636842044491829e+01 8.805392977620153943e+02
3.200000000000000067e-01 5.261097544282473848e+01 8.805392977620185775e+02
3.300000000000000155e-01 4.380558246520455157e+01 8.805392977620153943e+02
3.399999999999999689e-01 3.500018948758443571e+01 8.805392977620153943e+02
3.500000000000000333e-01 2.619479650996424880e+01 8.805392977620153943e+02
3.599999999999999867e-01 1.738940353234412228e+01 8.659831920007188728e+02
3.699999999999999956e-01 8.875132669949872266e+00 4.893285082621414404e+02
3.799999999999999489e-01 7.602833367101295536e+00 1.602020775960590129e+02
3.900000000000000133e-01 5.671091118028692257e+00 1.803754669153374266e+02
3.999999999999999667e-01 3.995324028794547733e+00 1.514135434388290662e+02
4.099999999999999756e-01 2.642820249252110898e+00 1.204206475970697738e+02
4.199999999999999845e-01 1.586911076853152469e+00 9.451714590457345366e+01
4.299999999999999933e-01 7.524773311606416382e-01 7.346128160985502120e+01
4.399999999999999467e-01 1.176854446560519907e-01 5.526433304534770485e+01
4.499999999999999556e-01 -3.528093297463124611e-01 3.985860216889120977e+01
4.599999999999999645e-01 -6.794865987217720837e-01 2.828608708128058424e+01
4.699999999999999734e-01 -9.185310713719241349e-01 2.145907309957107856e+01
4.799999999999999822e-01 -1.108668060713193571e+00 1.824724139752648000e+01
4.899999999999999911e-01 -1.283475899322453762e+00 1.655250989513230664e+01
5.000000000000000000e-01 -1.439718258615839686e+00 1.429340028620881142e+01
5.100000000000000089e-01 -1.569343905046630017e+00 1.071863950594450188e+01
5.200000000000000178e-01 -1.654091048734729785e+00 5.947019543981747702e+00
5.299999999999999156e-01 -1.688284295926264722e+00 6.827748815429972584e-01
5.400000000000000355e-01 -1.667746546365589833e+00 -4.331394521845417067e+00
5.499999999999999334e-01 -1.601656405489356505e+00 -7.986788296805453768e+00
5.599999999999999423e-01 -1.508010780429480668e+00 -9.155856345350864345e+00
5.699999999999999512e-01 -1.418539278582339414e+00 -8.073421204023194520e+00
5.799999999999999600e-01 -1.346542356349016867e+00 -7.152566305901936872e+00
5.899999999999999689e-01 -1.275487952464300578e+00 -6.363728746730290098e+00
5.999999999999999778e-01 -1.219267781414411056e+00 -7.541048715790041435e+00
6.099999999999999867e-01 -1.124666978148499696e+00 -1.165749684684467624e+01
6.199999999999998845e-01 -9.861178444775173801e-01 -1.624724295676031716e+01
6.300000000000000044e-01 -7.997221190132932644e-01 -1.659103400969509323e+01
6.400000000000000133e-01 -6.542971642836156176e-01 -1.297524673056094713e+01
6.499999999999999112e-01 -5.402171844020744462e-01 -9.050387574032161098e+00
6.600000000000000311e-01 -4.732894128029723202e-01 -5.373554943202206502e+00
6.700000000000000400e-01 -4.327460855380302895e-01 -3.648873812443389930e+00
6.799999999999999378e-01 -4.003119365541045749e-01 -3.424229403260401483e+00
6.899999999999999467e-01 -3.642614974728222710e-01 -3.864427078791904613e+00
7.000000000000000666e-01 -3.230233949782664871e-01 -4.160196449448561928e+00
7.099999999999999645e-01 -2.810575684838510502e-01 -3.911485014172202845e+00
7.199999999999999734e-01 -2.447936946948224557e-01 -2.842351923274071268e+00
7.299999999999998712e-01 -2.242105300183696304e-01 -8.768932138523592990e-01
7.399999999999999911e-01 -2.272558304177752508e-01 1.389652074009451788e+00
7.500000000000000000e-01 -2.520035714985586761e-01 2.760022442063180037e+00
7.599999999999998979e-01 -2.824562792590388227e-01 2.591655251947336147e+00
7.699999999999999067e-01 -3.038366765375053458e-01 1.587949356031126413e+00
7.800000000000000266e-01 -3.142152663796613510e-01 7.932292504362810082e-01
7.899999999999999245e-01 -3.197012615462310192e-01 2.163557243409000297e-01
7.999999999999999334e-01 -3.185423808664793466e-01 -6.435924507173287346e-01
8.100000000000000533e-01 -3.068294125318843935e-01 -1.674083323014172286e+00
8.199999999999999512e-01 -2.850607144061959586e-01 -2.236633451778428761e+00
8.299999999999999600e-01 -2.620967434963158427e-01 -1.977812127026289613e+00
8.399999999999999689e-01 -2.455044718656701486e-01 -1.172346717828143037e+00
8.499999999999999778e-01 -2.386498091397529775e-01 -4.724228704162448667e-01
8.599999999999999867e-01 -2.360560144573452535e-01 -1.951976961988547143e-01
8.699999999999999956e-01 -2.347458552157758727e-01 -2.124205846617457927e-01
8.799999999999998934e-01 -2.318076027641103320e-01 -5.745453127634715385e-01
8.900000000000000133e-01 -2.232549489605064608e-01 -1.260955874776305219e+00
8.999999999999999112e-01 -2.065884852685842543e-01 -2.083019138956156091e+00
9.099999999999999201e-01 -1.815945661813833378e-01 -2.739261710465335398e+00
9.199999999999999289e-01 -1.518032510592775275e-01 -3.129720525833075584e+00
9.299999999999999378e-01 -1.190001556647218295e-01 -2.997156025312838423e+00
9.399999999999999467e-01 -9.186013055302076624e-02 -2.103672161142793318e+00
9.499999999999999556e-01 -7.692671244186596868e-02 -9.561689785317967205e-01
9.599999999999999645e-01 -7.273675098238482906e-02 2.615464914776139405e-01
9.699999999999999734e-01 -8.215764227141825193e-02 2.244348390840488761e-01
9.799999999999999822e-01 -7.722544776406579936e-02 -1.345237798355793712e+00
9.899999999999998801e-01 -5.525288630430236908e-02 -2.785156673495185586e+00
1.000000000000000000e+00 -2.152231429416210165e-02 -2.958784884945951710e+00
1.010000000000000009e+00 3.922811394616662270e-03 -2.546887058506369872e+00
1.020000000000000018e+00 2.941542687596529482e-02 -2.434343167481430648e+00
1.029999999999999805e+00 5.260967474424527168e-02 -2.064491223696070410e+00
1.040000000000000036e+00 7.070525134988669969e-02 -1.444007687346462232e+00
1.050000000000000044e+00 8.148982849117450411e-02 -7.251129099356973251e-01
1.059999999999999831e+00 8.520750954860065174e-02 -2.041345752373603384e-01
1.069999999999999840e+00 8.557251999592171976e-02 -4.006008816008324591e-02
1.080000000000000071e+00 8.600871131180232165e-02 -4.133631684423014208e-02
1.089999999999999858e+00 8.639924633280632316e-02 1.552002906588039188e-01
1.099999999999999867e+00 8.290470549862623273e-02 7.494880665182501733e-01
1.109999999999999876e+00 7.140948500244131969e-02 1.580429607309512097e+00
1.119999999999999885e+00 5.129611335243599440e-02 2.344965044294267997e+00
1.129999999999999893e+00 2.451018411655596016e-02 2.686159465099991817e+00
1.139999999999999902e+00 -2.427075949563838909e-03 2.111535856173843761e+00
1.149999999999999911e+00 -1.772053300692091188e-02 7.602804416181501157e-01
1.159999999999999920e+00 -1.763268478192683841e-02 -7.300427559439349734e-01
1.169999999999999929e+00 -3.119677888042210034e-03 -8.646022690205046324e-01
1.179999999999999938e+00 -3.406394015167476413e-04 -1.539929716621517564e-01
1.189999999999999947e+00 -3.981845479917551714e-05 -1.703197007583738196e-02
1.199999999999999956e+00 0.000000000000000000e+00 -3.981845479917552229e-03
