0.000000000000000000e+00 9.251977544735963008e+22 6.661830462949841990e+25
1.666666666666666644e-02 4.626553537203440242e+22 3.331118546815800152e+25
3.333333333333333287e-02 1.129529670915989094e+19 4.066306817588430111e+21
5.000000000000000278e-02 8.705676599858774400e+16 2.089362397374032282e+19
6.666666666666666574e-02 2.757640602381689000e+15 4.963753263261256960e+17
8.333333333333334259e-02 1.895035807571700625e+14 2.728851938239386400e+16
1.000000000000000056e-01 2.125407607592100391e+13 2.550490176604795000e+15
1.166666666666666824e-01 3.342567701411769531e+12 3.438073196345553750e+14
1.333333333333333315e-01 6.732490415494338379e+11 6.059255356305628125e+13
1.499999999999999944e-01 1.638111334736428223e+11 1.310495198528387500e+13
1.666666666666666852e-01 4.626472084130016327e+10 3.331089223709366211e+12
1.833333333333333481e-01 1.474116558583381653e+10 9.648913402961055908e+11
2.000000000000000111e-01 5.188714894270399094e+09 3.113310772052525024e+11
2.166666666666666741e-01 1.985639744272349596e+09 1.099785666490542603e+11
2.333333333333333648e-01 8.159500798252656460e+08 4.196592868723483276e+10
2.500000000000000000e-01 3.565130091642357111e+08 1.711434065450456238e+10
2.666666666666666630e-01 1.643196505125268102e+08 7.395476644995201111e+09
2.833333333333333814e-01 7.937540245850713551e+07 3.362496359327901363e+09
2.999999999999999889e-01 3.996937849866607785e+07 1.599254103950147867e+09
3.166666666666667074e-01 2.088596368294462934e+07 7.917961438047091961e+08
3.333333333333333703e-01 1.128256966643761285e+07 4.064015949898419380e+08
3.499999999999999778e-01 6.280146739434844814e+06 2.154821246331399083e+08
3.666666666666666963e-01 3.591845539768455550e+06 1.176688664270902872e+08
3.833333333333333592e-01 2.105669463515236042e+06 6.600273158059690893e+07
4.000000000000000222e-01 1.262580430007389747e+06 3.794134687700788677e+07
4.166666666666666852e-01 7.728705590822178638e+05 2.230671512718928978e+07
4.333333333333333481e-01 4.821797841772297397e+05 1.338917969741619751e+07
4.500000000000000666e-01 3.061399834244586527e+05 8.191765535328324884e+06
4.666666666666667296e-01 1.975426889851986780e+05 5.101401370275936089e+06
4.833333333333333370e-01 1.293926517066184606e+05 3.229506255954923108e+06
5.000000000000000000e-01 8.593943988853888004e+04 2.075954484053446446e+06
5.166666666666667185e-01 5.781996631348064693e+04 1.353573416289458284e+06
5.333333333333333259e-01 3.937036355086414551e+04 8.943673356092516333e+05
5.500000000000000444e-01 2.710826680217098692e+04 5.983334803149277577e+05
5.666666666666667629e-01 1.885972735104969979e+04 4.049653376771858311e+05
5.833333333333333703e-01 1.324808781183574683e+04 2.770896700294029433e+05
5.999999999999999778e-01 9.389805148346149508e+03 1.915380092443045578e+05
6.166666666666666963e-01 6.710617095195098955e+03 1.336738421498902026e+05
6.333333333333334147e-01 4.832814839675143958e+03 9.413198535426596936e+04
6.500000000000000222e-01 3.505165406064694707e+03 6.684751784844166832e+04
6.666666666666667407e-01 2.558780559846136384e+03 4.784779224979259016e+04
6.833333333333334592e-01 1.878983483684752173e+03 3.450243099766167870e+04
6.999999999999999556e-01 1.387165010116236544e+03 2.505190794977906990e+04
7.166666666666666741e-01 1.028953093858597640e+03 1.830775790255755783e+04
7.333333333333333925e-01 7.664179214590336642e+02 1.345980489471976398e+04
7.500000000000000000e-01 5.728848526672359185e+02 9.950892266018105147e+03
7.666666666666667185e-01 4.294500133135679789e+02 7.394656669921336288e+03
7.833333333333334370e-01 3.226185208547746015e+02 5.521037016424847025e+03
8.000000000000000444e-01 2.426898748792367826e+02 4.139832316830730633e+03
8.166666666666666519e-01 1.826450849077018859e+02 3.116116889737925703e+03
8.333333333333333703e-01 1.373736137667303865e+02 2.353516175908222067e+03
8.500000000000000888e-01 1.031323561476937556e+02 1.782738899485934326e+03
8.666666666666666963e-01 7.716429864855335552e+01 1.353653367470277317e+03
8.833333333333334147e-01 5.742789337918664927e+01 1.029772482185633180e+03
9.000000000000001332e-01 4.240374523435311716e+01 7.843883011150326183e+02
9.166666666666667407e-01 3.095566073922435635e+01 5.978445266955448005e+02
9.333333333333334592e-01 2.223017255081491328e+01 4.555995115861483100e+02
9.500000000000001776e-01 1.558346850762285385e+01 3.468421418339304978e+02
9.666666666666666741e-01 1.052795843977413170e+01 2.634969070129960755e+02
9.833333333333332815e-01 6.692995311686163795e+00 1.995046404013891106e+02
1.000000000000000000e+00 3.795855606407507743e+00 1.502996948433986404e+02
1.016666666666666607e+00 1.620195797040014707e+00 1.124279025264117706e+02
1.033333333333333437e+00 -1.502887463139991411e-05 8.326599464128180728e+01
1.050000000000000044e+00 -1.192531370568227889e+00 6.081453256398392426e+01
1.066666666666666652e+00 -2.055885852554121040e+00 4.354437568070508746e+01
1.083333333333333481e+00 -2.666228243525229580e+00 3.028233242993112739e+01
1.100000000000000089e+00 -3.082510972410296368e+00 2.012562670947908572e+01
1.116666666666666696e+00 -3.350435359304905436e+00 1.237765293570981839e+01
1.133333333333333526e+00 -3.505465233384617019e+00 6.499529024395419796e+00
1.150000000000000133e+00 -3.575135979886236548e+00 2.073422986352585262e+00
1.166666666666666741e+00 -3.580829303455428825e+00 -1.225309775861471939e+00
1.183333333333333348e+00 -3.539141383990493051e+00 -3.649369494841874229e+00
1.199999999999999956e+00 -3.462940527138111069e+00 -5.395762479337640194e+00
1.216666666666666785e+00 -3.362186918392160440e+00 -6.618272219782731725e+00
1.233333333333333393e+00 -3.244569538760119887e+00 -7.437059404687561326e+00
1.250000000000000000e+00 -3.116002137167066088e+00 -7.946073364807986650e+00
1.266666666666666829e+00 -2.981010245880249876e+00 -8.218789727417398439e+00
1.283333333333333437e+00 -2.843033738778049546e+00 -8.312663935239585911e+00
1.300000000000000044e+00 -2.704663756200694547e+00 -8.272596587156202830e+00
1.316666666666666874e+00 -2.567828502046209049e+00 -8.133636138310716746e+00
1.333333333333333481e+00 -2.433939123068566968e+00 -7.923091384475375420e+00
1.350000000000000089e+00 -2.304004357003546666e+00 -7.662185958262790919e+00
1.366666666666666918e+00 -2.178720698305419035e+00 -7.367356540931125686e+00
1.383333333333333526e+00 -2.058543337714292321e+00 -7.051273240499807748e+00
1.399999999999999911e+00 -1.943741979031756273e+00 -6.723642817476370048e+00
1.416666666666666741e+00 -1.834444743623342200e+00 -6.391841819539985536e+00
1.433333333333333348e+00 -1.730672679859303509e+00 -6.061416216593768169e+00
1.449999999999999956e+00 -1.632366855005752182e+00 -5.736476056445929395e+00
1.466666666666666785e+00 -1.539409585948469772e+00 -5.420007422468033020e+00
1.483333333333333393e+00 -1.451641035770910193e+00 -5.114119139285682181e+00
1.500000000000000000e+00 -1.368872145057034029e+00 -4.820237915594319134e+00
1.516666666666666829e+00 -1.290894664033059858e+00 -4.539262686946400116e+00
1.533333333333333437e+00 -1.217488892100499154e+00 -4.271686636783009305e+00
1.550000000000000044e+00 -1.148429605510884688e+00 -4.017693586344584844e+00
1.566666666666666874e+00 -1.083490554574706888e+00 -3.777234042266016445e+00
1.583333333333333481e+00 -1.022447833196933997e+00 -3.550085089092224422e+00
1.600000000000000089e+00 -9.650823612585637257e-01 -3.335897446609694228e+00
1.616666666666666696e+00 -9.111816709580975449e-01 -3.134232327680597230e+00
1.633333333333333304e+00 -8.605411489806091829e-01 -2.944590191551890612e+00
1.650000000000000133e+00 -8.129648551511567955e-01 -2.766433059570089892e+00
1.666666666666666741e+00 -7.682660133843212114e-01 -2.599201720841299856e+00
1.683333333333333348e+00 -7.262672509478094174e-01 -2.442328885870206800e+00
1.700000000000000178e+00 -6.868006462780409382e-01 -2.295249131900886308e+00
1.716666666666666785e+00 -6.497076329994119215e-01 -2.157406313041883905e+00
1.733333333333333393e+00 -6.148387977571403429e-01 -2.028258972228519585e+00
1.750000000000000222e+00 -5.820536014612585074e-01 -1.907284183521047005e+00
1.766666666666666829e+00 -5.512200471472273877e-01 -1.793980166527131992e+00
1.783333333333333437e+00 -5.222143125613405434e-01 -1.687867945419096349e+00
1.800000000000000266e+00 -4.949203615171422488e-01 -1.588492269564869996e+00
1.816666666666666874e+00 -4.692295448356648135e-01 -1.495421968409518243e+00
1.833333333333333481e+00 0.000000000000000000e+00 -1.408249877709053521e+00
1.850000000000000311e+00 0.000000000000000000e+00 -1.326592445761367811e+00
1.866666666666666918e+00 0.000000000000000000e+00 -1.250089105490858721e+00
1.883333333333333526e+00 0.000000000000000000e+00 -1.178401479998719914e+00
1.900000000000000355e+00 0.000000000000000000e+00 -1.111212474590824284e+00
1.916666666666666963e+00 0.000000000000000000e+00 -1.048225296620362013e+00
1.933333333333333348e+00 0.000000000000000000e+00 -9.891624351566267181e-01
1.949999999999999956e+00 0.000000000000000000e+00 -9.337646250525046820e-01
1.966666666666666563e+00 0.000000000000000000e+00 -8.817898140604240043e-01
1.983333333333333393e+00 0.000000000000000000e+00 -8.330121469417036684e-01
2.000000000000000000e+00 0.000000000000000000e+00 -7.872209767879196907e-01
