0.000000000000000000e+00 5.164761427919935373e+21 3.718855223037117113e+24
1.666666666666666644e-02 2.582695984464040821e+21 1.859541108900361948e+24
3.333333333333333287e-02 6.305410081469210880e+17 2.269947636067421061e+20
5.000000000000000278e-02 4.859797813946564000e+15 1.166351514786072320e+18
6.666666666666666574e-02 1.539406182371179375e+14 2.770931654713849600e+16
8.333333333333334259e-02 1.057870741950286133e+13 1.523334972445123000e+15
1.000000000000000056e-01 1.186469020636123047e+12 1.423765905927187500e+14
1.166666666666666824e-01 1.865915907618882141e+11 1.919238264083447266e+13
1.333333333333333315e-01 3.758225906177299500e+10 3.382444444132066406e+12
1.499999999999999944e-01 9.144116752948774338e+09 7.315473735679324951e+11
1.666666666666666852e-01 2.582456393403439999e+09 1.859454856118545532e+11
1.833333333333333481e-01 8.227912904605481625e+08 5.385985605700106812e+10
2.000000000000000111e-01 2.895863033283526897e+08 1.737758535895108795e+10
2.166666666666666741e-01 1.108047940286965668e+08 6.138255480235288620e+09
2.333333333333333648e-01 4.552326458436761796e+07 2.342014697912364960e+09
2.500000000000000000e-01 1.988469911362571269e+07 9.549703753375647068e+08
2.666666666666666630e-01 9.161298598700551316e+06 4.125797539141561389e+08
2.833333333333333814e-01 4.422956537697758526e+06 1.875354172849288583e+08
2.999999999999999889e-01 2.225516175537269562e+06 8.916153242797946930e+07
3.166666666666667074e-01 1.161797708385363454e+06 4.412251198502606899e+07
3.333333333333333703e-01 6.267973978250473738e+05 2.263209137488048151e+07
3.499999999999999778e-01 3.483152866614594823e+05 1.199012769904544950e+07
3.666666666666666963e-01 1.987966256744467537e+05 6.540650572795262560e+06
3.833333333333333592e-01 1.162341559393235948e+05 3.663966984223305713e+06
4.000000000000000222e-01 6.946564182214466564e+04 2.102775186304399744e+06
4.166666666666666852e-01 4.234908243212236994e+04 1.233785243949522031e+06
4.333333333333333481e-01 2.628848244853057258e+04 7.387276524191822391e+05
4.500000000000000666e-01 1.658869020266168809e+04 4.506107657292092917e+05
4.666666666666667296e-01 1.062465633041777983e+04 2.795978982891114429e+05
4.833333333333333370e-01 6.896776527350810284e+03 1.762305159012758813e+05
5.000000000000000000e-01 4.531140666347244405e+03 1.126912657074154122e+05
5.166666666666667185e-01 3.008975252643917884e+03 7.302090674300405954e+04
5.333333333333333259e-01 2.016994891438670720e+03 4.789267390605244145e+04
5.500000000000000444e-01 1.362962878820967035e+03 3.176121092624906305e+04
5.666666666666667629e-01 9.271518224980394507e+02 2.127598468847158802e+04
5.833333333333333703e-01 6.339519804657788882e+02 1.438189177062390081e+04
5.999999999999999778e-01 4.349919787836723799e+02 9.800506813866275479e+03
6.166666666666666963e-01 2.989495072560968083e+02 6.725972268471239659e+03
6.333333333333334147e-01 2.053116735179324905e+02 4.643971872426032860e+03
6.500000000000000222e-01 1.405021597732860528e+02 3.222409201893457066e+03
6.666666666666667407e-01 9.544670695784435566e+01 2.244486453200387587e+03
6.833333333333334592e-01 6.402432931820132467e+01 1.567210174678174781e+03
6.999999999999999556e-01 4.207082812825357365e+01 1.095349346671704097e+03
7.166666666666666741e-01 2.673078733465823120e+01 7.649030188854096650e+02
7.333333333333333925e-01 1.603192270336267100e+01 5.324904524378850965e+02
7.500000000000000000e-01 8.602817584396085238e+00 3.684717313413933653e+02
7.666666666666667185e-01 3.484055858224870850e+00 2.524434968648289157e+02
7.833333333333334370e-01 7.725952467142083602e-04 1.702623917534224915e+02
8.000000000000000444e-01 -2.324040787624090054e+00 1.120607291236090930e+02
8.166666666666666519e-01 -3.828955513114246756e+00 7.091257357591769050e+01
8.333333333333333703e-01 -4.755120458891014756e+00 4.192993652007646688e+01
8.500000000000000888e-01 -5.274763254012759361e+00 2.164579371791303686e+01
8.666666666666666963e-01 -5.511120005834107438e+00 7.589900867755556391e+00
8.833333333333334147e-01 -5.552453283727989408e+00 -2.004807189328642103e+00
9.000000000000001332e-01 -5.461965901484344243e+00 -8.406730314861423636e+00
9.166666666666667407e-01 -5.284847659610091952e+00 -1.252892014939816967e+01
9.333333333333334592e-01 -5.053307532614321751e+00 -1.503008284278674367e+01
9.500000000000001776e-01 -4.790182492244162482e+00 -1.638614079597944340e+01
9.666666666666666741e-01 -4.511535455425312868e+00 -1.694118866960718250e+01
9.833333333333332815e-01 -4.228531829001075160e+00 -1.694394619549991532e+01
1.000000000000000000e+00 -3.948798910603255052e+00 -1.657394852816439368e+01
1.016666666666666607e+00 -3.677413026434861898e+00 -1.596043823046980492e+01
1.033333333333333437e+00 -3.417617674565306629e+00 -1.519604216594358093e+01
1.050000000000000044e+00 -3.171346622454102260e+00 -1.434670523853274204e+01
1.066666666666666652e+00 -2.939605141890262452e+00 -1.345892621593455374e+01
1.083333333333333481e+00 -2.722747785261490527e+00 -1.256504141485419268e+01
1.100000000000000089e+00 -2.520680539264041453e+00 -1.168709077513358885e+01
1.116666666666666696e+00 -2.333007602344919995e+00 -1.083965108101468999e+01
1.133333333333333526e+00 -2.159137558387427269e+00 -1.003191440281416824e+01
1.150000000000000133e+00 -1.998359755943573068e+00 -9.269213492308470137e+00
1.166666666666666741e+00 -1.849898822245483299e+00 -8.554141002811604722e+00
1.183333333333333348e+00 -1.712953141085136632e+00 -7.887369815644844628e+00
1.199999999999999956e+00 -1.586721587361115127e+00 -7.268253075229701210e+00
1.216666666666666785e+00 -1.470421683988592410e+00 -6.695261682295067018e+00
1.233333333333333393e+00 -1.363301517780025840e+00 -6.166301780037457547e+00
1.250000000000000000e+00 -1.264647139592971481e+00 -5.678943630902901774e+00
1.266666666666666829e+00 -1.173786722376877867e+00 -5.230585104409678721e+00
1.283333333333333437e+00 -1.090092416462417280e+00 -4.818566975520744755e+00
1.300000000000000044e+00 -1.012980593680544716e+00 -4.440252788405581796e+00
1.316666666666666874e+00 -9.419109880928602241e-01 -4.093082751652751483e+00
1.333333333333333481e+00 -8.763851046768755815e-01 -3.774608692410712507e+00
1.350000000000000089e+00 -8.159441660254891371e-01 -3.482515285461584398e+00
1.366666666666666918e+00 -7.601667919688321895e-01 -3.214631425538027720e+00
1.383333333333333526e+00 -7.086665513298028296e-01 -2.968934607316372265e+00
1.399999999999999911e+00 -6.610894838253958961e-01 -2.743550429093237319e+00
1.416666666666666741e+00 -6.171116597381439695e-01 -2.536748777900885266e+00
1.433333333333333348e+00 -5.764368226589625666e-01 -2.346937837392136128e+00
1.449999999999999956e+00 -5.387941442945212156e-01 -2.172656749332133153e+00
1.466666666666666785e+00 -5.039361085069962165e-01 -2.012567528259332938e+00
1.483333333333333393e+00 -4.716365332654137155e-01 -1.865446656900924705e+00
1.500000000000000000e+00 -4.416887331775315451e-01 -1.730176662365127793e+00
1.516666666666666829e+00 -4.139038210963731368e-01 -1.605737878845045152e+00
1.533333333333333437e+00 -3.881091444744420582e-01 -1.491200533206871848e+00
1.550000000000000044e+00 -3.641468503105914634e-01 -1.385717239133265721e+00
1.566666666666666874e+00 -3.418725714295820506e-01 -1.288515948743668815e+00
1.583333333333333481e+00 -3.211542262508780277e-01 -1.198893384278632901e+00
1.600000000000000089e+00 -3.018709239908633490e-01 -1.116208953853580432e+00
1.616666666666666696e+00 -2.839119672896495139e-01 -1.039879142457230010e+00
1.633333333333333304e+00 -2.671759444772958125e-01 -9.693723607862827496e-01
1.650000000000000133e+00 -2.515699040336338843e-01 -9.042042290400711391e-01
1.666666666666666741e+00 -2.370086042065009946e-01 -8.439332695984702593e-01
1.683333333333333348e+00 -2.234138312027638962e-01 -7.881569809379760372e-01
1.700000000000000178e+00 -2.107137798320298239e-01 -7.365082647299606711e-01
1.716666666666666785e+00 -1.988424909481749658e-01 -6.886521784585000194e-01
1.733333333333333393e+00 -1.877393404876726568e-01 -6.442829868311463759e-01
1.750000000000000222e+00 -1.773485753388050756e-01 -6.031214865419833870e-01
1.766666666666666829e+00 -1.676188916876052981e-01 -5.649125804414972807e-01
1.783333333333333437e+00 -1.585030518722053972e-01 -5.294230787705516139e-01
1.800000000000000266e+00 -1.499575361360037384e-01 -4.964397067535937236e-01
1.816666666666666874e+00 -1.419422260015773263e-01 -4.657672994685004841e-01
1.833333333333333481e+00 0.000000000000000000e+00 -4.372271664827458437e-01
1.850000000000000311e+00 0.000000000000000000e+00 -4.106556102454156365e-01
1.866666666666666918e+00 0.000000000000000000e+00 -3.859025836382838914e-01
1.883333333333333526e+00 0.000000000000000000e+00 -3.628304734094336403e-01
1.900000000000000355e+00 0.000000000000000000e+00 -3.413129974369597530e-01
1.916666666666666963e+00 0.000000000000000000e+00 -3.212342048986071563e-01
1.933333333333333348e+00 0.000000000000000000e+00 -3.024875694583965546e-01
1.949999999999999956e+00 0.000000000000000000e+00 -2.849751665274718460e-01
1.966666666666666563e+00 0.000000000000000000e+00 -2.686069265185342392e-01
1.983333333333333393e+00 0.000000000000000000e+00 -2.532999567967822996e-01
2.000000000000000000e+00 0.000000000000000000e+00 -2.389779257409507529e-01
