0.000000000000000000e+00 1.160243150517985346e+21 8.354260619108818386e+23
1.666666666666666644e-02 5.801923995258071286e+20 4.177385276916231884e+23
3.333333333333333287e-02 1.416485336287698880e+17 5.099347236449847706e+19
5.000000000000000278e-02 1.091734233353017875e+15 2.620162311131325120e+17
6.666666666666666574e-02 3.458213947248732031e+13 6.224787121776776000e+15
8.333333333333334259e-02 2.376462194684511230e+12 3.422109789733076250e+14
1.000000000000000056e-01 2.665347415621754150e+11 3.198428702190073438e+13
1.166666666666666824e-01 4.191673743531845093e+10 4.311475972364418945e+12
1.333333333333333315e-01 8.442560488805102348e+09 7.598461996882359619e+11
1.499999999999999944e-01 2.054118097166221619e+09 1.643363560532615356e+11
1.666666666666666852e-01 5.801006160372846127e+08 4.177054856357550049e+10
1.833333333333333481e-01 1.848153692811973989e+08 1.209870157093149185e+10
2.000000000000000111e-01 6.504170053723067790e+07 3.903424176293948174e+09
2.166666666666666741e-01 2.488399260103572905e+07 1.378716939040826082e+09
2.333333333333333648e-01 1.022157913550488651e+07 5.259946648278176785e+08
2.500000000000000000e-01 4.463686117764530703e+06 2.144503212786918283e+08
2.666666666666666630e-01 2.055786746757152723e+06 9.263349497732970119e+07
2.833333333333333814e-01 9.920269604933734518e+05 4.209578344867306203e+07
2.999999999999999889e-01 4.988372939998171059e+05 2.000746269720980152e+07
3.166666666666667074e-01 2.601863635671585798e+05 9.896658911616504192e+06
3.333333333333333703e-01 1.402144166206081863e+05 5.073533130302936770e+06
3.499999999999999778e-01 7.780504329082235927e+04 2.685947105894994456e+06
3.666666666666666963e-01 4.432406608128581865e+04 1.463852530404786812e+06
3.833333333333333592e-01 2.585511503831708978e+04 8.190820026005879045e+05
4.000000000000000222e-01 1.540654248315519362e+04 4.694005249642502749e+05
4.166666666666666852e-01 9.358067665009562916e+03 2.749259645993116428e+05
4.333333333333333481e-01 5.782720706459405847e+03 1.642507842179486179e+05
4.500000000000000666e-01 3.628601108731207660e+03 9.992148908321675844e+04
4.666666666666667296e-01 2.308013032462606134e+03 6.179775142958067590e+04
4.833333333333333370e-01 1.485515615839946349e+03 3.879726416409594822e+04
5.000000000000000000e-01 9.658309569163275228e+02 2.469078379407297325e+04
5.166666666666667185e-01 6.331823014944017132e+02 1.590714920563637497e+04
5.333333333333333259e-01 4.177565677820330166e+02 1.036117412867259736e+04
5.500000000000000444e-01 2.767910232863113151e+02 6.814377107985561452e+03
5.666666666666667629e-01 1.837080622207190572e+02 4.519381700066141093e+03
5.833333333333333703e-01 1.217647081688699160e+02 3.018433990508646275e+03
5.999999999999999778e-01 8.028047894675194129e+01 2.027257525943771725e+03
6.166666666666666963e-01 5.236265484060966457e+01 1.367010009868995894e+03
6.333333333333334147e-01 3.351496384381231053e+01 9.238104795568742702e+02
6.500000000000000222e-01 2.077521312013718813e+01 6.243195331685398060e+02
6.666666666666667407e-01 1.217406121996118173e+01 4.208060079049423052e+02
6.833333333333334592e-01 6.391335012114707226e+00 2.818984828918424910e+02
6.999999999999999556e-01 2.535372014241935368e+00 1.867886892928026441e+02
7.166666666666666741e-01 -1.234604305372844131e-04 1.215572651926347163e+02
7.333333333333333925e-01 -1.629846126740969847e+00 7.681987956651308025e+01
7.500000000000000000e-01 -2.638872808204591358e+00 4.620401860525232252e+01
7.666666666666667185e-01 -3.223986963158287811e+00 2.535391065315411652e+01
7.833333333333334370e-01 -3.521450671069468186e+00 1.127462731290066955e+01
8.000000000000000444e-01 -3.625807980747508097e+00 1.896087082494561038e+00
8.166666666666666519e-01 -3.602704141522760750e+00 -4.219078301835185840e+00
8.333333333333333703e-01 -3.497681070745697784e+00 -8.072733613766729377e+00
8.500000000000000888e-01 -3.342247476377053328e+00 -1.036530792080471564e+01
8.666666666666666963e-01 -3.158090447100062814e+00 -1.158753809689842917e+01
8.833333333333334147e-01 -2.960011528331794928e+00 -1.208363572937527408e+01
9.000000000000001332e-01 -2.757982204427716688e+00 -1.209502691540669872e+01
9.166666666666667407e-01 -2.558588086505351189e+00 -1.179079934707853816e+01
9.333333333333334592e-01 -2.366046602098252460e+00 -1.128899854059831043e+01
9.500000000000001776e-01 -2.182925747759919766e+00 -1.067158843223784892e+01
9.666666666666666741e-01 -2.010652446560972972e+00 -9.995001989091736760e+00
9.833333333333332815e-01 -1.849872287036389285e+00 -9.297606916892689810e+00
1.000000000000000000e+00 -1.700703952761106974e+00 -8.605003463749618220e+00
1.016666666666666607e+00 -1.562918839273764959e+00 -7.933792311817145837e+00
1.033333333333333437e+00 -1.436067419626056774e+00 -7.294258668752583219e+00
1.050000000000000044e+00 -1.319567657769324054e+00 -6.692285971371475739e+00
1.066666666666666652e+00 -1.212766360412197431e+00 -6.130720354818034679e+00
1.083333333333333481e+00 -1.114981241113429888e+00 -5.610342574778032443e+00
1.100000000000000089e+00 -1.025529258118916598e+00 -5.130558810781316481e+00
1.116666666666666696e+00 -9.437452116512088374e-01 -4.689889861020981598e+00
1.133333333333333526e+00 -8.689934602935105445e-01 -4.286315635798227497e+00
1.150000000000000133e+00 -8.006748091309273674e-01 -3.917515786791943899e+00
1.166666666666666741e+00 -7.382300425827605928e-01 -3.581035842856534757e+00
1.183333333333333348e+00 -6.811411575420334152e-01 -3.274400013924836372e+00
1.199999999999999956e+00 -6.289310515645178956e-01 -2.995185929639452738e+00
1.216666666666666785e+00 -5.811622037031727306e-01 -2.741072334678376521e+00
1.233333333333333393e+00 -5.374347287950006491e-01 -2.509867699104671779e+00
1.250000000000000000e+00 -4.973840728251518462e-01 -2.299525486393369178e+00
1.266666666666666829e+00 -4.606785353733038324e-01 -2.108150216773328367e+00
1.283333333333333437e+00 -4.270167464047434080e-01 -1.933997299484832677e+00
1.300000000000000044e+00 -3.961251825238919499e-01 -1.775468762745725737e+00
1.316666666666666874e+00 -3.677557777107661741e-01 -1.631106397003812214e+00
1.333333333333333481e+00 -3.416836622069155394e-01 -1.499583382161919332e+00
1.350000000000000089e+00 -3.177050482034070034e-01 -1.379695147091747565e+00
1.366666666666666918e+00 -2.956352705591802077e-01 -1.270349976662360714e+00
1.383333333333333526e+00 -2.753069836676809712e-01 -1.170559713519843115e+00
1.399999999999999911e+00 -2.565685108626400424e-01 -1.079430781344296264e+00
1.416666666666666741e+00 -2.392823397316978795e-01 -9.961556704138629925e-01
1.433333333333333348e+00 -2.233237548948375228e-01 -9.200049656178839186e-01
1.449999999999999956e+00 -2.085795988434430148e-01 -8.503199546997984859e-01
1.466666666666666785e+00 -1.949471510640268246e-01 -7.865058254350645317e-01
1.483333333333333393e+00 -1.823331156991503943e-01 -7.280254409684764338e-01
1.500000000000000000e+00 -1.706527082906115766e-01 -6.743936699457849793e-01
1.516666666666666829e+00 -1.598288326090610556e-01 -6.251722403987981513e-01
1.533333333333333437e+00 -1.497913391306135711e-01 -5.799650821364837894e-01
1.550000000000000044e+00 -1.404763573261616771e-01 -5.384141206041164196e-01
1.566666666666666874e+00 -1.318256945494214738e-01 -5.001954850334098257e-01
1.583333333333333481e+00 -1.237862949225793929e-01 -4.650160946658159489e-01
1.600000000000000089e+00 -1.163097522089570068e-01 -4.326105884913401534e-01
1.616666666666666696e+00 -1.093518712211799804e-01 -4.027385660230030640e-01
1.633333333333333304e+00 -1.028722728357309157e-01 -3.751821089228343786e-01
1.650000000000000133e+00 -9.683403816807684139e-02 -3.497435556702938042e-01
1.666666666666666741e+00 -9.120338790630974635e-02 -3.262435038240917851e-01
1.683333333333333348e+00 -8.594939320622532741e-02 -3.045190167113345781e-01
1.700000000000000178e+00 -8.104371491862884247e-02 -2.844220135447271258e-01
1.716666666666666785e+00 -7.646036825254139135e-02 -2.658178239966130230e-01
1.733333333333333393e+00 -7.217551027830378108e-02 -2.485838901368556675e-01
1.750000000000000222e+00 -6.816724794486801742e-02 -2.326086003669212698e-01
1.766666666666666829e+00 -6.441546452836480197e-02 -2.177902415573478023e-01
1.783333333333333437e+00 -6.090166264680225983e-02 -2.040360570259451833e-01
1.800000000000000266e+00 -5.760882217083171386e-02 -1.912613992876057156e-01
1.816666666666666874e+00 -5.452127153511384522e-02 -1.793889676727621896e-01
1.833333333333333481e+00 0.000000000000000000e+00 -1.683481219601049295e-01
1.850000000000000311e+00 0.000000000000000000e+00 -1.580742641100372770e-01
1.866666666666666918e+00 0.000000000000000000e+00 -1.485082810281359023e-01
1.883333333333333526e+00 0.000000000000000000e+00 -1.395960420418163039e-01
1.900000000000000355e+00 0.000000000000000000e+00 -1.312879454471229390e-01
1.916666666666666963e+00 0.000000000000000000e+00 -1.235385090841204792e-01
1.933333333333333348e+00 0.000000000000000000e+00 -1.163060004361526761e-01
1.949999999999999956e+00 0.000000000000000000e+00 -1.095521022270171813e-01
1.966666666666666563e+00 0.000000000000000000e+00 -1.032416099170276602e-01
1.983333333333333393e+00 0.000000000000000000e+00 -9.734215787953387489e-02
2.000000000000000000e+00 0.000000000000000000e+00 -9.182397137877444659e-02
