0.000000000000000000e+00 7.191921971527297270e+20 8.630833182913710952e+23
1.000000000000000021e-02 3.596399999431078707e+20 4.315679999658647198e+23
2.000000000000000042e-02 8.780273348606248000e+16 5.268164035831873536e+19
2.999999999999999889e-02 6.767260307837223750e+14 2.706904279217193600e+17
4.000000000000000083e-02 2.143620055737303906e+13 6.430862250659178000e+15
5.000000000000000278e-02 1.473081798911999023e+12 3.535400686694397500e+14
5.999999999999999778e-02 1.652151157693187866e+11 3.304314509316416406e+13
7.000000000000000666e-02 2.598264897553089523e+10 4.454209845007098633e+12
8.000000000000000167e-02 5.233233766973016739e+09 7.850013419777152100e+11
8.999999999999999667e-02 1.273272511576777935e+09 1.697768050325748596e+11
1.000000000000000056e-01 3.595831079999997616e+08 4.315338647999996948e+10
1.100000000000000006e-01 1.145602732305240929e+08 1.249923602792055511e+10
1.199999999999999956e-01 4.031696631104968488e+07 4.032649281889433384e+09
1.300000000000000044e-01 1.542467508780838363e+07 1.424360162059147358e+09
1.400000000000000133e-01 6.335982376026878133e+06 5.434080255485283136e+08
1.499999999999999944e-01 2.766875508001829963e+06 2.215498259899406433e+08
1.600000000000000033e-01 1.274306919993250165e+06 9.570018252888981998e+07
1.700000000000000122e-01 6.149212002753796987e+05 4.348939024192769080e+07
1.799999999999999933e-01 3.092109898602532921e+05 2.066982241519728303e+07
1.900000000000000022e-01 1.612800160804760235e+05 1.022429430788861029e+07
2.000000000000000111e-01 8.691379687499994179e+04 5.241495937499996275e+06
2.099999999999999922e-01 4.822850906915740052e+04 2.774867342498928308e+06
2.200000000000000011e-01 2.747487500691432069e+04 1.512314510673431680e+06
2.300000000000000100e-01 1.602664664833742063e+04 8.461984045817077858e+05
2.399999999999999911e-01 9.549957598296816286e+03 4.849404641684737871e+05
2.500000000000000000e-01 5.800728330240000105e+03 2.840276710195200285e+05
2.600000000000000089e-01 3.584500718000180314e+03 1.696884955175886862e+05
2.700000000000000178e-01 2.249240106895155805e+03 1.032295202231213043e+05
2.800000000000000266e-01 1.430655322040233841e+03 6.384365802446070302e+04
2.899999999999999800e-01 9.208188212770875225e+02 4.008171414034289774e+04
2.999999999999999889e-01 5.986849565615000301e+02 2.550822130772749006e+04
3.099999999999999978e-01 3.924879363902251725e+02 1.643379230083886068e+04
3.200000000000000067e-01 2.589531715351255343e+02 1.070420900597390391e+04
3.300000000000000155e-01 1.715735974967852258e+02 7.039988925774595373e+03
3.400000000000000244e-01 1.138747200030033468e+02 4.669012995655186387e+03
3.500000000000000333e-01 7.547817357713088882e+01 3.118372877144495760e+03
3.599999999999999867e-01 4.976351258039740344e+01 2.094380819193412208e+03
3.699999999999999956e-01 3.245818789953428762e+01 1.412273726250149139e+03
3.800000000000000044e-01 2.077512157780200042e+01 9.544004483912685828e+02
3.900000000000000133e-01 1.287815591420145722e+01 6.449935701381311901e+02
4.000000000000000222e-01 7.546566009521476381e+00 4.347417068481441902e+02
4.100000000000000311e-01 3.962023088226599210e+00 2.912348267327218423e+02
4.199999999999999845e-01 1.571816790247568374e+00 1.929757585489646203e+02
4.299999999999999933e-01 1.254620273498652239e-04 1.255843062776557986e+02
4.400000000000000022e-01 -1.010105902711915249e+00 7.936544502486961505e+01
4.500000000000000111e-01 -1.635586750463958072e+00 4.773567924425272224e+01
4.600000000000000200e-01 -1.998296563958058769e+00 2.619502420597776293e+01
4.700000000000000289e-01 -2.182699727308464066e+00 1.164939247849032355e+01
4.799999999999999822e-01 -2.247401054897041117e+00 1.960163109081587862e+00
4.899999999999999911e-01 -2.233091980651551012e+00 -4.357623706493466642e+00
5.000000000000000000e-01 -2.168002560000000578e+00 -8.339005440000004654e+00
5.100000000000000089e-01 -2.071664127532856448e+00 -1.070760365934300573e+01
5.200000000000000178e-01 -1.957519916258372739e+00 -1.197040496140408905e+01
5.300000000000000266e-01 -1.834745030657074949e+00 -1.248301921183843533e+01
5.400000000000000355e-01 -1.709520570523465732e+00 -1.249486749598202096e+01
5.500000000000000444e-01 -1.585928834727227121e+00 -1.218063727006698471e+01
5.600000000000000533e-01 -1.466584153516789168e+00 -1.166228369237453499e+01
5.700000000000000622e-01 -1.353078420003728466e+00 -1.102448556077515818e+01
5.799999999999999600e-01 -1.246296204871582214e+00 -1.032554525773129939e+01
5.899999999999999689e-01 -1.146637747441422661e+00 -9.605101655176351727e+00
5.999999999999999778e-01 -1.054176668952903739e+00 -8.889603337905809255e+00
6.099999999999999867e-01 -9.687713119283762886e-01 -8.196201260141647182e+00
6.199999999999999956e-01 -8.901430707206785531e-01 -7.535521717140522213e+00
6.300000000000000044e-01 -8.179311967092264268e-01 -6.913643420920765337e+00
6.400000000000000133e-01 -7.517308288846127340e-01 -6.333507155596675098e+00
6.500000000000000222e-01 -6.911190685218568941e-01 -5.795919887685945682e+00
6.600000000000000311e-01 -6.356725453411243842e-01 -5.300268448811318756e+00
6.700000000000000400e-01 -5.849789457693117534e-01 -4.845024933849830795e+00
6.800000000000000488e-01 -5.386442759051734974e-01 -4.428102605892693333e+00
6.900000000000000577e-01 -4.962971315710312803e-01 -4.047104497404839130e+00
7.000000000000000666e-01 -4.575908884791008990e-01 -3.699495050824704645e+00
7.099999999999999645e-01 -4.222044668587531246e-01 -3.382716660911889939e+00
7.199999999999999734e-01 -3.898421383888248104e-01 -3.094266891010374110e+00
7.299999999999999822e-01 -3.602327086768168929e-01 -2.831747750190988011e+00
7.399999999999999911e-01 -3.331283113381287020e-01 -2.592895253157497137e+00
7.500000000000000000e-01 -3.083029795701874853e-01 -2.375595195756744715e+00
7.600000000000000089e-01 -2.855511105225361224e-01 -2.177889420769935303e+00
7.700000000000000178e-01 -2.646859013510114433e-01 -1.997975646078476331e+00
7.800000000000000266e-01 -2.455378097197418175e-01 -1.834203054513381836e+00
7.900000000000000355e-01 -2.279530728581387611e-01 -1.685065211174281874e+00
8.000000000000000444e-01 -2.117923060432075621e-01 -1.549191414378582987e+00
8.100000000000000533e-01 -1.969291920706381371e-01 -1.425337253354094003e+00
8.200000000000000622e-01 -1.832492668163060168e-01 -1.312374904977634316e+00
8.300000000000000711e-01 -1.706488015821488735e-01 -1.209283528308230826e+00
8.399999999999999689e-01 -1.590337799901104798e-01 -1.115139991160910338e+00
8.499999999999999778e-01 -1.483189653143879294e-01 -1.029110074224748761e+00
8.599999999999999867e-01 -1.384270530190777615e-01 -9.504402355303037675e-01
8.699999999999999956e-01 -1.292879026724486624e-01 -8.784499743061537913e-01
8.800000000000000044e-01 -1.208378431785426810e-01 -8.125248032250560470e-01
8.900000000000000133e-01 -1.130190452843944093e-01 -7.521098179133711703e-01
9.000000000000000222e-01 -1.057789555024454820e-01 -6.967038395902241943e-01
9.100000000000000311e-01 -9.906978587225401256e-02 -6.458540987722931614e-01
9.200000000000000400e-01 -9.284805433045556500e-02 -5.991514236335495625e-01
9.300000000000000488e-01 -8.707417083300118821e-02 -5.562258947589850955e-01
9.400000000000000577e-01 -8.171206475818473813e-02 -5.167429278871984444e-01
9.500000000000000666e-01 -7.672884949882338712e-02 -4.803997472273292546e-01
9.599999999999999645e-01 -7.209452051799204730e-02 -4.469222136506223464e-01
9.699999999999999734e-01 -6.778168348924129560e-02 -4.160619742031999024e-01
9.799999999999999822e-01 -6.376530946602490535e-02 -3.875939017581364610e-01
9.899999999999999911e-01 -6.002251432463563685e-02 -3.613137960783682767e-01
1.000000000000000000e+00 -5.653236000000000372e-02 -3.370363200000000004e-01
1.010000000000000009e+00 -5.327567528470796704e-02 -3.145931468039621093e-01
1.020000000000000018e+00 -5.023489418967065634e-02 -2.938312970823792059e-01
1.030000000000000027e+00 -4.739391007113386012e-02 -2.746116455010947366e-01
1.040000000000000036e+00 -4.473794391492848244e-02 -2.568075798001010490e-01
1.050000000000000044e+00 -4.225342533637763132e-02 -2.403037961560242908e-01
1.060000000000000053e+00 -3.992788500477724434e-02 -2.249952166577003643e-01
1.070000000000000062e+00 -3.774985733634768359e-02 -2.107860161233252594e-01
1.080000000000000071e+00 -3.570879242047414470e-02 -1.975887468239704847e-01
1.090000000000000080e+00 -3.379497625227605856e-02 -1.853235508829711997e-01
1.100000000000000089e+00 0.000000000000000000e+00 -1.739174512039460829e-01
1.110000000000000098e+00 0.000000000000000000e+00 -1.633037127521872744e-01
1.120000000000000107e+00 0.000000000000000000e+00 -1.534212668848198291e-01
1.130000000000000115e+00 0.000000000000000000e+00 -1.442141922039961721e-01
1.140000000000000124e+00 0.000000000000000000e+00 -1.356312461033923333e-01
1.150000000000000133e+00 0.000000000000000000e+00 -1.276254417997250978e-01
1.159999999999999920e+00 0.000000000000000000e+00 -1.201536661955521501e-01
1.169999999999999929e+00 0.000000000000000000e+00 -1.131763344142365790e-01
1.179999999999999938e+00 0.000000000000000000e+00 -1.066570772889972873e-01
1.189999999999999947e+00 0.000000000000000000e+00 -1.005624584811584121e-01
1.199999999999999956e+00 0.000000000000000000e+00 -9.486171825323469475e-02
