0.000000000000000000e+00 1.933774430680737907e+21 1.392402580895495535e+24
1.666666666666666644e-02 9.670052579732226048e+20 6.962437857957901364e+23
3.333333333333333287e-02 2.360852657070273920e+17 8.499069608476372173e+19
5.000000000000000278e-02 1.819590785448584000e+15 4.367018136882423040e+17
6.666666666666666574e-02 5.763796755985820312e+13 1.037483752197644600e+16
8.333333333333334259e-02 3.960843747074567383e+12 5.703622044738810000e+14
1.000000000000000056e-01 4.442328041120545654e+11 5.330813321674429688e+13
1.166666666666666824e-01 6.986252413353791809e+10 7.185926494693573242e+12
1.333333333333333315e-01 1.407119499962868881e+10 1.266433809356973389e+12
1.499999999999999944e-01 3.423593631749223709e+09 2.738990042949044495e+11
1.666666666666666852e-01 9.668522860898655653e+08 6.961887159177815247e+10
1.833333333333333481e-01 3.080313274004293084e+08 2.016487647907833099e+10
2.000000000000000111e-01 1.084048448851120770e+08 6.505827593870381355e+09
2.166666666666666741e-01 4.147409052051728219e+07 2.297904181142266750e+09
2.333333333333333648e-01 1.703628148429789022e+07 8.766740373930605650e+08
2.500000000000000000e-01 7.439615072901670821e+06 3.574238349503105879e+08
2.666666666666666630e-01 3.426374964130990673e+06 1.543920248733284473e+08
2.833333333333333814e-01 1.653409059057844570e+06 7.016094267041394114e+07
2.999999999999999889e-01 8.314110028508245014e+05 3.334639132470880821e+07
3.166666666666667074e-01 4.336520508856012020e+05 1.649473866592928208e+07
3.333333333333333703e-01 2.336950800295768131e+05 8.456046266282260418e+06
3.499999999999999778e-01 1.296775160200814425e+05 4.476662180178720504e+06
3.666666666666666963e-01 7.387484317107699462e+04 2.439799939542462584e+06
3.833333333333333592e-01 4.309268040004684008e+04 1.365162340087602148e+06
4.000000000000000222e-01 2.567806476597494475e+04 7.823489801953149727e+05
4.166666666666666852e-01 1.559708262791586822e+04 4.582186375195410801e+05
4.333333333333333481e-01 9.638057618905837444e+03 2.737565355506031774e+05
4.500000000000000666e-01 6.047789484361975155e+03 1.665390204364408855e+05
4.666666666666667296e-01 3.846766819539348035e+03 1.029982532660396100e+05
4.833333333333333370e-01 2.475911027573431056e+03 6.466337725796237646e+04
5.000000000000000000e-01 1.609752811022197875e+03 4.115212567570758983e+04
5.166666666666667185e-01 1.055327266823621812e+03 2.651245172816976992e+04
5.333333333333333259e-01 6.962770506142835529e+02 1.726897963439862360e+04
5.500000000000000444e-01 4.613295821794535527e+02 1.135753471533903212e+04
5.666666666666667629e-01 3.061880019201213372e+02 7.532465994424595920e+03
5.833333333333333703e-01 2.029468099289489942e+02 5.030835784112176952e+03
5.999999999999999778e-01 1.338048557670819605e+02 3.378840948746542381e+03
6.166666666666666963e-01 8.727404729200782185e+01 2.278405270599547748e+03
6.333333333333334147e-01 5.586044879308616373e+01 1.539723476730655420e+03
6.500000000000000222e-01 3.462697276165543769e+01 1.040560850485751871e+03
6.666666666666667407e-01 2.029131634969326115e+01 7.013638913061599851e+02
6.833333333333334592e-01 1.065314525395536904e+01 4.698458605272162458e+02
6.999999999999999556e-01 4.226323826549990059e+00 3.113256142938601556e+02
7.166666666666666741e-01 3.373441222986714081e-04 2.026037445922984261e+02
7.333333333333333925e-01 -2.715987429614968196e+00 1.280393771314220714e+02
7.500000000000000000e-01 -4.397789422256098035e+00 7.701143281517830985e+01
7.666666666666667185e-01 -5.373048839514376951e+00 4.226013704358268797e+01
7.833333333333334370e-01 -5.868874744794508658e+00 1.879383346792777232e+01
8.000000000000000444e-01 -6.042844614625169086e+00 3.162309031142632509e+00
8.166666666666666519e-01 -6.004370167860884067e+00 -7.030105167024576218e+00
8.333333333333333703e-01 -5.829356787762906222e+00 -1.345322340344167245e+01
8.500000000000000888e-01 -5.570320610598621158e+00 -1.727445619038365265e+01
8.666666666666666963e-01 -5.263407996631618069e+00 -1.931171928524798176e+01
8.833333333333334147e-01 -4.933289100117612236e+00 -2.013871407263609115e+01
9.000000000000001332e-01 -4.596583752005016343e+00 -2.015782877578360655e+01
9.166666666666667407e-01 -4.264268496816755238e+00 -1.965088469716828001e+01
9.333333333333334592e-01 -3.943372783715075602e+00 -1.881463071786043884e+01
9.500000000000001776e-01 -3.638176918031057472e+00 -1.778567818719701066e+01
9.666666666666666741e-01 -3.351059346272777351e+00 -1.665808568109135734e+01
9.833333333333332815e-01 -3.083096237742831036e+00 -1.549580214446470805e+01
1.000000000000000000e+00 -2.834485546300231196e+00 -1.434149678079928059e+01
1.016666666666666607e+00 -2.604846381260571775e+00 -1.322283903106025349e+01
1.033333333333333437e+00 -2.393429623711193166e+00 -1.215697217750920700e+01
1.050000000000000044e+00 -2.199265287518832768e+00 -1.115370293767092313e+01
1.066666666666666652e+00 -2.021264776518139072e+00 -1.021777564538182048e+01
1.083333333333333481e+00 -1.858290994472009405e+00 -9.350492170621443222e+00
1.100000000000000089e+00 -1.709205577219801153e+00 -8.550863295763955207e+00
1.116666666666666696e+00 -1.572899890034598069e+00 -7.816424068710885464e+00
1.133333333333333526e+00 -1.448314556389388663e+00 -7.143807980347913755e+00
1.150000000000000133e+00 -1.334450939334153929e+00 -6.529148029991074687e+00
1.166666666666666741e+00 -1.230377030446912823e+00 -5.968353631230101541e+00
1.183333333333333348e+00 -1.135229505774610903e+00 -5.457298628383185246e+00
1.199999999999999956e+00 -1.048213206709913470e+00 -4.991945868623330895e+00
1.216666666666666785e+00 -9.685989418293952102e-01 -4.568426700236415172e+00
1.233333333333333393e+00 -8.957202443962589689e-01 -4.183088661284201315e+00
1.250000000000000000e+00 -8.289695315880996063e-01 -3.832520930056888542e+00
1.266666666666666829e+00 -7.677939754728804189e-01 -3.513564433603503456e+00
1.283333333333333437e+00 -7.116912978486804597e-01 -3.223311570513793356e+00
1.300000000000000044e+00 -6.602056308190954459e-01 -2.959099096072018487e+00
1.316666666666666874e+00 -6.129235348121560012e-01 -2.718496695847609779e+00
1.333333333333333481e+00 -5.694702301591981763e-01 -2.499293032279022775e+00
1.350000000000000089e+00 -5.295060733256879981e-01 -2.299480511505767932e+00
1.366666666666666918e+00 -4.927232915113390899e-01 -2.117239629206268958e+00
1.383333333333333526e+00 -4.588429774854623777e-01 -1.950923474206633923e+00
1.399999999999999911e+00 -4.276123386445369601e-01 -1.799042767766764861e+00
1.416666666666666741e+00 -3.988021892416022673e-01 -1.660251673283233975e+00
1.433333333333333348e+00 -3.722046717171664798e-01 -1.533334509997501982e+00
1.449999999999999956e+00 -3.476311914591413421e-01 -1.417193433691810611e+00
1.466666666666666785e+00 -3.249105486994753322e-01 -1.310837098893194774e+00
1.483333333333333393e+00 -3.038872513024467037e-01 -1.213370284635576946e+00
1.500000000000000000e+00 -2.844199926870247253e-01 -1.123984444845605113e+00
1.516666666666666829e+00 -2.663802798907403124e-01 -1.041949131623560509e+00
1.533333333333333437e+00 -2.496511977097574386e-01 -9.666042326784078931e-01
1.550000000000000044e+00 -2.341262958583325005e-01 -8.973529611910011639e-01
1.566666666666666874e+00 -2.197085871246602096e-01 -8.336555361468902525e-01
1.583333333333333481e+00 -2.063096455214538938e-01 -7.750234927783155037e-01
1.600000000000000089e+00 -1.938487944138170271e-01 -7.210145655214388327e-01
1.616666666666666696e+00 -1.822523755387104594e-01 -6.712280893574567031e-01
1.633333333333333304e+00 -1.714530907009512717e-01 -6.253008692321752049e-01
1.650000000000000133e+00 -1.613894087361737173e-01 -5.829034712067363566e-01
1.666666666666666741e+00 -1.520050310707456998e-01 -5.437368929254301486e-01
1.683333333333333348e+00 -1.432484098835957453e-01 -5.075295747912865751e-01
1.700000000000000178e+00 -1.350723134880006393e-01 -4.740347168513526221e-01
1.716666666666666785e+00 -1.274334341061796882e-01 -4.430278697735154925e-01
1.733333333333333393e+00 -1.202920337100729653e-01 -4.143047714270271520e-01
1.750000000000000222e+00 -1.136116240521626020e-01 -3.876794034543890599e-01
1.766666666666666829e+00 -1.073586774148527490e-01 -3.629822448469114393e-01
1.783333333333333437e+00 -1.015023649698641173e-01 -3.400587019198005323e-01
1.800000000000000266e+00 -9.601431996422896131e-02 -3.187676962384800583e-01
1.816666666666666874e+00 -9.086842324046502661e-02 -2.989803939914089659e-01
1.833333333333333481e+00 0.000000000000000000e+00 -2.805790620522552459e-01
1.850000000000000311e+00 0.000000000000000000e+00 -2.634560375423670719e-01
1.866666666666666918e+00 0.000000000000000000e+00 -2.475127991091141122e-01
1.883333333333333526e+00 0.000000000000000000e+00 -2.326591293922021519e-01
1.900000000000000355e+00 0.000000000000000000e+00 -2.188123592729202260e-01
1.916666666666666963e+00 0.000000000000000000e+00 -2.058966855038585342e-01
1.933333333333333348e+00 0.000000000000000000e+00 -1.938425542112754973e-01
1.949999999999999956e+00 0.000000000000000000e+00 -1.825861035602525384e-01
1.966666666666666563e+00 0.000000000000000000e+00 -1.720686595843048117e-01
1.983333333333333393e+00 0.000000000000000000e+00 -1.622362798154443064e-01
2.000000000000000000e+00 0.000000000000000000e+00 -1.530393399161888435e-01
