0.000000000000000000e+00 2.094235235187035426e+07 6.591390313423969746e+08
1.000000000000000021e-02 1.528734602787201852e+07 4.811798218098968863e+08
2.000000000000000042e-02 1.115913766550991125e+07 3.512640792271220088e+08
2.999999999999999889e-02 8.145536592836971395e+06 2.564220337185375094e+08
4.000000000000000083e-02 5.945627125460891053e+06 1.871851531852440536e+08
5.000000000000000278e-02 4.339729413795493543e+06 1.366409811886638999e+08
5.999999999999999778e-02 3.167469393101408146e+06 9.974312068326990306e+07
7.000000000000000666e-02 2.311768788559924345e+06 7.280748736946342885e+07
8.000000000000000167e-02 1.687157057861636858e+06 5.314454943847408146e+07
8.999999999999999667e-02 1.231238563564829761e+06 3.879084434294766188e+07
1.000000000000000056e-01 8.984632189826716203e+05 2.831297285436408967e+07
1.100000000000000006e-01 6.555787822524467483e+05 2.066450521309614927e+07
1.199999999999999956e-01 4.783108346582318773e+05 1.508151577116791345e+07
1.300000000000000044e-01 3.489390267508213874e+05 1.100631836615782045e+07
1.400000000000000133e-01 2.545276417460728262e+05 8.031789626799506135e+06
1.499999999999999944e-01 1.856338403850700415e+05 5.860722478961876594e+06
1.600000000000000033e-01 1.353646344903744757e+05 4.276152426591287367e+06
1.700000000000000122e-01 9.868844748847177834e+04 3.119694482800127007e+06
1.799999999999999933e-01 7.193253397120122099e+04 2.275728251964618452e+06
1.900000000000000022e-01 5.241608370977418235e+04 1.659852431337051792e+06
2.000000000000000111e-01 3.818238038854886690e+04 1.210456180778395385e+06
2.099999999999999922e-01 2.780327372917514731e+04 8.825659422705845209e+05
2.200000000000000011e-01 2.023644268602553348e+04 6.433534336528918939e+05
2.300000000000000100e-01 1.472119761323832790e+04 4.688563666031711618e+05
2.399999999999999911e-01 1.070241680885425740e+04 3.415844997645548428e+05
2.500000000000000000e-01 7.775021695173042644e+03 2.487720182908046409e+05
2.600000000000000089e-01 5.643445481912664036e+03 1.811017530319470097e+05
2.700000000000000178e-01 4.092047175444485674e+03 1.317738566806002927e+05
2.800000000000000266e-01 2.963515681228891481e+03 9.582594239872401522e+04
2.899999999999999800e-01 2.143106594694241721e+03 6.963679540809427272e+04
2.999999999999999889e-01 1.547136734451750044e+03 5.056409577501358581e+04
3.099999999999999978e-01 1.114586686564864749e+03 3.667997067136147962e+04
3.200000000000000067e-01 8.009720487084077831e+02 2.657796239229479033e+04
3.300000000000000155e-01 5.738706783183459947e+02 1.923212944112047990e+04
3.400000000000000244e-01 4.096586832798372484e+02 1.389420391462784210e+04
3.500000000000000333e-01 2.911286638978257884e+02 1.001852893050532293e+04
3.599999999999999867e-01 2.057518786633115440e+02 7.207274333368170119e+03
3.699999999999999956e-01 1.444103663938277577e+02 5.170454378163361071e+03
3.800000000000000044e-01 1.004720400375406655e+02 3.696749728201338712e+03
3.900000000000000133e-01 6.911606427176883471e+01 2.632215541539362675e+03
4.000000000000000222e-01 4.684086495457811594e+01 1.864745424367557689e+03
4.100000000000000311e-01 3.110539383643603628e+01 1.312736280516662873e+03
4.199999999999999845e-01 2.006761202849944681e+01 9.168190197709654967e+02
4.299999999999999933e-01 1.239389308847929883e+01 6.338266360299330699e+02
4.400000000000000022e-01 7.120154003923515162e+00 4.323949412358441009e+02
4.500000000000000111e-01 3.550709972540416537e+00 2.897545899999565222e+02
4.600000000000000200e-01 1.184635115005510553e+00 1.893922675027870071e+02
4.700000000000000289e-01 -3.378254469531093429e-01 1.193459495562562722e+02
4.799999999999999822e-01 -1.274230091579053425e+00 7.096267332002747708e+01
4.899999999999999911e-01 -1.808268104247825914e+00 3.799362730803525778e+01
5.000000000000000000e-01 -2.070332492312639605e+00 1.593521358441599745e+01
5.100000000000000089e-01 -2.152447215164316585e+00 1.549435980079889585e+00
5.200000000000000178e-01 -2.119086233992772961e+00 -7.485004976829930712e+00
5.300000000000000266e-01 -2.015004817652266134e+00 -1.282637439275714009e+01
5.400000000000000355e-01 -1.870899416234582446e+00 -1.565418696151776956e+01
5.500000000000000444e-01 -1.707490629369924573e+00 -1.680297248665351617e+01
5.600000000000000533e-01 -1.538462089072046846e+00 -1.685927259424301994e+01
5.700000000000000622e-01 -1.372570199224002030e+00 -1.623189023447588042e+01
5.799999999999999600e-01 -1.215153768134955348e+00 -1.520269429763533608e+01
5.899999999999999689e-01 -1.069209984192591056e+00 -1.396329849150320612e+01
5.999999999999999778e-01 -9.361576037006404949e-01 -1.264148753989410778e+01
6.099999999999999867e-01 -8.163750378679539565e-01 -1.132020952670492697e+01
6.199999999999999956e-01 -7.095768818415358892e-01 -1.005118483099809090e+01
6.300000000000000044e-01 -6.150748711167882687e-01 -8.864622225370748509e+00
6.400000000000000133e-01 -5.319564915736577637e-01 -7.776124898887686321e+00
6.500000000000000222e-01 -4.592052048737435554e-01 -6.791572233557030991e+00
6.600000000000000311e-01 -3.957795303396707820e-01 -5.910547063121231126e+00
6.700000000000000400e-01 -3.406633547500513837e-01 -5.128720956002323916e+00
6.800000000000000488e-01 -2.928963177241200033e-01 -4.439495803014818165e+00
6.900000000000000577e-01 -2.515905746432483547e-01 -3.835116995417882535e+00
7.000000000000000666e-01 -2.159384034430508192e-01 -3.307413248413761497e+00
7.099999999999999645e-01 -1.852138010827231174e-01 -2.848274461626525422e+00
7.199999999999999734e-01 -1.587702681629489243e-01 -2.449947394413094948e+00
7.299999999999999822e-01 -1.360363028442580779e-01 -2.105206078942205572e+00
7.399999999999999911e-01 -1.165096429445477144e-01 -1.807437400705423913e+00
7.500000000000000000e-01 -9.975095343860029828e-02 -1.550670399236241170e+00
7.600000000000000089e-01 -8.537741606642333669e-02 -1.329569311244133800e+00
7.700000000000000178e-01 -7.305650978153270525e-02 -1.139404270383952200e+00
7.800000000000000266e-01 -6.250015464452146619e-02 -9.760092210711064364e-01
7.900000000000000355e-01 -5.345931254767333218e-02 -8.357335104963626859e-01
8.000000000000000444e-01 -4.571908507113798398e-02 -7.153914394686204936e-01
8.100000000000000533e-01 -3.909431407404996561e-02 -6.122125224640742047e-01
8.200000000000000622e-01 -3.342566876041486168e-02 -5.237941446426991332e-01
8.300000000000000711e-01 -2.857618996050803606e-02 -4.480575744317852327e-01
8.399999999999999689e-01 -2.442825540973812132e-02 -3.832077977712181061e-01
8.499999999999999778e-01 -2.088092688940032873e-02 -3.276973145850415325e-01
8.599999999999999867e-01 -1.784763981171867686e-02 -2.801938294611085456e-01
8.699999999999999956e-01 -1.525419720460689972e-02 -2.395516410838390842e-01
8.800000000000000044e-01 -1.303703240304424950e-02 -2.047864631532179958e-01
8.900000000000000133e-01 -1.114170762335401320e-02 -1.750533752308979230e-01
9.000000000000000222e-01 -9.521618676378519955e-03 -1.496275924134878865e-01
9.100000000000000311e-01 -8.136879165422673463e-03 -1.278877490067525657e-01
9.200000000000000400e-01 -6.953360489639245391e-03 -1.093014072662430308e-01
9.300000000000000488e-01 -5.941866759651827194e-03 -9.341252353681878118e-02
9.400000000000000577e-01 -5.077426291156155076e-03 -7.983062790765899086e-02
9.500000000000000666e-01 -4.338683658919867750e-03 -6.822149791904254246e-02
9.599999999999999645e-01 -3.707378368124741950e-03 -5.829913071372205824e-02
9.699999999999999734e-01 -3.167898041946244376e-03 -4.981884059350492194e-02
9.799999999999999822e-01 -2.706895648761666311e-03 -4.257132981873659738e-02
9.899999999999999911e-01 -2.312961717393445527e-03 -3.637759949043188612e-02
1.000000000000000000e+00 -1.976343733381485512e-03 -3.108458444056129422e-02
1.010000000000000009e+00 -1.688705992409558375e-03 -2.656141127499778848e-02
1.020000000000000018e+00 -1.442924126867512315e-03 -2.269619217014857276e-02
1.030000000000000027e+00 -1.232909335082700867e-03 -1.939327885262132761e-02
1.040000000000000036e+00 -1.053458045550332341e-03 -1.657091153916462334e-02
1.050000000000000044e+00 -9.001233545845394252e-04 -1.415920663191466006e-02
1.060000000000000053e+00 -7.691050977650836428e-04 -1.209843479772374462e-02
1.070000000000000062e+00 -6.571558645128540779e-04 -1.033754784766797476e-02
1.080000000000000071e+00 -5.615006509106677465e-04 -8.832918700704491324e-03
1.090000000000000080e+00 -4.797681771021869109e-04 -7.547263779202275855e-03
1.100000000000000089e+00 0.000000000000000000e+00 -6.448721547248422066e-03
1.110000000000000098e+00 0.000000000000000000e+00 -5.510064657347285393e-03
1.120000000000000107e+00 0.000000000000000000e+00 -4.708026398755585547e-03
1.130000000000000115e+00 0.000000000000000000e+00 -4.022724912700336407e-03
1.140000000000000124e+00 0.000000000000000000e+00 -3.437171018595423962e-03
1.150000000000000133e+00 0.000000000000000000e+00 -2.936847535531143978e-03
1.159999999999999920e+00 0.000000000000000000e+00 -2.509349732019199725e-03
1.169999999999999929e+00 0.000000000000000000e+00 -2.144078035166235591e-03
1.179999999999999938e+00 0.000000000000000000e+00 -1.831975413498587810e-03
1.189999999999999947e+00 0.000000000000000000e+00 -1.565302946091305094e-03
1.199999999999999956e+00 0.000000000000000000e+00 -1.337448030759643726e-03
