0.000000000000000000e+00 2.397544037876111269e+07 5.917856302433969975e+08
1.000000000000000021e-02 1.873124163260793313e+07 4.623708481965501904e+08
2.000000000000000042e-02 1.463388687939618528e+07 3.612543243373970389e+08
2.999999999999999889e-02 1.143260171621095389e+07 2.822485992945076823e+08
4.000000000000000083e-02 8.931444167849011719e+06 2.205190732786538005e+08
5.000000000000000278e-02 6.977315804610170424e+06 1.722882139909108877e+08
5.999999999999999778e-02 5.450594137497814372e+06 1.346044366261076927e+08
7.000000000000000666e-02 4.257813173421903513e+06 1.051615160999881923e+08
8.000000000000000167e-02 3.325944319111235440e+06 8.215748315531140566e+07
8.999999999999999667e-02 2.597927731752860826e+06 6.418437160156878829e+07
1.000000000000000056e-01 2.029180716886802809e+06 5.014207139883635938e+07
1.100000000000000006e-01 1.584869550148837967e+06 3.917101708104468882e+07
1.199999999999999956e-01 1.237777806124860654e+06 3.059959335351336747e+07
1.300000000000000044e-01 9.666407723335423507e+05 2.390304009290662408e+07
1.400000000000000133e-01 7.548440419124651235e+05 1.867134251002394408e+07
1.499999999999999944e-01 5.894066595101117855e+05 1.458414194849614426e+07
1.600000000000000033e-01 4.601866043153980863e+05 1.139113231642231531e+07
1.700000000000000122e-01 3.592599971885078703e+05 8.896742761178314686e+06
1.799999999999999933e-01 2.804360477190628299e+05 6.948169432583282702e+06
1.900000000000000022e-01 2.188780620010189596e+05 5.426024079671050422e+06
2.000000000000000111e-01 1.708073210739445349e+05 4.237027327113719657e+06
2.099999999999999922e-01 1.332717103441724321e+05 3.308299573754916899e+06
2.200000000000000011e-01 1.039649420719722693e+05 2.582900201056313701e+06
2.300000000000000100e-01 8.108530857476807432e+04 2.016342153558830963e+06
2.399999999999999911e-01 6.322532253948705329e+04 1.573868629258649889e+06
2.500000000000000000e-01 4.928549073982941627e+04 1.228325246049624868e+06
2.600000000000000089e-01 3.840694414251891430e+04 9.584974837956117699e+05
2.700000000000000178e-01 2.991880120609210280e+04 7.478116691666062688e+05
2.800000000000000266e-01 2.329704271891487588e+04 5.833200137508101761e+05
2.899999999999999800e-01 1.813238094803142303e+04 4.549075959990936099e+05
2.999999999999999889e-01 1.410515627547367149e+04 3.546727575888590654e+05
3.099999999999999978e-01 1.096572455911241923e+04 2.764429956483423593e+05
3.200000000000000067e-01 8.519134483513755185e+03 2.153967231425963982e+05
3.300000000000000155e-01 6.613156722114326840e+03 1.677677478350566525e+05
3.400000000000000244e-01 5.128931879696943724e+03 1.306143819451544405e+05
3.500000000000000333e-01 3.973664475668220348e+03 1.016390496087069187e+05
3.599999999999999867e-01 3.074915471631758010e+03 7.904734948953449202e+04
3.699999999999999956e-01 2.376143704477019128e+03 6.143794445812112099e+04
3.800000000000000044e-01 1.833223046407031916e+03 4.771653687784897920e+04
3.900000000000000133e-01 1.411721854567627133e+03 3.702866215289895626e+04
4.000000000000000222e-01 1.084777950836667515e+03 2.870718498771475060e+04
4.100000000000000311e-01 8.314388432197191605e+02 2.223128275933031182e+04
4.199999999999999845e-01 6.353653959882352638e+02 1.719440357575917005e+04
4.299999999999999933e-01 4.838194200187855927e+02 1.327923601140482424e+04
4.400000000000000022e-01 3.668730502927026578e+02 1.023815679222987819e+04
4.500000000000000111e-01 2.767913688204868663e+02 7.877958116967154638e+03
4.600000000000000200e-01 2.075503502089211452e+02 6.047918370418882660e+03
4.700000000000000289e-01 1.544605036505849966e+02 4.630484747739489649e+03
4.799999999999999822e-01 1.138730671284028517e+02 3.533996295000336886e+03
4.899999999999999911e-01 8.295067389191824248e+01 2.687000872003948643e+03
5.000000000000000000e-01 5.948836781322916778e+01 2.033817208237130217e+03
5.100000000000000089e-01 4.177393531208279143e+01 1.531069529344059902e+03
5.200000000000000178e-01 2.847893642466850750e+01 1.144981849930662975e+03
5.300000000000000266e-01 1.857370416431622573e+01 8.492656080569058759e+02
5.400000000000000355e-01 1.126105513145995118e+01 6.234707087003805555e+02
5.500000000000000444e-01 5.924605654348902739e+00 4.516984755982157935e+02
5.600000000000000533e-01 2.088487118142534626e+00 3.215972238768805482e+02
5.700000000000000622e-01 -6.140433202544088864e-01 2.235785198207355222e+02
5.799999999999999600e-01 -2.465051671963267133e+00 1.502057516714336884e+02
5.899999999999999689e-01 -3.680962123989415247e+00 9.571722678126086237e+01
5.999999999999999778e-01 -4.427369753013969067e+00 5.565428449166842739e+01
6.099999999999999867e-01 -4.830561123191759343e+00 2.657137763843713429e+01
6.199999999999999956e-01 -4.986468758399043466e+00 5.810124619299060988e+00
6.300000000000000044e-01 -4.967626029585302305e+00 -8.676722085390032646e+00
6.400000000000000133e-01 -4.828564493545985492e+00 -1.846236442486440765e+01
6.500000000000000222e-01 -4.609998510427623764e+00 -2.475267163977375162e+01
6.600000000000000311e-01 -4.342066077218573739e+00 -2.846920550798063587e+01
6.700000000000000400e-01 -4.046835574645954559e+00 -3.031377832194951694e+01
6.800000000000000488e-01 -3.740241888211911725e+00 -3.081861778095415971e+01
6.900000000000000577e-01 -3.433579281649561388e+00 -3.038531796907376048e+01
7.000000000000000666e-01 -3.134650247518921518e+00 -2.931505675373599118e+01
7.099999999999999645e-01 -2.848647596806824556e+00 -2.783201433067899089e+01
7.199999999999999734e-01 -2.578829919625238887e+00 -2.610150170779698797e+01
7.299999999999999822e-01 -2.327037192104746133e+00 -2.424397545213679450e+01
7.399999999999999911e-01 -2.094082892284231168e+00 -2.234585554680151631e+01
7.500000000000000000e-01 -1.880050873553693602e+00 -2.046786072427113723e+01
7.600000000000000089e-01 -1.684518923073920815e+00 -1.865141766705862381e+01
7.700000000000000178e-01 -1.506726010323884202e+00 -1.692357723802261660e+01
7.800000000000000266e-01 -1.345696399717682956e+00 -1.530077479994893253e+01
7.900000000000000355e-01 -1.200330820813982236e+00 -1.379169675514939719e+01
8.000000000000000444e-01 -1.069472572471752425e+00 -1.239945703257998666e+01
8.100000000000000533e-01 -9.519546370268001656e-01 -1.112324174258684906e+01
8.200000000000000622e-01 -8.466324829705124122e-01 -9.959544773620395475e+00
8.300000000000000711e-01 -7.524061506094563700e-01 -8.903089508263084539e+00
8.399999999999999689e-01 -6.682343752780101065e-01 -7.947510360167068022e+00
8.499999999999999778e-01 -5.931428526742087426e-01 -7.085851130501241713e+00
8.599999999999999867e-01 -5.262282485435937351e-01 -6.310924199782707689e+00
8.699999999999999956e-01 -4.666591673205040536e-01 -5.615564487186974318e+00
8.800000000000000044e-01 -4.136749957982105430e-01 -4.992804283762995787e+00
8.900000000000000133e-01 -3.665833084602844738e-01 -4.435988998513711756e+00
9.000000000000000222e-01 -3.247563452138009787e-01 -3.938849157151012470e+00
9.100000000000000311e-01 -2.876269378203088478e-01 -3.495540358486744825e+00
9.200000000000000400e-01 -2.546841589139537398e-01 -3.100660085899439977e+00
9.300000000000000488e-01 -2.254688898162053035e-01 -2.749248106450609797e+00
9.400000000000000577e-01 -1.995694447259400706e-01 -2.436775524160201822e+00
9.500000000000000666e-01 -1.766173448775860688e-01 -2.159126274674114665e+00
9.599999999999999645e-01 -1.562833035048679375e-01 -1.912573868887170736e+00
9.699999999999999734e-01 -1.382734582806165458e-01 -1.693755445206526877e+00
9.799999999999999822e-01 -1.223258702808827231e-01 -1.499644621332596905e+00
9.899999999999999911e-01 -1.082072958669074991e-01 -1.327524205739975649e+00
1.000000000000000000e+00 -9.571022897592017242e-02 -1.174959504667232091e+00
1.010000000000000009e+00 -8.465020522654340129e-02 -1.039772717715171435e+00
1.020000000000000018e+00 -7.486335525971468674e-02 -9.200187350064521485e-01
1.030000000000000027e+00 -6.620419230294435908e-02 -8.139625164946704405e-01
1.040000000000000036e+00 -5.854361764614395697e-02 -7.200581380067696546e-01
1.050000000000000044e+00 -5.176712723355799545e-02 -6.369295201481247615e-01
1.060000000000000053e+00 -4.577320266840390062e-02 -5.633528085100023564e-01
1.070000000000000062e+00 -4.047187041425190368e-02 -4.982403414816047871e-01
1.080000000000000071e+00 -3.578341372528803799e-02 -4.406261213883094774e-01
1.090000000000000080e+00 -3.163722274678992807e-02 -3.896526926015577708e-01
1.100000000000000089e+00 0.000000000000000000e+00 -3.445593243699384689e-01
1.110000000000000098e+00 0.000000000000000000e+00 -3.046713946432650921e-01
1.120000000000000107e+00 0.000000000000000000e+00 -2.693908727728003827e-01
1.130000000000000115e+00 0.000000000000000000e+00 -2.381878026747611121e-01
1.140000000000000124e+00 0.000000000000000000e+00 -2.105926930996482316e-01
1.150000000000000133e+00 0.000000000000000000e+00 -1.861897275104204552e-01
1.159999999999999920e+00 0.000000000000000000e+00 -1.646107123404079442e-01
1.169999999999999929e+00 0.000000000000000000e+00 -1.455296887920297655e-01
1.179999999999999938e+00 0.000000000000000000e+00 -1.286581396499278662e-01
1.189999999999999947e+00 0.000000000000000000e+00 -1.137407286808219953e-01
1.199999999999999956e+00 0.000000000000000000e+00 -1.005515159887141879e-01
