0.000000000000000000e+00 4.343122336236297339e+07 1.366943073669098139e+09
1.000000000000000021e-02 3.170368204549413174e+07 9.978880317113717794e+08
2.000000000000000042e-02 2.314244556168210134e+07 7.284657792938286066e+08
2.999999999999999889e-02 1.689270982988607511e+07 5.317797095174349546e+08
4.000000000000000083e-02 1.233043221795366332e+07 3.881940093260221481e+08
5.000000000000000278e-02 9.000036905976258218e+06 2.833736143302974105e+08
5.999999999999999778e-02 6.568936650771301240e+06 2.068532731295931041e+08
7.000000000000000666e-02 4.794331401909391396e+06 1.509928897337438762e+08
8.000000000000000167e-02 3.498969656781767961e+06 1.102148694968093783e+08
8.999999999999999667e-02 2.553453077007203363e+06 8.044734252449020743e+07
1.000000000000000056e-01 1.863318019789043348e+06 5.871768847534738481e+07
1.100000000000000006e-01 1.359604458590845345e+06 4.285578925158065557e+07
1.199999999999999956e-01 9.919708720660733525e+05 3.127738876181592047e+07
1.300000000000000044e-01 7.236678150120734936e+05 2.282593498760457337e+07
1.400000000000000133e-01 5.278684170070167165e+05 1.665711712977169640e+07
1.499999999999999944e-01 3.849895024540290469e+05 1.215457233039910905e+07
1.600000000000000033e-01 2.807359099555335706e+05 8.868347748966539279e+06
1.700000000000000122e-01 2.046727795683642325e+05 6.469975173123874702e+06
1.799999999999999933e-01 1.491832793926213635e+05 4.719673588470066898e+06
1.900000000000000022e-01 1.087077187782951514e+05 3.442405737382109277e+06
2.000000000000000111e-01 7.918808475254262157e+04 2.510398502761471551e+06
2.099999999999999922e-01 5.766254489032224228e+04 1.830382177067429526e+06
2.200000000000000011e-01 4.196943070493124105e+04 1.334274724451838527e+06
2.300000000000000100e-01 3.053114509271530915e+04 9.723810327680512564e+05
2.399999999999999911e-01 2.219641639689063959e+04 7.084282087711842032e+05
2.500000000000000000e-01 1.612514672402574615e+04 5.159412538290859666e+05
2.600000000000000089e-01 1.170435471442817470e+04 3.755972639632254140e+05
2.700000000000000178e-01 8.486817531497774326e+03 2.732939833906096756e+05
2.800000000000000266e-01 6.146283299834911304e+03 1.987398557873460231e+05
2.899999999999999800e-01 4.444779833966874321e+03 1.444247808741546178e+05
2.999999999999999889e-01 3.208753430398963701e+03 1.048687926100030891e+05
3.099999999999999978e-01 2.311653328761419289e+03 7.607362333621272410e+04
3.200000000000000067e-01 1.661221215023027071e+03 5.512237550383480266e+04
3.300000000000000155e-01 1.190215108683919880e+03 3.988731128542168153e+04
3.400000000000000244e-01 8.496400649812560459e+02 2.881656668665146208e+04
3.500000000000000333e-01 6.038085851077929647e+02 2.077847848410895313e+04
3.599999999999999867e-01 4.267364682665510713e+02 1.494796623456688030e+04
3.699999999999999956e-01 2.995133145620210371e+02 1.072361213966861396e+04
3.800000000000000044e-01 2.083843245502072818e+02 7.667148056044706209e+03
3.900000000000000133e-01 1.433511692001694655e+02 5.459297558578951794e+03
4.000000000000000222e-01 9.715162594023900056e+01 3.867555193045938722e+03
4.100000000000000311e-01 6.451557772919925071e+01 2.722678058173625232e+03
4.199999999999999845e-01 4.162263818507960167e+01 1.901535753503758542e+03
4.299999999999999933e-01 2.570686022998190978e+01 1.314600478697196877e+03
4.400000000000000022e-01 1.476872589694577087e+01 8.968231567204244357e+02
4.500000000000000111e-01 7.365373656009424508e+00 6.009802237176049857e+02
4.600000000000000200e-01 2.457871987115423096e+00 3.928230165123832194e+02
4.700000000000000289e-01 -6.999211866474945865e-01 2.475421945818014819e+02
4.799999999999999822e-01 -2.642191247232151152e+00 1.471913886401998184e+02
4.899999999999999911e-01 -3.749917807044072404e+00 7.881043614738433689e+01
5.000000000000000000e-01 -4.293542752641397620e+00 3.305875466527696460e+01
5.100000000000000089e-01 -4.463929420645230017e+00 3.220632094132714229e+00
5.200000000000000178e-01 -4.394801441068533876e+00 -1.551840056816851288e+01
5.300000000000000266e-01 -4.178985008381272515e+00 -2.659766488301630716e+01
5.400000000000000355e-01 -3.880147596643098495e+00 -3.246354086889463986e+01
5.500000000000000444e-01 -3.541266160620162307e+00 -3.484689814331188273e+01
5.600000000000000533e-01 -3.190722488228586506e+00 -3.496426870444097545e+01
5.700000000000000622e-01 -2.846678893703332491e+00 -3.366354596569432545e+01
5.799999999999999600e-01 -2.520209273892207058e+00 -3.152935497112314422e+01
5.899999999999999689e-01 -2.217530746536544584e+00 -2.895912566009039324e+01
5.999999999999999778e-01 -1.941586554793745867e+00 -2.621790189608932309e+01
6.099999999999999867e-01 -1.693162102545629821e+00 -2.347773250822148228e+01
6.199999999999999956e-01 -1.471665910108928665e+00 -2.084589698511060973e+01
6.300000000000000044e-01 -1.275670865406745014e+00 -1.838505728761611024e+01
6.400000000000000133e-01 -1.103284683118237464e+00 -1.612758144738568689e+01
6.500000000000000222e-01 -9.523992695253783447e-01 -1.408566877962219088e+01
6.600000000000000311e-01 -8.208547520411534348e-01 -1.225845834469151185e+01
6.700000000000000400e-01 -7.065438325102434414e-01 -1.063697628526113803e+01
6.800000000000000488e-01 -6.074748149587340107e-01 -9.207540685627567001e+00
6.900000000000000577e-01 -5.218063785158464363e-01 -7.954070466077080681e+00
7.000000000000000666e-01 -4.478633590721555202e-01 -6.859619905272886342e+00
7.099999999999999645e-01 -3.841400643868789766e-01 -5.907369823798754638e+00
7.199999999999999734e-01 -3.292956825195303416e-01 -5.081240893850162088e+00
7.299999999999999822e-01 -2.821449386492634881e-01 -4.366247137835441272e+00
7.399999999999999911e-01 -2.416461550695408189e-01 -3.748673470675362385e+00
7.500000000000000000e-01 -2.068881605187233852e-01 -3.216136507169061964e+00
7.600000000000000089e-01 -1.770769961510252621e-01 -2.757570162785719425e+00
7.700000000000000178e-01 -1.515230170501695450e-01 -2.363164907790514579e+00
7.800000000000000266e-01 -1.296287473270728297e-01 -2.024280498201930900e+00
7.900000000000000355e-01 -1.108776825287893925e-01 -1.733345591355842208e+00
8.000000000000000444e-01 -9.482412297721493077e-02 -1.483753124977261972e+00
8.100000000000000533e-01 -8.108404968640234300e-02 -1.269757164730932253e+00
8.200000000000000622e-01 -6.932700915624902260e-02 -1.086374721203232419e+00
8.300000000000000711e-01 -5.926894637546767375e-02 -9.292945248696456995e-01
8.399999999999999689e-01 -5.066591093051756728e-02 -7.947937260545530069e-01
8.499999999999999778e-01 -4.330855506332990240e-02 -6.796628116684682031e-01
8.599999999999999867e-01 -3.701734193349042606e-02 -5.811385978510531514e-01
8.699999999999999956e-01 -3.163838518645522430e-02 -4.968448933004485091e-01
8.800000000000000044e-01 -2.703984580495449874e-02 -4.247402790974300624e-01
8.900000000000000133e-01 -2.310881817079427428e-02 -3.630723796840324979e-01
9.000000000000000222e-01 -1.974864365075418293e-02 -3.103379798479705132e-01
9.100000000000000311e-01 -1.687659642804283794e-02 -2.652483555594955522e-01
9.200000000000000400e-01 -1.442189247001458147e-02 -2.266992194543419603e-01
9.300000000000000488e-01 -1.232397830088178929e-02 -1.937447258542049633e-01
9.400000000000000577e-01 -1.053106155510989857e-02 -1.655750295368578484e-01
9.500000000000000666e-01 -8.998850091743271912e-03 -1.414969431084796281e-01
9.599999999999999645e-01 -7.689470752293280954e-03 -1.209172873045934876e-01
9.699999999999999734e-01 -6.570542664888731274e-03 -1.033285753480101404e-01
9.799999999999999822e-01 -5.614383366487178846e-03 -8.829671578841530311e-02
9.899999999999999911e-01 -4.797328970347207108e-03 -7.545045765632135693e-02
1.000000000000000000e+00 -4.099152187172801567e-03 -6.447233719826160614e-02
1.010000000000000009e+00 -3.502564254708933743e-03 -5.509091702300310256e-02
1.020000000000000018e+00 -2.992788779794300445e-03 -4.707413639634417529e-02
1.030000000000000027e+00 -2.557197184157304626e-03 -4.022361595322564154e-02
1.040000000000000036e+00 -2.184996902821378234e-03 -3.436978155679900476e-02
1.050000000000000044e+00 -1.866964741006753173e-03 -2.936769073652968284e-02
1.060000000000000053e+00 -1.595218877936537298e-03 -2.509346138423959593e-02
1.070000000000000062e+00 -1.363023937087604878e-03 -2.144121646362817657e-02
1.080000000000000071e+00 -1.164624342536953617e-03 -1.832047065857404788e-02
1.090000000000000080e+00 -9.951018679941747713e-04 -1.565389538759203586e-02
1.100000000000000089e+00 0.000000000000000000e+00 -1.337540766093807572e-02
1.110000000000000098e+00 0.000000000000000000e+00 -1.142853604405191618e-02
1.120000000000000107e+00 0.000000000000000000e+00 -9.765023685065054443e-03
1.130000000000000115e+00 0.000000000000000000e+00 -8.343634113197649985e-03
1.140000000000000124e+00 0.000000000000000000e+00 -7.129130448614961167e-03
1.150000000000000133e+00 0.000000000000000000e+00 -6.091402895587620658e-03
1.159999999999999920e+00 0.000000000000000000e+00 -5.204723017612333108e-03
1.169999999999999929e+00 0.000000000000000000e+00 -4.447106400394449516e-03
1.179999999999999938e+00 0.000000000000000000e+00 -3.799767969640600786e-03
1.189999999999999947e+00 0.000000000000000000e+00 -3.246656508758796050e-03
1.199999999999999956e+00 0.000000000000000000e+00 -2.774056871348199761e-03
