0.000000000000000000e+00 1.551169064983422495e+07 4.882126018751521707e+08
1.000000000000000021e-02 1.132312519175563194e+07 3.564018119244540930e+08
2.000000000000000042e-02 8.265428794061060064e+06 2.601757272509832680e+08
2.999999999999999889e-02 6.033301003672947176e+06 1.899279660757796764e+08
4.000000000000000083e-02 4.403859995862870477e+06 1.386454165022002459e+08
5.000000000000000278e-02 3.214393392387157306e+06 1.012081834608761966e+08
5.999999999999999778e-02 2.346115250871365424e+06 7.387851384894384444e+07
7.000000000000000666e-02 1.712307868334748084e+06 5.392768566278792173e+07
8.000000000000000167e-02 1.249664723252183059e+06 3.936361805907756090e+07
8.999999999999999667e-02 9.119704111850538757e+05 2.873201293964130804e+07
1.000000000000000056e-01 6.654867032352072420e+05 2.097117836191533878e+07
1.100000000000000006e-01 4.855841590398456319e+05 1.530604245149710774e+07
1.199999999999999956e-01 3.542830557671675924e+05 1.117077839078289084e+07
1.300000000000000044e-01 2.584581617942657613e+05 8.152316949728034437e+06
1.400000000000000133e-01 1.885281485563737806e+05 5.949107976765720174e+06
1.499999999999999944e-01 1.374988108096457436e+05 4.341014392753597349e+06
1.600000000000000033e-01 1.002645830810693005e+05 3.167333461963218171e+06
1.700000000000000122e-01 7.309862369321317237e+04 2.310751371122856159e+06
1.799999999999999933e-01 5.328056110680205893e+04 1.685629407522075577e+06
1.900000000000000022e-01 3.882473932744373451e+04 1.229452407814749284e+06
2.000000000000000111e-01 2.828183147528494374e+04 8.965858094225442037e+05
2.099999999999999922e-01 2.059401473188078307e+04 6.537180847050098237e+05
2.200000000000000011e-01 1.498924684194059773e+04 4.765335771006174618e+05
2.300000000000000100e-01 1.090408788896980332e+04 3.472835814956133836e+05
2.399999999999999911e-01 7.927360834014182728e+03 2.530131780975197325e+05
2.500000000000000000e-01 5.759024771077144578e+03 1.842667904888525081e+05
2.600000000000000089e-01 4.180153685712748484e+03 1.341432285844322469e+05
2.700000000000000178e-01 3.031022317790163015e+03 9.760586627277117805e+04
2.800000000000000266e-01 2.195110210684485082e+03 7.097907420012983494e+04
2.899999999999999800e-01 1.587425982986568670e+03 5.158062294292754086e+04
2.999999999999999889e-01 1.145985277528890265e+03 3.745334685797863494e+04
3.099999999999999978e-01 8.255907933939539589e+02 2.716926928404368664e+04
3.200000000000000067e-01 5.932927308387418179e+02 1.968662477268674411e+04
3.300000000000000155e-01 4.250758303481553639e+02 1.424549587629351299e+04
3.400000000000000244e-01 3.034417225446459838e+02 1.029163797681135475e+04
3.500000000000000333e-01 2.156447589775240488e+02 7.420880626763338114e+03
3.599999999999999867e-01 1.524047959328232764e+02 5.338548909587084381e+03
3.699999999999999956e-01 1.069680743904819451e+02 3.829848564098709630e+03
3.800000000000000044e-01 7.442213901728311498e+01 2.738253830613532955e+03
3.900000000000000133e-01 5.119614254351218818e+01 1.949736505049004791e+03
4.000000000000000222e-01 3.469642585221182429e+01 1.381258356154057537e+03
4.100000000000000311e-01 2.304080058179552637e+01 9.723751448676196105e+02
4.199999999999999845e-01 1.486484200207100415e+01 6.791115269486455190e+02
4.299999999999999933e-01 9.180712365616470194e+00 4.694931787375836620e+02
4.400000000000000022e-01 5.274299390763053985e+00 3.202882349583993573e+02
4.500000000000000111e-01 2.630296999278309844e+00 2.146311195069278028e+02
4.600000000000000200e-01 8.776598979406273759e-01 1.402901691810601505e+02
4.700000000000000289e-01 -2.500896290007957323e-01 8.840491795714447676e+01
4.799999999999999822e-01 -9.437306325716785516e-01 5.256596574611422312e+01
4.899999999999999911e-01 -1.339326001559883128e+00 2.814470193548049082e+01
5.000000000000000000e-01 -1.533461052410717507e+00 1.180522250569800313e+01
5.100000000000000089e-01 -1.594300366278137204e+00 1.149075539402605983e+00
5.200000000000000178e-01 -1.569601643229021404e+00 -5.543177508326435188e+00
5.300000000000000266e-01 -1.492516492481215984e+00 -9.499853206270817196e+00
5.400000000000000355e-01 -1.385782809948755689e+00 -1.159464815478850852e+01
5.500000000000000444e-01 -1.264749116588252953e+00 -1.244572134307087197e+01
5.600000000000000533e-01 -1.139551452948440513e+00 -1.248754134024940399e+01
5.700000000000000622e-01 -1.016676112042717461e+00 -1.202292142996344637e+01
5.799999999999999600e-01 -9.000778613406111850e-01 -1.126065160948709654e+01
5.899999999999999689e-01 -7.919769461358246998e-01 -1.034266741526404765e+01
5.999999999999999778e-01 -6.934244041318298191e-01 -9.363624404720244598e+00
6.099999999999999867e-01 -6.047006426043642913e-01 -8.384966240096154877e+00
6.199999999999999956e-01 -5.255943456088161270e-01 -7.445005172308454711e+00
6.300000000000000044e-01 -4.555957735251094931e-01 -6.566119017251494938e+00
6.400000000000000133e-01 -3.940290663537772131e-01 -5.759866645518568973e+00
6.500000000000000222e-01 -3.401412997783250236e-01 -5.030604064220120186e+00
6.600000000000000311e-01 -2.931610649172687877e-01 -4.378023100624719888e+00
6.700000000000000400e-01 -2.523357356093147152e-01 -3.798918266259119658e+00
6.800000000000000488e-01 -2.169539769487031367e-01 -3.288402744711411252e+00
6.900000000000000577e-01 -1.863581631083236212e-01 -2.840732970337977115e+00
7.000000000000000666e-01 -1.599500128040007019e-01 -2.449856651130559282e+00
7.099999999999999645e-01 -1.371917726045044916e-01 -2.109766746443364482e+00
7.199999999999999734e-01 -1.176045765744585664e-01 -1.814720493302014681e+00
7.299999999999999822e-01 -1.007651090270144933e-01 -1.559365645828177716e+00
7.399999999999999911e-01 -8.630133992846164559e-02 -1.338803875327915005e+00
7.500000000000000000e-01 -7.388784942114066945e-02 -1.148612481062243562e+00
7.600000000000000089e-01 -6.324107977231178956e-02 -9.848392428842974722e-01
7.700000000000000178e-01 -5.411472863062553179e-02 -8.439807225590225670e-01
7.800000000000000266e-01 -4.629541145267167951e-02 -7.229510933540375106e-01
7.900000000000000355e-01 -3.959866228053639942e-02 -6.190462862107735109e-01
8.000000000000000444e-01 -3.386530272836810185e-02 -5.299066233891245314e-01
8.100000000000000533e-01 -2.895818333377322279e-02 -4.534799769634860755e-01
8.200000000000000622e-01 -2.475928523403618520e-02 -3.879867024229285422e-01
8.300000000000000711e-01 -2.116716049762922339e-02 -3.318870575051452443e-01
8.399999999999999689e-01 -1.809468428628552630e-02 -2.838514515704504970e-01
8.499999999999999778e-01 -1.546708986129256315e-02 -2.427336296832197371e-01
8.599999999999999867e-01 -1.322025723832828507e-02 -2.075467410570833726e-01
8.699999999999999956e-01 -1.129922731184572829e-02 -1.774421471174001952e-01
8.800000000000000044e-01 -9.656915011513380817e-03 -1.516907712358343263e-01
8.900000000000000133e-01 -8.252997178412414814e-03 -1.296667667859124629e-01
9.000000000000000222e-01 -7.052953129714952148e-03 -1.108332730974285890e-01
9.100000000000000311e-01 -6.027238169160266390e-03 -9.473003353140588279e-02
9.200000000000000400e-01 -5.150572504027802097e-03 -8.096266166617129001e-02
9.300000000000000488e-01 -4.401330092951749769e-03 -6.919335733592366089e-02
9.400000000000000577e-01 -3.761013844311286367e-03 -5.913289187894993360e-02
9.500000000000000666e-01 -3.213805300883268955e-03 -5.053370003950087563e-02
9.599999999999999645e-01 -2.746178483039133159e-03 -4.318393363732651175e-02
9.699999999999999734e-01 -2.346568927100380671e-03 -3.690234883445617925e-02
9.799999999999999822e-01 -2.005090158734205204e-03 -3.153391429221965442e-02
9.899999999999999911e-01 -1.713290896784468859e-03 -2.694604158617499787e-02
1.000000000000000000e+00 -1.463947204804571254e-03 -2.302535190194641632e-02
1.010000000000000009e+00 -1.250884609840750665e-03 -1.967490430765405848e-02
1.020000000000000018e+00 -1.068825904172512713e-03 -1.681182086585325877e-02
1.030000000000000027e+00 -9.132609483213584463e-04 -1.436525260916084179e-02
1.040000000000000036e+00 -7.803353142063082721e-04 -1.227463806845631444e-02
1.050000000000000044e+00 -6.667550562632155444e-04 -1.048821272206568872e-02
1.060000000000000053e+00 -5.697052849609373281e-04 -8.961733536830085098e-03
1.070000000000000062e+00 -4.867805496959819005e-04 -7.657387799377014977e-03
1.080000000000000071e+00 -4.159253238015472474e-04 -6.542859782288606985e-03
1.090000000000000080e+00 -3.553831297430589840e-04 -5.590532540627341125e-03
1.100000000000000089e+00 0.000000000000000000e+00 -4.776805366124981314e-03
1.110000000000000098e+00 0.000000000000000000e+00 -4.081510207496796654e-03
1.120000000000000107e+00 0.000000000000000000e+00 -3.487412756079755725e-03
1.130000000000000115e+00 0.000000000000000000e+00 -2.979785949248683549e-03
1.140000000000000124e+00 0.000000000000000000e+00 -2.546045406121315649e-03
1.150000000000000133e+00 0.000000000000000000e+00 -2.175437821234460327e-03
1.159999999999999920e+00 0.000000000000000000e+00 -1.858774637165316922e-03
1.169999999999999929e+00 0.000000000000000000e+00 -1.588204426802354054e-03
1.179999999999999938e+00 0.000000000000000000e+00 -1.357018366343764769e-03
1.189999999999999947e+00 0.000000000000000000e+00 -1.159483993725367399e-03
1.199999999999999956e+00 0.000000000000000000e+00 -9.907031435304291915e-04
