0.000000000000000000e+00 2.714590609366968647e+07 8.543863250845572948e+08
1.000000000000000021e-02 1.981579434004155174e+07 6.237135461353348494e+08
2.000000000000000042e-02 1.446473680720047094e+07 4.553150650637885332e+08
2.999999999999999889e-02 1.055844859428805858e+07 3.323794234584184885e+08
4.000000000000000083e-02 7.706879885942444205e+06 2.426334644215264320e+08
5.000000000000000278e-02 5.625279205645177513e+06 1.771172181072851717e+08
5.999999999999999778e-02 4.105767653860470280e+06 1.292895049970329106e+08
7.000000000000000666e-02 2.996586705523974728e+06 9.437498045174416900e+07
8.000000000000000167e-02 2.186948097850898746e+06 6.888744400761105120e+07
8.999999999999999667e-02 1.595973528062055120e+06 5.028183110613899678e+07
1.000000000000000056e-01 1.164620117802185472e+06 3.670014966807840019e+07
1.100000000000000006e-01 8.497856356348250993e+05 2.678600124518682808e+07
1.199999999999999956e-01 6.200050498996209353e+05 1.954917242709904537e+07
1.300000000000000044e-01 4.523088296577980509e+05 1.426678008094619960e+07
1.400000000000000133e-01 3.299293769022791530e+05 1.041110273227600940e+07
1.499999999999999944e-01 2.406266340083891118e+05 7.596894161486654542e+06
1.600000000000000033e-01 1.754657171584885509e+05 5.542919978822140023e+06
1.700000000000000122e-01 1.279245485818429734e+05 4.043877665677976329e+06
1.799999999999999933e-01 9.324240189246638329e+04 2.949897043115345761e+06
1.900000000000000022e-01 6.794432372766864137e+04 2.151574807779872790e+06
2.000000000000000111e-01 4.949395180796869681e+04 1.569049190482553095e+06
2.099999999999999922e-01 3.604006696015659691e+04 1.144024084141837666e+06
2.200000000000000011e-01 2.623157399038588119e+04 8.339464111764875706e+05
2.300000000000000100e-01 1.908243760731450311e+04 6.077554444705803180e+05
2.399999999999999911e-01 1.387308677729359988e+04 4.427797159995542606e+05
2.500000000000000000e-01 1.007844176742521449e+04 3.224717066044260864e+05
2.600000000000000089e-01 7.315376134428899604e+03 2.347541444032442523e+05
2.700000000000000178e-01 5.304366374956398431e+03 1.708127962097476120e+05
2.800000000000000266e-01 3.841498568710769632e+03 1.242152107656022563e+05
2.899999999999999800e-01 2.778035532033832624e+03 9.026741401497846527e+04
2.999999999999999889e-01 2.005502994784054636e+03 6.554431337309419177e+04
3.099999999999999978e-01 1.444804486381527795e+03 4.754691140044527856e+04
3.200000000000000067e-01 1.038276990930056627e+03 3.445209076173549693e+04
3.300000000000000155e-01 7.438931758385539297e+02 2.492997573802116312e+04
3.400000000000000244e-01 5.310304389834733456e+02 1.801062359374387597e+04
3.500000000000000333e-01 3.773835652444972766e+02 1.298672540976142227e+04
3.599999999999999867e-01 2.667120637842441511e+02 9.342592364092331991e+03
3.699999999999999956e-01 1.871966830004650717e+02 6.702328900663024797e+03
3.800000000000000044e-01 1.302405006305388326e+02 4.792010879527630095e+03
3.900000000000000133e-01 8.959444324606815258e+01 3.412085999881099724e+03
4.000000000000000222e-01 6.071954185351776800e+01 2.417235223945264352e+03
4.100000000000000311e-01 4.032191951437337707e+01 1.701679588426155760e+03
4.199999999999999845e-01 2.601379884720697788e+01 1.188461122609864333e+03
4.299999999999999933e-01 1.606643924366131415e+01 8.216239511881885846e+02
4.400000000000000022e-01 9.230126568055915470e+00 5.605117252969366746e+02
4.500000000000000111e-01 4.603062530939291186e+00 3.756092646245245987e+02
4.600000000000000200e-01 1.535908817884392263e+00 2.455108541214357558e+02
4.700000000000000289e-01 -4.376770293076350793e-01 1.547104589748800834e+02
4.799999999999999822e-01 -1.651562937486405591e+00 9.199147135935186270e+01
4.899999999999999911e-01 -2.343862207514110896e+00 4.925370954890419029e+01
5.000000000000000000e-01 -2.683601426521196487e+00 2.065926049175133983e+01
5.100000000000000089e-01 -2.790070206882088399e+00 2.010775487504064429e+00
5.200000000000000178e-01 -2.746845628616536139e+00 -9.700804076819785848e+00
5.300000000000000266e-01 -2.611943764440954663e+00 -1.662506136132566681e+01
5.400000000000000355e-01 -2.425156442554415204e+00 -2.029098597609080556e+01
5.500000000000000444e-01 -2.213343911901108019e+00 -2.178037055274786127e+01
5.600000000000000533e-01 -1.994244459921789003e+00 -2.185354509255921585e+01
5.700000000000000622e-01 -1.779209232337357394e+00 -2.104043972152313202e+01
5.799999999999999600e-01 -1.575159148076882731e+00 -1.970644160125744193e+01
5.899999999999999689e-01 -1.385979673850690208e+00 -1.809994102805286431e+01
5.999999999999999778e-01 -1.213510137792178867e+00 -1.638658724419388690e+01
6.099999999999999867e-01 -1.058241248635480636e+00 -1.467390791859517307e+01
6.199999999999999956e-01 -9.198031896418505937e-01 -1.302895023089139848e+01
6.300000000000000044e-01 -7.973038971095185445e-01 -1.149087574789698074e+01
6.400000000000000133e-01 -6.895605940313889182e-01 -1.007991264879519022e+01
6.500000000000000222e-01 -5.952556400998600949e-01 -8.803683950915841550e+00
6.600000000000000311e-01 -5.130390474766211018e-01 -7.661650263335439526e+00
6.700000000000000400e-01 -4.415936992684196261e-01 -6.648201838262421504e+00
6.800000000000000488e-01 -3.796747398659112704e-01 -5.754786576162792322e+00
6.900000000000000577e-01 -3.261313063188473471e-01 -4.971353056010145544e+00
7.000000000000000666e-01 -2.799163904413372039e-01 -4.287309586562680686e+00
7.099999999999999645e-01 -2.400889095575091947e-01 -3.692143674318871138e+00
7.199999999999999734e-01 -2.058108357761555540e-01 -3.175805323532766344e+00
7.299999999999999822e-01 -1.763413556783547387e-01 -2.728927957189433595e+00
7.399999999999999911e-01 -1.510294071331932664e-01 -2.342939367828456465e+00
7.500000000000000000e-01 -1.293054970683574223e-01 -2.010099711221125407e+00
7.600000000000000089e-01 -1.106733922406488158e-01 -1.723492497800996892e+00
7.700000000000000178e-01 -9.470205730324947335e-02 -1.476986618998854750e+00
7.800000000000000266e-01 -8.101806393117091942e-02 -1.265181797912061645e+00
7.900000000000000355e-01 -6.929859207238853180e-02 -1.083345843947707721e+00
8.000000000000000444e-01 -5.926507557623874461e-02 -9.273492605653010923e-01
8.100000000000000533e-01 -5.067749947135410937e-02 -7.936007715682646957e-01
8.200000000000000622e-01 -4.332932782241787073e-02 -6.789859539075989714e-01
8.300000000000000711e-01 -3.704302424319825399e-02 -5.808102197344312545e-01
8.399999999999999689e-01 -3.166611812167561407e-02 -4.967467519898831063e-01
8.499999999999999778e-01 -2.706776583024820063e-02 -4.247895758229884300e-01
8.599999999999999867e-01 -2.313575582770348305e-02 -3.632116777301918065e-01
8.699999999999999956e-01 -1.977390833889710806e-02 -3.105279191035726916e-01
8.800000000000000044e-01 -1.689982334577795967e-02 -2.654623977765128151e-01
8.900000000000000133e-01 -1.444293434256047060e-02 -2.269198666949935328e-01
9.000000000000000222e-01 -1.234282929970841394e-02 -1.939608064686619837e-01
9.100000000000000311e-01 -1.054780428650067998e-02 -1.657797566829400659e-01
9.200000000000000400e-01 -9.013619057932829165e-03 -1.416865314494767381e-01
9.300000000000000488e-01 -7.702427523147392999e-03 -1.210899722367599213e-01
9.400000000000000577e-01 -6.581859329569852111e-03 -1.034839218508908504e-01
9.500000000000000666e-01 -5.624231799892533655e-03 -8.843513508909942034e-02
9.599999999999999645e-01 -4.805874148130715069e-03 -7.557287251157335239e-02
9.699999999999999734e-01 -4.106548288594896907e-03 -6.457995302994791464e-02
9.799999999999999822e-01 -3.508952657372299035e-03 -5.518506807220283084e-02
9.899999999999999911e-01 -2.998297313087591471e-03 -4.715618471478124490e-02
1.000000000000000000e+00 -2.561940197012198620e-03 -4.029488731993686318e-02
1.010000000000000009e+00 -2.189075836605487539e-03 -3.443152694380414297e-02
1.020000000000000018e+00 -1.870468994866475573e-03 -2.942106522362393159e-02
1.030000000000000027e+00 -1.598226822447716819e-03 -2.513951478499013709e-02
1.040000000000000036e+00 -1.365603980489537824e-03 -2.148089162343402164e-02
1.050000000000000044e+00 -1.166835987786347690e-03 -1.835460660399348617e-02
1.060000000000000053e+00 -9.969967224850596194e-04 -1.568323337693699679e-02
1.070000000000000062e+00 -8.518765904838037804e-04 -1.340059880591583027e-02
1.080000000000000071e+00 -7.278783727765210767e-04 -1.145014961109216793e-02
1.090000000000000080e+00 -6.219281933334640374e-04 -9.783555493726860813e-03
1.100000000000000089e+00 0.000000000000000000e+00 -8.359514664523826771e-03
1.110000000000000098e+00 0.000000000000000000e+00 -7.142732565121582070e-03
1.120000000000000107e+00 0.000000000000000000e+00 -6.103048755973429496e-03
1.130000000000000115e+00 0.000000000000000000e+00 -5.214690537106096702e-03
1.140000000000000124e+00 0.000000000000000000e+00 -4.455634951890889879e-03
1.150000000000000133e+00 0.000000000000000000e+00 -3.807063468549692822e-03
1.159999999999999920e+00 0.000000000000000000e+00 -3.252895900910773939e-03
1.169999999999999929e+00 0.000000000000000000e+00 -2.779392071985874180e-03
1.179999999999999938e+00 0.000000000000000000e+00 -2.374811387117214262e-03
1.189999999999999947e+00 0.000000000000000000e+00 -2.029121907305222322e-03
1.199999999999999956e+00 0.000000000000000000e+00 -1.733751731958706492e-03
