0.000000000000000000e+00 3.766060175055219978e+07 1.336357530152512312e+09
1.000000000000000021e-02 2.641055608039909601e+07 9.372040202650815248e+08
2.000000000000000042e-02 1.852079431815906242e+07 6.572665182520114183e+08
2.999999999999999889e-02 1.298768795755289122e+07 4.609395425764226317e+08
4.000000000000000083e-02 9.107356689473491162e+06 3.232515084931523204e+08
5.000000000000000278e-02 6.386145765089522116e+06 2.266888459914673865e+08
5.999999999999999778e-02 4.477839897244167514e+06 1.589686111146580875e+08
7.000000000000000666e-02 3.139628692741457373e+06 1.114763189767553210e+08
8.000000000000000167e-02 2.201223365994335152e+06 7.817032700335726142e+07
8.999999999999999667e-02 1.543197024921484292e+06 5.481343096280831099e+07
1.000000000000000056e-01 1.081793849346263800e+06 3.843395005796509236e+07
1.100000000000000006e-01 7.582751813475602539e+05 2.694776296009916067e+07
1.199999999999999956e-01 5.314475435031761881e+05 1.889322588067625463e+07
1.300000000000000044e-01 3.724222748362595448e+05 1.324525977816385776e+07
1.400000000000000133e-01 2.609402903733178391e+05 9.284962319644117728e+06
1.499999999999999944e-01 1.827945232252856658e+05 6.508161732747001573e+06
1.600000000000000033e-01 1.280222128736838349e+05 4.561282246554584242e+06
1.700000000000000122e-01 8.963711436184038757e+04 3.196364277717188932e+06
1.799999999999999933e-01 6.274037238968733436e+04 2.239518610944272019e+06
1.900000000000000022e-01 4.389696507202876091e+04 1.568802364576179767e+06
2.000000000000000111e-01 3.069839932477997354e+04 1.098702808464329457e+06
2.099999999999999922e-01 2.145602921961032189e+04 7.692555058199096238e+05
2.200000000000000011e-01 1.498598298399325722e+04 5.384126632064461010e+05
2.300000000000000100e-01 1.045833662624333374e+04 3.766909534165148507e+05
2.399999999999999911e-01 7.291344379396714430e+03 2.634179974423785461e+05
2.500000000000000000e-01 5.077267638462774812e+03 1.841000258640730463e+05
2.600000000000000089e-01 3.530363758145973861e+03 1.285758465627739497e+05
2.700000000000000178e-01 2.450415224053210295e+03 8.972226138646538311e+04
2.800000000000000266e-01 1.697156865467017724e+03 6.254621930743550183e+04
2.899999999999999800e-01 1.172345412475887770e+03 4.354818886118980299e+04
2.999999999999999889e-01 8.071881814370552775e+02 3.027573503761853863e+04
3.099999999999999978e-01 5.535296937097787122e+02 2.101048347114317949e+04
3.200000000000000067e-01 3.776733444098514383e+02 1.454862535614951776e+04
3.300000000000000155e-01 2.560506824931716778e+02 1.004701845588027390e+04
3.400000000000000244e-01 1.721861114676208331e+02 6.915286694571703265e+03
3.500000000000000333e-01 1.145697979296770086e+02 4.740174826296608444e+03
3.599999999999999867e-01 7.516727135862174691e+01 3.232520173977293325e+03
3.699999999999999956e-01 4.837533301255241014e+01 2.190082655140607130e+03
3.800000000000000044e-01 3.029078778668520044e+01 1.471493514257077777e+03
3.900000000000000133e-01 1.819841058641181775e+01 9.779992339537502630e+02
4.000000000000000222e-01 1.021253574039876710e+01 6.406701497786904156e+02
4.100000000000000311e-01 5.026275231434643054e+00 4.114396907633630462e+02
4.199999999999999845e-01 1.736126413217921938e+00 2.568285201666816420e+02
4.299999999999999933e-01 -2.806261900786015118e-01 1.535503013638873711e+02
4.400000000000000022e-01 -1.451549194593508396e+00 8.543594556643181193e+01
4.500000000000000111e-01 -2.068833135154467762e+00 4.128157608912494680e+01
4.600000000000000200e-01 -2.330971572538781622e+00 1.334350380580577067e+01
4.700000000000000289e-01 -2.371789653471000126e+00 -3.713716961486624335e+00
4.799999999999999822e-01 -2.280633237727638374e+00 -1.355205123162497927e+01
4.899999999999999911e-01 -2.116386143027293443e+00 -1.867278210790889759e+01
5.000000000000000000e-01 -1.917181895336478759e+00 -2.077404614402474436e+01
5.100000000000000089e-01 -1.707115209047063153e+00 -2.099981892040030473e+01
5.200000000000000178e-01 -1.500865462775014869e+00 -2.011305738979562108e+01
5.300000000000000266e-01 -1.306869348112418505e+00 -1.861589084796930393e+01
5.400000000000000355e-01 -1.129487364977825870e+00 -1.683287648007942039e+01
5.500000000000000444e-01 -9.704741843715219973e-01 -1.496851940824634219e+01
5.600000000000000533e-01 -8.299687616527360312e-01 -1.314688479526040155e+01
5.700000000000000622e-01 -7.071543120653088765e-01 -1.143876882458713240e+01
5.799999999999999600e-01 -6.006923425346822887e-01 -9.880243423321237728e+00
5.899999999999999689e-01 -5.090029061019359924e-01 -8.485234134733014244e+00
5.999999999999999778e-01 -4.304409307413264996e-01 -7.253982791996460122e+00
6.099999999999999867e-01 -3.634029478602068264e-01 -6.178682324994848152e+00
6.199999999999999956e-01 -3.063877600660688816e-01 -5.247177087941743423e+00
6.300000000000000044e-01 -2.580271101122657007e-01 -4.445347344702967440e+00
6.400000000000000133e-01 -2.170972412276498675e-01 -3.758605143275381533e+00
6.500000000000000222e-01 -1.825186727890601990e-01 -3.172795649780318694e+00
6.600000000000000311e-01 -1.533490651327117649e-01 -2.674705525081590096e+00
6.700000000000000400e-01 -1.287723716077281144e-01 -2.252315819287723286e+00
6.800000000000000488e-01 -1.080863365105138862e-01 -1.894892532176382094e+00
6.900000000000000577e-01 -9.068962834098115433e-02 -1.592977430288276430e+00
7.000000000000000666e-01 -7.606938343945227055e-02 -1.338320725260285560e+00
7.099999999999999645e-01 -6.378959531651301473e-02 -1.123782872117025544e+00
7.199999999999999734e-01 -5.348056430617003504e-02 -9.432229969774899025e-01
7.299999999999999822e-01 -4.482948213599533688e-02 -7.913848874364187713e-01
7.399999999999999911e-01 -3.757214013610165465e-02 -6.637870856123453400e-01
7.500000000000000000e-01 -3.148569991920283778e-02 -5.566207259933865226e-01
7.600000000000000089e-01 -2.638243903041833857e-02 -4.666568813496311807e-01
7.700000000000000178e-01 -2.210437284584955420e-02 -3.911639908338445659e-01
7.800000000000000266e-01 -1.851865220117267924e-02 -3.278352180745177091e-01
7.900000000000000355e-01 -1.551364005492384887e-02 -2.747251678484586845e-01
8.000000000000000444e-01 -1.299557743062456847e-02 -2.301951714294356022e-01
8.100000000000000533e-01 -1.088575731472652547e-02 -1.928662607216298230e-01
8.200000000000000622e-01 -9.118134087970616863e-03 -1.615789411436610867e-01
8.300000000000000711e-01 -7.637304811071670904e-03 -1.353589104753101791e-01
8.399999999999999689e-01 -6.396806912151615197e-03 -1.133879341517207567e-01
8.499999999999999778e-01 -5.357684346977050968e-03 -9.497916297773775773e-02
8.599999999999999867e-01 -4.487281048643219743e-03 -7.955625823325725154e-02
8.699999999999999956e-01 -3.758226444499505707e-03 -6.663576636574677914e-02
8.800000000000000044e-01 -3.147583029162572335e-03 -5.581225790141194909e-02
8.900000000000000133e-01 -2.636130499984089270e-03 -4.674581131223647795e-02
9.000000000000000222e-01 -2.207764852226091427e-03 -3.915148175530205193e-02
9.100000000000000311e-01 -1.848994165156636052e-03 -3.279044683896761153e-02
9.200000000000000400e-01 -1.548515655288962289e-03 -2.746256719609876940e-02
9.300000000000000488e-01 -1.296860992710623713e-03 -2.300013917149884915e-02
9.400000000000000577e-01 -1.086098928920670821e-03 -1.926265095687915499e-02
9.500000000000000666e-01 -9.095860217276368221e-04 -1.613238265030541782e-02
9.599999999999999645e-01 -7.617577103580559653e-04 -1.351071557817225093e-02
9.699999999999999734e-01 -6.379532319686565455e-04 -1.131503735673920763e-02
9.799999999999999822e-01 -5.342689138729419087e-04 -9.476147096912962767e-03
9.899999999999999911e-01 -4.474352537854258218e-04 -7.936080325648632930e-03
1.000000000000000000e+00 -3.747139387733370501e-04 -6.646286011357000791e-03
1.010000000000000009e+00 -3.138115741515184239e-04 -5.566098889090633807e-03
1.020000000000000018e+00 -2.628074147657072325e-04 -4.661459386997829357e-03
1.030000000000000027e+00 -2.200928286729072233e-04 -3.903841119174816191e-03
1.040000000000000036e+00 -1.843205904211724262e-04 -3.269352354672024497e-03
1.050000000000000044e+00 -1.543624091686289208e-04 -2.737983288211651416e-03
1.060000000000000053e+00 -1.292733552207920515e-04 -2.292975486798105780e-03
1.070000000000000062e+00 -1.082620651738080156e-04 -1.920293704890410147e-03
1.080000000000000071e+00 -9.066578743464767881e-05 -1.608183465089068178e-03
1.090000000000000080e+00 -7.592948208612856941e-05 -1.346800489276765581e-03
1.100000000000000089e+00 0.000000000000000000e+00 -1.127900319411183089e-03
1.110000000000000098e+00 0.000000000000000000e+00 -9.445783572502352080e-04
1.120000000000000107e+00 0.000000000000000000e+00 -7.910521367233052997e-04
1.130000000000000115e+00 0.000000000000000000e+00 -6.624789706607814429e-04
1.140000000000000124e+00 0.000000000000000000e+00 -5.548032265116573927e-04
1.150000000000000133e+00 0.000000000000000000e+00 -4.646284182448699143e-04
1.159999999999999920e+00 0.000000000000000000e+00 -3.891100829975722682e-04
1.169999999999999929e+00 0.000000000000000000e+00 -3.258660656651928065e-04
1.179999999999999938e+00 0.000000000000000000e+00 -2.729013830441423386e-04
1.189999999999999947e+00 0.000000000000000000e+00 -2.285452985468570508e-04
1.199999999999999956e+00 0.000000000000000000e+00 -1.913986233385645886e-04
