0.000000000000000000e+00 2.203318514261261746e+07 7.800191936071879864e+08
1.000000000000000021e-02 1.546409678965441138e+07 5.474875028423485756e+08
2.000000000000000042e-02 1.085334106387817860e+07 3.842721779321438670e+08
2.999999999999999889e-02 7.617146931802658364e+06 2.697110081721576452e+08
4.000000000000000083e-02 5.345757633661136031e+06 1.893007928986057341e+08
5.000000000000000278e-02 3.751560268305604346e+06 1.328614741403522789e+08
5.999999999999999778e-02 2.632676838177745696e+06 9.324749895594501495e+07
7.000000000000000666e-02 1.847408047672731336e+06 6.544329533243566751e+07
8.000000000000000167e-02 1.296294894179754192e+06 4.592836648297390342e+07
8.999999999999999667e-02 9.095273566287581343e+05 3.223163662229130045e+07
1.000000000000000056e-01 6.381063276039767079e+05 2.261863674598250538e+07
1.100000000000000006e-01 4.476400261768196942e+05 1.587193385125253536e+07
1.199999999999999956e-01 3.139896063711256720e+05 1.113700983180119097e+07
1.300000000000000044e-01 2.202127521029610652e+05 7.814080946981186047e+06
1.400000000000000133e-01 1.544183528198532586e+05 5.482163973089417443e+06
1.499999999999999944e-01 1.082606824194534420e+05 3.845776978343810886e+06
1.600000000000000033e-01 7.588245564033355913e+04 2.697527799397954717e+06
1.700000000000000122e-01 5.317295787872125220e+04 1.891854404147334397e+06
1.799999999999999933e-01 3.724732883518881863e+04 1.326592968628328992e+06
1.900000000000000022e-01 2.608107615218873980e+04 9.300403607748186914e+05
2.000000000000000111e-01 1.825354601254585941e+04 6.518732345720155863e+05
2.099999999999999922e-01 1.276787097003622512e+04 4.567741328096159850e+05
2.200000000000000011e-01 8.924597068571092677e+03 3.199576712430194020e+05
2.300000000000000100e-01 6.232988129303811547e+03 2.240304076613184880e+05
2.399999999999999911e-01 4.348775189273522301e+03 1.567868328860639886e+05
2.500000000000000000e-01 3.030467285963440645e+03 1.096624283847368642e+05
2.600000000000000089e-01 2.108689937710593313e+03 7.664791799733364314e+04
2.700000000000000178e-01 1.464667271724769307e+03 5.352722881026822142e+04
2.800000000000000266e-01 1.015121622242356921e+03 3.734265941556175676e+04
2.899999999999999800e-01 7.016771380595275787e+02 2.601952053902988700e+04
2.999999999999999889e-01 4.834243867158809280e+02 1.810270479424856603e+04
3.099999999999999978e-01 3.317033391467930414e+02 1.257181515813443366e+04
3.200000000000000067e-01 2.264431542674353750e+02 8.711429807462149256e+03
3.300000000000000155e-01 1.535944382687139580e+02 6.020063546737350407e+03
3.400000000000000244e-01 1.033281029495223038e+02 4.146287154814103815e+03
3.500000000000000333e-01 6.877212116102560913e+01 2.843906047768443841e+03
3.599999999999999867e-01 4.512567989135862234e+01 1.940514216027625707e+03
3.699999999999999956e-01 2.903809930720197485e+01 1.315434141470832856e+03
3.800000000000000044e-01 1.817348129610345353e+01 8.842429084643949864e+02
3.900000000000000133e-01 1.090562872401511285e+01 5.879196034621745639e+02
4.000000000000000222e-01 6.104323314258060407e+00 3.852350670746370156e+02
4.100000000000000311e-01 2.985662023889594341e+00 2.474163234937645939e+02
4.199999999999999845e-01 1.007300375382909285e+00 1.544066484286269940e+02
4.299999999999999933e-01 -2.048309059418966793e-01 9.224480581343655672e+01
4.400000000000000022e-01 -9.077575750672641774e-01 5.122914514991279589e+01
4.500000000000000111e-01 -1.277248621560325148e+00 2.463201574714701536e+01
4.600000000000000200e-01 -1.432790072397198911e+00 7.799962504592585333e+00
4.700000000000000289e-01 -1.454992564858233806e+00 -2.475707183706961079e+00
4.799999999999999822e-01 -1.397707808154202480e+00 -8.398926959598297159e+00
4.899999999999999911e-01 -1.296447682431816961e+00 -1.147620348067127871e+01
5.000000000000000000e-01 -1.174221974523567802e+00 -1.273106906125921434e+01
5.100000000000000089e-01 -1.045575842419700363e+00 -1.285354619675388044e+01
5.200000000000000178e-01 -9.193733864930692112e-01 -1.230416806827996012e+01
5.300000000000000266e-01 -8.007092604805142733e-01 -1.138624549506299033e+01
5.400000000000000355e-01 -6.922150839796828992e-01 -1.029596653853023724e+01
5.500000000000000444e-01 -5.949467918139152989e-01 -9.157037885433704005e+00
5.600000000000000533e-01 -5.089826421947422075e-01 -8.044560835642981189e+00
5.700000000000000622e-01 -4.338221586462837620e-01 -7.001422100620979805e+00
5.799999999999999600e-01 -3.686487183743996088e-01 -6.049490304865456025e+00
5.899999999999999689e-01 -3.124992591153883947e-01 -5.197216534622533857e+00
5.999999999999999778e-01 -2.643711598193265178e-01 -4.444752733189398342e+00
6.099999999999999867e-01 -2.232870074271803840e-01 -3.787362944683660082e+00
6.199999999999999956e-01 -1.883314661866368478e-01 -3.217665700977203169e+00
6.300000000000000044e-01 -1.586699586045526023e-01 -2.727080620074542772e+00
6.400000000000000133e-01 -1.335557470707111616e-01 -2.306737082016514950e+00
6.500000000000000222e-01 -1.123298517965148763e-01 -1.948022633841403950e+00
6.600000000000000311e-01 -9.441675990662848350e-02 -1.642893014067524415e+00
6.700000000000000400e-01 -7.931786683900989010e-02 -1.384027002444445875e+00
6.800000000000000488e-01 -6.660390123799327100e-02 -1.164882528462195532e+00
6.900000000000000577e-01 -5.590711827912778209e-02 -9.796919996236567174e-01
7.000000000000000666e-01 -4.691373422706975743e-02 -8.234221119774749464e-01
7.099999999999999645e-01 -3.935686860873988807e-02 -6.917147163653862840e-01
7.199999999999999734e-01 -3.301012611493865656e-02 -5.808194027487801891e-01
7.299999999999999822e-01 -2.768186499578787624e-02 -4.875244733189458834e-01
7.399999999999999911e-01 -2.321014626320901802e-02 -4.090903051878122532e-01
7.500000000000000000e-01 -1.945832744255791141e-02 -3.431873399204692365e-01
7.600000000000000089e-01 -1.631124839019481437e-02 -2.878397919117521297e-01
7.700000000000000178e-01 -1.367194968928534850e-02 -2.413754413133656074e-01
7.800000000000000266e-01 -1.145886289286749890e-02 -2.023814324184724511e-01
7.900000000000000355e-01 -9.603414088121499034e-03 -1.696657406570505899e-01
8.000000000000000444e-01 -8.047986381877661466e-03 -1.422238360606309926e-01
8.100000000000000533e-01 -6.744191963834455898e-03 -1.192100143166830994e-01
8.200000000000000622e-01 -5.651409763056720707e-03 -9.991285873496155712e-02
8.300000000000000711e-01 -4.735549991323962510e-03 -8.373431780797903345e-02
8.399999999999999689e-01 -3.968011842042289648e-03 -7.017192052208325037e-02
8.499999999999999778e-01 -3.324805169950280099e-03 -5.880369671481616711e-02
8.599999999999999867e-01 -2.785811066895592814e-03 -4.927541723873899576e-02
8.699999999999999956e-01 -2.334159866950514129e-03 -4.128981522920271985e-02
8.800000000000000044e-01 -1.955708279609176103e-03 -3.459749351572985465e-02
8.900000000000000133e-01 -1.638600096132583487e-03 -2.898926320039199242e-02
9.000000000000000222e-01 -1.372897281166265927e-03 -2.428969426699949946e-02
9.100000000000000311e-01 -1.150270291340933695e-03 -2.035169075606796038e-02
9.200000000000000400e-01 -9.637381955708170357e-04 -1.705193072866168988e-02
9.300000000000000488e-01 -8.074506465733862241e-04 -1.428703524944263323e-02
9.400000000000000577e-01 -6.765050048042775153e-04 -1.197035130118628658e-02
9.500000000000000666e-01 -5.667929759360424737e-04 -1.002925126955527164e-02
9.599999999999999645e-01 -4.748720189460954415e-04 -8.402866768450105786e-03
9.699999999999999734e-01 -3.978575380580467351e-04 -7.040187450185991618e-03
9.799999999999999822e-01 -3.333325092133092543e-04 -5.898466368637354795e-03
9.899999999999999911e-01 -2.792717285336890950e-04 -4.941882712492325427e-03
1.000000000000000000e+00 -2.339783218792633164e-04 -4.140420542649023497e-03
1.010000000000000009e+00 -1.960305343454972981e-04 -3.468928764572511668e-03
1.020000000000000018e+00 -1.642371376394708587e-04 -2.906333126779426027e-03
1.030000000000000027e+00 -1.376000612810438894e-04 -2.434975718643361646e-03
1.040000000000000036e+00 -1.152830785790268716e-04 -2.040061379863852310e-03
1.050000000000000044e+00 -9.658556717043392055e-05 -1.709193745783848433e-03
1.060000000000000053e+00 -8.092052235092648768e-05 -1.431986435564898061e-03
1.070000000000000062e+00 -6.779613432838779501e-05 -1.199737227413682919e-03
1.080000000000000071e+00 -5.680035199285994715e-05 -1.005155027175327507e-03
1.090000000000000080e+00 -4.758794925886079667e-05 -8.421310833053826436e-04
1.100000000000000089e+00 0.000000000000000000e+00 -7.055472828242651461e-04
1.110000000000000098e+00 0.000000000000000000e+00 -5.911155217543697651e-04
1.120000000000000107e+00 0.000000000000000000e+00 -4.952431154470114628e-04
1.130000000000000115e+00 0.000000000000000000e+00 -4.149200291619391310e-04
1.140000000000000124e+00 0.000000000000000000e+00 -3.476243925188577939e-04
1.150000000000000133e+00 0.000000000000000000e+00 -2.912433342156669179e-04
1.159999999999999920e+00 0.000000000000000000e+00 -2.440066535208375786e-04
1.169999999999999929e+00 0.000000000000000000e+00 -2.044312474559826609e-04
1.179999999999999938e+00 0.000000000000000000e+00 -1.712745498428492978e-04
1.189999999999999947e+00 0.000000000000000000e+00 -1.434955210286350527e-04
1.199999999999999956e+00 0.000000000000000000e+00 -1.202219639591152613e-04
