0.000000000000000000e+00 1.924901071891580522e+07 6.830379670940881968e+08
1.000000000000000021e-02 1.349889883927992918e+07 4.790225523678206205e+08
2.000000000000000042e-02 9.466295209243495017e+06 3.359409646351972818e+08
2.999999999999999889e-02 6.638224240528418683e+06 2.355944524072115421e+08
4.000000000000000083e-02 4.654918237957391888e+06 1.652194953931531906e+08
5.000000000000000278e-02 3.264060322099104058e+06 1.158645343687887043e+08
5.999999999999999778e-02 2.288693037927287631e+06 8.125149989934498072e+07
7.000000000000000666e-02 1.604711312689540675e+06 5.697735234339913726e+07
8.000000000000000167e-02 1.125077337908907095e+06 3.995408702963464707e+07
8.999999999999999667e-02 7.887498285991054727e+05 2.801598571386608854e+07
1.000000000000000056e-01 5.529196775675255340e+05 1.964416528380893543e+07
1.100000000000000006e-01 3.875645245673402678e+05 1.377339220122591220e+07
1.199999999999999956e-01 2.716296769775364664e+05 9.656593508096922189e+06
1.300000000000000044e-01 1.903496571585629717e+05 6.769832935512213036e+06
1.400000000000000133e-01 1.333697166887980711e+05 4.745666923905692063e+06
1.499999999999999944e-01 9.342839825582189951e+04 3.326404674866241869e+06
1.600000000000000033e-01 6.543358112659723702e+04 2.331327727549820673e+06
1.700000000000000122e-01 4.581449061079582316e+04 1.633699918004987296e+06
1.799999999999999933e-01 3.206725030181266266e+04 1.144643722667769762e+06
1.900000000000000022e-01 2.243617187091005326e+04 8.018322613070438383e+05
2.000000000000000111e-01 1.569024142421202487e+04 5.615587002823352814e+05
2.099999999999999922e-01 1.096636955666619724e+04 3.931743458743263618e+05
2.200000000000000011e-01 7.659464157121620701e+03 2.751879786928722169e+05
2.300000000000000100e-01 5.345340738827931091e+03 1.925302675704205467e+05
2.399999999999999911e-01 3.726662045015217700e+03 1.346352861170947726e+05
2.500000000000000000e-01 2.595028146397840828e+03 9.409508323425031267e+04
2.600000000000000089e-01 1.804392785936578093e+03 6.571614789164703689e+04
2.700000000000000178e-01 1.252422642101189695e+03 4.585772841678250552e+04
2.800000000000000266e-01 8.674267403535200174e+02 3.196781891883955541e+04
2.899999999999999800e-01 5.991919751940182550e+02 2.225777005920441297e+04
2.999999999999999889e-01 4.125577563997923676e+02 1.547411616208461783e+04
3.099999999999999978e-01 2.829113850331341382e+02 1.073857851156535253e+04
3.200000000000000067e-01 1.930302375033395208e+02 7.435878632459195615e+03
3.300000000000000155e-01 1.308682868200255882e+02 5.135078631552040861e+03
3.400000000000000244e-01 8.800472893047529510e+01 3.534432024136492601e+03
3.500000000000000333e-01 5.855680462511219275e+01 2.422720543788955183e+03
3.599999999999999867e-01 3.841804146713395340e+01 1.652150817015599841e+03
3.699999999999999956e-01 2.472460910528032585e+01 1.119356398010448856e+03
3.800000000000000044e-01 1.548156163342489045e+01 7.520827026350897313e+02
3.900000000000000133e-01 9.301132880498485633e+00 4.998561449213007677e+02
4.000000000000000222e-01 5.219549890344859833e+00 3.274463419252907102e+02
4.100000000000000311e-01 2.568856462539050867e+00 2.102861906953194762e+02
4.199999999999999845e-01 8.872689077171526106e-01 1.312642240900238448e+02
4.299999999999999933e-01 -1.434847104623339920e-01 7.847868287589928116e+01
4.400000000000000022e-01 -7.419348482896337416e-01 4.366547569845192101e+01
4.500000000000000111e-01 -1.057420693004779144e+00 2.109825845378754394e+01
4.600000000000000200e-01 -1.191392574785222092e+00 6.819206311495663364e+00
4.700000000000000289e-01 -1.212248603224539423e+00 -1.898641386865728364e+00
4.799999999999999822e-01 -1.165653417222980215e+00 -6.926922569039007271e+00
4.899999999999999911e-01 -1.081702452117320634e+00 -9.544046547876195774e+00
5.000000000000000000e-01 -9.798856470030679056e-01 -1.061793204393089773e+01
5.100000000000000089e-01 -8.725177004374693457e-01 -1.073326477391926836e+01
5.200000000000000178e-01 -7.671011387022588224e-01 -1.027999115391351737e+01
5.300000000000000266e-01 -6.679478612658893422e-01 -9.514748293252965894e+00
5.400000000000000355e-01 -5.772864382426280416e-01 -8.603416128251575756e+00
5.500000000000000444e-01 -4.960136127957987529e-01 -7.650516040134556661e+00
5.600000000000000533e-01 -4.242003471538661752e-01 -6.719456660675454884e+00
5.700000000000000622e-01 -3.614291348276505444e-01 -5.846420982782548847e+00
5.799999999999999600e-01 -3.070158328749378884e-01 -5.049844570336405880e+00
5.899999999999999689e-01 -2.601528985965311791e-01 -4.336844099840816646e+00
5.999999999999999778e-01 -2.199995099686646305e-01 -3.707542618926565225e+00
6.099999999999999867e-01 -1.857361135035336952e-01 -3.157949480480626292e+00
6.199999999999999956e-01 -1.565954306251044481e-01 -2.681851564776476682e+00
6.300000000000000044e-01 -1.318781317946576270e-01 -2.272031975881771970e+00
6.400000000000000133e-01 -1.109587443548212260e-01 -1.921034570746499970e+00
6.500000000000000222e-01 -9.328553735004857517e-02 -1.621624620418417706e+00
6.600000000000000311e-01 -7.837687430333815930e-02 -1.367048632428585320e+00
6.700000000000000400e-01 -6.581566848370601353e-02 -1.151163597784987669e+00
6.800000000000000488e-01 -5.524299282045234266e-02 -9.684832703390250375e-01
6.900000000000000577e-01 -4.635150348532301318e-02 -8.141734684572956571e-01
7.000000000000000666e-01 -3.887907326485262605e-02 -6.840176629099146144e-01
7.099999999999999645e-01 -3.260285720245692520e-02 -5.743667827432772377e-01
7.199999999999999734e-01 -2.733390020083326447e-02 -4.820821880798726866e-01
7.299999999999999822e-01 -2.291232470378185698e-02 -4.044773977156178035e-01
7.399999999999999911e-01 -1.920309268854486495e-02 -3.392619140061053917e-01
7.500000000000000000e-01 -1.609231070208673800e-02 -2.844890064540656072e-01
7.600000000000000089e-01 -1.348403321637109929e-02 -2.385083551388063883e-01
7.700000000000000178e-01 -1.129751384393028364e-02 -1.999238473678221772e-01
7.800000000000000266e-01 -9.464853036657496985e-03 -1.675564497201060266e-01
7.900000000000000355e-01 -7.928992845295150874e-03 -1.404118633974457964e-01
8.000000000000000444e-01 -6.642012864167439953e-03 -1.176525591362394957e-01
8.100000000000000533e-01 -5.563685795974711995e-03 -9.857374194517165567e-02
8.200000000000000622e-01 -4.660255620771196899e-03 -8.258279075446500750e-02
8.300000000000000711e-01 -3.903405822115996789e-03 -6.918173710261055209e-02
8.399999999999999689e-01 -3.269389328084638165e-03 -5.795237932800185315e-02
8.499999999999999778e-01 -2.738295670258873542e-03 -4.854366731703779053e-02
8.599999999999999867e-01 -2.293434311562577398e-03 -4.066103323807775116e-02
8.699999999999999956e-01 -1.920816140621706006e-03 -3.405738316193513554e-02
8.800000000000000044e-01 -1.608717793746142124e-03 -2.852550149245288227e-02
8.900000000000000133e-01 -1.347315774577254304e-03 -2.389165391828170643e-02
9.000000000000000222e-01 -1.128379330109916283e-03 -2.001020484420612880e-02
9.100000000000000311e-01 -9.450127458106104923e-04 -1.675909195988408915e-02
9.200000000000000400e-01 -7.914391766591331867e-04 -1.403602392359085300e-02
9.300000000000000488e-01 -6.628193676786580659e-04 -1.175528734116583311e-02
9.400000000000000577e-01 -5.550996665504172702e-04 -9.845066611445886517e-03
9.500000000000000666e-01 -4.648846187694387257e-04 -8.245195105004937339e-03
9.599999999999999645e-01 -3.893301858949825816e-04 -6.905268849727710934e-03
9.699999999999999734e-01 -3.260542602200237981e-04 -5.783064701033143948e-03
9.799999999999999822e-01 -2.730616823268585953e-04 -4.843214136997934897e-03
9.899999999999999911e-01 -2.286814167420970774e-04 -4.056091571955982092e-03
1.000000000000000000e+00 -1.915139182970390034e-04 -3.396882631471005200e-03
1.010000000000000009e+00 -1.603870389630615448e-04 -2.844803355807815851e-03
1.020000000000000018e+00 -1.343190913239004946e-04 -2.382445953009333303e-03
1.030000000000000027e+00 -1.124879084870469527e-04 -1.995230639612921401e-03
1.040000000000000036e+00 -9.420492791042522213e-05 -1.670946400919405290e-03
1.050000000000000044e+00 -7.889348405947948942e-05 -1.399366270769016127e-03
1.060000000000000053e+00 -6.607062684775836159e-05 -1.171925055600283585e-03
1.070000000000000062e+00 -5.533189352332889009e-05 -9.814493792124861886e-04
1.080000000000000071e+00 -4.633855447108770536e-05 -8.219315623738524847e-04
1.090000000000000080e+00 -3.880693118919552971e-05 -6.883402252573900650e-04
1.100000000000000089e+00 0.000000000000000000e+00 -5.764616528456398617e-04
1.110000000000000098e+00 0.000000000000000000e+00 -4.827669294723836951e-04
1.120000000000000107e+00 0.000000000000000000e+00 -4.043006584778245280e-04
1.130000000000000115e+00 0.000000000000000000e+00 -3.385877616974295790e-04
1.140000000000000124e+00 0.000000000000000000e+00 -2.835554223194381601e-04
1.150000000000000133e+00 0.000000000000000000e+00 -2.374677112825681854e-04
1.159999999999999920e+00 0.000000000000000000e+00 -1.988708367439360732e-04
1.169999999999999929e+00 0.000000000000000000e+00 -1.665472907305911210e-04
1.179999999999999938e+00 0.000000000000000000e+00 -1.394774473843809180e-04
1.189999999999999947e+00 0.000000000000000000e+00 -1.168074020142692945e-04
1.199999999999999956e+00 0.000000000000000000e+00 -9.782203685717165182e-05
