0.000000000000000000e+00 1.673805783619558252e+07 5.939371682847883701e+08
1.000000000000000021e-02 1.173803348548671603e+07 4.165354523894634843e+08
2.000000000000000042e-02 8.231469945152608678e+06 2.921186784840164185e+08
2.999999999999999889e-02 5.772309688823303208e+06 2.048621723898276091e+08
4.000000000000000083e-02 4.047716741891383659e+06 1.436674412443546057e+08
5.000000000000000278e-02 2.838288801554984413e+06 1.007506688013378680e+08
5.999999999999999778e-02 1.990152275793995243e+06 7.065276383390219510e+07
7.000000000000000666e-02 1.395391345005737152e+06 4.954506296239842474e+07
8.000000000000000167e-02 9.783220437011439353e+05 3.474238936880301684e+07
8.999999999999999667e-02 6.858657118387932424e+05 2.436153957669613138e+07
1.000000000000000056e-01 4.807975123646185966e+05 1.708176547813766450e+07
1.100000000000000006e-01 3.370113560284305131e+05 1.197679018721342832e+07
1.199999999999999956e-01 2.361990177184727800e+05 8.396993739297511056e+06
1.300000000000000044e-01 1.655210838044405391e+05 5.886785107536930591e+06
1.400000000000000133e-01 1.159735106015860511e+05 4.126651912075949833e+06
1.499999999999999944e-01 8.124204216187247948e+04 2.892517652456790209e+06
1.600000000000000033e-01 5.689878222584274772e+04 2.027237435191256227e+06
1.700000000000000122e-01 3.983873121999003342e+04 1.420606929063194897e+06
1.799999999999999933e-01 2.788461890216475149e+04 9.953419898081396241e+05
1.900000000000000022e-01 1.950976806057051726e+04 6.972457483815029263e+05
2.000000000000000111e-01 1.364373677662115915e+04 4.883125248950591194e+05
2.099999999999999922e-01 9.536015382871644761e+03 3.418914437422206393e+05
2.200000000000000011e-01 6.660438403244656911e+03 2.392945867962679185e+05
2.300000000000000100e-01 4.648150568297884092e+03 1.674182464291573560e+05
2.399999999999999911e-01 3.240598096492110926e+03 1.170746941995498346e+05
2.500000000000000000e-01 2.256563759194858903e+03 8.182225185421355127e+04
2.600000000000000089e-01 1.569050778563855829e+03 5.714483204430982005e+04
2.700000000000000178e-01 1.089073562133927226e+03 3.987656762517875904e+04
2.800000000000000266e-01 7.542920141507136123e+02 2.779832394958474833e+04
2.899999999999999800e-01 5.210424462196745026e+02 1.935475313676842416e+04
2.999999999999999889e-01 3.587503239902385985e+02 1.345588370272024440e+04
3.099999999999999978e-01 2.460132072200285904e+02 9.337993467442005567e+03
3.200000000000000067e-01 1.678548237252100819e+02 6.466056140021654755e+03
3.300000000000000155e-01 1.138003042825878168e+02 4.465341737834112791e+03
3.400000000000000244e-01 7.652716027235464935e+01 3.073460830406389050e+03
3.500000000000000333e-01 5.091990940084818362e+01 2.106744379516348545e+03
3.599999999999999867e-01 3.340767541941024632e+01 1.436675614852406625e+03
3.699999999999999956e-01 2.150014751203251606e+01 9.733700400100608476e+02
3.800000000000000044e-01 1.346257215497251991e+01 6.539970877696897560e+02
3.900000000000000133e-01 8.088182567161050329e+00 4.346663005736036780e+02
4.000000000000000222e-01 4.538905085740037038e+00 2.847422689583295323e+02
4.100000000000000311e-01 2.233900583477405721e+00 1.828620708758493265e+02
4.199999999999999845e-01 7.716123318107103168e-01 1.141460003300652488e+02
4.299999999999999933e-01 -1.247220946805951830e-01 6.824457407735015124e+01
4.400000000000000022e-01 -6.451322933291356865e-01 3.797153039330942192e+01
4.500000000000000111e-01 -9.194807145336802989e-01 1.834736861628364224e+01
4.600000000000000200e-01 -1.035986710297032154e+00 5.930449274509441260e+00
4.700000000000000289e-01 -1.054128116743922261e+00 -1.650536671224619667e+00
4.799999999999999822e-01 -1.013614199494018209e+00 -6.023129088255684493e+00
4.899999999999999911e-01 -9.406155401269182814e-01 -8.299009233940344288e+00
5.000000000000000000e-01 -8.520803694428267239e-01 -9.232904365348566955e+00
5.100000000000000089e-01 -7.587174473261169005e-01 -9.333247994562238858e+00
5.200000000000000178e-01 -6.670509406805563701e-01 -8.939132039812438535e+00
5.300000000000000266e-01 -5.808304893717131101e-01 -8.273725031660324802e+00
5.400000000000000355e-01 -5.019940929100001892e-01 -7.481274575079433831e+00
5.500000000000000444e-01 -4.313216048977708272e-01 -6.652671812347244362e+00
5.600000000000000533e-01 -3.688747832889038292e-01 -5.843056800178000110e+00
5.700000000000000622e-01 -3.142906127796643023e-01 -5.083894498957375774e+00
5.799999999999999600e-01 -2.669742077814321601e-01 -4.391216870336927869e+00
5.899999999999999689e-01 -2.262233699120425878e-01 -3.771213041645685493e+00
5.999999999999999778e-01 -1.913069563344612367e-01 -3.223990493324812689e+00
6.099999999999999867e-01 -1.615123146286963074e-01 -2.746079416841256116e+00
6.199999999999999956e-01 -1.361722462326299954e-01 -2.332077304250291583e+00
6.300000000000000044e-01 -1.146786370775781938e-01 -1.975708719094176891e+00
6.400000000000000133e-01 -9.648759550860580569e-02 -1.670490129251614109e+00
6.500000000000000222e-01 -8.111935258155600348e-02 -1.410130499649026925e+00
6.600000000000000311e-01 -6.815509086770531189e-02 -1.188757237306798942e+00
6.700000000000000400e-01 -5.723212314476686102e-02 -1.001028588820290999e+00
6.800000000000000488e-01 -4.803833592442063177e-02 -8.421738893918538915e-01
6.900000000000000577e-01 -4.030647090100972219e-02 -7.079894815148525256e-01
7.000000000000000666e-01 -3.380858879181524584e-02 -5.948087942230412262e-01
7.099999999999999645e-01 -2.835090904091004324e-02 -4.994586978867829874e-01
7.199999999999999734e-01 -2.376912077778085830e-02 -4.192099165333640354e-01
7.299999999999999822e-01 -1.992419818341709115e-02 -3.517263569154403524e-01
7.399999999999999911e-01 -1.669871525132341286e-02 -2.950162609889560028e-01
7.500000000000000000e-01 -1.399363275777697549e-02 -2.473868005242610968e-01
7.600000000000000089e-01 -1.172551855184025826e-02 -2.074028975246777207e-01
7.700000000000000178e-01 -9.824157289143814822e-03 -1.738505256172080404e-01
7.800000000000000266e-01 -8.230504934442583673e-03 -1.457044247724149366e-01
7.900000000000000355e-01 -6.894945057254754303e-03 -1.220999753920632147e-01
8.000000000000000444e-01 -5.775807029103064566e-03 -1.023088806962276498e-01
8.100000000000000533e-01 -4.838109978803768231e-03 -8.571826634708404336e-02
8.200000000000000622e-01 -4.052500318077615141e-03 -7.181280173864323935e-02
8.300000000000000711e-01 -3.394354535675255056e-03 -6.015946393565212158e-02
8.399999999999999689e-01 -2.843022614435990972e-03 -5.039459336607951534e-02
8.499999999999999778e-01 -2.381190769535156560e-03 -4.221292392177938141e-02
8.599999999999999867e-01 -1.994345204212735062e-03 -3.535830523224217647e-02
8.699999999999999956e-01 -1.670321228676501565e-03 -2.961586919869162865e-02
8.800000000000000044e-01 -1.398924403894949778e-03 -2.480542506925547189e-02
8.900000000000000133e-01 -1.171612379781508152e-03 -2.077589671626484460e-02
9.000000000000000222e-01 -9.812278265537229156e-04 -1.740064207859060713e-02
9.100000000000000311e-01 -8.217743398102743705e-04 -1.457351794888304616e-02
9.200000000000000400e-01 -6.882284643173699644e-04 -1.220557356362624371e-02
9.300000000000000488e-01 -5.763820569281199449e-04 -1.022227402144992338e-02
9.400000000000000577e-01 -4.827101212677372441e-04 -8.561169677886641335e-03
9.500000000000000666e-01 -4.042600188768946581e-04 -7.169940617467876823e-03
9.599999999999999645e-01 -3.385586137705808886e-04 -6.004756353432884504e-03
9.699999999999999734e-01 -2.835344576110537590e-04 -5.028900300423275009e-03
9.799999999999999822e-01 -2.374525863010856731e-04 -4.211616532934033333e-03
9.899999999999999911e-01 -1.988598890223656406e-04 -3.527143084371498882e-03
1.000000000000000000e+00 -1.665393389155939120e-04 -2.953901736684531616e-03
1.010000000000000009e+00 -1.394716503967969191e-04 -2.473819054259200362e-03
1.020000000000000018e+00 -1.168031597529527280e-04 -2.071757462751078367e-03
1.030000000000000027e+00 -9.781892013254214443e-05 -1.735038579589632526e-03
1.040000000000000036e+00 -8.192016524373904964e-05 -1.453043867166332014e-03
1.050000000000000044e+00 -6.860543297841299509e-05 -1.216880086739366169e-03
1.060000000000000053e+00 -5.745475499748311387e-05 -1.019099052697606134e-03
1.070000000000000062e+00 -4.811641458359088496e-05 -8.534628839312729393e-04
1.080000000000000071e+00 -4.029585577072724401e-05 -7.147473731817124802e-04
1.090000000000000080e+00 -3.374639440345733371e-05 -5.985772899029464687e-04
1.100000000000000089e+00 0.000000000000000000e+00 -5.012884340599370976e-04
1.110000000000000098e+00 0.000000000000000000e+00 -4.198120983243568876e-04
1.120000000000000107e+00 0.000000000000000000e+00 -3.515783003209124128e-04
1.130000000000000115e+00 0.000000000000000000e+00 -2.944347367984538394e-04
1.140000000000000124e+00 0.000000000000000000e+00 -2.465789062298248614e-04
1.150000000000000133e+00 0.000000000000000000e+00 -2.065012608178715527e-04
1.159999999999999920e+00 0.000000000000000000e+00 -1.729375961592270609e-04
1.169999999999999929e+00 0.000000000000000000e+00 -1.448291777647229097e-04
1.179999999999999938e+00 0.000000000000000000e+00 -1.212893473755421872e-04
1.189999999999999947e+00 0.000000000000000000e+00 -1.015755561957947184e-04
1.199999999999999956e+00 0.000000000000000000e+00 -8.506594319749024376e-05
